                 Temp.  Temp.  Temp.  Hum.   Punt   Vel.   Dir.   Rec.  Vel.  Dir.  Sens.   Índ.   Índ.                  Int. Graus D.Graus D.  Temp.  Hum. Rosada  In.Cal.  EMC     Dens.    Mostr   Tx   Recep.  Int.
  Data    Hora    Ext.   Màx.   Mín.  Ext. Rosada   Vent   Vent   Vent  Màx.  Màx.  Tèrm.  Calor   THW    Bar    Pluja   Pluja  Calor    Fred    Int.  Int.   Int.   Int.    Int.  Int.Aire    Vent   Vent   ISS   Arc.
-------------------------------------------------------------------------------------------------------------------------------------------------------------------------------------------------------------------------
25/08/24   0:15   23.1   23.2   22.8    89   21.1    1.6    ENE   0.40   8.0     E   23.1   24.4   24.4  1015.1   0.00    0.0    0.000   0.049   28.1    52   17.3   28.7    9.40   1.1519     349     1    100.0   15 
25/08/24   0:30   23.2   23.2   23.1    88   21.1    3.2      E   0.80   8.0     E   23.2   24.4   24.4  1015.0   0.00    0.0    0.000   0.050   28.1    56   18.5   29.2   10.05   1.1497     352     1    100.0   15 
25/08/24   0:45   23.0   23.1   22.8    88   20.9    3.2      E   0.80  17.7   ENE   23.0   24.3   24.3  1014.8   0.00    0.0    0.000   0.049   28.1    59   19.3   29.4   10.55   1.1481     351     1    100.0   15 
25/08/24   1:00   22.8   22.8   22.8    87   20.5    4.8    ENE   1.21  17.7   ENE   22.8   24.1   24.1  1015.0   0.00    0.0    0.000   0.046   28.1    60   19.6   29.5   10.75   1.1480     351     1    100.0   15 
25/08/24   1:15   22.6   22.7   22.5    86   20.1    3.2    ENE   0.80  11.3     E   22.6   23.8   23.8  1014.9   0.00    0.0    0.000   0.045   28.1    60   19.6   29.5   10.75   1.1478     351     1    100.0   15 
25/08/24   1:30   22.9   23.2   22.7    83   19.9    8.0      E   2.01  16.1   ENE   22.9   24.1   24.1  1014.9   0.00    0.0    0.000   0.048   28.1    60   19.6   29.4   10.75   1.1481     352     1    100.0   15 
25/08/24   1:45   23.2   23.2   23.2    83   20.2    4.8    ENE   1.21  16.1   ENE   23.2   24.4   24.4  1015.0   0.00    0.0    0.000   0.051   28.0    60   19.5   29.3   10.75   1.1486     350     1    100.0   15 
25/08/24   2:00   23.1   23.2   23.1    83   20.1    3.2    ENE   0.80   8.0   ENE   23.1   24.3   24.3  1015.1   0.00    0.0    0.000   0.050   27.9    60   19.5   29.3   10.75   1.1489     351     1    100.0   15 
25/08/24   2:15   22.9   23.1   22.8    84   20.1    3.2    ENE   0.80   9.7     E   22.9   24.1   24.1  1015.1   0.00    0.0    0.000   0.048   27.9    60   19.5   29.3   10.75   1.1489     351     1    100.0   15 
25/08/24   2:30   22.7   22.8   22.7    85   20.1    6.4      E   1.61  14.5     E   22.7   23.9   23.9  1014.8   0.00    0.0    0.000   0.046   27.9    61   19.7   29.3   10.95   1.1485     351     1    100.0   15 
25/08/24   2:45   22.6   22.7   22.5    86   20.1    4.8      E   1.21  14.5   ENE   22.6   23.8   23.8  1015.0   0.00    0.0    0.000   0.045   27.8    61   19.6   29.2   10.95   1.1490     350     1    100.0   15 
25/08/24   3:00   22.4   22.5   22.4    87   20.2    4.8    ENE   1.21  11.3     E   22.4   23.6   23.6  1014.9   0.00    0.0    0.000   0.043   27.8    62   19.9   29.3   11.11   1.1485     351     1    100.0   15 
25/08/24   3:15   22.4   22.5   22.4    87   20.2    3.2    ENE   0.80   9.7     E   22.4   23.6   23.6  1014.9   0.00    0.0    0.000   0.043   27.8    62   19.8   29.2   11.11   1.1487     351     1    100.0   15 
25/08/24   3:30   22.5   22.6   22.4    87   20.2    3.2    ENE   0.80   8.0   ESE   22.5   23.7   23.7  1014.9   0.00    0.0    0.000   0.043   27.8    62   19.8   29.2   11.11   1.1488     351     1    100.0   15 
25/08/24   3:45   22.6   22.7   22.5    86   20.1    3.2    ENE   0.80   8.0   ENE   22.6   23.8   23.8  1015.1   0.00    0.0    0.000   0.045   27.7    62   19.8   29.1   11.11   1.1493     352     1    100.0   15 
25/08/24   4:00   22.7   22.8   22.7    85   20.1    4.8    ENE   1.21   9.7     E   22.7   23.9   23.9  1015.2   0.00    0.0    0.000   0.046   27.7    62   19.8   29.1   11.11   1.1494     351     1    100.0   15 
25/08/24   4:15   22.8   22.9   22.8    86   20.4    6.4    ENE   1.61  17.7   ENE   22.8   24.1   24.1  1015.4   0.00    0.0    0.000   0.047   27.7    63   20.0   29.2   11.31   1.1493     350     1    100.0   15 
25/08/24   4:30   22.9   23.0   22.9    86   20.5    4.8    ENE   1.21  14.5   ENE   22.9   24.2   24.2  1015.4   0.00    0.0    0.000   0.048   27.6    63   19.9   29.1   11.32   1.1498     351     1    100.0   15 
25/08/24   4:45   23.0   23.0   22.9    86   20.5    3.2      E   0.80  11.3   ENE   23.0   24.2   24.2  1015.5   0.00    0.0    0.000   0.049   27.6    63   19.9   29.1   11.32   1.1500     352     1    100.0   15 
25/08/24   5:00   23.0   23.0   23.0    86   20.5    3.2    ENE   0.80   6.4   ENE   23.0   24.2   24.2  1015.8   0.00    0.0    0.000   0.049   27.6    63   19.9   29.1   11.32   1.1502     351     1    100.0   15 
25/08/24   5:15   23.0   23.0   22.9    86   20.5    1.6    ENE   0.40   4.8   ENE   23.0   24.2   24.2  1016.0   0.00    0.0    0.000   0.049   27.7    63   20.0   29.2   11.31   1.1502     351     1    100.0   15 
25/08/24   5:30   22.9   23.0   22.9    86   20.5    1.6    ENE   0.40   6.4   ENE   22.9   24.2   24.2  1016.0   0.00    0.0    0.000   0.048   27.7    63   20.0   29.2   11.31   1.1502     349     1    100.0   15 
25/08/24   5:45   22.9   22.9   22.8    87   20.6    1.6    ENE   0.40   6.4   ENE   22.9   24.2   24.2  1016.2   0.00    0.0    0.000   0.047   27.7    63   20.0   29.2   11.31   1.1504     351     1    100.0   15 
25/08/24   6:00   22.8   22.8   22.8    87   20.6    1.6    ENE   0.40   6.4   ENE   22.8   24.1   24.1  1016.3   0.00    0.0    0.000   0.047   27.7    63   20.0   29.2   11.31   1.1505     352     1    100.0   15 
25/08/24   6:15   22.9   22.9   22.8    87   20.6    1.6    ENE   0.40   4.8   ENE   22.9   24.2   24.2  1016.3   0.00    0.0    0.000   0.047   27.7    63   20.0   29.2   11.31   1.1506     351     1    100.0   15 
25/08/24   6:30   22.9   23.0   22.9    87   20.7    1.6    ENE   0.40   4.8   ENE   22.9   24.2   24.2  1016.6   0.00    0.0    0.000   0.048   27.8    63   20.1   29.3   11.31   1.1503     351     1    100.0   15 
25/08/24   6:45   23.0   23.1   22.9    87   20.7    0.0    ENE   0.00   3.2   ENE   23.0   24.3   24.3  1016.8   0.00    0.0    0.000   0.049   27.9    64   20.4   29.6   11.51   1.1495     351     1    100.0   15 
25/08/24   7:00   23.4   23.7   23.1    86   20.9    1.6    ENE   0.40   4.8   ENE   23.4   24.7   24.7  1016.8   0.00    0.0    0.000   0.053   27.9    64   20.5   29.7   11.50   1.1492     352     1    100.0   15 
25/08/24   7:15   24.1   24.4   23.7    83   21.0    1.6    ENE   0.40   4.8   ENE   24.1   25.7   25.7  1016.7   0.00    0.0    0.000   0.060   28.1    64   20.6   29.9   11.50   1.1485     351     1    100.0   15 
25/08/24   7:30   24.7   24.9   24.4    79   20.8    1.6      E   0.40   8.0     E   24.7   26.3   26.3  1016.7   0.00    0.0    0.000   0.067   28.3    64   20.8   30.3   11.49   1.1473     350     1    100.0   15 
25/08/24   7:45   25.1   25.4   24.9    78   21.0    1.6      E   0.40   4.8     N   25.1   26.7   26.7  1016.8   0.00    0.0    0.000   0.071   28.4    63   20.7   30.5   11.29   1.1469     351     1    100.0   15 
25/08/24   8:00   25.7   25.9   25.4    75   20.9    1.6      E   0.40   6.4     N   25.7   27.2   27.2  1016.7   0.00    0.0    0.000   0.076   28.6    62   20.6   30.7   11.08   1.1464     352     1    100.0   15 
25/08/24   8:15   26.2   26.4   25.9    72   20.8    1.6      N   0.40   4.8   ENE   26.2   27.7   27.7  1016.8   0.00    0.0    0.000   0.082   28.8    62   20.8   31.2   11.07   1.1452     351     1    100.0   15 
25/08/24   8:30   26.0   26.2   25.9    72   20.6    3.2     NO   0.80   8.0    NO   26.0   27.4   27.4  1016.8   0.00    0.0    0.000   0.080   28.9    61   20.7   31.2   10.95   1.1451     351     1    100.0   15 
25/08/24   8:45   26.3   26.8   26.1    69   20.2    1.6     NO   0.40   4.8    NO   26.3   27.6   27.6  1016.9   0.00    0.0    0.000   0.083   29.1    60   20.6   31.3   10.75   1.1448     349     1    100.0   15 
25/08/24   9:00   27.4   28.0   26.8    63   19.7    1.6    ENE   0.40   6.4   ENE   27.4   28.7   28.7  1016.9   0.00    0.0    0.000   0.094   29.2    58   20.1   31.2   10.35   1.1452     350     1    100.0   15 
25/08/24   9:15   28.2   28.4   28.0    61   19.9    1.6      O   0.40   6.4    NO   28.2   29.7   29.7  1016.9   0.00    0.0    0.000   0.102   29.3    57   19.9   31.2   10.25   1.1450     351     1    100.0   15 
25/08/24   9:30   28.7   28.9   28.2    59   19.9    3.2     NO   0.80   8.0    NO   28.7   30.4   30.4  1016.9   0.00    0.0    0.000   0.108   29.6    56   19.9   31.4   10.05   1.1443     351     1    100.0   15 
25/08/24   9:45   28.8   29.1   28.6    61   20.5    3.2     NO   0.80  12.9    SO   28.8   30.9   30.9  1016.8   0.00    0.0    0.000   0.109   29.8    56   20.1   31.8   10.04   1.1430     351     1    100.0   15 
25/08/24  10:00   28.6   28.8   28.3    60   20.0    3.2    OSO   0.80  12.9     O   28.6   30.3   30.3  1016.8   0.00    0.0    0.000   0.106   30.0    55   20.0   32.1    9.83   1.1422     351     1    100.0   15 
25/08/24  10:15   28.6   28.9   28.4    58   19.5    3.2    OSO   0.80   8.0     O   28.6   30.2   30.2  1016.8   0.00    0.0    0.000   0.107   30.2    55   20.1   32.4    9.82   1.1414     350     1    100.0   15 
25/08/24  10:30   29.1   29.2   28.9    56   19.4    3.2    OSO   0.80   9.7     O   29.1   30.7   30.7  1016.6   0.00    0.0    0.000   0.112   30.0    51   18.8   31.4    9.23   1.1440     351     1    100.0   15 
25/08/24  10:45   28.9   29.1   28.8    55   19.0    3.2    ESE   0.80   9.7     E   28.9   30.4   30.4  1016.5   0.00    0.0    0.000   0.111   29.7    49   17.8   30.7    8.85   1.1466     351     1    100.0   15 
25/08/24  11:00   29.1   29.2   29.1    55   19.1    3.2    ENE   0.80  12.9   ENE   29.1   30.6   30.6  1016.5   0.00    0.0    0.000   0.112   29.4    49   17.6   30.3    8.85   1.1477     351     1    100.0   15 
25/08/24  11:15   29.2   29.4   29.1    54   19.0    3.2    ENE   0.80   8.0     E   29.2   30.7   30.7  1016.3   0.00    0.0    0.000   0.113   29.3    49   17.5   30.2    8.86   1.1484     352     1    100.0   15 
25/08/24  11:30   29.6   29.7   29.4    54   19.3    3.2    OSO   0.80   8.0    SO   29.6   31.1   31.1  1016.4   0.00    0.0    0.000   0.117   29.2    49   17.4   30.1    8.86   1.1487     351     1    100.0   15 
25/08/24  11:45   29.6   29.6   29.4    54   19.3    3.2    OSO   0.80   8.0    SO   29.6   31.1   31.1  1016.5   0.00    0.0    0.000   0.117   29.1    49   17.3   30.1    8.86   1.1494     351     1    100.0   15 
25/08/24  12:00   29.4   29.6   29.3    54   19.2    3.2    OSO   0.80  11.3    NO   29.4   30.9   30.9  1016.5   0.00    0.0    0.000   0.116   29.1    49   17.3   30.0    8.86   1.1497     351     1    100.0   15 
25/08/24  12:15   29.4   29.6   29.3    54   19.2    3.2      O   0.80  11.3    SO   29.4   30.9   30.9  1016.5   0.00    0.0    0.000   0.116   28.9    49   17.2   29.9    8.87   1.1502     351     1    100.0   15 
25/08/24  12:30   29.1   29.6   28.7    61   20.8    6.4    OSO   1.61  16.1    SO   29.1   31.5   31.5  1016.5   0.00    0.0    0.000   0.112   28.9    50   17.4   29.9    9.07   1.1501     352     1    100.0   15 
25/08/24  12:45   28.4   28.7   28.2    63   20.7    6.4     SO   1.61  17.7    SO   28.4   30.5   30.5  1016.6   0.00    0.0    0.000   0.105   28.9    51   17.8   30.1    9.27   1.1495     351     1    100.0   15 
25/08/24  13:00   28.6   28.9   28.4    61   20.4    6.4    OSO   1.61  16.1     S   28.6   30.6   30.6  1016.6   0.00    0.0    0.000   0.107   28.9    51   17.8   30.1    9.27   1.1495     351     1    100.0   15 
25/08/24  13:15   28.8   28.9   28.6    61   20.5    6.4      S   1.61  22.5   SSO   28.8   30.9   30.9  1016.2   0.00    0.0    0.000   0.109   29.0    51   17.8   30.1    9.27   1.1488     350     1    100.0   15 
25/08/24  13:30   28.8   29.1   28.6    60   20.3    6.4     SO   1.61  17.7   OSO   28.8   30.8   30.8  1016.2   0.00    0.0    0.000   0.109   29.1    52   18.2   30.3    9.36   1.1480     351     1    100.0   15 
25/08/24  13:45   28.9   29.1   28.7    60   20.3    6.4    SSO   1.61  20.9    SO   28.9   30.9   30.9  1016.2   0.00    0.0    0.000   0.110   29.3    51   18.1   30.4    9.26   1.1473     350     1    100.0   15 
25/08/24  14:00   28.9   29.2   28.7    59   20.1    6.4     SO   1.61  19.3     S   28.9   30.9   30.9  1016.2   0.00    0.0    0.000   0.111   29.2    49   17.4   30.1    8.86   1.1488     351     1    100.0   15 
25/08/24  14:15   29.2   29.3   29.1    59   20.4    6.4      S   1.61  14.5   OSO   29.2   31.4   31.4  1016.1   0.00    0.0    0.000   0.113   28.9    48   16.8   29.8    8.77   1.1503     351     1    100.0   15 
25/08/24  14:30   28.9   29.3   28.6    60   20.3    6.4      S   1.61  20.9    SE   28.9   30.9   30.9  1016.1   0.00    0.0    0.000   0.110   28.8    47   16.4   29.6    8.57   1.1512     351     1    100.0   15 
25/08/24  14:45   28.7   29.0   28.6    59   19.9    6.4     SO   1.61  16.1     S   28.7   30.5   30.5  1016.0   0.00    0.0    0.000   0.108   28.7    47   16.3   29.4    8.58   1.1518     350     1    100.0   15 
25/08/24  15:00   29.0   29.1   28.9    59   20.2    4.8      S   1.21  12.9   SSE   29.0   31.0   31.0  1015.9   0.00    0.0    0.000   0.111   28.8    46   16.1   29.5    8.45   1.1515     351     1    100.0   15 
25/08/24  15:15   29.1   29.1   28.9    59   20.2    4.8      S   1.21  16.1     O   29.1   31.1   31.1  1015.9   0.00    0.0    0.000   0.112   28.8    46   16.1   29.5    8.45   1.1515     351     1    100.0   15 
25/08/24  15:30   28.2   28.9   27.7    63   20.5    4.8    SSO   1.21  12.9     O   28.2   30.1   30.1  1015.9   0.00    0.0    0.000   0.103   28.7    46   16.0   29.3    8.45   1.1520     351     1    100.0   15 
25/08/24  15:45   27.5   27.7   27.3    64   20.1    4.8    SSO   1.21  14.5     E   27.5   29.0   29.0  1015.9   0.00    0.0    0.000   0.095   28.6    46   15.9   29.1    8.45   1.1527     352     1    100.0   15 
25/08/24  16:00   27.2   27.3   27.1    64   19.8    3.2      S   0.80  11.3     S   27.2   28.5   28.5  1016.0   0.00    0.0    0.000   0.093   28.4    46   15.7   28.9    8.45   1.1536     351     1    100.0   15 
25/08/24  16:15   26.9   27.2   26.7    65   19.8    3.2    OSO   0.80  12.9     O   26.9   28.1   28.1  1016.1   0.00    0.0    0.000   0.089   28.4    47   16.0   28.9    8.59   1.1532     351     1    100.0   15 
25/08/24  16:30   26.4   26.7   26.3    66   19.6    4.8     SO   1.21  12.9    SO   26.4   27.6   27.6  1016.1   0.00    0.0    0.000   0.084   28.4    46   15.7   28.9    8.45   1.1537     351     1    100.0   15 
25/08/24  16:45   26.6   26.9   26.3    64   19.2    4.8    OSO   1.21  12.9   OSO   26.6   27.6   27.6  1015.9   0.00    0.0    0.000   0.086   28.4    47   16.0   28.9    8.59   1.1530     352     1    100.0   15 
25/08/24  17:00   27.4   27.6   26.9    62   19.5    1.6    OSO   0.40   9.7   OSO   27.4   28.6   28.6  1015.9   0.00    0.0    0.000   0.094   28.4    47   16.0   28.8    8.59   1.1533     351     1    100.0   15 
25/08/24  17:15   27.3   27.7   26.9    62   19.4    1.6     SO   0.40   9.7   OSO   27.3   28.5   28.5  1015.9   0.00    0.0    0.000   0.094   28.3    47   15.9   28.8    8.59   1.1536     350     1    100.0   15 
25/08/24  17:30   26.7   26.9   26.4    61   18.6    1.6      E   0.40   9.7     E   26.7   27.6   27.6  1016.0   0.00    0.0    0.000   0.087   28.3    48   16.3   28.8    8.79   1.1532     351     1    100.0   15 
25/08/24  17:45   26.1   26.4   25.8    60   17.7    1.6    ESE   0.40   9.7     E   26.1   26.7   26.7  1016.3   0.00    0.0    0.000   0.081   28.3    49   16.5   28.8    8.89   1.1534     351     1    100.0   15 
25/08/24  18:00   25.4   25.8   25.1    62   17.6    3.2    ENE   0.80  12.9     E   25.4   26.0   26.0  1016.2   0.00    0.0    0.000   0.073   28.3    50   16.9   28.9    9.09   1.1529     351     1    100.0   15 
25/08/24  18:15   24.9   25.1   24.7    63   17.4    3.2    ENE   0.80  12.9     E   24.9   25.5   25.5  1016.4   0.00    0.0    0.000   0.068   28.3    50   16.9   29.0    9.09   1.1528     349     1    100.0   15 
25/08/24  18:30   24.7   24.7   24.6    63   17.2    3.2      E   0.80  11.3     E   24.7   25.2   25.2  1016.3   0.00    0.0    0.000   0.066   28.4    51   17.3   29.2    9.29   1.1520     350     1    100.0   15 
25/08/24  18:45   24.5   24.6   24.4    63   17.0    1.6    ENE   0.40   8.0     E   24.5   25.1   25.1  1016.5   0.00    0.0    0.000   0.064   28.4    51   17.3   29.3    9.29   1.1519     351     1    100.0   15 
25/08/24  19:00   24.3   24.4   24.2    63   16.8    1.6    ENE   0.40   4.8   ENE   24.3   24.8   24.8  1016.6   0.00    0.0    0.000   0.062   28.4    51   17.3   29.3    9.29   1.1520     351     1    100.0   15 
25/08/24  19:15   24.1   24.2   24.0    63   16.6    1.6    ENE   0.40   4.8   ENE   24.1   24.7   24.7  1016.8   0.00    0.0    0.000   0.060   28.4    51   17.3   29.2    9.29   1.1525     351     1    100.0   15 
25/08/24  19:30   24.0   24.0   24.0    63   16.5    0.0    ENE   0.00   1.6   ENE   24.0   24.6   24.6  1016.9   0.00    0.0    0.000   0.059   28.3    50   16.9   29.0    9.09   1.1534     351     1    100.0   15 
25/08/24  19:45   24.1   24.1   24.0    62   16.3    0.0    ENE   0.00   1.6   ENE   24.1   24.6   24.6  1017.1   0.00    0.0    0.000   0.060   28.3    50   16.9   28.9    9.09   1.1539     351     1    100.0   15 
25/08/24  20:00   24.1   24.1   24.0    62   16.3    0.0    ENE   0.00   1.6   ENE   24.1   24.6   24.6  1017.1   0.00    0.0    0.000   0.060   28.3    50   16.9   28.9    9.09   1.1539     352     1    100.0   15 
25/08/24  20:15   23.8   24.0   23.6    64   16.6    0.0    ENE   0.00   3.2   ENE   23.8   24.4   24.4  1017.1   0.00    0.0    0.000   0.057   28.3    50   16.9   28.9    9.09   1.1539     351     1    100.0   15 
25/08/24  20:30   23.4   23.6   23.3    66   16.7    0.0    OSO   0.00   3.2    SO   23.4   24.2   24.2  1017.2   0.00    0.0    0.000   0.053   28.3    50   16.9   28.9    9.09   1.1541     351     1    100.0   15 
25/08/24  20:45   23.1   23.3   23.0    67   16.6    0.0    OSO   0.00   3.2   OSO   23.1   23.8   23.8  1017.1   0.00    0.0    0.000   0.050   28.2    50   16.8   28.8    9.09   1.1542     351     1    100.0   15 
25/08/24  21:00   22.9   23.1   22.8    68   16.7    0.0      O   0.00   3.2     O   22.9   23.4   23.4  1017.0   0.00    0.0    0.000   0.047   28.2    51   17.1   28.9    9.29   1.1537     351     1    100.0   15 
25/08/24  21:15   22.8   22.8   22.7    69   16.8    0.0      O   0.00   1.6     O   22.8   23.3   23.3  1017.1   0.00    0.0    0.000   0.046   28.2    51   17.1   28.8    9.30   1.1541     351     1    100.0   15 
25/08/24  21:30   22.6   22.7   22.5    70   16.9    0.0      O   0.00   3.2     O   22.6   23.2   23.2  1017.2   0.00    0.0    0.000   0.045   28.1    51   17.0   28.7    9.30   1.1544     351     1    100.0   15 
25/08/24  21:45   22.4   22.5   22.3    71   16.9    1.6      O   0.40   3.2     O   22.4   22.9   22.9  1017.1   0.00    0.0    0.000   0.042   28.1    52   17.3   28.7    9.40   1.1542     350     1    100.0   15 
25/08/24  22:00   22.3   22.3   22.2    71   16.8    0.0      O   0.00   3.2     O   22.3   22.7   22.7  1017.0   0.00    0.0    0.000   0.041   28.0    52   17.2   28.6    9.40   1.1544     351     1    100.0   15 
25/08/24  22:15   22.2   22.3   22.2    71   16.7    0.0      O   0.00   3.2     O   22.2   22.7   22.7  1017.0   0.00    0.0    0.000   0.041   27.9    52   17.2   28.6    9.40   1.1546     351     1    100.0   15 
25/08/24  22:30   22.1   22.2   22.1    73   17.0    1.6      O   0.40   4.8     O   22.1   22.6   22.6  1017.1   0.00    0.0    0.000   0.039   27.9    52   17.2   28.6    9.40   1.1548     351     1    100.0   15 
25/08/24  22:45   22.1   22.1   22.1    73   17.0    1.6      O   0.40   4.8     O   22.1   22.5   22.5  1016.9   0.00    0.0    0.000   0.039   27.9    53   17.5   28.6    9.60   1.1541     351     1    100.0   15 
25/08/24  23:00   22.1   22.1   22.0    74   17.2    0.0      O   0.00   3.2     O   22.1   22.6   22.6  1016.9   0.00    0.0    0.000   0.039   27.9    53   17.5   28.6    9.60   1.1541     350     1    100.0   15 
25/08/24  23:15   22.0   22.1   21.9    74   17.2    1.6      O   0.40   3.2     O   22.0   22.5   22.5  1016.8   0.00    0.0    0.000   0.038   27.9    53   17.4   28.6    9.61   1.1543     351     1    100.0   15 
25/08/24  23:30   21.9   22.0   21.9    74   17.1    1.6      O   0.40   4.8     O   21.9   22.4   22.4  1016.8   0.00    0.0    0.000   0.038   27.9    53   17.4   28.6    9.61   1.1542     351     1    100.0   15 
25/08/24  23:45   21.9   21.9   21.9    74   17.1    1.6      O   0.40   4.8     O   21.9   22.4   22.4  1016.7   0.00    0.0    0.000   0.038   27.8    53   17.4   28.4    9.61   1.1544     351     1    100.0   15 
26/08/24  00:00   21.9   21.9   21.8    74   17.0    1.6      O   0.40   3.2     O   21.9   22.3   22.3  1016.6   0.00    0.0    0.000   0.037   27.8    53   17.3   28.4    9.61   1.1546     351     1    100.0   15 
26/08/24   0:15   21.8   21.9   21.8    74   17.0    0.0      O   0.00   3.2     O   21.8   22.3   22.3  1016.5   0.00    0.0    0.000   0.036   27.8    54   17.6   28.4    9.75   1.1541     346     1    100.0   15 
26/08/24   0:30   21.8   21.9   21.8    74   17.0    1.6    ONO   0.40   4.8   ONO   21.8   22.3   22.3  1016.3   0.00    0.0    0.000   0.036   27.8    54   17.6   28.4    9.75   1.1539     350     1    100.0   15 
26/08/24   0:45   21.8   21.9   21.8    74   17.0    0.0    ONO   0.00   3.2   ONO   21.8   22.3   22.3  1016.3   0.00    0.0    0.000   0.036   27.7    54   17.6   28.4    9.75   1.1541     352     1    100.0   15 
26/08/24   1:00   21.7   21.8   21.7    75   17.1    0.0    ONO   0.00   3.2   ONO   21.7   22.2   22.2  1016.3   0.00    0.0    0.000   0.035   27.7    54   17.6   28.4    9.75   1.1542     350     1    100.0   15 
26/08/24   1:15   21.7   21.7   21.5    75   17.0    0.0    ONO   0.00   1.6   ONO   21.7   22.1   22.1  1016.4   0.00    0.0    0.000   0.035   27.7    54   17.5   28.3    9.75   1.1545     351     1    100.0   15 
26/08/24   1:30   21.4   21.6   21.3    76   17.0    0.0    ONO   0.00   1.6   ONO   21.4   21.8   21.8  1016.3   0.00    0.0    0.000   0.032   27.7    54   17.5   28.3    9.75   1.1544     350     1    100.0   15 
26/08/24   1:45   21.2   21.3   21.2    77   17.0    0.0    ONO   0.00   3.2   ONO   21.2   21.7   21.7  1016.3   0.00    0.0    0.000   0.030   27.6    54   17.5   28.2    9.75   1.1547     351     1    100.0   15 
26/08/24   2:00   21.2   21.3   21.1    77   17.0    3.2    ONO   0.80   4.8   ONO   21.2   21.6   21.6  1016.3   0.00    0.0    0.000   0.030   27.6    54   17.4   28.1    9.75   1.1549     351     1    100.0   15 
26/08/24   2:15   20.9   21.1   20.8    78   17.0    3.2     NO   0.80   4.8    NO   20.9   21.5   21.5  1016.2   0.00    0.0    0.000   0.027   27.4    54   17.3   28.0    9.75   1.1555     351     1    100.0   15 
26/08/24   2:30   20.9   21.0   20.8    78   16.9    1.6     NO   0.40   4.8    NO   20.9   21.5   21.5  1016.3   0.00    0.0    0.000   0.027   27.4    55   17.5   28.0    9.85   1.1554     351     1    100.0   15 
26/08/24   2:45   21.2   21.3   21.0    78   17.2    1.6     NO   0.40   4.8    NO   21.2   21.7   21.7  1016.2   0.00    0.0    0.000   0.030   27.3    55   17.5   27.9    9.85   1.1556     351     1    100.0   15 
26/08/24   3:00   21.3   21.4   21.3    78   17.3    0.0     NO   0.00   3.2    NO   21.3   21.9   21.9  1016.0   0.00    0.0    0.000   0.031   27.3    55   17.5   27.9    9.85   1.1554     352     1    100.0   15 
26/08/24   3:15   21.3   21.4   21.3    78   17.3    0.0     NO   0.00   3.2    NO   21.3   21.9   21.9  1016.1   0.00    0.0    0.000   0.031   27.3    55   17.5   27.9    9.85   1.1555     349     1    100.0   15 
26/08/24   3:30   21.4   21.4   21.3    78   17.4    0.0     NO   0.00   1.6    NO   21.4   21.9   21.9  1016.1   0.00    0.0    0.000   0.032   27.3    55   17.5   27.9    9.85   1.1555     351     1    100.0   15 
