                 Temp.  Temp.  Temp.  Hum.   Punt   Vel.   Dir.   Rec.  Vel.  Dir.  Sens.   Índ.   Índ.                  Int. Graus D.Graus D.  Temp.  Hum. Rosada  In.Cal.  EMC     Dens.    Mostr   Tx   Recep.  Int.
  Data    Hora    Ext.   Màx.   Mín.  Ext. Rosada   Vent   Vent   Vent  Màx.  Màx.  Tèrm.  Calor   THW    Bar    Pluja   Pluja  Calor    Fred    Int.  Int.   Int.   Int.    Int.  Int.Aire    Vent   Vent   ISS   Arc.
-------------------------------------------------------------------------------------------------------------------------------------------------------------------------------------------------------------------------
 8/08/24   0:15   24.8   24.9   24.5    68   18.5    3.2    ENE   0.80   4.8   ENE   24.8   25.7   25.7  1013.3   0.00    0.0    0.000   0.067   28.9    51   17.7   30.0    9.27   1.1460     300     1     87.7   15 
 8/08/24   0:30   24.4   24.5   24.4    69   18.4    0.0    NNO   0.00   3.2   NNO   24.4   25.4   25.4  1013.3   0.00    0.0    0.000   0.064   28.9    52   18.1   30.1    9.37   1.1452     351     1    100.0   15 
 8/08/24   0:45   24.4   24.4   24.3    70   18.6    0.0    NNO   0.00   3.2   NNO   24.4   25.4   25.4  1013.3   0.00    0.0    0.000   0.063   28.9    52   18.1   30.1    9.37   1.1452     351     1    100.0   15 
 8/08/24   1:00   24.2   24.3   24.2    71   18.6    1.6    ENE   0.40   4.8   ENE   24.2   25.3   25.3  1013.3   0.00    0.0    0.000   0.061   28.9    52   18.1   30.1    9.37   1.1452     351     1    100.0   15 
 8/08/24   1:15   23.9   24.2   23.6    73   18.8    3.2    ENE   0.80   4.8   ENE   23.9   24.9   24.9  1013.3   0.00    0.0    0.000   0.058   28.9    52   18.1   30.1    9.37   1.1452     350     1    100.0   15 
 8/08/24   1:30   23.4   23.6   23.3    74   18.5    0.0    ENE   0.00   3.2   ENE   23.4   24.5   24.5  1013.3   0.00    0.0    0.000   0.053   28.9    53   18.3   30.2    9.57   1.1451     351     1    100.0   15 
 8/08/24   1:45   23.3   23.4   23.2    74   18.4    0.0    ENE   0.00   1.6   ENE   23.3   24.3   24.3  1013.3   0.00    0.0    0.000   0.052   28.9    53   18.3   30.2    9.57   1.1450     352     1    100.0   15 
 8/08/24   2:00   23.1   23.2   22.9    75   18.4    1.6    ENE   0.40   3.2   ENE   23.1   24.0   24.0  1013.3   0.00    0.0    0.000   0.049   28.9    53   18.3   30.2    9.57   1.1450     350     1    100.0   15 
 8/08/24   2:15   22.9   22.9   22.8    75   18.2    1.6    ENE   0.40   3.2   ENE   22.9   23.8   23.8  1013.4   0.00    0.0    0.000   0.047   28.8    53   18.3   30.1    9.57   1.1455     350     1    100.0   15 
 8/08/24   2:30   22.9   22.9   22.8    75   18.2    0.0    ENE   0.00   3.2   ENE   22.9   23.8   23.8  1013.4   0.00    0.0    0.000   0.047   28.8    54   18.5   30.1    9.75   1.1452     351     1    100.0   15 
 8/08/24   2:45   23.0   23.0   22.9    75   18.3    0.0    ENE   0.00   4.8     N   23.0   23.9   23.9  1013.3   0.00    0.0    0.000   0.049   28.8    54   18.5   30.1    9.75   1.1452     352     1    100.0   15 
 8/08/24   3:00   22.8   23.0   22.7    75   18.2    1.6     NO   0.40   4.8    NO   22.8   23.7   23.7  1013.4   0.00    0.0    0.000   0.047   28.7    53   18.2   29.9    9.58   1.1460     350     1    100.0   15 
 8/08/24   3:15   22.6   22.7   22.5    75   18.0    0.0     NO   0.00   3.2    NO   22.6   23.3   23.3  1013.4   0.00    0.0    0.000   0.045   28.7    54   18.4   29.9    9.75   1.1459     351     1    100.0   15 
 8/08/24   3:30   22.4   22.5   22.3    76   17.9    0.0     NO   0.00   3.2    NO   22.4   23.1   23.1  1013.4   0.00    0.0    0.000   0.042   28.6    54   18.4   29.8    9.75   1.1461     351     1    100.0   15 
 8/08/24   3:45   22.3   22.4   22.3    76   17.9    0.0     NO   0.00   3.2    NO   22.3   23.0   23.0  1013.4   0.00    0.0    0.000   0.042   28.6    54   18.3   29.7    9.75   1.1464     352     1    100.0   15 
 8/08/24   4:00   22.4   22.4   22.3    76   17.9    0.0     NO   0.00   1.6    NO   22.4   23.1   23.1  1013.3   0.00    0.0    0.000   0.042   28.5    54   18.3   29.6    9.75   1.1467     351     1    100.0   15 
 8/08/24   4:15   22.2   22.3   22.1    76   17.8    0.0     NO   0.00   1.6    NO   22.2   22.8   22.8  1013.3   0.00    0.0    0.000   0.041   28.4    54   18.2   29.5    9.75   1.1469     351     1    100.0   15 
 8/08/24   4:30   21.9   22.1   21.8    77   17.7    0.0     NO   0.00   1.6    NO   21.9   22.6   22.6  1013.5   0.00    0.0    0.000   0.038   28.4    54   18.2   29.5    9.75   1.1471     349     1    100.0   15 
 8/08/24   4:45   21.8   21.8   21.7    78   17.8    1.6     NO   0.40   3.2    NO   21.8   22.4   22.4  1013.7   0.00    0.0    0.000   0.036   28.3    54   18.1   29.3    9.75   1.1479     351     1    100.0   15 
 8/08/24   5:00   21.6   21.7   21.6    78   17.6    1.6     NO   0.40   3.2    NO   21.6   22.2   22.2  1013.8   0.00    0.0    0.000   0.034   28.3    54   18.1   29.2    9.75   1.1484     351     1    100.0   15 
 8/08/24   5:15   21.6   21.6   21.6    78   17.6    1.6     NO   0.40   3.2    NO   21.6   22.2   22.2  1013.9   0.00    0.0    0.000   0.034   28.2    54   18.0   29.2    9.75   1.1487     351     1    100.0   15 
 8/08/24   5:30   21.7   21.8   21.6    78   17.7    0.0     NO   0.00   1.6    NO   21.7   22.3   22.3  1014.0   0.00    0.0    0.000   0.035   28.2    54   18.0   29.1    9.75   1.1491     351     1    100.0   15 
 8/08/24   5:45   21.9   22.1   21.8    77   17.7    0.0    ---   0.00   0.0   ---   21.9   22.5   22.5  1014.1   0.00    0.0    0.000   0.037   28.2    54   18.0   29.1    9.75   1.1492     351     1    100.0   15 
 8/08/24   6:00   22.3   22.4   22.1    76   17.8    0.0     NO   0.00   1.6    NO   22.3   22.9   22.9  1014.2   0.00    0.0    0.000   0.041   28.3    54   18.1   29.2    9.75   1.1488     351     1    100.0   15 
 8/08/24   6:15   22.6   22.8   22.4    75   18.0    0.0     NO   0.00   1.6    NO   22.6   23.3   23.3  1014.2   0.00    0.0    0.000   0.045   28.4    54   18.2   29.4    9.75   1.1482     351     1    100.0   15 
 8/08/24   6:30   22.9   23.0   22.8    75   18.2    0.0     NO   0.00   1.6    NO   22.9   23.8   23.8  1014.3   0.00    0.0    0.000   0.047   28.4    54   18.2   29.5    9.75   1.1480     351     1    100.0   15 
 8/08/24   6:45   23.2   23.6   23.0    73   18.1    1.6     NO   0.40   3.2    NO   23.2   24.2   24.2  1014.4   0.00    0.0    0.000   0.051   28.6    54   18.3   29.7    9.75   1.1475     351     1    100.0   15 
 8/08/24   7:00   23.8   24.2   23.6    72   18.4    0.0     NO   0.00   3.2    NO   23.8   24.8   24.8  1014.4   0.00    0.0    0.000   0.057   28.8    54   18.5   30.1    9.75   1.1464     352     1    100.0   15 
 8/08/24   7:15   24.7   24.9   24.2    69   18.6    3.2    ENE   0.80   8.0     E   24.7   25.6   25.6  1014.5   0.00    0.0    0.000   0.066   29.1    53   18.5   30.3    9.56   1.1456     350     1    100.0   15 
 8/08/24   7:30   24.9   25.0   24.9    69   18.9    3.2    ENE   0.80   6.4   ENE   24.9   25.9   25.9  1014.6   0.00    0.0    0.000   0.069   29.3    53   18.7   30.6    9.56   1.1445     349     1    100.0   15 
 8/08/24   7:45   25.3   25.6   25.0    67   18.8    1.6    ENE   0.40   6.4    NE   25.3   26.2   26.2  1014.6   0.00    0.0    0.000   0.073   29.4    53   18.9   30.8    9.55   1.1436     351     1    100.0   15 
 8/08/24   8:00   25.7   26.0   25.6    65   18.6    4.8    ENE   1.21   9.7     E   25.7   26.6   26.6  1014.6   0.00    0.0    0.000   0.077   29.6    52   18.7   30.9    9.35   1.1433     351     1    100.0   15 
 8/08/24   8:15   26.3   26.5   26.0    63   18.7    4.8    ENE   1.21  11.3   ENE   26.3   27.2   27.2  1014.5   0.00    0.0    0.000   0.083   29.7    52   18.8   31.1    9.35   1.1426     352     1    100.0   15 
 8/08/24   8:30   26.6   26.8   26.5    62   18.7    4.8    ENE   1.21  12.9   ENE   26.6   27.5   27.5  1014.7   0.00    0.0    0.000   0.086   29.9    52   19.0   31.4    9.35   1.1419     351     1    100.0   15 
 8/08/24   8:45   26.9   27.2   26.7    61   18.8    3.2     NE   0.80   8.0    NE   26.9   27.9   27.9  1014.6   0.00    0.0    0.000   0.090   30.0    52   19.1   31.6    9.35   1.1412     351     1    100.0   15 
 8/08/24   9:00   27.3   27.6   27.2    60   18.8    4.8     SE   1.21   9.7     E   27.3   28.2   28.2  1014.7   0.00    0.0    0.000   0.093   30.1    52   19.1   31.7    9.35   1.1410     350     1    100.0   15 
 8/08/24   9:15   27.6   27.8   27.5    58   18.6    6.4    ENE   1.61  11.3   ENE   27.6   28.6   28.6  1014.7   0.00    0.0    0.000   0.097   30.2    51   19.0   31.8    9.22   1.1407     351     1    100.0   15 
 8/08/24   9:30   28.1   28.3   27.8    56   18.5    6.4      E   1.61  12.9   ENE   28.1   29.1   29.1  1014.6   0.00    0.0    0.000   0.101   30.3    51   19.0   31.9    9.22   1.1403     349     1    100.0   15 
 8/08/24   9:45   28.7   29.1   28.3    55   18.7    3.2    ENE   0.80   9.7     E   28.7   29.9   29.9  1014.6   0.00    0.0    0.000   0.108   30.2    48   18.0   31.4    8.72   1.1420     350     1    100.0   15 
 8/08/24  10:00   29.3   29.6   29.1    53   18.8    4.8    ENE   1.21  14.5   ESE   29.3   30.7   30.7  1014.5   0.00    0.0    0.000   0.115   29.7    44   16.2   30.2    8.14   1.1464     351     1    100.0   15 
 8/08/24  10:15   29.7   30.1   29.5    52   18.8    4.8      O   1.21  14.5   ESE   29.7   31.1   31.1  1014.5   0.00    0.0    0.000   0.118   29.4    43   15.5   29.8    7.95   1.1486     351     1    100.0   15 
 8/08/24  10:30   30.2   30.3   30.1    51   18.9    6.4    ENE   1.61  16.1     E   30.2   31.7   31.7  1014.4   0.00    0.0    0.000   0.123   29.2    43   15.4   29.6    7.96   1.1492     352     1    100.0   15 
 8/08/24  10:45   30.6   30.9   30.1    48   18.3    6.4    ENE   1.61  17.7   ENE   30.6   31.9   31.9  1014.3   0.00    0.0    0.000   0.127   29.1    43   15.3   29.5    7.96   1.1497     350     1    100.0   15 
 8/08/24  11:00   31.0   31.3   30.8    47   18.4    6.4    ENE   1.61  17.7   ENE   31.0   32.3   32.3  1014.2   0.00    0.0    0.000   0.132   29.1    43   15.2   29.4    7.96   1.1499     349     1    100.0   15 
 8/08/24  11:15   31.9   32.1   31.3    44   18.1    6.4    OSO   1.61  16.1   ESE   31.9   33.4   33.4  1014.1   0.00    0.0    0.000   0.141   29.1    44   15.6   29.6    8.15   1.1492     351     1    100.0   15 
 8/08/24  11:30   32.1   32.2   31.8    48   19.7    8.0    ESE   2.01  16.1   ESE   32.1   34.4   34.4  1014.0   0.00    0.0    0.000   0.143   29.1    45   15.9   29.7    8.26   1.1487     352     1    100.0   15 
 8/08/24  11:45   31.6   31.8   31.5    54   21.2   11.3      E   2.82  20.9   ESE   31.6   34.9   34.9  1013.9   0.00    0.0    0.000   0.138   29.0    45   15.9   29.6    8.27   1.1489     351     1    100.0   15 
 8/08/24  12:00   31.6   31.7   31.4    55   21.4   11.3    ENE   2.82  20.9     E   31.6   34.9   34.9  1013.8   0.00    0.0    0.000   0.138   29.0    45   15.9   29.6    8.27   1.1487     351     1    100.0   15 
 8/08/24  12:15   31.7   32.1   31.4    54   21.3    9.7      E   2.41  19.3    NE   31.7   35.1   35.1  1013.8   0.00    0.0    0.000   0.139   29.0    45   15.9   29.6    8.27   1.1487     351     1    100.0   15 
 8/08/24  12:30   32.0   32.2   31.8    54   21.5    6.4     SE   1.61  20.9     E   32.0   35.7   35.7  1013.9   0.00    0.0    0.000   0.142   29.0    45   15.9   29.6    8.27   1.1488     351     1    100.0   15 
 8/08/24  12:45   32.7   33.3   32.2    48   20.3    6.4    SSO   1.61  19.3     S   32.7   35.6   35.6  1013.8   0.00    0.0    0.000   0.150   29.0    45   15.9   29.6    8.27   1.1487     351     1    100.0   15 
 8/08/24  13:00   33.4   33.5   33.3    47   20.5    6.4      S   1.61  19.3    SO   33.4   36.7   36.7  1013.8   0.00    0.0    0.000   0.157   29.0    45   15.9   29.6    8.27   1.1487     349     1    100.0   15 
 8/08/24  13:15   33.0   33.5   32.6    50   21.2    9.7      S   2.41  22.5   SSE   33.0   36.6   36.6  1013.8   0.00    0.0    0.000   0.153   29.0    44   15.5   29.5    8.15   1.1492     351     1    100.0   15 
 8/08/24  13:30   32.5   32.7   32.3    50   20.7    9.7      S   2.41  20.9     S   32.5   35.6   35.6  1013.8   0.00    0.0    0.000   0.148   29.0    44   15.5   29.5    8.15   1.1492     347     1    100.0   15 
 8/08/24  13:45   32.6   32.8   32.2    49   20.5    8.0    SSO   2.01  19.3     S   32.6   35.5   35.5  1013.9   0.00    0.0    0.000   0.148   29.1    44   15.6   29.6    8.15   1.1487     347     1    100.0   15 
 8/08/24  14:00   33.0   33.2   32.8    48   20.5    6.4    SSO   1.61  20.9     S   33.0   36.2   36.2  1013.7   0.00    0.0    0.000   0.153   29.1    44   15.6   29.6    8.15   1.1485     351     1    100.0   15 
 8/08/24  14:15   32.8   32.9   32.7    47   20.0    8.0    SSE   2.01  17.7   SSE   32.8   35.5   35.5  1013.7   0.00    0.0    0.000   0.150   29.1    43   15.3   29.5    7.96   1.1490     350     1    100.0   15 
 8/08/24  14:30   32.7   32.8   32.6    46   19.5    8.0    SSO   2.01  17.7     S   32.7   35.1   35.1  1013.5   0.00    0.0    0.000   0.149   29.1    43   15.3   29.5    7.96   1.1488     348     1    100.0   15 
 8/08/24  14:45   32.9   33.1   32.7    46   19.8    8.0    OSO   2.01  19.3   SSO   32.9   35.6   35.6  1013.6   0.00    0.0    0.000   0.152   29.2    43   15.4   29.6    7.96   1.1483     350     1    100.0   15 
 8/08/24  15:00   32.7   32.9   32.4    48   20.2    8.0    SSO   2.01  22.5    SO   32.7   35.5   35.5  1013.6   0.00    0.0    0.000   0.149   29.2    43   15.4   29.6    7.96   1.1483     350     1    100.0   15 
 8/08/24  15:15   32.3   32.4   32.2    49   20.3    8.0    SSO   2.01  20.9    SE   32.3   35.1   35.1  1013.5   0.00    0.0    0.000   0.146   29.3    43   15.4   29.7    7.96   1.1479     348     1    100.0   15 
 8/08/24  15:30   32.2   32.3   32.1    48   19.8    8.0    SSO   2.01  20.9     S   32.2   34.6   34.6  1013.5   0.00    0.0    0.000   0.144   29.3    43   15.4   29.7    7.96   1.1480     351     1    100.0   15 
 8/08/24  15:45   32.0   32.2   31.5    49   19.9    8.0    SSO   2.01  19.3     S   32.0   34.6   34.6  1013.5   0.00    0.0    0.000   0.142   29.2    43   15.4   29.6    7.96   1.1483     350     1    100.0   15 
 8/08/24  16:00   31.4   31.5   31.4    49   19.4    6.4    SSO   1.61  17.7   SSE   31.4   33.6   33.6  1013.5   0.00    0.0    0.000   0.137   29.2    43   15.4   29.6    7.96   1.1482     350     1    100.0   15 
 8/08/24  16:15   31.7   31.8   31.5    50   20.0    6.4      S   1.61  16.1   SSO   31.7   34.3   34.3  1013.4   0.00    0.0    0.000   0.139   29.2    42   15.0   29.5    7.85   1.1485     351     1    100.0   15 
 8/08/24  16:30   31.6   31.7   31.5    51   20.2    6.4      S   1.61  14.5    SO   31.6   34.3   34.3  1013.2   0.00    0.0    0.000   0.138   29.3    42   15.0   29.6    7.85   1.1481     348     1    100.0   15 
 8/08/24  16:45   31.5   31.6   31.4    50   19.8    4.8    SSO   1.21  14.5    SO   31.5   33.9   33.9  1013.3   0.00    0.0    0.000   0.137   29.3    41   14.7   29.4    7.66   1.1486     349     1    100.0   15 
 8/08/24  17:00   31.2   31.4   31.0    52   20.1    6.4     SO   1.61  16.1     O   31.2   33.5   33.5  1013.3   0.00    0.0    0.000   0.134   29.2    41   14.6   29.4    7.66   1.1489     351     1    100.0   15 
 8/08/24  17:15   30.8   31.0   30.8    52   19.8    4.8    SSO   1.21  12.9   OSO   30.8   33.0   33.0  1013.2   0.00    0.0    0.000   0.130   29.2    41   14.6   29.4    7.66   1.1488     351     1    100.0   15 
 8/08/24  17:30   30.7   30.9   30.4    53   20.0    4.8    OSO   1.21  12.9   OSO   30.7   33.1   33.1  1013.3   0.00    0.0    0.000   0.129   29.2    40   14.2   29.3    7.55   1.1493     350     1    100.0   15 
 8/08/24  17:45   30.2   30.5   29.9    55   20.1    6.4      O   1.61  16.1   SSO   30.2   32.4   32.4  1013.3   0.00    0.0    0.000   0.123   29.2    41   14.6   29.4    7.66   1.1490     350     1    100.0   15 
 8/08/24  18:00   29.8   30.0   29.7    57   20.4    4.8    OSO   1.21  11.3    SO   29.8   32.1   32.1  1013.4   0.00    0.0    0.000   0.120   29.2    40   14.2   29.3    7.55   1.1495     351     1    100.0   15 
 8/08/24  18:15   29.4   29.7   29.2    58   20.3    4.8    OSO   1.21   9.7   SSO   29.4   31.6   31.6  1013.4   0.00    0.0    0.000   0.116   29.2    40   14.2   29.3    7.55   1.1495     351     1    100.0   15 
 8/08/24  18:30   29.1   29.2   28.8    59   20.2    3.2     SO   0.80  11.3    SO   29.1   31.1   31.1  1013.6   0.00    0.0    0.000   0.112   29.1    40   14.1   29.2    7.55   1.1505     347     1    100.0   15 
 8/08/24  18:45   28.6   28.8   28.3    60   20.0    3.2    SSO   0.80   9.7   SSO   28.6   30.3   30.3  1013.7   0.00    0.0    0.000   0.106   28.9    40   13.9   29.1    7.55   1.1514     351     1    100.0   15 
 8/08/24  19:00   28.0   28.3   27.8    62   20.0    3.2     SO   0.80   8.0   SSO   28.0   29.6   29.6  1013.8   0.00    0.0    0.000   0.101   28.7    39   13.3   28.6    7.38   1.1531     352     1    100.0   15 
 8/08/24  19:15   27.5   27.8   27.2    64   20.1    3.2    SSO   0.80   9.7   SSO   27.5   29.0   29.0  1013.9   0.00    0.0    0.000   0.095   28.4    38   12.8   28.2    7.25   1.1547     351     1    100.0   15 
 8/08/24  19:30   26.8   27.2   26.5    68   20.4    3.2      S   0.80   8.0     E   26.8   28.3   28.3  1014.0   0.00    0.0    0.000   0.089   28.2    38   12.5   27.8    7.25   1.1562     350     1    100.0   15 
 8/08/24  19:45   26.2   26.5   25.9    73   20.9    4.8    ENE   1.21   9.7     E   26.2   27.7   27.7  1014.2   0.00    0.0    0.000   0.082   28.1    40   13.2   27.8    7.55   1.1561     351     1    100.0   15 
 8/08/24  20:00   25.7   25.9   25.6    75   21.0    4.8    ENE   1.21   8.0    NE   25.7   27.2   27.2  1014.5   0.00    0.0    0.000   0.077   28.4    41   13.9   28.4    7.69   1.1541     350     1    100.0   15 
 8/08/24  20:15   25.4   25.6   25.2    77   21.1    4.8     NE   1.21  11.3    NE   25.4   27.0   27.0  1014.8   0.00    0.0    0.000   0.073   28.5    40   13.6   28.4    7.55   1.1546     351     1    100.0   15 
 8/08/24  20:30   25.1   25.2   24.8    79   21.2    4.8      E   1.21  11.3   ENE   25.1   26.7   26.7  1015.0   0.00    0.0    0.000   0.070   28.3    39   13.0   28.1    7.39   1.1561     351     1    100.0   15 
 8/08/24  20:45   24.8   24.8   24.7    79   20.9    4.8      E   1.21  11.3     E   24.8   26.4   26.4  1015.1   0.00    0.0    0.000   0.067   28.2    39   12.9   27.8    7.40   1.1570     351     1    100.0   15 
 8/08/24  21:00   24.7   24.7   24.7    79   20.8    4.8      E   1.21   8.0     E   24.7   26.2   26.2  1015.1   0.00    0.0    0.000   0.066   28.0    40   13.1   27.7    7.55   1.1574     351     1    100.0   15 
 8/08/24  21:15   24.7   24.7   24.6    79   20.8    3.2      E   0.80   8.0     E   24.7   26.2   26.2  1015.3   0.00    0.0    0.000   0.066   27.9    41   13.5   27.7    7.70   1.1575     352     1    100.0   15 
 8/08/24  21:30   24.7   24.7   24.6    78   20.6    1.6      E   0.40   4.8     E   24.7   26.2   26.2  1015.4   0.00    0.0    0.000   0.066   28.0    44   14.6   28.0    8.15   1.1560     351     1    100.0   15 
 8/08/24  21:45   24.6   24.7   24.5    79   20.7    0.0      E   0.00   3.2     E   24.6   26.2   26.2  1015.3   0.00    0.0    0.000   0.065   28.0    45   15.0   28.1    8.30   1.1554     350     1    100.0   15 
 8/08/24  22:00   24.5   24.5   24.5    79   20.6    1.6      E   0.40   4.8     E   24.5   26.1   26.1  1015.3   0.00    0.0    0.000   0.064   28.0    46   15.3   28.2    8.45   1.1551     350     1    100.0   15 
 8/08/24  22:15   24.6   24.6   24.6    79   20.7    0.0      E   0.00   3.2     E   24.6   26.1   26.1  1015.4   0.00    0.0    0.000   0.065   28.0    47   15.6   28.2    8.60   1.1547     351     1    100.0   15 
 8/08/24  22:30   24.4   24.6   24.3    80   20.8    1.6      E   0.40   3.2     E   24.4   26.1   26.1  1015.3   0.00    0.0    0.000   0.064   28.1    47   15.7   28.4    8.60   1.1541     351     1    100.0   15 
 8/08/24  22:45   24.2   24.3   24.2    80   20.6    0.0      E   0.00   4.8   NNE   24.2   25.7   25.7  1015.4   0.00    0.0    0.000   0.061   28.2    48   16.1   28.6    8.80   1.1534     351     1    100.0   15 
 8/08/24  23:00   23.9   24.2   23.7    81   20.5    3.2     NO   0.80   4.8   NNO   23.9   25.4   25.4  1015.4   0.00    0.0    0.000   0.058   28.2    48   16.2   28.7    8.79   1.1531     350     1    100.0   15 
 8/08/24  23:15   23.7   23.8   23.7    82   20.5    3.2     NO   0.80   4.8    NO   23.7   25.1   25.1  1015.4   0.00    0.0    0.000   0.056   28.3    48   16.2   28.8    8.79   1.1529     350     1    100.0   15 
 8/08/24  23:30   23.7   23.9   23.4    82   20.4    3.2     NO   0.80   6.4    NO   23.7   25.1   25.1  1015.3   0.00    0.0    0.000   0.056   28.3    50   16.9   28.9    9.09   1.1519     352     1    100.0   15 
 8/08/24  23:45   23.4   23.6   23.4    82   20.2    3.2     NO   0.80   6.4    NO   23.4   24.7   24.7  1015.3   0.00    0.0    0.000   0.053   28.4    53   17.9   29.3    9.59   1.1499     350     1    100.0   15 
 9/08/24  00:00   23.6   23.7   23.6    81   20.2    3.2     NO   0.80   4.8    NO   23.6   24.9   24.9  1015.3   0.00    0.0    0.000   0.055   28.5    55   18.6   29.7    9.85   1.1485     351     1    100.0   15 
 9/08/24   0:15   23.4   23.6   23.4    82   20.2    3.2    ONO   0.80   6.4   ONO   23.4   24.7   24.7  1015.4   0.00    0.0    0.000   0.053   28.6    55   18.6   29.8    9.85   1.1483     349     1    100.0   15 
 9/08/24   0:30   23.4   23.4   23.4    81   20.0    1.6     NO   0.40   4.8    NO   23.4   24.7   24.7  1015.5   0.00    0.0    0.000   0.053   28.6    56   19.0   29.9   10.05   1.1476     350     1    100.0   15 
 9/08/24   0:45   23.3   23.4   23.2    82   20.1    1.6    ENE   0.40   9.7    NE   23.3   24.5   24.5  1015.4   0.00    0.0    0.000   0.052   28.6    56   19.0   29.9   10.05   1.1476     352     1    100.0   15 
 9/08/24   1:00   23.2   23.2   23.2    82   19.9    1.6    ENE   0.40   3.2   ENE   23.2   24.3   24.3  1015.4   0.00    0.0    0.000   0.050   28.6    56   19.0   29.9   10.05   1.1475     351     1    100.0   15 
 9/08/24   1:15   23.0   23.2   22.8    83   20.0    0.0    ENE   0.00   3.2   ENE   23.0   24.1   24.1  1015.3   0.00    0.0    0.000   0.049   28.6    57   19.3   30.1   10.22   1.1470     351     1    100.0   15 
 9/08/24   1:30   22.8   22.8   22.7    83   19.7    0.0    ENE   0.00   1.6   ENE   22.8   23.9   23.9  1015.4   0.00    0.0    0.000   0.046   28.6    57   19.3   30.1   10.22   1.1471     351     1    100.0   15 
 9/08/24   1:45   22.7   22.7   22.6    84   19.8    0.0    ENE   0.00   1.6   ENE   22.7   23.8   23.8  1015.4   0.00    0.0    0.000   0.045   28.6    57   19.3   30.1   10.22   1.1472     351     1    100.0   15 
 9/08/24   2:00   22.5   22.6   22.4    84   19.7    0.0    ENE   0.00   3.2   ENE   22.5   23.6   23.6  1015.4   0.00    0.0    0.000   0.043   28.6    57   19.3   30.1   10.22   1.1471     352     1    100.0   15 
 9/08/24   2:15   22.3   22.4   22.3    84   19.5    1.6    ENE   0.40   3.2   ENE   22.3   23.3   23.3  1015.4   0.00    0.0    0.000   0.042   28.6    58   19.5   30.1   10.35   1.1470     349     1    100.0   15 
 9/08/24   2:30   22.4   22.5   22.3    84   19.6    1.6    ENE   0.40   3.2   ENE   22.4   23.4   23.4  1015.4   0.00    0.0    0.000   0.042   28.6    58   19.5   30.1   10.35   1.1469     350     1    100.0   15 
 9/08/24   2:45   22.4   22.6   22.4    83   19.4    1.6    ENE   0.40   3.2   ENE   22.4   23.4   23.4  1015.5   0.00    0.0    0.000   0.043   28.5    58   19.4   29.9   10.35   1.1473     351     1    100.0   15 
 9/08/24   3:00   22.3   22.4   22.3    83   19.3    1.6    ENE   0.40   3.2   ENE   22.3   23.3   23.3  1015.5   0.00    0.0    0.000   0.042   28.4    58   19.4   29.9   10.35   1.1477     352     1    100.0   15 
 9/08/24   3:15   22.4   22.4   22.3    83   19.4    1.6    ENE   0.40   3.2   ENE   22.4   23.3   23.3  1015.5   0.00    0.0    0.000   0.042   28.4    58   19.4   29.9   10.35   1.1477     351     1    100.0   15 
 9/08/24   3:30   22.3   22.4   22.3    83   19.3    1.6    NNO   0.40   3.2   NNO   22.3   23.3   23.3  1015.5   0.00    0.0    0.000   0.042   28.4    58   19.3   29.8   10.35   1.1480     351     1    100.0   15 
