                 Temp.  Temp.  Temp.  Hum.   Punt   Vel.   Dir.   Rec.  Vel.  Dir.  Sens.   Índ.   Índ.                  Int. Graus D.Graus D.  Temp.  Hum. Rosada  In.Cal.  EMC     Dens.    Mostr   Tx   Recep.  Int.
  Data    Hora    Ext.   Màx.   Mín.  Ext. Rosada   Vent   Vent   Vent  Màx.  Màx.  Tèrm.  Calor   THW    Bar    Pluja   Pluja  Calor    Fred    Int.  Int.   Int.   Int.    Int.  Int.Aire    Vent   Vent   ISS   Arc.
-------------------------------------------------------------------------------------------------------------------------------------------------------------------------------------------------------------------------
10/08/24   0:15   24.9   24.9   24.9    64   17.7    3.2    ONO   0.80   6.4   ONO   24.9   25.6   25.6  1017.3   0.00    0.0    0.000   0.069   28.8    49   17.0   29.6    8.87   1.1521     349     1    100.0   15 
10/08/24   0:30   24.9   25.1   24.9    62   17.2    3.2    ONO   0.80   8.0     O   24.9   25.5   25.5  1017.3   0.00    0.0    0.000   0.069   28.8    49   17.1   29.7    8.87   1.1517     351     1    100.0   15 
10/08/24   0:45   25.2   25.2   25.1    61   17.1    3.2    ONO   0.80   4.8     O   25.2   25.7   25.7  1017.3   0.00    0.0    0.000   0.071   28.8    49   17.1   29.7    8.87   1.1518     350     1    100.0   15 
10/08/24   1:00   25.0   25.2   24.9    62   17.2    3.2    ONO   0.80   6.4   ONO   25.0   25.6   25.6  1017.3   0.00    0.0    0.000   0.069   28.9    49   17.1   29.8    8.87   1.1515     351     1    100.0   15 
10/08/24   1:15   24.8   24.9   24.8    60   16.5    1.6     NO   0.40   4.8    NO   24.8   25.3   25.3  1017.3   0.00    0.0    0.000   0.068   28.9    49   17.1   29.8    8.87   1.1515     351     1    100.0   15 
10/08/24   1:30   24.9   24.9   24.8    58   16.1    1.6    ONO   0.40   4.8    NO   24.9   25.2   25.2  1017.2   0.00    0.0    0.000   0.068   28.9    48   16.8   29.7    8.77   1.1518     351     1    100.0   15 
10/08/24   1:45   24.9   25.0   24.8    58   16.1    3.2    ONO   0.80   4.8   ONO   24.9   25.3   25.3  1017.1   0.00    0.0    0.000   0.069   28.8    48   16.7   29.7    8.77   1.1520     350     1    100.0   15 
10/08/24   2:00   24.7   24.8   24.6    58   15.8    3.2    ONO   0.80   4.8   ONO   24.7   25.0   25.0  1017.1   0.00    0.0    0.000   0.066   28.8    47   16.4   29.6    8.57   1.1525     351     1    100.0   15 
10/08/24   2:15   24.6   24.6   24.6    59   16.0    1.6     NO   0.40   4.8   ONO   24.6   24.9   24.9  1017.0   0.00    0.0    0.000   0.065   28.8    47   16.3   29.5    8.57   1.1527     352     1    100.0   15 
10/08/24   2:30   24.6   24.6   24.6    58   15.7    1.6     NO   0.40   4.8    NO   24.6   24.9   24.9  1016.9   0.00    0.0    0.000   0.065   28.7    47   16.3   29.4    8.58   1.1528     349     1    100.0   15 
10/08/24   2:45   24.6   24.6   24.3    59   16.0    1.6     NO   0.40   4.8    NO   24.6   24.9   24.9  1016.9   0.00    0.0    0.000   0.065   28.7    47   16.3   29.4    8.58   1.1528     350     1    100.0   15 
10/08/24   3:00   24.4   24.4   24.3    58   15.6    1.6     NO   0.40   3.2    NO   24.4   24.7   24.7  1016.9   0.00    0.0    0.000   0.063   28.7    47   16.3   29.4    8.58   1.1527     351     1    100.0   15 
10/08/24   3:15   24.5   24.6   24.4    61   16.5    0.0     NO   0.00   1.6    NO   24.5   24.9   24.9  1016.9   0.00    0.0    0.000   0.064   28.7    47   16.3   29.4    8.58   1.1528     350     1    100.0   15 
10/08/24   3:30   24.6   24.6   24.5    60   16.3    0.0     NO   0.00   1.6    NO   24.6   24.9   24.9  1016.8   0.00    0.0    0.000   0.065   28.7    47   16.3   29.4    8.58   1.1527     351     1    100.0   15 
10/08/24   3:45   24.4   24.5   24.4    62   16.7    1.6     NO   0.40   3.2    NO   24.4   24.9   24.9  1017.0   0.00    0.0    0.000   0.064   28.7    47   16.3   29.4    8.58   1.1529     351     1    100.0   15 
10/08/24   4:00   24.3   24.4   24.2    62   16.6    1.6     NO   0.40   3.2    NO   24.3   24.8   24.8  1016.9   0.00    0.0    0.000   0.063   28.7    48   16.6   29.4    8.78   1.1524     350     1    100.0   15 
10/08/24   4:15   24.1   24.2   23.9    63   16.6    3.2     NO   0.80   4.8    NO   24.1   24.7   24.7  1017.0   0.00    0.0    0.000   0.060   28.7    48   16.6   29.4    8.78   1.1525     352     1    100.0   15 
10/08/24   4:30   23.8   23.9   23.6    63   16.3    3.2     NO   0.80   4.8    NO   23.8   24.4   24.4  1017.1   0.00    0.0    0.000   0.057   28.7    48   16.6   29.4    8.78   1.1528     350     1    100.0   15 
10/08/24   4:45   23.3   23.6   23.1    66   16.6    3.2    NNE   0.80   4.8   NNE   23.3   23.9   23.9  1017.1   0.00    0.0    0.000   0.052   28.7    48   16.6   29.4    8.78   1.1529     351     1    100.0   15 
10/08/24   5:00   22.9   23.1   22.8    68   16.7    0.0    NNE   0.00   3.2   NNE   22.9   23.4   23.4  1017.3   0.00    0.0    0.000   0.047   28.6    48   16.5   29.3    8.78   1.1533     351     1    100.0   15 
10/08/24   5:15   22.5   22.8   22.2    69   16.5    1.6      O   0.40   4.8     O   22.5   22.9   22.9  1017.3   0.00    0.0    0.000   0.043   28.6    49   16.8   29.3    8.88   1.1532     351     1    100.0   15 
10/08/24   5:30   22.1   22.2   22.0    70   16.3    0.0      O   0.00   3.2     O   22.1   22.4   22.4  1017.3   0.00    0.0    0.000   0.039   28.6    49   16.8   29.3    8.88   1.1532     350     1    100.0   15 
10/08/24   5:45   22.2   22.3   22.1    70   16.4    1.6      O   0.40   3.2     O   22.2   22.6   22.6  1017.3   0.00    0.0    0.000   0.040   28.5    49   16.7   29.2    8.88   1.1535     350     1    100.0   15 
10/08/24   6:00   22.5   22.7   22.3    69   16.5    1.6      O   0.40   3.2     O   22.5   22.9   22.9  1017.4   0.00    0.0    0.000   0.043   28.6    49   16.8   29.3    8.88   1.1534     350     1    100.0   15 
10/08/24   6:15   22.9   23.1   22.7    67   16.4    1.6      O   0.40   3.2     O   22.9   23.4   23.4  1017.5   0.00    0.0    0.000   0.047   28.7    49   16.9   29.4    8.88   1.1528     351     1    100.0   15 
10/08/24   6:30   23.3   23.4   23.1    65   16.3    1.6      O   0.40   4.8     O   23.3   23.9   23.9  1017.5   0.00    0.0    0.000   0.052   28.9    49   17.1   29.8    8.87   1.1517     352     1    100.0   15 
10/08/24   6:45   23.7   24.1   23.4    65   16.7    1.6      O   0.40   3.2     O   23.7   24.4   24.4  1017.5   0.00    0.0    0.000   0.056   29.1    48   17.0   29.9    8.76   1.1511     351     1    100.0   15 
10/08/24   7:00   24.4   24.8   24.1    62   16.7    1.6     NO   0.40   4.8    NO   24.4   24.9   24.9  1017.5   0.00    0.0    0.000   0.064   29.3    48   17.2   30.2    8.75   1.1499     349     1    100.0   15 
10/08/24   7:15   25.3   26.0   24.8    60   17.0    1.6     NO   0.40   6.4   ENE   25.3   25.8   25.8  1017.5   0.00    0.0    0.000   0.072   29.5    48   17.3   30.3    8.75   1.1490     349     1    100.0   15 
10/08/24   7:30   26.5   26.9   26.1    59   17.8    3.2     NE   0.80   8.0     E   26.5   27.1   27.1  1017.5   0.00    0.0    0.000   0.085   29.7    48   17.5   30.6    8.74   1.1480     352     1    100.0   15 
10/08/24   7:45   27.2   27.3   26.9    58   18.2    4.8      E   1.21  11.3   ENE   27.2   27.9   27.9  1017.6   0.00    0.0    0.000   0.092   29.9    48   17.7   30.9    8.73   1.1469     350     1    100.0   15 
10/08/24   8:00   27.2   27.3   27.2    59   18.5    6.4      E   1.61  11.3     E   27.2   28.1   28.1  1017.6   0.00    0.0    0.000   0.093   30.1    48   17.8   31.1    8.73   1.1464     351     1    100.0   15 
10/08/24   8:15   27.6   28.0   27.3    57   18.3    4.8    ENE   1.21  12.9   ESE   27.6   28.5   28.5  1017.6   0.00    0.0    0.000   0.097   30.2    49   18.3   31.5    8.85   1.1450     351     1    100.0   15 
10/08/24   8:30   28.3   28.7   28.0    56   18.7    4.8      E   1.21  12.9     E   28.3   29.4   29.4  1017.6   0.00    0.0    0.000   0.104   30.3    49   18.4   31.7    8.85   1.1445     351     1    100.0   15 
10/08/24   8:45   29.0   29.2   28.7    54   18.8    4.8     NE   1.21  11.3    NE   29.0   30.4   30.4  1017.6   0.00    0.0    0.000   0.111   30.4    48   18.2   31.8    8.71   1.1443     352     1    100.0   15 
10/08/24   9:00   29.3   29.5   28.9    53   18.7    6.4     NE   1.61  14.5   ENE   29.3   30.6   30.6  1017.5   0.00    0.0    0.000   0.114   30.2    47   17.7   31.2    8.52   1.1459     351     1    100.0   15 
10/08/24   9:15   29.8   29.9   29.5    51   18.6    8.0    ESE   2.01  14.5   ESE   29.8   31.1   31.1  1017.6   0.00    0.0    0.000   0.119   29.9    46   17.1   30.7    8.43   1.1479     349     1    100.0   15 
10/08/24   9:30   30.2   30.4   29.9    50   18.6    6.4      E   1.61  12.9   ESE   30.2   31.6   31.6  1017.6   0.00    0.0    0.000   0.123   29.8    46   17.0   30.6    8.44   1.1484     350     1    100.0   15 
10/08/24   9:45   30.6   30.7   30.3    50   19.0    6.4    ESE   1.61  16.1   ENE   30.6   32.3   32.3  1017.5   0.00    0.0    0.000   0.127   29.8    45   16.6   30.4    8.24   1.1491     352     1    100.0   15 
10/08/24  10:00   30.9   31.3   30.6    48   18.6    8.0    ENE   2.01  19.3   ESE   30.9   32.3   32.3  1017.3   0.00    0.0    0.000   0.131   29.7    44   16.1   30.2    8.14   1.1499     350     1    100.0   15 
10/08/24  10:15   31.4   31.7   31.3    46   18.4    8.0     NE   2.01  20.9     E   31.4   33.0   33.0  1017.3   0.00    0.0    0.000   0.137   29.6    44   16.1   30.1    8.14   1.1502     350     1    100.0   15 
10/08/24  10:30   31.9   31.9   31.7    44   18.1    9.7     SE   2.41  19.3    SE   31.9   33.4   33.4  1017.3   0.00    0.0    0.000   0.141   29.5    43   15.6   29.9    7.95   1.1512     351     1    100.0   15 
10/08/24  10:45   31.8   32.1   31.7    43   17.7   11.3    ESE   2.82  20.9   ESE   31.8   33.1   33.1  1017.2   0.00    0.0    0.000   0.141   29.3    42   15.1   29.6    7.85   1.1523     352     1    100.0   15 
10/08/24  11:00   32.1   32.3   31.8    42   17.6    9.7      E   2.41  20.9     E   32.1   33.2   33.2  1017.2   0.00    0.0    0.000   0.144   29.2    41   14.6   29.4    7.66   1.1534     350     1    100.0   15 
10/08/24  11:15   32.4   32.8   32.2    42   17.9    9.7    ESE   2.41  20.9    NE   32.4   33.7   33.7  1017.0   0.00    0.0    0.000   0.147   29.1    42   14.9   29.4    7.85   1.1532     350     1    100.0   15 
10/08/24  11:30   32.4   32.6   32.3    41   17.5   12.9    ESE   3.22  25.7     E   32.4   33.5   33.5  1016.9   0.00    0.0    0.000   0.147   29.2    43   15.3   29.6    7.96   1.1524     349     1    100.0   15 
10/08/24  11:45   32.4   32.6   32.3    42   17.9   12.9    ENE   3.22  24.1     E   32.4   33.7   33.7  1016.9   0.00    0.0    0.000   0.147   29.2    43   15.3   29.6    7.96   1.1524     350     1    100.0   15 
10/08/24  12:00   32.3   32.4   32.1    42   17.7   12.9      E   3.22  24.1   ENE   32.3   33.4   33.4  1016.8   0.00    0.0    0.000   0.145   29.1    42   14.9   29.4    7.85   1.1530     352     1    100.0   15 
10/08/24  12:15   32.2   32.2   32.1    43   18.0   11.3    ESE   2.82  25.7     E   32.2   33.5   33.5  1016.7   0.00    0.0    0.000   0.144   29.2    42   14.9   29.4    7.85   1.1526     351     1    100.0   15 
10/08/24  12:30   32.3   32.4   32.1    42   17.7   12.9    ESE   3.22  25.7   ESE   32.3   33.4   33.4  1016.7   0.00    0.0    0.000   0.145   29.3    42   15.0   29.6    7.85   1.1521     351     1    100.0   15 
10/08/24  12:45   32.1   32.3   32.0    44   18.3   12.9    ESE   3.22  25.7     E   32.1   33.6   33.6  1016.7   0.00    0.0    0.000   0.143   29.3    43   15.4   29.7    7.96   1.1516     351     1    100.0   15 
10/08/24  13:00   32.2   32.6   32.1    44   18.4   12.9      E   3.22  25.7   ESE   32.2   33.8   33.8  1016.5   0.00    0.0    0.000   0.145   29.2    43   15.3   29.6    7.96   1.1520     351     1    100.0   15 
10/08/24  13:15   32.6   32.7   32.3    43   18.4   12.9      E   3.22  25.7   ESE   32.6   34.2   34.2  1016.6   0.00    0.0    0.000   0.148   29.1    43   15.3   29.5    7.96   1.1523     351     1    100.0   15 
10/08/24  13:30   32.4   32.6   32.2    43   18.3   12.9      E   3.22  24.1   ESE   32.4   34.0   34.0  1016.4   0.00    0.0    0.000   0.147   29.2    43   15.4   29.6    7.96   1.1515     351     1    100.0   15 
10/08/24  13:45   32.4   32.5   32.3    44   18.6   12.9    ESE   3.22  25.7     E   32.4   34.1   34.1  1016.3   0.00    0.0    0.000   0.146   29.2    43   15.3   29.6    7.96   1.1517     350     1    100.0   15 
10/08/24  14:00   32.4   32.6   32.3    44   18.6   14.5      E   3.62  25.7     E   32.4   34.1   34.1  1016.3   0.00    0.0    0.000   0.146   29.1    43   15.3   29.5    7.96   1.1520     350     1    100.0   15 
10/08/24  14:15   32.2   32.3   32.1    45   18.7   12.9      E   3.22  25.7     E   32.2   34.0   34.0  1016.3   0.00    0.0    0.000   0.144   29.1    42   14.8   29.4    7.85   1.1527     351     1    100.0   15 
10/08/24  14:30   32.3   32.4   32.1    45   18.8   12.9      E   3.22  24.1     E   32.3   34.2   34.2  1016.1   0.00    0.0    0.000   0.145   29.2    42   14.9   29.4    7.85   1.1520     348     1    100.0   15 
10/08/24  14:45   32.1   32.2   32.0    45   18.7   12.9      E   3.22  25.7     E   32.1   33.9   33.9  1016.1   0.00    0.0    0.000   0.144   29.2    43   15.3   29.6    7.96   1.1515     349     1    100.0   15 
10/08/24  15:00   32.1   32.2   31.9    45   18.7   12.9    ESE   3.22  22.5   ESE   32.1   33.9   33.9  1016.0   0.00    0.0    0.000   0.144   29.1    42   14.9   29.4    7.85   1.1521     349     1    100.0   15 
10/08/24  15:15   31.9   32.2   31.7    47   19.2   12.9    ESE   3.22  27.4     E   31.9   34.0   34.0  1016.0   0.00    0.0    0.000   0.141   29.2    41   14.6   29.4    7.66   1.1520     351     1    100.0   15 
10/08/24  15:30   31.8   31.8   31.7    48   19.4    9.7     SE   2.41  22.5   ESE   31.8   34.1   34.1  1015.9   0.00    0.0    0.000   0.140   29.4    42   15.1   29.7    7.85   1.1506     350     1    100.0   15 
10/08/24  15:45   31.7   31.8   31.6    47   19.0    8.0    ESE   2.01  17.7    SE   31.7   33.7   33.7  1016.0   0.00    0.0    0.000   0.139   29.4    42   15.1   29.7    7.85   1.1507     351     1    100.0   15 
10/08/24  16:00   31.7   31.9   31.6    47   19.0    6.4    ESE   1.61  20.9     E   31.7   33.8   33.8  1016.1   0.00    0.0    0.000   0.139   29.3    41   14.7   29.4    7.66   1.1518     351     1    100.0   15 
10/08/24  16:15   31.8   32.1   31.4    51   20.4    6.4    ENE   1.61  17.7   ESE   31.8   34.7   34.7  1016.0   0.00    0.0    0.000   0.141   29.2    40   14.2   29.3    7.55   1.1527     351     1    100.0   15 
10/08/24  16:30   31.1   31.4   30.7    48   18.8    6.4    ENE   1.61  19.3   ESE   31.1   32.6   32.6  1016.0   0.00    0.0    0.000   0.133   29.2    41   14.6   29.4    7.66   1.1523     350     1    100.0   15 
10/08/24  16:45   31.6   32.0   31.1    54   21.2    4.8     SE   1.21  14.5   ESE   31.6   34.9   34.9  1015.9   0.00    0.0    0.000   0.138   29.1    39   13.7   29.1    7.36   1.1537     351     1    100.0   15 
10/08/24  17:00   31.1   31.3   30.9    49   19.1    4.8      S   1.21  14.5     E   31.1   32.8   32.8  1016.0   0.00    0.0    0.000   0.133   28.9    39   13.5   28.9    7.37   1.1545     351     1    100.0   15 
10/08/24  17:15   30.6   31.2   30.3    47   18.0    6.4      E   1.61  12.9   ESE   30.6   31.8   31.8  1015.9   0.00    0.0    0.000   0.128   28.9    39   13.6   29.0    7.37   1.1541     349     1    100.0   15 
10/08/24  17:30   31.0   31.2   30.7    47   18.4    4.8    SSO   1.21  11.3    SE   31.0   32.3   32.3  1015.9   0.00    0.0    0.000   0.132   29.1    39   13.7   29.1    7.36   1.1537     351     2    100.0   15 
10/08/24  17:45   31.2   31.3   31.0    47   18.5    4.8    SSO   1.21  12.9     S   31.2   32.6   32.6  1016.0   0.00    0.0    0.000   0.134   29.1    39   13.7   29.1    7.36   1.1534     351     1    100.0   15 
10/08/24  18:00   31.0   31.1   30.9    49   19.0    3.2    SSO   0.80  11.3   SSO   31.0   32.7   32.7  1016.0   0.00    0.0    0.000   0.132   29.1    41   14.5   29.3    7.66   1.1525     351     1    100.0   15 
10/08/24  18:15   30.7   30.9   30.3    50   19.1    3.2    SSO   0.80   9.7    SO   30.7   32.4   32.4  1016.0   0.00    0.0    0.000   0.128   29.2    41   14.6   29.4    7.66   1.1522     350     1    100.0   15 
10/08/24  18:30   30.1   30.3   29.9    53   19.5    3.2    SSO   0.80   8.0     S   30.1   31.9   31.9  1016.0   0.00    0.0    0.000   0.123   28.9    41   14.4   29.2    7.67   1.1534     352     1    100.0   15 
10/08/24  18:45   29.5   29.8   29.1    55   19.5    3.2    SSO   0.80   6.4     S   29.5   31.2   31.2  1016.0   0.00    0.0    0.000   0.116   29.1    42   14.9   29.4    7.85   1.1520     351     1    100.0   15 
10/08/24  19:00   28.7   29.1   28.3    60   20.2    1.6    SSE   0.40   8.0     E   28.7   30.6   30.6  1016.0   0.00    0.0    0.000   0.108   29.4    42   15.1   29.7    7.85   1.1507     350     1    100.0   15 
10/08/24  19:15   28.0   28.3   27.8    61   19.8    1.6      E   0.40   4.8     E   28.0   29.4   29.4  1016.0   0.00    0.0    0.000   0.101   29.6    43   15.7   29.9    7.95   1.1494     350     1    100.0   15 
10/08/24  19:30   27.8   27.8   27.7    62   19.8    0.0      E   0.00   3.2     E   27.8   29.2   29.2  1016.1   0.00    0.0    0.000   0.098   29.7    43   15.8   30.1    7.95   1.1490     351     1    100.0   15 
10/08/24  19:45   27.7   27.8   27.6    62   19.7    1.6      E   0.40   3.2     E   27.7   29.1   29.1  1016.2   0.00    0.0    0.000   0.097   29.8    44   16.2   30.3    8.14   1.1481     351     1    100.0   15 
10/08/24  20:00   27.4   27.6   27.4    62   19.5    0.0      E   0.00   3.2     E   27.4   28.7   28.7  1016.3   0.00    0.0    0.000   0.095   29.9    44   16.3   30.4    8.13   1.1477     350     1    100.0   15 
10/08/24  20:15   27.3   27.4   27.1    64   19.9    1.6      E   0.40   3.2     E   27.3   28.6   28.6  1016.5   0.00    0.0    0.000   0.093   29.9    44   16.4   30.4    8.13   1.1475     351     1    100.0   15 
10/08/24  20:30   26.9   27.1   26.8    64   19.6    1.6      E   0.40   4.8     E   26.9   28.1   28.1  1016.5   0.00    0.0    0.000   0.090   30.0    44   16.4   30.5    8.13   1.1473     351     1    100.0   15 
10/08/24  20:45   26.7   26.9   26.6    64   19.3    3.2      E   0.80   4.8     E   26.7   27.8   27.8  1016.5   0.00    0.0    0.000   0.087   30.1    45   16.8   30.7    8.23   1.1465     352     1    100.0   15 
10/08/24  21:00   26.6   26.6   26.5    64   19.2    1.6      E   0.40   3.2     E   26.6   27.6   27.6  1016.3   0.00    0.0    0.000   0.086   30.1    45   16.9   30.8    8.23   1.1460     351     1    100.0   15 
10/08/24  21:15   26.4   26.6   26.2    66   19.5    1.6      E   0.40   3.2     E   26.4   27.5   27.5  1016.3   0.00    0.0    0.000   0.084   30.1    45   16.9   30.8    8.23   1.1460     351     1    100.0   15 
10/08/24  21:30   26.2   26.2   26.0    65   19.1    1.6      E   0.40   3.2     E   26.2   27.1   27.1  1016.3   0.00    0.0    0.000   0.082   30.2    46   17.3   31.0    8.42   1.1452     350     1    100.0   15 
10/08/24  21:45   25.9   26.0   25.9    66   19.1    1.6     SO   0.40   8.0     O   25.9   26.9   26.9  1016.2   0.00    0.0    0.000   0.079   30.2    46   17.3   31.0    8.42   1.1451     352     1    100.0   15 
10/08/24  22:00   25.9   25.9   25.8    67   19.3    1.6     SO   0.40   3.2    SO   25.9   26.9   26.9  1016.3   0.00    0.0    0.000   0.079   30.2    46   17.3   31.1    8.42   1.1449     351     1    100.0   15 
10/08/24  22:15   25.7   25.8   25.7    69   19.6    3.2    ONO   0.80   4.8    SO   25.7   26.8   26.8  1016.3   0.00    0.0    0.000   0.077   30.2    46   17.3   31.1    8.42   1.1450     351     1    100.0   15 
10/08/24  22:30   25.7   25.8   25.7    70   19.8    1.6    ONO   0.40   4.8   ONO   25.7   26.9   26.9  1016.3   0.00    0.0    0.000   0.077   30.2    47   17.7   31.2    8.52   1.1445     350     1    100.0   15 
10/08/24  22:45   25.7   25.8   25.6    70   19.8    1.6    ONO   0.40   3.2   ONO   25.7   26.8   26.8  1016.4   0.00    0.0    0.000   0.076   30.1    45   16.9   30.8    8.23   1.1461     352     1    100.0   15 
10/08/24  23:00   25.8   25.8   25.7    68   19.4    1.6     NO   0.40   4.8    NO   25.8   26.8   26.8  1016.3   0.00    0.0    0.000   0.078   29.7    41   15.1   29.9    7.65   1.1499     351     1    100.0   15 
10/08/24  23:15   25.8   25.8   25.7    67   19.2    1.6     NO   0.40   4.8    NO   25.8   26.8   26.8  1016.1   0.00    0.0    0.000   0.078   29.3    40   14.3   29.4    7.55   1.1520     350     1    100.0   15 
10/08/24  23:30   25.8   25.9   25.8    66   19.0    3.2     NO   0.80   6.4    NO   25.8   26.8   26.8  1015.9   0.00    0.0    0.000   0.078   29.2    41   14.6   29.4    7.66   1.1521     351     1    100.0   15 
10/08/24  23:45   25.7   25.8   25.6    67   19.1    1.6     NO   0.40   4.8    NO   25.7   26.7   26.7  1015.8   0.00    0.0    0.000   0.077   29.2    46   16.4   29.9    8.45   1.1494     350     1    100.0   15 
11/08/24  00:00   25.2   25.5   24.9    69   19.1    1.6     NO   0.40   4.8    NO   25.2   26.2   26.2  1015.6   0.00    0.0    0.000   0.071   29.4    48   17.2   30.2    8.75   1.1475     351     1    100.0   15 
11/08/24   0:15   24.9   25.1   24.8    68   18.6    1.6     NO   0.40   4.8    NO   24.9   25.9   25.9  1015.6   0.00    0.0    0.000   0.069   29.5    49   17.7   30.4    8.85   1.1464     350     1    100.0   15 
11/08/24   0:30   25.0   25.1   24.9    68   18.7    1.6     NO   0.40   4.8    NO   25.0   25.9   25.9  1015.6   0.00    0.0    0.000   0.069   29.6    50   18.0   30.6    9.05   1.1457     351     1    100.0   15 
11/08/24   0:45   25.1   25.4   24.9    67   18.5    1.6     NO   0.40   6.4   NNO   25.1   25.9   25.9  1015.5   0.00    0.0    0.000   0.070   29.6    50   18.0   30.6    9.05   1.1456     351     1    100.0   15 
11/08/24   1:00   25.7   25.8   25.4    65   18.6    3.2      N   0.80   6.4     N   25.7   26.6   26.6  1015.6   0.00    0.0    0.000   0.077   29.6    50   18.0   30.6    9.05   1.1456     351     1    100.0   15 
11/08/24   1:15   25.4   25.7   25.2    67   18.9    1.6    ENE   0.40   4.8   ENE   25.4   26.3   26.3  1015.4   0.00    0.0    0.000   0.074   29.6    50   18.1   30.7    9.05   1.1451     350     1    100.0   15 
11/08/24   1:30   25.1   25.3   24.8    69   19.0    1.6    ENE   0.40   3.2   ENE   25.1   26.1   26.1  1015.3   0.00    0.0    0.000   0.070   29.6    50   18.1   30.7    9.05   1.1451     350     1    100.0   15 
11/08/24   1:45   24.7   24.8   24.7    70   18.9    3.2    ENE   0.80   4.8   ENE   24.7   25.8   25.8  1015.2   0.00    0.0    0.000   0.067   29.6    51   18.4   30.8    9.24   1.1445     350     1    100.0   15 
11/08/24   2:00   24.7   24.7   24.6    71   19.1    1.6    ENE   0.40   4.8   ENE   24.7   25.8   25.8  1015.2   0.00    0.0    0.000   0.066   29.6    51   18.4   30.8    9.24   1.1444     350     1    100.0   15 
11/08/24   2:15   24.5   24.6   24.4    70   18.7    3.2    ENE   0.80   6.4   ENE   24.5   25.5   25.5  1015.1   0.00    0.0    0.000   0.064   29.6    51   18.3   30.7    9.25   1.1446     351     1    100.0   15 
11/08/24   2:30   24.4   24.4   24.3    70   18.6    3.2    ENE   0.80   6.4   ENE   24.4   25.4   25.4  1015.1   0.00    0.0    0.000   0.063   29.6    51   18.3   30.7    9.25   1.1446     351     1    100.0   15 
11/08/24   2:45   24.2   24.3   24.1    70   18.3    4.8    ENE   1.21  11.3   ENE   24.2   25.2   25.2  1015.2   0.00    0.0    0.000   0.061   29.5    51   18.3   30.7    9.25   1.1450     351     1    100.0   15 
11/08/24   3:00   24.2   24.2   24.1    69   18.1    3.2    ENE   0.80   8.0    NE   24.2   25.1   25.1  1015.2   0.00    0.0    0.000   0.061   29.4    51   18.2   30.6    9.25   1.1452     350     1    100.0   15 
11/08/24   3:15   24.2   24.2   24.1    70   18.3    1.6    ENE   0.40   6.4   ENE   24.2   25.2   25.2  1015.1   0.00    0.0    0.000   0.061   29.4    51   18.2   30.5    9.25   1.1455     351     1    100.0   15 
