                 Temp.  Temp.  Temp.  Hum.   Punt   Vel.   Dir.   Rec.  Vel.  Dir.  Sens.   Índ.   Índ.                  Int. Graus D.Graus D.  Temp.  Hum. Rosada  In.Cal.  EMC     Dens.    Mostr   Tx   Recep.  Int.
  Data    Hora    Ext.   Màx.   Mín.  Ext. Rosada   Vent   Vent   Vent  Màx.  Màx.  Tèrm.  Calor   THW    Bar    Pluja   Pluja  Calor    Fred    Int.  Int.   Int.   Int.    Int.  Int.Aire    Vent   Vent   ISS   Arc.
-------------------------------------------------------------------------------------------------------------------------------------------------------------------------------------------------------------------------
25/09/22   0:15   16.7   16.9   16.4    87   14.5    1.6    NNE   0.40   6.4   ENE   16.7   16.9   16.9  1011.9   0.20    7.0    0.017   0.000   23.8    63   16.4   24.4   11.45   1.1658     347     1    100.0   15 
25/09/22   0:30   16.2   16.4   15.8    90   14.5    4.8      E   1.21  14.5     E   16.2   16.4   16.4  1011.6   0.20    0.8    0.023   0.000   23.8    63   16.4   24.4   11.45   1.1655     351     1    100.0   15 
25/09/22   0:45   15.4   15.8   15.2    91   13.9    6.4      E   1.61  12.9   ESE   15.4   15.6   15.6  1011.8   0.00    0.0    0.031   0.000   23.8    63   16.3   24.4   11.45   1.1659     351     1    100.0   15 
25/09/22   1:00   15.2   15.3   15.1    92   13.9    3.2    NNO   0.80   8.0    NE   15.2   15.3   15.3  1012.0   0.00    0.0    0.033   0.000   23.6    63   16.2   24.2   11.46   1.1671     351     1    100.0   15 
25/09/22   1:15   15.2   15.2   15.1    92   13.9    0.0    NNO   0.00   3.2   NNO   15.2   15.3   15.3  1011.9   0.00    0.0    0.033   0.000   23.4    64   16.2   24.1   11.65   1.1674     348     1    100.0   15 
25/09/22   1:30   14.9   15.1   14.8    92   13.6    1.6    ENE   0.40   6.4   ENE   14.9   15.1   15.1  1012.1   0.00    0.0    0.036   0.000   23.3    64   16.1   23.9   11.65   1.1686     351     1    100.0   15 
25/09/22   1:45   14.8   14.9   14.8    92   13.5    1.6    ESE   0.40   6.4   ESE   14.8   15.0   15.0  1012.4   0.00    0.0    0.036   0.000   23.2    64   16.0   23.7   11.65   1.1695     350     1    100.0   15 
25/09/22   2:00   14.8   15.0   14.8    92   13.5    1.6    ONO   0.40   4.8   ONO   14.8   15.0   15.0  1012.3   0.00    0.0    0.036   0.000   23.0    64   15.8   23.4   11.65   1.1703     351     1    100.0   15 
25/09/22   2:15   15.1   15.2   15.0    92   13.8    0.0    ONO   0.00   1.6   ONO   15.1   15.3   15.3  1012.4   0.00    0.0    0.034   0.000   22.9    64   15.7   23.3   11.65   1.1710     349     1    100.0   15 
25/09/22   2:30   15.2   15.3   15.2    92   13.9    0.0    SSO   0.00   3.2   ONO   15.2   15.4   15.4  1012.6   0.00    0.0    0.032   0.000   22.8    64   15.6   23.1   11.65   1.1718     350     1    100.0   15 
25/09/22   2:45   15.1   15.3   14.9    92   13.8    1.6     SO   0.40   6.4   SSO   15.1   15.2   15.2  1012.7   0.00    0.0    0.034   0.000   22.7    64   15.6   23.1   11.65   1.1722     351     1    100.0   15 
25/09/22   3:00   14.8   14.9   14.7    92   13.5    1.6     SO   0.40   6.4     O   14.8   14.9   14.9  1012.3   0.00    0.0    0.037   0.000   22.6    64   15.5   22.9   11.65   1.1723     352     1    100.0   15 
25/09/22   3:15   14.6   14.7   14.6    92   13.3    1.6    ONO   0.40   6.4     O   14.6   14.7   14.7  1011.9   0.00    0.0    0.039   0.000   22.5    64   15.3   22.7   11.65   1.1725     351     1    100.0   15 
25/09/22   3:30   14.6   14.6   14.6    92   13.3    1.6    ONO   0.40   3.2   ONO   14.6   14.7   14.7  1011.8   0.00    0.0    0.039   0.000   22.4    64   15.3   22.7   11.65   1.1725     351     1    100.0   15 
25/09/22   3:45   14.4   14.6   14.3    91   13.0    1.6    ONO   0.40   6.4    NO   14.4   14.5   14.5  1011.6   0.00    0.0    0.041   0.000   22.3    64   15.2   22.5   11.65   1.1729     350     1    100.0   15 
25/09/22   4:00   14.2   14.3   14.1    91   12.8    3.2     NO   0.80   8.0   ONO   14.2   14.3   14.3  1011.6   0.00    0.0    0.043   0.000   22.3    64   15.1   22.4   11.65   1.1732     351     1    100.0   15 
25/09/22   4:15   14.0   14.1   13.8    91   12.6    3.2    ONO   0.80   6.4     O   14.0   14.1   14.1  1011.6   0.00    0.0    0.045   0.000   22.2    64   15.0   22.3   11.65   1.1738     351     1    100.0   15 
25/09/22   4:30   13.6   13.8   13.5    90   12.0    4.8    ONO   1.21  11.3   ONO   13.6   13.7   13.7  1011.5   0.00    0.0    0.049   0.000   22.1    65   15.2   22.2   11.85   1.1737     351     1    100.0   15 
25/09/22   4:45   13.5   13.6   13.4    88   11.6    4.8    ONO   1.21  14.5     O   13.5   13.5   13.5  1011.7   0.00    0.0    0.050   0.000   22.0    65   15.1   22.1   11.85   1.1744     349     1    100.0   15 
25/09/22   5:00   13.7   13.8   13.6    87   11.5    3.2    ONO   0.80  11.3   ONO   13.7   13.7   13.7  1011.8   0.00    0.0    0.049   0.000   21.9    65   15.1   22.0   11.85   1.1749     351     1    100.0   15 
25/09/22   5:15   13.8   13.9   13.7    85   11.3    1.6      O   0.40   8.0   OSO   13.8   13.7   13.7  1011.9   0.00    0.0    0.047   0.000   21.8    65   15.0   21.8   11.85   1.1755     352     1    100.0   15 
25/09/22   5:30   14.1   14.1   13.9    84   11.4    1.6    ONO   0.40   6.4     O   14.1   14.0   14.0  1012.0   0.00    0.0    0.045   0.000   21.8    65   14.9   21.8   11.85   1.1760     351     1    100.0   15 
25/09/22   5:45   14.1   14.2   14.1    84   11.4    3.2    ONO   0.80   9.7    NO   14.1   14.1   14.1  1012.1   0.00    0.0    0.044   0.000   21.7    65   14.9   21.7   11.85   1.1764     351     1    100.0   15 
25/09/22   6:00   14.0   14.1   13.9    85   11.5    3.2    ONO   0.80   9.7   ONO   14.0   13.9   13.9  1012.2   0.00    0.0    0.045   0.000   21.7    65   14.8   21.6   11.85   1.1768     351     1    100.0   15 
25/09/22   6:15   13.9   13.9   13.8    83   11.0    3.2    ONO   0.80  11.3   ONO   13.9   13.8   13.8  1012.1   0.00    0.0    0.046   0.000   21.6    65   14.7   21.5   11.85   1.1773     351     1    100.0   15 
25/09/22   6:30   13.8   13.9   13.7    83   10.9    4.8      O   1.21  12.9     O   13.8   13.7   13.7  1012.1   0.00    0.0    0.047   0.000   21.5    65   14.6   21.4   11.85   1.1776     350     1    100.0   15 
25/09/22   6:45   13.6   13.7   13.4    83   10.7    3.2    ONO   0.80   9.7    NO   13.6   13.4   13.4  1012.3   0.00    0.0    0.050   0.000   21.4    65   14.6   21.3   11.85   1.1780     351     1    100.0   15 
25/09/22   7:00   13.3   13.4   13.2    83   10.5    4.8      O   1.21  11.3   ONO   13.3   13.2   13.2  1012.3   0.00    0.0    0.052   0.000   21.4    65   14.5   21.3   11.85   1.1784     350     1    100.0   15 
25/09/22   7:15   13.2   13.3   13.1    83   10.4    3.2      O   0.80  11.3   ONO   13.2   13.1   13.1  1012.2   0.00    0.0    0.053   0.000   21.3    65   14.4   21.2   11.85   1.1789     350     1    100.0   15 
25/09/22   7:30   12.9   13.1   12.8    84   10.2    3.2    ONO   0.80   9.7   ONO   12.9   12.8   12.8  1012.3   0.00    0.0    0.057   0.000   21.2    65   14.4   21.1   11.85   1.1792     352     1    100.0   15 
25/09/22   7:45   12.7   12.8   12.5    85   10.2    3.2      O   0.80   6.4   ONO   12.7   12.6   12.6  1012.2   0.00    0.0    0.059   0.000   21.2    65   14.3   21.0   11.85   1.1794     351     1    100.0   15 
25/09/22   8:00   12.4   12.5   12.3    85    9.9    4.8    ONO   1.21  11.3   ONO   12.4   12.3   12.3  1012.3   0.00    0.0    0.062   0.000   21.1    65   14.2   20.9   11.85   1.1801     351     1    100.0   15 
25/09/22   8:15   12.3   12.3   12.3    85    9.8    4.8    ONO   1.21  11.3     O   12.3   12.2   12.2  1012.6   0.00    0.0    0.063   0.000   21.1    65   14.2   20.9   11.85   1.1804     350     1    100.0   15 
25/09/22   8:30   12.4   12.5   12.3    84    9.8    4.8    ONO   1.21  14.5   OSO   12.4   12.3   12.3  1012.5   0.00    0.0    0.062   0.000   21.1    65   14.2   20.9   11.85   1.1803     352     1    100.0   15 
25/09/22   8:45   12.6   12.9   12.4    83    9.8    4.8    ONO   1.21  11.3   ONO   12.6   12.5   12.5  1012.5   0.00    0.0    0.060   0.000   21.3    65   14.5   21.2   11.85   1.1789     351     1    100.0   15 
25/09/22   9:00   13.1   13.3   12.9    82   10.1    3.2    ONO   0.80   9.7    NO   13.1   13.0   13.0  1012.5   0.00    0.0    0.054   0.000   21.8    66   15.2   21.9   12.12   1.1760     351     1    100.0   15 
25/09/22   9:15   13.5   13.7   13.3    80   10.1    4.8      O   1.21  12.9    NO   13.5   13.3   13.3  1012.5   0.00    0.0    0.050   0.000   22.4    65   15.5   22.7   11.85   1.1731     351     1    100.0   15 
25/09/22   9:30   13.9   14.2   13.7    80   10.5    3.2    ONO   0.80   9.7   ONO   13.9   13.8   13.8  1012.6   0.00    0.0    0.046   0.000   23.0    63   15.6   23.4   11.48   1.1710     351     1    100.0   15 
25/09/22   9:45   14.5   14.7   14.2    76   10.3    4.8      O   1.21  17.7     O   14.5   14.3   14.3  1012.7   0.00    0.0    0.040   0.000   23.5    62   15.8   24.0   11.26   1.1689     352     1    100.0   15 
25/09/22  10:00   14.8   15.2   14.7    77   10.8    4.8      O   1.21  12.9   ONO   14.8   14.6   14.6  1012.8   0.00    0.0    0.036   0.000   23.9    61   15.9   24.4   11.05   1.1673     351     1    100.0   15 
25/09/22  10:15   15.4   15.8   15.2    75   11.0    1.6    OSO   0.40  11.3   OSO   15.4   15.2   15.2  1012.9   0.00    0.0    0.030   0.000   24.2    60   15.9   24.6   10.93   1.1663     351     1    100.0   15 
25/09/22  10:30   15.8   16.0   15.8    74   11.2    4.8      O   1.21  16.1   OSO   15.8   15.6   15.6  1012.9   0.00    0.0    0.026   0.000   24.4    59   15.9   24.7   10.71   1.1655     351     1    100.0   15 
25/09/22  10:45   16.1   16.2   15.9    72   11.0    4.8      O   1.21  12.9   OSO   16.1   15.8   15.8  1012.9   0.00    0.0    0.024   0.000   24.6    58   15.8   24.9   10.50   1.1647     352     1    100.0   15 
25/09/22  11:00   16.6   16.8   16.2    69   10.8    3.2      O   0.80  12.9     O   16.6   16.2   16.2  1013.0   0.00    0.0    0.019   0.000   24.8    57   15.7   25.1   10.28   1.1640     351     1    100.0   15 
25/09/22  11:15   16.9   17.0   16.8    69   11.2    3.2      O   0.80   9.7   OSO   16.9   16.6   16.6  1012.9   0.00    0.0    0.015   0.000   24.9    56   15.5   25.1   10.18   1.1640     351     1    100.0   15 
25/09/22  11:30   17.1   17.3   17.0    68   11.2    4.8    OSO   1.21  12.9   OSO   17.1   16.8   16.8  1013.0   0.00    0.0    0.013   0.000   24.9    54   14.9   25.0    9.81   1.1648     351     1    100.0   15 
25/09/22  11:45   17.5   17.7   17.3    67   11.3    4.8      O   1.21  14.5   OSO   17.5   17.3   17.3  1013.0   0.00    0.0    0.009   0.000   25.0    53   14.8   25.1    9.65   1.1647     352     1    100.0   15 
25/09/22  12:00   17.9   18.1   17.7    63   10.7    4.8      O   1.21  12.9   OSO   17.9   17.6   17.6  1013.0   0.00    0.0    0.005   0.000   25.1    52   14.6   25.1    9.51   1.1645     351     1    100.0   15 
25/09/22  12:15   18.3   18.4   18.1    60   10.4    4.8    OSO   1.21  16.1     O   18.3   17.8   17.8  1012.9   0.00    0.0    0.001   0.000   25.2    51   14.3   25.2    9.35   1.1645     351     1    100.0   15 
25/09/22  12:30   18.7   18.9   18.3    59   10.5    3.2     NO   0.80   8.0   OSO   18.7   18.2   18.2  1013.0   0.00    0.0    0.000   0.003   25.2    51   14.3   25.2    9.35   1.1645     351     1    100.0   15 
25/09/22  12:45   19.3   19.4   18.9    58   10.8    3.2    OSO   0.80  11.3   OSO   19.3   18.9   18.9  1012.9   0.00    0.0    0.000   0.010   25.2    49   13.7   25.1    9.00   1.1651     351     1    100.0   15 
25/09/22  13:00   19.4   19.8   19.3    58   11.0    4.8    OSO   1.21  11.3   ONO   19.4   19.1   19.1  1012.8   0.00    0.0    0.000   0.012   25.2    49   13.7   25.1    9.00   1.1650     350     1    100.0   15 
25/09/22  13:15   19.9   20.0   19.8    58   11.4    3.2    OSO   0.80  11.3     O   19.9   19.6   19.6  1012.7   0.00    0.0    0.000   0.016   25.3    49   13.8   25.2    9.00   1.1642     350     1    100.0   15 
25/09/22  13:30   20.2   20.4   20.0    59   11.9    1.6    OSO   0.40   9.7   OSO   20.2   19.9   19.9  1012.6   0.00    0.0    0.000   0.020   25.4    50   14.2   25.3    9.20   1.1634     351     1    100.0   15 
25/09/22  13:45   19.9   20.1   19.8    58   11.4    1.6      O   0.40   9.7   OSO   19.9   19.7   19.7  1012.5   0.00    0.0    0.000   0.017   25.4    49   13.9   25.3    9.00   1.1636     351     1    100.0   15 
25/09/22  14:00   20.1   20.2   20.0    58   11.6    3.2     SE   0.80  11.3   ENE   20.1   19.8   19.8  1012.2   0.00    0.0    0.000   0.019   25.4    49   13.9   25.4    8.99   1.1630     351     1    100.0   15 
25/09/22  14:15   20.2   20.3   20.1    59   11.9    4.8    ENE   1.21  12.9   ENE   20.2   19.9   19.9  1012.2   0.00    0.0    0.000   0.019   25.6    48   13.7   25.4    8.89   1.1628     351     1    100.0   15 
25/09/22  14:30   20.2   20.2   20.1    59   11.9    3.2      E   0.80   9.7     E   20.2   19.9   19.9  1012.0   0.00    0.0    0.000   0.019   25.7    48   13.8   25.6    8.89   1.1620     351     1    100.0   15 
25/09/22  14:45   20.8   21.3   20.2    55   11.4    3.2      O   0.80   8.0   SSO   20.8   20.2   20.2  1011.9   0.00    0.0    0.000   0.025   25.8    49   14.3   25.8    8.98   1.1609     350     1    100.0   15 
25/09/22  15:00   21.5   21.7   21.3    54   11.8    1.6      O   0.40  11.3     O   21.5   20.8   20.8  1011.8   0.00    0.0    0.000   0.033   25.9    49   14.4   25.9    8.98   1.1602     352     1    100.0   15 
25/09/22  15:15   21.8   22.2   21.7    51   11.2    1.6    OSO   0.40   9.7   OSO   21.8   21.2   21.2  1011.8   0.00    0.0    0.000   0.036   25.9    49   14.4   25.9    8.98   1.1599     350     1    100.0   15 
25/09/22  15:30   22.0   22.2   21.9    52   11.7    3.2    OSO   0.80  12.9   OSO   22.0   21.5   21.5  1011.6   0.00    0.0    0.000   0.038   26.1    48   14.2   26.1    8.87   1.1595     349     1    100.0   15 
25/09/22  15:45   22.0   22.1   21.8    50   11.1    3.2      O   0.80  14.5    SO   22.0   21.4   21.4  1011.5   0.00    0.0    0.000   0.038   26.1    48   14.2   26.1    8.87   1.1595     350     1    100.0   15 
25/09/22  16:00   21.6   22.0   21.4    53   11.6    1.6    ONO   0.40   8.0     E   21.6   20.9   20.9  1011.3   0.00    0.0    0.000   0.034   26.1    47   13.9   26.0    8.67   1.1597     351     1    100.0   15 
25/09/22  16:15   22.1   22.4   21.6    49   10.9    1.6    OSO   0.40   6.4    SO   22.1   21.5   21.5  1011.1   0.00    0.0    0.000   0.039   26.1    48   14.2   26.1    8.87   1.1590     352     1    100.0   15 
25/09/22  16:30   21.8   22.4   21.3    53   11.8    4.8     SE   1.21  11.3   ESE   21.8   21.3   21.3  1011.0   0.00    0.0    0.000   0.036   26.1    47   13.9   26.1    8.67   1.1590     350     1    100.0   15 
25/09/22  16:45   21.2   21.4   21.2    55   11.8    4.8      E   1.21  12.9     E   21.2   20.6   20.6  1010.9   0.00    0.0    0.000   0.030   26.2    46   13.6   26.1    8.47   1.1590     351     1    100.0   15 
25/09/22  17:00   21.2   21.3   21.1    59   12.8    6.4    ENE   1.61  14.5    SE   21.2   20.7   20.7  1010.8   0.00    0.0    0.000   0.030   26.1    47   13.9   26.1    8.67   1.1588     351     1    100.0   15 
25/09/22  17:15   21.0   21.2   20.5    63   13.7    8.0    ESE   2.01  17.7   ESE   21.0   20.7   20.7  1010.8   0.00    0.0    0.000   0.028   26.1    47   13.9   26.1    8.67   1.1588     352     1    100.0   15 
25/09/22  17:30   20.3   20.5   20.2    65   13.5    9.7      E   2.41  17.7   ESE   20.3   20.3   20.3  1010.9   0.00    0.0    0.000   0.020   26.0    48   14.1   26.0    8.87   1.1590     351     1    100.0   15 
25/09/22  17:45   20.1   20.2   20.0    67   13.7    6.4    ESE   1.61  14.5   ESE   20.1   20.2   20.2  1010.9   0.00    0.0    0.000   0.018   25.9    49   14.4   25.9    8.98   1.1592     351     1    100.0   15 
25/09/22  18:00   19.7   20.0   19.4    69   13.8    4.8     SE   1.21  11.3   ESE   19.7   19.9   19.9  1011.0   0.00    0.0    0.000   0.014   25.8    50   14.6   25.8    9.18   1.1595     351     1    100.0   15 
25/09/22  18:15   19.4   19.4   19.3    69   13.6    4.8    ESE   1.21   8.0   ESE   19.4   19.6   19.6  1011.1   0.00    0.0    0.000   0.011   25.6    50   14.4   25.6    9.19   1.1604     351     1    100.0   15 
25/09/22  18:30   19.4   19.4   19.4    70   13.8    4.8     SE   1.21  11.3   ESE   19.4   19.6   19.6  1011.2   0.00    0.0    0.000   0.011   25.4    51   14.6   25.5    9.35   1.1610     350     1    100.0   15 
25/09/22  18:45   19.6   19.7   19.4    69   13.7    3.2    SSO   0.80   8.0   SSO   19.6   19.8   19.8  1011.1   0.00    0.0    0.000   0.013   25.3    51   14.4   25.3    9.35   1.1618     350     1    100.0   15 
25/09/22  19:00   19.6   19.7   19.6    69   13.8    1.6      S   0.40   8.0   SSO   19.6   19.8   19.8  1011.4   0.00    0.0    0.000   0.013   25.2    52   14.6   25.2    9.50   1.1623     349     1    100.0   15 
25/09/22  19:15   19.6   19.7   19.3    69   13.7    1.6      S   0.40   6.4   ESE   19.6   19.8   19.8  1011.6   0.00    0.0    0.000   0.013   25.0    52   14.5   25.0    9.51   1.1633     349     1    100.0   15 
25/09/22  19:30   18.9   19.3   18.7    71   13.6    3.2    SSE   0.80   6.4   ESE   18.9   19.1   19.1  1011.7   0.00    0.0    0.000   0.006   24.9    52   14.4   24.9    9.51   1.1637     352     1    100.0   15 
25/09/22  19:45   18.5   18.7   18.3    71   13.1    1.6    SSE   0.40   3.2   SSE   18.5   18.6   18.6  1011.7   0.00    0.0    0.000   0.002   24.9    52   14.4   24.9    9.51   1.1641     351     1    100.0   15 
25/09/22  20:00   18.2   18.3   18.1    72   13.1    0.0    SSE   0.00   3.2   SSE   18.2   18.3   18.3  1011.9   0.00    0.0    0.001   0.000   24.8    52   14.3   24.8    9.52   1.1646     351     1    100.0   15 
25/09/22  20:15   17.9   18.1   17.8    73   13.0    0.0    SSE   0.00   3.2   SSE   17.9   17.9   17.9  1012.1   0.00    0.0    0.004   0.000   24.8    52   14.3   24.8    9.52   1.1651     351     1    100.0   15 
25/09/22  20:30   17.8   17.8   17.7    74   13.1    0.0    SSE   0.00   3.2   SSE   17.8   17.8   17.8  1012.3   0.00    0.0    0.006   0.000   24.7    52   14.2   24.8    9.52   1.1656     352     1    100.0   15 
25/09/22  20:45   17.6   17.7   17.5    75   13.1    0.0    SSE   0.00   3.2   SSE   17.6   17.6   17.6  1012.4   0.00    0.0    0.008   0.000   24.6    52   14.1   24.7    9.52   1.1663     351     1    100.0   15 
25/09/22  21:00   17.4   17.5   17.4    75   13.0    0.0    SSE   0.00   1.6   SSE   17.4   17.4   17.4  1012.5   0.00    0.0    0.009   0.000   24.5    53   14.3   24.6    9.65   1.1666     351     1    100.0   15 
25/09/22  21:15   17.5   17.6   17.4    75   13.0    0.0    ---   0.00   0.0   ---   17.5   17.5   17.5  1012.7   0.00    0.0    0.009   0.000   24.4    53   14.2   24.6    9.65   1.1671     351     1    100.0   15 
25/09/22  21:30   17.6   17.6   17.5    74   12.9    0.0    ---   0.00   0.0   ---   17.6   17.6   17.6  1012.9   0.00    0.0    0.008   0.000   24.4    54   14.5   24.6    9.83   1.1672     352     1    100.0   15 
25/09/22  21:45   17.7   17.7   17.6    73   12.8    1.6      E   0.40   8.0     E   17.7   17.6   17.6  1012.9   0.00    0.0    0.007   0.000   24.3    54   14.4   24.5    9.83   1.1676     351     1    100.0   15 
25/09/22  22:00   17.8   17.8   17.7    74   13.1    1.6    ENE   0.40   4.8   ENE   17.8   17.8   17.8  1013.0   0.00    0.0    0.006   0.000   24.3    54   14.4   24.4    9.84   1.1679     351     1    100.0   15 
25/09/22  22:15   17.7   17.8   17.5    75   13.2    0.0      N   0.00   3.2     N   17.7   17.7   17.7  1013.0   0.00    0.0    0.007   0.000   24.2    55   14.6   24.4   10.03   1.1679     351     1    100.0   15 
25/09/22  22:30   17.4   17.5   17.3    76   13.1    0.0     NE   0.00   1.6     N   17.4   17.4   17.4  1013.1   0.00    0.0    0.010   0.000   24.2    55   14.6   24.4   10.03   1.1680     351     1    100.0   15 
25/09/22  22:45   17.3   17.3   17.3    76   13.1    0.0    ENE   0.00   4.8   ENE   17.3   17.3   17.3  1013.1   0.00    0.0    0.010   0.000   24.2    56   14.9   24.5   10.23   1.1677     351     1    100.0   15 
25/09/22  23:00   17.3   17.4   17.3    75   12.9    0.0    ENE   0.00   3.2   ENE   17.3   17.3   17.3  1013.0   0.00    0.0    0.010   0.000   24.3    56   14.9   24.5   10.22   1.1672     350     1    100.0   15 
25/09/22  23:15   17.4   17.4   17.3    74   12.7    1.6    ENE   0.40   4.8   ENE   17.4   17.3   17.3  1013.0   0.00    0.0    0.010   0.000   24.3    56   15.0   24.6   10.22   1.1669     351     1    100.0   15 
25/09/22  23:30   17.3   17.4   17.3    73   12.4    1.6    ENE   0.40   3.2   ENE   17.3   17.3   17.3  1013.1   0.00    0.0    0.010   0.000   24.4    56   15.0   24.6   10.21   1.1668     351     1    100.0   15 
25/09/22  23:45   17.3   17.4   17.3    74   12.7    0.0    ENE   0.00   3.2   ENE   17.3   17.3   17.3  1013.2   0.00    0.0    0.010   0.000   24.4    56   15.0   24.6   10.21   1.1669     351     1    100.0   15 
26/09/22  00:00   17.3   17.4   17.1    76   13.0    1.6    ENE   0.40   6.4    NE   17.3   17.3   17.3  1012.9   0.00    0.0    0.011   0.000   24.2    56   14.9   24.5   10.23   1.1674     350     1    100.0   15 
26/09/22   0:15   17.1   17.1   16.9    76   12.8    0.0     NE   0.00   4.8    NE   17.1   17.1   17.1  1013.2   0.00    0.0    0.013   0.000   24.1    57   15.0   24.4   10.34   1.1683     348     1    100.0   15 
26/09/22   0:30   16.8   16.9   16.7    78   12.9    0.0    NNE   0.00   3.2   NNE   16.8   16.8   16.8  1013.3   0.00    0.0    0.016   0.000   23.9    57   14.9   24.3   10.35   1.1690     351     1    100.0   15 
26/09/22   0:45   16.7   16.7   16.6    77   12.6    0.0    NNE   0.00   1.6   NNE   16.7   16.7   16.7  1013.3   0.00    0.0    0.017   0.000   23.8    57   14.7   24.1   10.36   1.1698     350     1    100.0   15 
26/09/22   1:00   16.7   16.7   16.6    77   12.6    0.0    NNE   0.00   1.6   NNE   16.7   16.7   16.7  1013.1   0.00    0.0    0.017   0.000   23.7    57   14.6   24.0   10.37   1.1701     351     1    100.0   15 
26/09/22   1:15   16.6   16.7   16.5    78   12.8    0.0    NNE   0.00   1.6   NNE   16.6   16.6   16.6  1012.9   0.00    0.0    0.018   0.000   23.6    57   14.5   23.8   10.37   1.1704     351     1    100.0   15 
26/09/22   1:30   16.4   16.5   16.4    78   12.6    0.0    NNE   0.00   1.6   NNE   16.4   16.4   16.4  1012.8   0.00    0.0    0.020   0.000   23.4    58   14.7   23.7   10.58   1.1706     351     1    100.0   15 
26/09/22   1:45   16.3   16.4   16.3    79   12.7    0.0    NNE   0.00   1.6   NNE   16.3   16.3   16.3  1012.7   0.00    0.0    0.021   0.000   23.3    58   14.6   23.6   10.59   1.1711     351     1    100.0   15 
26/09/22   2:00   16.2   16.3   16.1    79   12.5    0.0    NNE   0.00   3.2   NNE   16.2   16.2   16.2  1012.6   0.00    0.0    0.023   0.000   23.3    58   14.5   23.6   10.59   1.1712     351     1    100.0   15 
26/09/22   2:15   16.1   16.1   16.0    80   12.6    0.0    NNE   0.00   3.2   NNE   16.1   16.1   16.1  1012.5   0.00    0.0    0.024   0.000   23.2    58   14.4   23.4   10.60   1.1717     351     1    100.0   15 
26/09/22   2:30   15.9   16.0   15.7    80   12.4    0.0    NNE   0.00   1.6   NNE   15.9   15.9   15.9  1012.5   0.00    0.0    0.025   0.000   23.1    58   14.3   23.3   10.61   1.1722     351     1    100.0   15 
26/09/22   2:45   15.6   15.7   15.4    81   12.3    0.0    NNE   0.00   3.2   NNE   15.6   15.5   15.5  1012.4   0.00    0.0    0.029   0.000   22.9    59   14.5   23.2   10.82   1.1724     350     1    100.0   15 
26/09/22   3:00   15.4   15.4   15.4    81   12.2    0.0    NNE   0.00   3.2   NNE   15.4   15.4   15.4  1012.3   0.00    0.0    0.030   0.000   22.9    59   14.5   23.1   10.82   1.1725     351     1    100.0   15 
26/09/22   3:15   15.1   15.4   14.9    82   12.1    0.0    NNE   0.00   1.6   NNE   15.1   15.1   15.1  1012.2   0.00    0.0    0.034   0.000   22.8    59   14.3   22.9   10.83   1.1729     351     1    100.0   15 
26/09/22   3:30   14.9   15.0   14.9    82   11.9    0.0    NNO   0.00   4.8   NNO   14.9   14.9   14.9  1012.1   0.00    0.0    0.035   0.000   22.7    59   14.2   22.8   10.84   1.1734     351     1    100.0   15 
26/09/22   3:45   14.9   15.0   14.7    82   11.8    0.0    NNO   0.00   3.2   NNO   14.9   14.8   14.8  1012.0   0.00    0.0    0.036   0.000   22.6    59   14.1   22.6   10.85   1.1739     351     1    100.0   15 
26/09/22   4:00   14.4   14.7   14.3    84   11.8    1.6    NNO   0.40   3.2   NNO   14.4   14.4   14.4  1011.9   0.00    0.0    0.041   0.000   22.4    59   14.0   22.4   10.85   1.1743     351     1    100.0   15 
26/09/22   4:15   14.3   14.4   14.2    85   11.8    0.0    NNO   0.00   1.6   NNO   14.3   14.2   14.2  1011.8   0.00    0.0    0.042   0.000   22.4    59   14.0   22.4   10.86   1.1744     351     2    100.0   15 
26/09/22   4:30   14.2   14.4   14.1    85   11.7    1.6    NNO   0.40   4.8   NNO   14.2   14.2   14.2  1011.6   0.00    0.0    0.043   0.000   22.3    60   14.1   22.3   11.01   1.1745     351     1    100.0   15 
26/09/22   4:45   13.9   14.1   13.8    86   11.6    3.2     NO   0.80   6.4    NO   13.9   13.8   13.8  1011.4   0.00    0.0    0.046   0.000   22.2    60   14.0   22.1   11.01   1.1748     351     1    100.0   15 
26/09/22   5:00   13.9   13.9   13.8    86   11.6    0.0     NO   0.00   4.8    NO   13.9   13.8   13.8  1011.3   0.00    0.0    0.046   0.000   22.1    60   13.9   21.9   11.02   1.1753     351     1    100.0   15 
26/09/22   5:15   13.9   13.9   13.9    86   11.6    0.0     NO   0.00   1.6    NO   13.9   13.8   13.8  1011.2   0.00    0.0    0.046   0.000   22.0    60   13.9   21.8   11.02   1.1755     350     1    100.0   15 
26/09/22   5:30   14.0   14.0   13.9    86   11.7    0.0    SSE   0.00   6.4   SSE   14.0   13.9   13.9  1011.2   0.00    0.0    0.045   0.000   21.9    60   13.8   21.7   11.02   1.1760     351     1    100.0   15 
26/09/22   5:45   13.8   13.9   13.6    87   11.7    0.0    SSO   0.00   1.6   SSE   13.8   13.8   13.8  1011.1   0.00    0.0    0.047   0.000   21.8    60   13.7   21.6   11.02   1.1762     350     1    100.0   15 
26/09/22   6:00   13.3   13.6   13.2    88   11.4    0.0    OSO   0.00   3.2   SSO   13.3   13.3   13.3  1011.0   0.00    0.0    0.052   0.000   21.7    60   13.6   21.4   11.03   1.1766     351     1    100.0   15 
26/09/22   6:15   12.9   13.2   12.8    89   11.2    0.0    OSO   0.00   3.2   OSO   12.9   13.0   13.0  1011.1   0.00    0.0    0.056   0.000   21.6    61   13.8   21.4   11.21   1.1770     351     1    100.0   15 
26/09/22   6:30   12.8   12.9   12.8    89   11.1    1.6    ONO   0.40   6.4   OSO   12.8   12.9   12.9  1011.0   0.00    0.0    0.057   0.000   21.6    61   13.7   21.3   11.22   1.1772     351     1    100.0   15 
26/09/22   6:45   12.9   12.9   12.8    89   11.1    1.6    ONO   0.40   6.4   ONO   12.9   12.9   12.9  1011.1   0.00    0.0    0.057   0.000   21.4    61   13.6   21.2   11.23   1.1778     352     1    100.0   15 
26/09/22   7:00   12.9   12.9   12.8    88   10.9    1.6      O   0.40   9.7   OSO   12.9   12.9   12.9  1011.1   0.00    0.0    0.057   0.000   21.3    61   13.5   21.0   11.23   1.1785     351     1    100.0   15 
