                 Temp.  Temp.  Temp.  Hum.   Punt   Vel.   Dir.   Rec.  Vel.  Dir.  Sens.   Índ.   Índ.                  Int. Graus D.Graus D.  Temp.  Hum. Rosada  In.Cal.  EMC     Dens.    Mostr   Tx   Recep.  Int.
  Data    Hora    Ext.   Màx.   Mín.  Ext. Rosada   Vent   Vent   Vent  Màx.  Màx.  Tèrm.  Calor   THW    Bar    Pluja   Pluja  Calor    Fred    Int.  Int.   Int.   Int.    Int.  Int.Aire    Vent   Vent   ISS   Arc.
-------------------------------------------------------------------------------------------------------------------------------------------------------------------------------------------------------------------------
12/09/22   0:15   22.9   22.9   22.9    89   21.0    1.6    OSO   0.40   3.2   OSO   22.9   24.3   24.3  1014.0   0.00    0.0    0.000   0.048   28.5    66   21.5   31.1   11.88   1.1420     349     1    100.0   15 
12/09/22   0:30   22.9   22.9   22.9    90   21.2    0.0    OSO   0.00   1.6   OSO   22.9   24.3   24.3  1014.0   0.00    0.0    0.000   0.048   28.4    66   21.4   30.8   11.89   1.1427     350     1    100.0   15 
12/09/22   0:45   22.9   23.0   22.8    89   21.0    0.0    OSO   0.00   3.2   OSO   22.9   24.3   24.3  1014.0   0.00    0.0    0.000   0.048   28.3    66   21.4   30.7   11.89   1.1430     352     1    100.0   15 
12/09/22   1:00   22.8   22.8   22.8    90   21.1    0.0    OSO   0.00   1.6   OSO   22.8   24.2   24.2  1014.0   0.00    0.0    0.000   0.047   28.3    66   21.3   30.6   11.89   1.1432     351     1    100.0   15 
12/09/22   1:15   22.8   22.8   22.7    90   21.1    0.0    OSO   0.00   1.6   OSO   22.8   24.2   24.2  1014.0   0.00    0.0    0.000   0.046   28.3    66   21.3   30.6   11.89   1.1432     351     1    100.0   15 
12/09/22   1:30   22.7   22.7   22.7    90   20.9    0.0    OSO   0.00   3.2   OSO   22.7   24.0   24.0  1013.9   0.00    0.0    0.000   0.045   28.2    66   21.3   30.4   11.89   1.1434     350     1    100.0   15 
12/09/22   1:45   22.6   22.7   22.6    90   20.9    0.0    ---   0.00   0.0   ---   22.6   23.9   23.9  1013.6   0.00    0.0    0.000   0.045   28.2    66   21.2   30.4   11.90   1.1434     352     1    100.0   15 
12/09/22   2:00   22.6   22.6   22.5    90   20.8    0.0    ---   0.00   0.0   ---   22.6   23.9   23.9  1013.6   0.00    0.0    0.000   0.044   28.1    66   21.2   30.3   11.90   1.1437     351     1    100.0   15 
12/09/22   2:15   22.3   22.6   22.3    91   20.8    0.0    OSO   0.00   3.2   OSO   22.3   23.7   23.7  1013.6   0.00    0.0    0.000   0.042   28.1    66   21.2   30.3   11.90   1.1437     351     1    100.0   15 
12/09/22   2:30   22.3   22.3   22.3    91   20.7    0.0    OSO   0.00   1.6   OSO   22.3   23.6   23.6  1013.5   0.00    0.0    0.000   0.041   28.0    66   21.1   30.1   11.90   1.1442     351     1    100.0   15 
12/09/22   2:45   22.2   22.3   22.2    91   20.7    0.0    OSO   0.00   1.6   OSO   22.2   23.5   23.5  1013.0   0.00    0.0    0.000   0.041   27.9    67   21.2   30.1   12.10   1.1435     351     1    100.0   15 
12/09/22   3:00   22.2   22.2   22.0    91   20.6    0.0    OSO   0.00   3.2   OSO   22.2   23.4   23.4  1013.0   0.00    0.0    0.000   0.040   27.9    67   21.2   30.0   12.11   1.1438     350     1    100.0   15 
12/09/22   3:15   21.9   22.0   21.9    91   20.4    0.0    OSO   0.00   1.6   OSO   21.9   23.2   23.2  1012.9   0.00    0.0    0.000   0.038   27.8    67   21.1   29.9   12.11   1.1440     347     1    100.0   15 
12/09/22   3:30   21.9   21.9   21.8    91   20.4    0.0    OSO   0.00   3.2   OSO   21.9   23.2   23.2  1012.9   0.00    0.0    0.000   0.037   27.8    66   20.8   29.7   11.91   1.1447     351     1    100.0   15 
12/09/22   3:45   21.7   21.8   21.7    91   20.2    0.0    OSO   0.00   3.2   OSO   21.7   23.0   23.0  1012.7   0.00    0.0    0.000   0.035   27.7    66   20.8   29.6   11.91   1.1448     351     1    100.0   15 
12/09/22   4:00   21.7   21.7   21.6    91   20.1    0.0    OSO   0.00   3.2   OSO   21.7   22.9   22.9  1012.8   0.00    0.0    0.000   0.035   27.7    66   20.8   29.6   11.91   1.1450     352     1    100.0   15 
12/09/22   4:15   21.4   21.6   21.3    92   20.1    0.0    OSO   0.00   3.2   OSO   21.4   22.7   22.7  1012.6   0.00    0.0    0.000   0.032   27.7    66   20.7   29.5   11.91   1.1450     350     1    100.0   15 
12/09/22   4:30   21.4   21.4   21.3    92   20.0    0.0     NO   0.00   4.8     O   21.4   22.7   22.7  1012.4   0.00    0.0    0.000   0.032   27.6    66   20.7   29.4   11.92   1.1451     350     1    100.0   15 
12/09/22   4:45   21.4   21.5   21.4    92   20.1    0.0     NO   0.00   3.2    NO   21.4   22.7   22.7  1012.4   0.00    0.0    0.000   0.032   27.6    66   20.6   29.3   11.92   1.1453     350     1    100.0   15 
12/09/22   5:00   21.6   21.7   21.4    92   20.2    0.0     NO   0.00   3.2    NO   21.6   22.9   22.9  1012.2   0.00    0.0    0.000   0.034   27.5    66   20.6   29.2   11.92   1.1455     352     1    100.0   15 
12/09/22   5:15   21.4   21.7   21.3    92   20.1    0.0     NO   0.00   3.2    NO   21.4   22.7   22.7  1012.3   0.00    0.0    0.000   0.032   27.4    66   20.5   29.1   11.92   1.1459     351     1    100.0   15 
12/09/22   5:30   21.2   21.3   21.1    92   19.9    0.0     NO   0.00   1.6    NO   21.2   22.4   22.4  1012.5   0.00    0.0    0.000   0.030   27.4    66   20.5   29.0   11.92   1.1464     351     1    100.0   15 
12/09/22   5:45   21.2   21.2   21.1    92   19.8    0.0     NO   0.00   3.2    NO   21.2   22.4   22.4  1012.4   0.00    0.0    0.000   0.030   27.3    66   20.4   28.8   11.93   1.1469     350     1    100.0   15 
12/09/22   6:00   20.9   21.1   20.8    92   19.6    1.6     NO   0.40   4.8    NO   20.9   22.2   22.2  1012.4   0.00    0.0    0.000   0.027   27.2    66   20.3   28.7   11.93   1.1471     351     1    100.0   15 
12/09/22   6:15   20.8   20.8   20.7    92   19.4    1.6    ONO   0.40   8.0     O   20.8   22.0   22.0  1012.4   0.00    0.0    0.000   0.025   27.2    66   20.3   28.6   11.93   1.1474     352     1    100.0   15 
12/09/22   6:30   20.9   21.0   20.8    92   19.6    1.6    ONO   0.40   4.8   NNO   20.9   22.2   22.2  1012.3   0.00    0.0    0.000   0.027   27.1    66   20.2   28.6   11.93   1.1477     350     1    100.0   15 
12/09/22   6:45   21.2   21.3   21.0    91   19.6    1.6    ONO   0.40   3.2   ONO   21.2   22.3   22.3  1012.2   0.00    0.0    0.000   0.030   27.1    66   20.2   28.4   11.94   1.1478     350     1    100.0   15 
12/09/22   7:00   21.3   21.4   21.3    90   19.6    0.0    ---   0.00   0.0   ---   21.3   22.5   22.5  1012.2   0.00    0.0    0.000   0.031   27.0    66   20.1   28.4   11.94   1.1481     351     1    100.0   15 
12/09/22   7:15   21.0   21.2   20.8    91   19.5    1.6    ONO   0.40   8.0     E   21.0   22.2   22.2  1012.2   0.00    0.0    0.000   0.028   27.0    66   20.1   28.4   11.94   1.1481     352     1    100.0   15 
12/09/22   7:30   20.7   20.8   20.5    92   19.3    1.6    ENE   0.40   4.8   ENE   20.7   21.8   21.8  1012.2   0.00    0.0    0.000   0.024   26.9    66   20.0   28.2   11.94   1.1488     350     1    100.0   15 
12/09/22   7:45   20.3   20.5   20.2    93   19.2    1.6    ENE   0.40   4.8   ENE   20.3   21.4   21.4  1012.3   0.00    0.0    0.000   0.021   26.8    66   19.9   28.1   11.94   1.1492     351     1    100.0   15 
12/09/22   8:00   20.3   20.3   20.2    94   19.3    1.6    ENE   0.40   4.8   ENE   20.3   21.4   21.4  1012.3   0.00    0.0    0.000   0.020   26.8    67   20.1   28.1   12.15   1.1491     351     1    100.0   15 
12/09/22   8:15   20.3   20.3   20.2    94   19.3    1.6    ENE   0.40   4.8   ENE   20.3   21.4   21.4  1012.3   0.00    0.0    0.000   0.020   26.7    67   20.1   28.0   12.15   1.1493     352     1    100.0   15 
12/09/22   8:30   20.3   20.4   20.3    95   19.5    1.6    ENE   0.40   4.8   ENE   20.3   21.5   21.5  1012.3   0.00    0.0    0.000   0.021   26.7    67   20.1   28.0   12.15   1.1494     351     1    100.0   15 
12/09/22   8:45   20.6   20.8   20.4    95   19.8    1.6    ENE   0.40   3.2   ENE   20.6   21.9   21.9  1012.4   0.00    0.0    0.000   0.024   26.8    67   20.2   28.2   12.14   1.1489     350     1    100.0   15 
12/09/22   9:00   21.1   21.3   20.8    94   20.1    0.0    ENE   0.00   3.2   ENE   21.1   22.4   22.4  1012.6   0.00    0.0    0.000   0.028   27.0    66   20.1   28.4   11.94   1.1486     351     1    100.0   15 
12/09/22   9:15   21.4   21.6   21.3    93   20.2    0.0    ENE   0.00   3.2   ENE   21.4   22.7   22.7  1012.6   0.00    0.0    0.000   0.032   27.2    66   20.3   28.6   11.93   1.1477     350     1    100.0   15 
12/09/22   9:30   21.8   22.1   21.6    92   20.4    0.0    ONO   0.00   3.2   OSO   21.8   23.1   23.1  1012.7   0.00    0.0    0.000   0.036   27.3    66   20.4   28.9   11.93   1.1469     351     1    100.0   15 
12/09/22   9:45   22.5   23.0   22.1    89   20.6    0.0      S   0.00   4.8     S   22.5   23.8   23.8  1012.7   0.00    0.0    0.000   0.043   27.4    66   20.5   29.1   11.92   1.1463     351     1    100.0   15 
12/09/22  10:00   23.2   23.3   23.0    86   20.7    1.6      S   0.40   4.8    SE   23.2   24.4   24.4  1012.8   0.00    0.0    0.000   0.050   27.6    66   20.6   29.3   11.92   1.1458     351     1    100.0   15 
12/09/22  10:15   22.7   23.0   22.5    87   20.4    1.6    SSE   0.40   6.4   SSE   22.7   23.9   23.9  1012.9   0.00    0.0    0.000   0.046   27.4    66   20.5   29.1   11.92   1.1465     350     1    100.0   15 
12/09/22  10:30   23.0   23.8   22.5    87   20.7    0.0    SSE   0.00   3.2   SSE   23.0   24.3   24.3  1013.0   0.00    0.0    0.000   0.049   27.4    66   20.5   29.0   11.92   1.1469     352     1    100.0   15 
12/09/22  10:45   24.2   24.4   23.8    82   21.0    3.2    ENE   0.80   8.0     E   24.2   25.8   25.8  1012.9   0.00    0.0    0.000   0.061   27.6    66   20.7   29.4   11.92   1.1456     350     1    100.0   15 
12/09/22  11:00   24.4   24.9   24.2    83   21.3    3.2      E   0.80   8.0     E   24.4   26.1   26.1  1012.9   0.00    0.0    0.000   0.063   27.9    66   20.9   29.9   11.91   1.1441     351     1    100.0   15 
12/09/22  11:15   25.5   26.2   24.9    80   21.8    1.6    ESE   0.40   8.0     E   25.5   27.4   27.4  1013.0   0.00    0.0    0.000   0.075   28.2    66   21.2   30.4   11.90   1.1427     349     1    100.0   15 
12/09/22  11:30   26.4   26.5   26.2    78   22.2    3.2      S   0.80   9.7     E   26.4   28.5   28.5  1013.0   0.00    0.0    0.000   0.084   28.5    66   21.5   31.1   11.88   1.1409     352     1    100.0   15 
12/09/22  11:45   26.8   27.0   26.5    76   22.2    4.8      O   1.21  14.5   SSO   26.8   28.9   28.9  1012.8   0.00    0.0    0.000   0.088   28.8    66   21.8   31.8   11.87   1.1388     350     1    100.0   15 
12/09/22  12:00   27.4   27.8   27.0    73   22.2    4.8      S   1.21  16.1     S   27.4   29.9   29.9  1012.7   0.00    0.0    0.000   0.095   29.2    65   21.9   32.3   11.66   1.1374     351     1    100.0   15 
12/09/22  12:15   27.9   28.3   27.8    71   22.2    4.8    OSO   1.21  12.9   ESE   27.9   30.7   30.7  1012.7   0.00    0.0    0.000   0.100   29.5    64   22.0   32.8   11.45   1.1360     351     1    100.0   15 
12/09/22  12:30   28.4   28.6   28.2    69   22.2    4.8      O   1.21  11.3     S   28.4   31.3   31.3  1012.5   0.00    0.0    0.000   0.105   29.7    64   22.2   33.3   11.43   1.1345     351     1    100.0   15 
12/09/22  12:45   28.8   29.1   28.6    68   22.3    3.2      O   0.80   8.0   SSO   28.8   32.1   32.1  1012.5   0.00    0.0    0.000   0.109   29.9    63   22.1   33.4   11.23   1.1341     352     1    100.0   15 
12/09/22  13:00   29.1   29.3   29.0    66   22.1    3.2    SSE   0.80  11.3   SSE   29.1   32.4   32.4  1012.1   0.00    0.0    0.000   0.112   30.1    62   22.0   33.7   11.03   1.1329     351     1    100.0   15 
12/09/22  13:15   29.4   29.8   29.2    65   22.2    4.8    SSE   1.21  14.5   ESE   29.4   32.8   32.8  1011.9   0.00    0.0    0.000   0.116   30.3    61   21.9   33.8   10.89   1.1322     350     1    100.0   15 
12/09/22  13:30   29.9   30.3   29.8    62   21.9    4.8    SSO   1.21  12.9     S   29.9   33.3   33.3  1011.9   0.00    0.0    0.000   0.121   30.6    60   21.9   34.2   10.67   1.1312     351     1    100.0   15 
12/09/22  13:45   30.6   30.8   30.3    60   22.0    3.2      O   0.80   8.0    SO   30.6   34.3   34.3  1011.6   0.00    0.0    0.000   0.128   30.7    60   22.1   34.4   10.66   1.1300     352     1    100.0   15 
12/09/22  14:00   30.8   30.8   30.6    58   21.6    4.8      S   1.21  11.3   ESE   30.8   34.1   34.1  1011.5   0.00    0.0    0.000   0.130   30.8    59   21.9   34.4   10.50   1.1297     350     1    100.0   15 
12/09/22  14:15   31.1   31.3   30.8    56   21.2    4.8      S   1.21  12.9   ESE   31.1   34.1   34.1  1011.4   0.00    0.0    0.000   0.133   31.1    58   21.8   34.5   10.29   1.1289     350     1    100.0   15 
12/09/22  14:30   31.2   31.3   31.1    56   21.3    6.4      E   1.61  17.7     E   31.2   34.3   34.3  1011.1   0.00    0.0    0.000   0.134   31.3    57   21.8   34.9   10.11   1.1277     351     1    100.0   15 
12/09/22  14:45   31.4   31.7   31.2    57   21.8    6.4      E   1.61  16.1   ESE   31.4   35.0   35.0  1011.0   0.00    0.0    0.000   0.136   31.4    56   21.6   34.9    9.98   1.1274     350     1    100.0   15 
12/09/22  15:00   31.7   31.9   31.3    62   23.5    8.0    ESE   2.01  16.1   ESE   31.7   36.8   36.8  1011.0   0.00    0.0    0.000   0.139   31.7    57   22.1   35.7   10.09   1.1257     351     2    100.0   15 
12/09/22  15:15   31.3   31.7   31.1    57   21.8    6.4    ESE   1.61  17.7     E   31.3   34.9   34.9  1010.9   0.00    0.0    0.000   0.135   31.9    57   22.3   36.1   10.07   1.1244     351     1    100.0   15 
12/09/22  15:30   31.6   31.8   31.2    59   22.6    8.0      S   2.01  17.7     S   31.6   35.9   35.9  1010.8   0.00    0.0    0.000   0.138   32.1    56   22.2   36.4    9.95   1.1236     351     1    100.0   15 
12/09/22  15:45   31.2   31.4   31.1    58   22.0    8.0    SSO   2.01  17.7   SSO   31.2   34.8   34.8  1010.7   0.00    0.0    0.000   0.134   32.2    56   22.3   36.5    9.95   1.1232     351     1    100.0   15 
12/09/22  16:00   31.6   31.8   31.4    56   21.7    6.4      S   1.61  16.1     S   31.6   35.2   35.2  1010.5   0.00    0.0    0.000   0.138   32.3    55   22.1   36.6    9.74   1.1226     350     1    100.0   15 
12/09/22  16:15   31.6   31.8   31.3    54   21.1    8.0      S   2.01  17.7   SSE   31.6   34.8   34.8  1010.6   0.00    0.0    0.000   0.138   32.4    53   21.6   36.3    9.43   1.1233     351     1    100.0   15 
12/09/22  16:30   31.1   31.3   30.8    57   21.6    8.0      S   2.01  22.5     S   31.1   34.3   34.3  1010.6   0.00    0.0    0.000   0.133   32.4    53   21.6   36.3    9.43   1.1233     350     1    100.0   15 
12/09/22  16:45   30.6   30.8   30.5    61   22.2    8.0      S   2.01  20.9     S   30.6   34.5   34.5  1010.6   0.00    0.0    0.000   0.128   32.4    54   21.9   36.6    9.63   1.1227     351     1    100.0   15 
12/09/22  17:00   30.8   30.9   30.6    60   22.1    6.4    SSO   1.61  16.1     S   30.8   34.5   34.5  1010.5   0.00    0.0    0.000   0.130   32.5    55   22.3   37.0    9.73   1.1217     352     1    100.0   15 
12/09/22  17:15   30.7   30.9   30.6    59   21.7    6.4    SSO   1.61  19.3   SSE   30.7   34.2   34.2  1010.4   0.00    0.0    0.000   0.128   32.6    54   22.1   36.9    9.62   1.1216     350     1    100.0   15 
12/09/22  17:30   30.4   30.7   30.2    61   22.1    4.8     SO   1.21  12.9    SO   30.4   34.2   34.2  1010.4   0.00    0.0    0.000   0.126   32.6    54   22.0   36.8    9.63   1.1218     351     1    100.0   15 
12/09/22  17:45   30.0   30.2   29.7    64   22.4    6.4      S   1.61  16.1    SO   30.0   33.9   33.9  1010.3   0.00    0.0    0.000   0.122   32.4    54   21.9   36.6    9.63   1.1223     350     1    100.0   15 
12/09/22  18:00   29.9   30.0   29.8    61   21.6    4.8      S   1.21  14.5   SSE   29.9   33.2   33.2  1010.3   0.00    0.0    0.000   0.121   32.4    54   21.9   36.4    9.64   1.1226     352     1    100.0   15 
12/09/22  18:15   29.5   29.8   29.4    58   20.4    6.4    SSO   1.61  16.1     S   29.5   31.7   31.7  1010.3   0.00    0.0    0.000   0.116   32.3    52   21.2   35.7    9.35   1.1243     349     1    100.0   15 
12/09/22  18:30   29.2   29.4   29.0    56   19.5    6.4      S   1.61  12.9     S   29.2   30.9   30.9  1010.2   0.00    0.0    0.000   0.113   32.1    50   20.4   34.9    9.05   1.1262     351     1    100.0   15 
12/09/22  18:45   29.2   29.5   29.0    55   19.3    3.2    SSO   0.80  11.3    SO   29.2   30.8   30.8  1010.2   0.00    0.0    0.000   0.113   32.0    51   20.6   35.0    9.16   1.1262     351     1    100.0   15 
12/09/22  19:00   29.4   29.5   29.3    56   19.7    1.6      S   0.40   9.7    SE   29.4   31.2   31.2  1010.1   0.00    0.0    0.000   0.116   31.9    51   20.5   34.8    9.16   1.1267     351     1    100.0   15 
12/09/22  19:15   29.0   29.3   28.8    56   19.3    1.6    SSO   0.40   8.0     S   29.0   30.6   30.6  1010.0   0.00    0.0    0.000   0.111   31.8    51   20.4   34.6    9.17   1.1271     352     1    100.0   15 
12/09/22  19:30   28.7   28.8   28.6    56   19.0    1.6      S   0.40   6.4   SSO   28.7   30.1   30.1  1009.8   0.00    0.0    0.000   0.108   31.6    50   19.9   34.2    9.05   1.1283     351     1    100.0   15 
12/09/22  19:45   28.5   28.6   28.4    58   19.4    1.6     SO   0.40   6.4   SSO   28.5   29.9   29.9  1009.9   0.00    0.0    0.000   0.106   31.6    51   20.2   34.2    9.17   1.1282     351     1    100.0   15 
12/09/22  20:00   28.2   28.3   27.9    60   19.7    0.0      S   0.00   3.2     S   28.2   29.6   29.6  1009.8   0.00    0.0    0.000   0.102   31.4    52   20.3   34.0    9.35   1.1284     350     1    100.0   15 
12/09/22  20:15   27.6   27.9   27.3    61   19.4    0.0    SSO   0.00   4.8   SSO   27.6   28.8   28.8  1009.8   0.00    0.0    0.000   0.096   31.3    51   19.9   33.6    9.18   1.1295     351     1    100.0   15 
12/09/22  20:30   27.2   27.3   27.1    71   21.5    1.6      S   0.40   6.4    NE   27.2   29.2   29.2  1010.0   0.00    0.0    0.000   0.093   31.2    53   20.5   33.7    9.49   1.1293     351     1    100.0   15 
12/09/22  20:45   26.4   27.1   26.0    81   22.9    4.8    ENE   1.21  12.9   ENE   26.4   28.9   28.9  1010.5   0.00    0.0    0.000   0.084   31.1    58   21.8   34.5   10.29   1.1279     351     1    100.0   15 
12/09/22  21:00   25.7   26.0   25.4    84   22.8    4.8    ENE   1.21   9.7     E   25.7   27.9   27.9  1010.9   0.00    0.0    0.000   0.076   30.9    61   22.5   34.9   10.84   1.1275     351     1    100.0   15 
12/09/22  21:15   25.2   25.4   25.1    86   22.7    4.8    ENE   1.21  11.3   ENE   25.2   27.4   27.4  1011.3   0.00    0.0    0.000   0.072   30.8    62   22.7   34.9   11.00   1.1283     351     1    100.0   15 
12/09/22  21:30   24.9   25.1   24.8    87   22.6    3.2    ENE   0.80   9.7     E   24.9   27.0   27.0  1011.6   0.00    0.0    0.000   0.069   30.6    63   22.8   34.9   11.21   1.1291     352     1    100.0   15 
12/09/22  21:45   24.8   24.9   24.8    88   22.7    3.2    ENE   0.80   8.0   ENE   24.8   26.9   26.9  1011.6   0.00    0.0    0.000   0.068   30.5    63   22.7   34.8   11.21   1.1296     350     1    100.0   15 
12/09/22  22:00   24.7   24.8   24.7    88   22.6    0.0    ENE   0.00   4.8   ENE   24.7   26.7   26.7  1011.6   0.00    0.0    0.000   0.067   30.4    63   22.6   34.7   11.21   1.1300     349     1    100.0   15 
12/09/22  22:15   24.5   24.7   24.4    89   22.6    1.6    NNO   0.40   4.8   NNO   24.5   26.4   26.4  1011.7   0.00    0.0    0.000   0.064   30.4    63   22.6   34.7   11.21   1.1301     351     1    100.0   15 
12/09/22  22:30   24.4   24.4   24.4    89   22.5    0.0    NNO   0.00   3.2   NNO   24.4   26.3   26.3  1011.7   0.00    0.0    0.000   0.063   30.4    64   22.9   34.9   11.38   1.1295     352     1    100.0   15 
12/09/22  22:45   24.4   24.4   24.4    89   22.5    0.0    NNO   0.00   1.6   NNO   24.4   26.3   26.3  1011.8   0.00    0.0    0.000   0.063   30.3    64   22.8   34.6   11.39   1.1303     349     1    100.0   15 
12/09/22  23:00   24.4   24.4   24.4    89   22.5    0.0    NNO   0.00   1.6   NNO   24.4   26.3   26.3  1011.7   0.00    0.0    0.000   0.063   30.2    64   22.7   34.4   11.39   1.1308     351     1    100.0   15 
12/09/22  23:15   24.4   24.4   24.3    89   22.5    1.6    ENE   0.40   4.8    NE   24.4   26.3   26.3  1011.6   0.00    0.0    0.000   0.063   30.1    65   22.8   34.3   11.60   1.1308     351     1    100.0   15 
12/09/22  23:30   24.2   24.3   24.0    89   22.2    1.6     NO   0.40   4.8    NO   24.2   26.1   26.1  1012.4   0.00    0.0    0.000   0.061   30.1    65   22.8   34.2   11.61   1.1320     352     1    100.0   15 
12/09/22  23:45   24.0   24.0   23.9    90   22.3    1.6    ONO   0.40   9.7   NNO   24.0   25.9   25.9  1011.9   0.00    0.0    0.000   0.059   29.9    65   22.6   34.0   11.61   1.1321     350     1    100.0   15 
13/09/22  00:00   23.8   23.9   23.7    90   22.1    0.0    ONO   0.00   4.8   ONO   23.8   25.7   25.7  1012.1   0.00    0.0    0.000   0.057   29.8    65   22.5   33.7   11.62   1.1330     351     1    100.0   15 
13/09/22   0:15   23.7   23.8   23.7    90   22.0    0.0    ONO   0.00   1.6   ONO   23.7   25.4   25.4  1011.8   0.00    0.0    0.000   0.056   29.7    65   22.4   33.5   11.63   1.1332     349     1    100.0   15 
13/09/22   0:30   23.7   23.8   23.7    90   22.0    1.6    NNE   0.40   3.2   ONO   23.7   25.4   25.4  1011.9   0.00    0.0    0.000   0.056   29.7    66   22.6   33.6   11.83   1.1331     351     1    100.0   15 
13/09/22   0:45   23.8   23.9   23.8    90   22.1    1.6    NNE   0.40   4.8   NNE   23.8   25.7   25.7  1011.7   0.00    0.0    0.000   0.057   29.6    66   22.5   33.3   11.84   1.1335     351     1    100.0   15 
13/09/22   1:00   24.1   24.1   24.0    89   22.1    3.2    ENE   0.80   8.0     E   24.1   25.9   25.9  1011.4   0.00    0.0    0.000   0.060   29.5    66   22.5   33.2   11.85   1.1336     352     1    100.0   15 
13/09/22   1:15   24.0   24.1   23.9    90   22.3    3.2     NE   0.80   6.4   ENE   24.0   25.9   25.9  1011.5   0.00    0.0    0.000   0.059   29.4    66   22.4   33.1   11.85   1.1339     350     1    100.0   15 
13/09/22   1:30   23.9   23.9   23.8    90   22.1    1.6     NE   0.40   3.2    NE   23.9   25.8   25.8  1011.0   0.00    0.0    0.000   0.058   29.4    67   22.6   33.1   12.05   1.1332     351     1    100.0   15 
13/09/22   1:45   23.8   23.8   23.7    91   22.2    1.6     NE   0.40   4.8    NE   23.8   25.6   25.6  1010.8   0.00    0.0    0.000   0.057   29.3    67   22.6   33.0   12.05   1.1332     350     1    100.0   15 
13/09/22   2:00   23.7   23.7   23.6    91   22.1    3.2     NE   0.80   8.0   ENE   23.7   25.4   25.4  1010.3   0.00    0.0    0.000   0.056   29.3    67   22.5   32.9   12.06   1.1330     352     1    100.0   15 
13/09/22   2:15   23.6   23.7   23.6    92   22.2    3.2    ENE   0.80   8.0     E   23.6   25.3   25.3  1010.3   0.00    0.0    0.000   0.055   29.2    67   22.5   32.8   12.06   1.1333     351     1    100.0   15 
13/09/22   2:30   23.6   23.6   23.6    91   22.0    0.0    ENE   0.00   3.2   ENE   23.6   25.2   25.2  1010.4   0.00    0.0    0.000   0.054   29.2    67   22.4   32.7   12.06   1.1338     351     1    100.0   15 
13/09/22   2:45   23.6   23.6   23.4    91   22.0    0.0    ENE   0.00   3.2   ENE   23.6   25.2   25.2  1010.4   0.00    0.0    0.000   0.054   29.1    67   22.4   32.6   12.06   1.1340     351     1    100.0   15 
13/09/22   3:00   23.2   23.4   23.1    92   21.8    1.6     NO   0.40   4.8    NO   23.2   24.7   24.7  1010.2   0.00    0.0    0.000   0.051   29.1    67   22.3   32.5   12.06   1.1341     351     1    100.0   15 
13/09/22   3:15   23.1   23.1   22.9    92   21.7    1.6     NO   0.40   4.8    NO   23.1   24.5   24.5  1010.5   0.00    0.0    0.000   0.049   29.0    67   22.2   32.4   12.07   1.1348     351     1    100.0   15 
13/09/22   3:30   22.9   22.9   22.7    92   21.5    1.6     NO   0.40   8.0    NO   22.9   24.3   24.3  1010.1   0.00    0.0    0.000   0.047   28.9    67   22.2   32.3   12.07   1.1346     351     1    100.0   15 
13/09/22   3:45   22.2   22.7   22.1    91   20.7    1.6     NO   0.40   8.0    NO   22.2   23.5   23.5  1010.0   0.00    0.0    0.000   0.041   28.8    65   21.6   31.7   11.67   1.1360     350     1    100.0   15 
13/09/22   4:00   21.9   22.1   21.9    91   20.4    3.2     NO   0.80   6.4    NO   21.9   23.2   23.2  1009.8   0.00    0.0    0.000   0.038   28.7    64   21.2   31.2   11.48   1.1369     351     1    100.0   15 
13/09/22   4:15   21.9   21.9   21.9    90   20.2    1.6     NO   0.40   6.4    NO   21.9   23.1   23.1  1009.6   0.00    0.0    0.000   0.037   28.6    64   21.1   30.9   11.48   1.1375     351     1    100.0   15 
13/09/22   4:30   21.9   22.1   21.9    89   20.0    1.6     NE   0.40   4.8   ENE   21.9   23.1   23.1  1009.3   0.00    0.0    0.000   0.038   28.4    64   21.0   30.6   11.49   1.1378     350     1    100.0   15 
13/09/22   4:45   22.2   22.4   22.1    86   19.8    1.6     NE   0.40   4.8   NNE   22.2   23.3   23.3  1009.5   0.00    0.0    0.000   0.041   28.4    63   20.7   30.3   11.29   1.1388     351     1    100.0   15 
13/09/22   5:00   22.4   22.5   22.3    85   19.8    3.2    ENE   0.80   6.4    NE   22.4   23.5   23.5  1009.5   0.00    0.0    0.000   0.043   28.3    63   20.6   30.2   11.29   1.1390     351     1    100.0   15 
13/09/22   5:15   22.6   22.7   22.4    83   19.5    3.2     NE   0.80  11.3   ENE   22.6   23.6   23.6  1009.4   0.00    0.0    0.000   0.044   28.3    62   20.3   30.0   11.09   1.1397     351     1    100.0   15 
13/09/22   5:30   22.7   22.7   22.6    83   19.6    3.2    ENE   0.80   8.0   ENE   22.7   23.7   23.7  1009.6   0.00    0.0    0.000   0.045   28.2    62   20.2   29.9   11.09   1.1402     351     1    100.0   15 
13/09/22   5:45   22.7   22.7   22.7    83   19.6    1.6     NE   0.40   8.0    NE   22.7   23.7   23.7  1009.6   0.00    0.0    0.000   0.045   28.2    62   20.2   29.8   11.10   1.1405     350     1    100.0   15 
13/09/22   6:00   22.6   22.7   22.6    84   19.8    1.6    ENE   0.40   6.4    NE   22.6   23.7   23.7  1009.8   0.00    0.0    0.000   0.045   28.1    62   20.1   29.7   11.10   1.1410     351     1    100.0   15 
13/09/22   6:15   22.7   22.8   22.7    85   20.1    3.2     NE   0.80   6.4   ENE   22.7   23.9   23.9  1009.9   0.00    0.0    0.000   0.046   28.1    63   20.4   29.8   11.30   1.1410     352     1    100.0   15 
13/09/22   6:30   22.7   22.8   22.5    84   19.9    1.6     NE   0.40   6.4    NE   22.7   23.8   23.8  1009.8   0.00    0.0    0.000   0.046   28.1    63   20.4   29.8   11.30   1.1409     351     1    100.0   15 
13/09/22   6:45   22.3   22.5   22.2    85   19.6    0.0     NO   0.00   3.2    NO   22.3   23.3   23.3  1009.8   0.00    0.0    0.000   0.041   27.9    63   20.2   29.6   11.30   1.1416     351     1    100.0   15 
13/09/22   7:00   22.2   22.2   22.2    84   19.4    0.0     NO   0.00   3.2    NO   22.2   23.2   23.2  1009.9   0.00    0.0    0.000   0.041   27.8    63   20.1   29.4   11.31   1.1422     351     1    100.0   15 
