                 Temp.  Temp.  Temp.  Hum.   Punt   Vel.   Dir.   Rec.  Vel.  Dir.  Sens.   Índ.   Índ.                  Int. Graus D.Graus D.  Temp.  Hum. Rosada  In.Cal.  EMC     Dens.    Mostr   Tx   Recep.  Int.
  Data    Hora    Ext.   Màx.   Mín.  Ext. Rosada   Vent   Vent   Vent  Màx.  Màx.  Tèrm.  Calor   THW    Bar    Pluja   Pluja  Calor    Fred    Int.  Int.   Int.   Int.    Int.  Int.Aire    Vent   Vent   ISS   Arc.
-------------------------------------------------------------------------------------------------------------------------------------------------------------------------------------------------------------------------
27/08/25   0:15   24.1   24.1   23.9    78   20.0    3.2    ENE   0.80  12.9   ENE   24.1   25.4   25.4  1010.2   0.00    0.0    0.000   0.060   28.4    59   19.6   29.8   10.55   1.1413     348     1    100.0   15 
27/08/25   0:30   23.9   24.1   23.7    81   20.4    6.4    ENE   1.61  16.1   ENE   23.9   25.3   25.3  1009.6   0.00    0.0    0.000   0.058   28.4    59   19.6   29.8   10.55   1.1407     351     1    100.0   15 
27/08/25   0:45   23.5   23.7   23.3    83   20.4    3.2    ESE   0.80  16.1   ENE   23.5   24.8   24.8  1009.6   0.00    0.0    0.000   0.054   28.4    60   19.9   29.9   10.75   1.1403     351     1    100.0   15 
27/08/25   1:00   23.2   23.3   23.2    83   20.2    4.8    ENE   1.21  11.3   ENE   23.2   24.4   24.4  1009.9   0.00    0.0    0.000   0.051   28.3    60   19.8   29.8   10.75   1.1409     351     1    100.0   15 
27/08/25   1:15   23.2   23.3   23.1    81   19.8    1.6     NO   0.40   9.7    NO   23.2   24.3   24.3  1010.4   0.00    0.0    0.000   0.051   28.3    60   19.8   29.8   10.75   1.1414     352     1    100.0   15 
27/08/25   1:30   23.1   23.3   23.1    79   19.3    1.6    ENE   0.40   9.7     E   23.1   24.2   24.2  1009.7   0.00    0.0    0.000   0.050   28.3    60   19.8   29.8   10.75   1.1406     351     1    100.0   15 
27/08/25   1:45   23.4   23.5   23.3    77   19.1    3.2      E   0.80  11.3   ENE   23.4   24.5   24.5  1010.0   0.00    0.0    0.000   0.053   28.3    59   19.5   29.7   10.55   1.1418     351     1    100.0   15 
27/08/25   2:00   23.5   23.6   23.4    78   19.4    1.6      E   0.40   4.8   NNO   23.5   24.7   24.7  1010.7   0.00    0.0    0.000   0.054   28.3    59   19.5   29.7   10.55   1.1425     351     1    100.0   15 
27/08/25   2:15   23.3   23.4   23.2    79   19.5    1.6     NO   0.40   4.8    NO   23.3   24.4   24.4  1010.2   0.00    0.0    0.000   0.052   28.2    59   19.4   29.6   10.55   1.1423     352     1    100.0   15 
27/08/25   2:30   22.9   23.2   22.7    78   18.8    3.2    ENE   0.80  11.3     E   22.9   23.8   23.8  1010.1   0.00    0.0    0.000   0.047   28.2    59   19.4   29.6   10.55   1.1421     351     1    100.0   15 
27/08/25   2:45   22.7   22.8   22.7    76   18.3    4.8    ENE   1.21  17.7   ENE   22.7   23.6   23.6  1010.1   0.00    0.0    0.000   0.046   28.2    58   19.1   29.4   10.35   1.1429     351     1    100.0   15 
27/08/25   3:00   22.9   23.1   22.8    75   18.2    6.4    ENE   1.61  19.3   ENE   22.9   23.8   23.8  1009.8   0.00    0.0    0.000   0.047   28.1    58   19.0   29.2   10.35   1.1431     351     1    100.0   15 
27/08/25   3:15   23.0   23.1   22.9    74   18.1    3.2     NO   0.80   9.7     E   23.0   23.9   23.9  1009.3   0.00    0.0    0.000   0.049   28.0    57   18.7   29.1   10.20   1.1433     351     1    100.0   15 
27/08/25   3:30   23.1   23.2   22.9    73   18.0    3.2    ENE   0.80  11.3   ENE   23.1   23.9   23.9  1009.0   0.00    0.0    0.000   0.049   27.9    57   18.6   29.0   10.20   1.1432     352     1    100.0   15 
27/08/25   3:45   23.0   23.2   22.8    75   18.3    3.2      E   0.80   9.7     E   23.0   23.9   23.9  1008.9   0.00    0.0    0.000   0.049   27.9    57   18.6   29.0   10.20   1.1431     350     1    100.0   15 
27/08/25   4:00   22.7   22.8   22.6    77   18.5    1.6      E   0.40   4.8     E   22.7   23.6   23.6  1009.0   0.00    0.0    0.000   0.046   27.9    57   18.6   28.9   10.19   1.1435     350     1    100.0   15 
27/08/25   4:15   22.6   22.7   22.5    77   18.3    1.6     NO   0.40   4.8   ENE   22.6   23.3   23.3  1009.1   0.00    0.0    0.000   0.044   27.8    57   18.5   28.8   10.19   1.1439     351     1    100.0   15 
27/08/25   4:30   22.4   22.5   22.2    80   18.8    1.6     NO   0.40   4.8   ONO   22.4   23.2   23.2  1009.3   0.00    0.0    0.000   0.042   27.8    58   18.8   28.9   10.35   1.1437     352     1    100.0   15 
27/08/25   4:45   22.1   22.2   21.9    80   18.4    1.6      E   0.40   8.0     E   22.1   22.8   22.8  1009.3   0.00    0.0    0.000   0.039   27.8    58   18.8   28.8   10.35   1.1440     351     1    100.0   15 
27/08/25   5:00   21.9   22.0   21.8    82   18.7    4.8    ENE   1.21  12.9     E   21.9   22.8   22.8  1009.3   0.00    0.0    0.000   0.038   27.7    58   18.7   28.7   10.35   1.1443     351     1    100.0   15 
27/08/25   5:15   21.8   21.8   21.7    83   18.8    3.2    NNO   0.80   9.7    NO   21.8   22.7   22.7  1009.4   0.00    0.0    0.000   0.036   27.7    58   18.7   28.7   10.35   1.1444     350     1    100.0   15 
27/08/25   5:30   21.5   21.7   21.3    85   18.9    4.8     NO   1.21   9.7    NO   21.5   22.4   22.4  1010.0   0.00    0.0    0.000   0.033   27.7    59   18.9   28.7   10.55   1.1449     351     1    100.0   15 
27/08/25   5:45   21.2   21.3   21.2    85   18.6    1.6     NO   0.40  11.3   ENE   21.2   22.1   22.1  1009.6   0.00    0.0    0.000   0.030   27.5    60   19.0   28.6   10.75   1.1450     352     1    100.0   15 
27/08/25   6:00   21.3   21.4   21.2    83   18.3    3.2    ENE   0.80  12.9     E   21.3   22.1   22.1  1009.3   0.00    0.0    0.000   0.031   27.4    60   18.9   28.4   10.75   1.1452     351     1    100.0   15 
27/08/25   6:15   21.5   21.6   21.4    83   18.5    1.6     NO   0.40   8.0    NO   21.5   22.3   22.3  1009.4   0.00    0.0    0.000   0.033   27.2    60   18.8   28.2   10.75   1.1462     350     1    100.0   15 
27/08/25   6:30   21.7   21.8   21.6    83   18.7    3.2     NO   0.80   8.0   ONO   21.7   22.6   22.6  1010.5   0.00    0.0    0.000   0.035   27.1    60   18.7   28.0   10.75   1.1481     351     1    100.0   15 
27/08/25   6:45   21.8   21.9   21.7    81   18.4    6.4    NNO   1.61  22.5    NO   21.8   22.6   22.6  1010.4   0.00    0.0    0.000   0.036   27.2    60   18.8   28.2   10.75   1.1474     350     1    100.0   15 
27/08/25   7:00   22.1   22.1   21.8    83   19.0    3.2    ONO   0.80  11.3   ENE   22.1   22.9   22.9  1009.8   1.00   31.2    0.000   0.039   27.3    60   18.8   28.2   10.75   1.1464     350     1    100.0   15 
27/08/25   7:15   21.4   21.8   21.1    87   19.1    4.8    ENE   1.21  17.7     E   21.4   22.4   22.4  1009.5   0.00    0.0    0.000   0.032   27.3    61   19.1   28.4   10.95   1.1453     351     1    100.0   15 
27/08/25   7:30   21.0   21.1   20.9    88   18.9    8.0    ENE   2.01  19.3   ENE   21.0   22.0   22.0  1009.1   0.00    0.0    0.000   0.028   27.3    61   19.1   28.4   10.95   1.1449     351     1    100.0   15 
27/08/25   7:45   21.4   21.7   21.1    87   19.2    3.2     NO   0.80  12.9   ENE   21.4   22.5   22.5  1009.4   0.00    0.0    0.000   0.032   27.5    61   19.3   28.7   10.95   1.1442     352     1    100.0   15 
27/08/25   8:00   21.9   22.2   21.7    85   19.3    3.2    ENE   0.80  12.9     E   21.9   22.9   22.9  1009.4   0.00    0.0    0.000   0.037   27.8    61   19.6   29.2   10.95   1.1425     350     1    100.0   15 
27/08/25   8:15   22.3   22.4   22.2    85   19.7    1.6      O   0.40   8.0     O   22.3   23.4   23.4  1010.0   0.00    0.0    0.000   0.042   28.0    61   19.8   29.4   10.95   1.1423     350     1    100.0   15 
27/08/25   8:30   22.2   22.3   22.2    86   19.8    3.2     NE   0.80  11.3     E   22.2   23.3   23.3  1008.8   0.40    3.0    0.000   0.041   28.0    62   20.0   29.6   11.10   1.1405     350     1    100.0   15 
27/08/25   8:45   21.8   22.1   21.7    89   19.9    3.2     NO   0.80  14.5     E   21.8   23.0   23.0  1009.2   1.20   41.2    0.000   0.036   27.9    63   20.2   29.5   11.31   1.1411     351     1    100.0   15 
27/08/25   9:00   21.2   21.7   20.7    90   19.5    8.0    ENE   2.01  19.3   ENE   21.2   22.3   22.3  1009.2   2.60   89.4    0.000   0.030   27.8    63   20.1   29.3   11.31   1.1417     351     1    100.0   15 
27/08/25   9:15   20.8   20.9   20.7    91   19.3    9.7    ENE   2.41  24.1   ENE   20.8   21.9   21.9  1009.4   0.00    0.0    0.000   0.025   27.8    62   19.9   29.3   11.11   1.1421     351     1    100.0   15 
27/08/25   9:30   21.2   21.6   20.9    90   19.5    6.4      E   1.61  17.7     E   21.2   22.3   22.3  1009.7   0.00    0.0    0.000   0.030   27.9    62   20.0   29.5   11.10   1.1418     351     1    100.0   15 
27/08/25   9:45   21.7   21.9   21.6    88   19.6    8.0    ENE   2.01  17.7   ENE   21.7   22.8   22.8  1009.6   0.00    0.0    0.000   0.035   28.1    62   20.1   29.7   11.10   1.1411     351     1    100.0   15 
27/08/25  10:00   22.3   23.1   21.9    80   18.7    9.7    ENE   2.41  24.1   ENE   22.3   23.2   23.2  1009.2   0.00    0.0    0.000   0.042   28.1    61   19.9   29.6   10.95   1.1408     352     1    100.0   15 
27/08/25  10:15   23.7   24.3   23.1    77   19.4    6.4    ENE   1.61  25.7   ENE   23.7   24.9   24.9  1009.1   0.00    0.0    0.000   0.056   28.3    60   19.8   29.8   10.75   1.1403     351     1    100.0   15 
27/08/25  10:30   25.0   25.4   24.3    73   19.8    3.2     NO   0.80   8.0   ESE   25.0   26.3   26.3  1009.0   0.00    0.0    0.000   0.069   28.4    60   19.9   30.1   10.75   1.1393     350     1    100.0   15 
27/08/25  10:45   25.4   25.6   25.2    72   20.0    4.8     NO   1.21  11.3    NO   25.4   26.6   26.6  1009.0   0.00    0.0    0.000   0.073   28.6    60   20.0   30.3   10.75   1.1387     351     1    100.0   15 
27/08/25  11:00   26.0   26.4   25.5    69   19.9    3.2     NO   0.80   9.7    NO   26.0   27.2   27.2  1009.0   0.00    0.0    0.000   0.080   28.7    59   19.9   30.4   10.55   1.1386     352     1    100.0   15 
27/08/25  11:15   26.9   27.4   26.4    64   19.6    4.8    ENE   1.21  14.5   ENE   26.9   28.1   28.1  1008.9   0.00    0.0    0.000   0.090   28.7    59   19.9   30.5   10.55   1.1381     351     1    100.0   15 
27/08/25  11:30   27.6   27.9   27.4    62   19.7    3.2    ENE   0.80  11.3     E   27.6   28.9   28.9  1008.9   0.00    0.0    0.000   0.097   28.8    59   20.0   30.7   10.55   1.1376     351     1    100.0   15 
27/08/25  11:45   28.5   29.1   28.0    56   18.9    3.2    ENE   0.80  11.3   ENE   28.5   29.8   29.8  1008.7   0.00    0.0    0.000   0.106   28.9    58   19.8   30.8   10.35   1.1371     350     1    100.0   15 
27/08/25  12:00   29.5   29.9   29.1    55   19.5    3.2     NE   0.80  14.5   ENE   29.5   31.2   31.2  1008.3   0.00    0.0    0.000   0.116   29.1    56   19.4   30.8   10.05   1.1368     351     1    100.0   15 
27/08/25  12:15   30.4   30.6   29.9    53   19.7    3.2     NE   0.80  16.1   ESE   30.4   32.5   32.5  1008.0   0.00    0.0    0.000   0.126   29.3    56   19.6   31.1   10.05   1.1352     352     1    100.0   15 
27/08/25  12:30   30.6   30.8   30.4    52   19.6    6.4      E   1.61  17.7   ENE   30.6   32.7   32.7  1007.9   0.00    0.0    0.000   0.127   29.6    54   19.3   31.1    9.75   1.1348     351     1    100.0   15 
27/08/25  12:45   30.2   30.4   30.1    50   18.6    8.0    ENE   2.01  20.9     E   30.2   31.7   31.7  1007.6   0.00    0.0    0.000   0.124   29.8    53   19.2   31.4    9.54   1.1335     351     1    100.0   15 
27/08/25  13:00   30.4   30.5   30.2    47   17.8    8.0      E   2.01  20.9     E   30.4   31.5   31.5  1007.4   0.00    0.0    0.000   0.126   30.2    50   18.6   31.6    9.05   1.1331     350     1    100.0   15 
27/08/25  13:15   30.8   30.9   30.5    47   18.2    6.4    ENE   1.61  22.5   ENE   30.8   32.1   32.1  1007.0   0.00    0.0    0.000   0.130   30.4    49   18.5   31.8    8.85   1.1320     351     1    100.0   15 
27/08/25  13:30   30.9   31.2   30.8    47   18.3    6.4      E   1.61  19.3   ESE   30.9   32.2   32.2  1006.6   0.00    0.0    0.000   0.131   30.5    49   18.6   32.0    8.85   1.1310     351     1    100.0   15 
27/08/25  13:45   31.2   31.3   31.1    48   18.9    9.7    ENE   2.41  25.7   ENE   31.2   32.9   32.9  1006.4   0.00    0.0    0.000   0.134   30.7    49   18.7   32.3    8.85   1.1299     351     1    100.0   15 
27/08/25  14:00   30.9   31.1   30.8    50   19.3    9.7    ENE   2.41  19.3   ENE   30.9   32.8   32.8  1006.4   0.00    0.0    0.000   0.131   30.7    50   19.1   32.5    9.05   1.1291     351     1    100.0   15 
27/08/25  14:15   31.2   31.3   31.1    49   19.2    6.4    ENE   1.61  24.1     E   31.2   33.1   33.1  1006.2   0.00    0.0    0.000   0.134   30.8    50   19.2   32.6    9.05   1.1285     352     1    100.0   15 
27/08/25  14:30   31.1   31.3   31.0    49   19.1    8.0    ENE   2.01  17.7   ENE   31.1   32.8   32.8  1006.0   0.00    0.0    0.000   0.133   30.9    50   19.3   32.7    9.05   1.1278     350     1    100.0   15 
27/08/25  14:45   31.3   31.4   31.2    46   18.3    8.0    ENE   2.01  22.5     E   31.3   32.6   32.6  1005.9   0.00    0.0    0.000   0.135   31.0    48   18.7   32.5    8.69   1.1281     350     1    100.0   15 
27/08/25  15:00   31.4   31.4   31.3    45   18.0    8.0    ENE   2.01  20.9   ENE   31.4   32.7   32.7  1005.9   0.00    0.0    0.000   0.136   31.2    47   18.5   32.6    8.49   1.1277     351     1    100.0   15 
27/08/25  15:15   31.2   31.3   31.1    45   17.8   11.3    ENE   2.82  24.1    NE   31.2   32.2   32.2  1005.9   0.00    0.0    0.000   0.134   31.2    46   18.2   32.5    8.39   1.1280     350     1    100.0   15 
27/08/25  15:30   31.2   31.3   31.1    46   18.2    9.7    ENE   2.41  29.0   ENE   31.2   32.5   32.5  1005.9   0.00    0.0    0.000   0.134   31.3    46   18.3   32.6    8.38   1.1276     349     1    100.0   15 
27/08/25  15:45   31.0   31.1   30.9    48   18.7    4.8    ENE   1.21  14.5     E   31.0   32.5   32.5  1005.7   0.00    0.0    0.000   0.132   31.3    47   18.7   32.9    8.48   1.1267     350     1    100.0   15 
27/08/25  16:00   30.8   30.9   30.7    45   17.5    6.4      E   1.61  14.5     E   30.8   31.7   31.7  1005.6   0.00    0.0    0.000   0.130   31.3    46   18.3   32.6    8.38   1.1274     351     1    100.0   15 
27/08/25  16:15   30.6   30.7   30.4    47   18.0    6.4    ENE   1.61  19.3   ENE   30.6   31.8   31.8  1005.5   0.00    0.0    0.000   0.127   31.3    45   17.9   32.4    8.18   1.1277     351     1    100.0   15 
27/08/25  16:30   30.2   30.4   30.0    55   20.1    8.0      E   2.01  22.5     E   30.2   32.4   32.4  1005.6   0.00    0.0    0.000   0.123   31.3    49   19.3   33.2    8.85   1.1257     350     1    100.0   15 
27/08/25  16:45   29.4   30.0   28.8    64   21.9    8.0      E   2.01  27.4     E   29.4   32.6   32.6  1005.7   0.00    0.0    0.000   0.115   31.3    54   20.9   34.2    9.68   1.1233     351     1    100.0   15 
27/08/25  17:00   28.3   28.8   27.9    68   21.9    8.0      E   2.01  25.7     E   28.3   31.0   31.0  1005.7   0.00    0.0    0.000   0.104   31.0    56   21.2   34.0    9.99   1.1237     351     1    100.0   15 
27/08/25  17:15   27.6   27.9   27.3    71   21.8    6.4      E   1.61  22.5   ENE   27.6   29.9   29.9  1005.7   0.00    0.0    0.000   0.096   30.7    57   21.2   33.8   10.16   1.1247     351     1    100.0   15 
27/08/25  17:30   27.1   27.3   26.9    73   21.9    8.0      E   2.01  19.3   ENE   27.1   29.2   29.2  1005.4   0.00    0.0    0.000   0.091   30.6    58   21.4   33.8   10.31   1.1248     351     1    100.0   15 
27/08/25  17:45   26.7   26.9   26.5    74   21.6    6.4    ESE   1.61  17.7   ENE   26.7   28.6   28.6  1005.3   0.00    0.0    0.000   0.087   30.3    59   21.4   33.6   10.52   1.1253     352     1    100.0   15 
27/08/25  18:00   26.3   26.6   26.1    76   21.7    6.4      E   1.61  17.7   ENE   26.3   28.1   28.1  1005.4   0.00    0.0    0.000   0.083   30.1    60   21.5   33.3   10.70   1.1261     351     1    100.0   15 
27/08/25  18:15   25.9   26.1   25.7    77   21.5    6.4    ESE   1.61  17.7     E   25.9   27.7   27.7  1005.6   0.00    0.0    0.000   0.079   29.9    60   21.3   32.8   10.72   1.1275     351     1    100.0   15 
27/08/25  18:30   25.5   25.7   25.3    79   21.6    6.4    ENE   1.61  19.3   ENE   25.5   27.3   27.3  1005.9   0.00    0.0    0.000   0.075   29.7    61   21.3   32.6   10.93   1.1287     351     1    100.0   15 
27/08/25  18:45   25.2   25.3   25.0    80   21.5    6.4      E   1.61  16.1     E   25.2   26.9   26.9  1006.1   0.00    0.0    0.000   0.071   29.4    62   21.3   32.2   11.05   1.1299     351     1    100.0   15 
27/08/25  19:00   24.9   25.0   24.8    81   21.4    6.4     NE   1.61  16.1     E   24.9   26.6   26.6  1006.2   0.00    0.0    0.000   0.068   29.2    62   21.2   31.9   11.06   1.1309     351     1    100.0   15 
27/08/25  19:15   24.8   24.8   24.7    82   21.5    4.8      E   1.21  12.9   ENE   24.8   26.6   26.6  1006.1   0.00    0.0    0.000   0.067   29.1    63   21.3   31.7   11.26   1.1312     351     1    100.0   15 
27/08/25  19:30   24.6   24.7   24.6    83   21.5    4.8      E   1.21  16.1     E   24.6   26.4   26.4  1006.3   0.00    0.0    0.000   0.065   29.0    64   21.5   31.8   11.47   1.1313     350     1    100.0   15 
27/08/25  19:45   24.6   24.6   24.6    84   21.7    1.6     NE   0.40   8.0   ESE   24.6   26.3   26.3  1007.0   0.00    0.0    0.000   0.065   28.9    64   21.4   31.6   11.47   1.1328     350     1    100.0   15 
27/08/25  20:00   24.4   24.6   24.3    85   21.8    1.6    ONO   0.40   6.4    NO   24.4   26.2   26.2  1006.8   0.00    0.0    0.000   0.064   28.8    65   21.6   31.7   11.67   1.1324     351     1    100.0   15 
27/08/25  20:15   24.3   24.3   24.3    86   21.8    1.6      E   0.40   9.7     E   24.3   26.1   26.1  1006.6   0.00    0.0    0.000   0.063   28.8    65   21.5   31.5   11.67   1.1324     350     1    100.0   15 
27/08/25  20:30   24.1   24.3   24.1    85   21.4    3.2      E   0.80  16.1   ENE   24.1   25.8   25.8  1006.6   0.00    0.0    0.000   0.060   28.7    65   21.4   31.3   11.68   1.1330     351     1    100.0   15 
27/08/25  20:45   24.1   24.1   23.9    87   21.8    4.8    ENE   1.21  16.1   ENE   24.1   25.8   25.8  1005.8   0.00    0.0    0.000   0.060   28.6    66   21.6   31.2   11.88   1.1322     351     1    100.0   15 
27/08/25  21:00   23.8   23.9   23.7    88   21.7    4.8    ENE   1.21  14.5   ENE   23.8   25.6   25.6  1005.9   0.20    0.0    0.000   0.057   28.4    67   21.7   31.1   12.09   1.1326     352     1    100.0   15 
27/08/25  21:15   23.6   23.7   23.5    87   21.3    4.8    ENE   1.21  11.3   ENE   23.6   25.0   25.0  1006.0   0.00    0.0    0.000   0.054   28.4    66   21.4   30.8   11.89   1.1334     348     1    100.0   15 
27/08/25  21:30   23.6   23.6   23.5    86   21.1    6.4    ENE   1.61  12.9     E   23.6   25.0   25.0  1005.6   0.00    0.0    0.000   0.054   28.4    66   21.4   30.8   11.89   1.1329     350     1    100.0   15 
27/08/25  21:45   23.6   23.6   23.6    85   20.9    4.8    ENE   1.21  12.9     E   23.6   25.1   25.1  1005.3   0.00    0.0    0.000   0.055   28.3    66   21.3   30.6   11.89   1.1332     350     1    100.0   15 
27/08/25  22:00   23.6   23.7   23.6    85   20.9    4.8    ENE   1.21  12.9   ENE   23.6   25.1   25.1  1005.4   0.00    0.0    0.000   0.055   28.3    65   21.1   30.4   11.69   1.1337     351     1    100.0   15 
27/08/25  22:15   23.6   23.6   23.5    86   21.1    3.2      E   0.80   9.7     E   23.6   25.0   25.0  1005.1   0.00    0.0    0.000   0.054   28.2    66   21.3   30.4   11.89   1.1333     351     1    100.0   15 
27/08/25  22:30   23.4   23.5   23.3    86   21.0    4.8    ENE   1.21  11.3   ENE   23.4   24.8   24.8  1004.8   0.00    0.0    0.000   0.053   28.2    66   21.3   30.4   11.89   1.1329     351     1    100.0   15 
27/08/25  22:45   23.3   23.3   23.3    85   20.7    6.4    ENE   1.61  12.9     E   23.3   24.6   24.6  1004.7   0.00    0.0    0.000   0.052   28.2    65   21.0   30.2   11.70   1.1335     350     1    100.0   15 
27/08/25  23:00   23.3   23.4   23.3    85   20.7    3.2    ENE   0.80  11.3   ENE   23.3   24.6   24.6  1004.5   0.00    0.0    0.000   0.052   28.2    65   21.0   30.2   11.70   1.1334     351     1    100.0   15 
27/08/25  23:15   23.0   23.3   22.9    80   19.4    3.2      E   0.80  12.9     E   23.0   24.1   24.1  1004.8   0.00    0.0    0.000   0.049   28.2    64   20.8   30.2   11.49   1.1339     350     1    100.0   15 
27/08/25  23:30   22.8   22.9   22.7    79   19.0    3.2    ESE   0.80   9.7     E   22.8   23.8   23.8  1005.1   0.00    0.0    0.000   0.047   28.2    64   20.8   30.2   11.49   1.1342     351     1    100.0   15 
27/08/25  23:45   22.6   22.7   22.5    78   18.6    1.6      E   0.40   3.2   ENE   22.6   23.4   23.4  1005.3   0.00    0.0    0.000   0.045   28.2    63   20.5   30.1   11.29   1.1348     351     1    100.0   15 
28/08/25  00:00   22.3   22.5   22.2    80   18.7    1.6      E   0.40   4.8    SO   22.3   23.2   23.2  1005.4   0.00    0.0    0.000   0.042   28.2    63   20.5   29.9   11.30   1.1353     350     1    100.0   15 
28/08/25   0:15   22.1   22.2   22.1    79   18.3    0.0    OSO   0.00   4.8   OSO   22.1   22.8   22.8  1005.3   0.00    0.0    0.000   0.039   28.1    62   20.1   29.7   11.10   1.1358     349     1    100.0   15 
28/08/25   0:30   22.2   22.3   22.1    77   18.0    3.2     NE   0.80   6.4    NE   22.2   22.9   22.9  1005.2   0.00    0.0    0.000   0.041   28.1    62   20.1   29.7   11.10   1.1361     352     1    100.0   15 
28/08/25   0:45   22.3   22.4   22.3    77   18.1    1.6     NE   0.40   3.2    NE   22.3   23.1   23.1  1005.3   0.00    0.0    0.000   0.042   28.0    61   19.8   29.4   10.95   1.1369     350     1    100.0   15 
28/08/25   1:00   22.1   22.3   21.8    80   18.4    1.6     NE   0.40   3.2    NE   22.1   22.8   22.8  1005.4   0.00    0.0    0.000   0.039   28.0    61   19.8   29.4   10.95   1.1370     351     1    100.0   15 
28/08/25   1:15   21.7   21.8   21.6    83   18.7    1.6     NE   0.40   3.2    NE   21.7   22.6   22.6  1005.6   0.00    0.0    0.000   0.035   27.9    61   19.7   29.4   10.95   1.1375     351     1    100.0   15 
28/08/25   1:30   21.7   21.7   21.6    84   18.8    0.0     NE   0.00   3.2    NE   21.7   22.6   22.6  1005.3   0.00    0.0    0.000   0.035   27.9    61   19.7   29.3   10.95   1.1374     352     1    100.0   15 
28/08/25   1:45   21.6   21.7   21.5    82   18.4    1.6    NNO   0.40   4.8   NNO   21.6   22.4   22.4  1005.3   0.00    0.0    0.000   0.034   27.9    61   19.7   29.3   10.95   1.1375     350     1    100.0   15 
28/08/25   2:00   21.6   21.7   21.5    80   18.0    1.6    NNO   0.40   3.2   NNO   21.6   22.3   22.3  1005.2   0.00    0.0    0.000   0.034   27.8    61   19.6   29.2   10.95   1.1376     348     1    100.0   15 
28/08/25   2:15   21.7   21.8   21.7    80   18.1    1.6    NNO   0.40   4.8   NNO   21.7   22.4   22.4  1005.0   0.00    0.0    0.000   0.035   27.8    61   19.6   29.1   10.95   1.1377     351     1    100.0   15 
28/08/25   2:30   21.7   21.8   21.7    79   17.9    1.6    NNO   0.40   4.8   NNO   21.7   22.4   22.4  1004.9   0.00    0.0    0.000   0.035   27.8    60   19.3   29.0   10.75   1.1381     352     1    100.0   15 
28/08/25   2:45   21.9   21.9   21.8    79   18.1    1.6    NNO   0.40   4.8   NNO   21.9   22.6   22.6  1004.7   0.00    0.0    0.000   0.037   27.7    60   19.2   28.9   10.75   1.1382     349     1    100.0   15 
28/08/25   3:00   21.9   21.9   21.9    79   18.1    0.0    NNO   0.00   3.2   NNO   21.9   22.7   22.7  1004.5   0.00    0.0    0.000   0.038   27.7    60   19.2   28.9   10.75   1.1379     351     1    100.0   15 
28/08/25   3:15   21.8   21.9   21.7    80   18.2    0.0    NNO   0.00   3.2   NNO   21.8   22.6   22.6  1004.8   0.00    0.0    0.000   0.036   27.7    60   19.2   28.8   10.75   1.1385     351     1    100.0   15 
28/08/25   3:30   21.6   21.7   21.4    81   18.2    0.0    NNO   0.00   1.6   NNO   21.6   22.3   22.3  1005.0   0.00    0.0    0.000   0.034   27.6    60   19.1   28.7   10.75   1.1391     351     1    100.0   15 
