                 Temp.  Temp.  Temp.  Hum.   Punt   Vel.   Dir.   Rec.  Vel.  Dir.  Sens.   ═nd.   ═nd.                  Int. Graus D.Graus D.  Temp.  Hum. Rosada  In.Cal.  EMC     Dens.    Mostr   Tx   Recep.  Int.
  Data    Hora    Ext.   MÓx.   Mÿn.  Ext. Rosada   Vent   Vent   Vent  MÓx.  MÓx.  T×rm.  Calor   THW    Bar    Pluja   Pluja  Calor    Fred    Int.  Int.   Int.   Int.    Int.  Int.Aire    Vent   Vent   ISS   Arc.
-------------------------------------------------------------------------------------------------------------------------------------------------------------------------------------------------------------------------
11/05/26   0:15   13.8   13.8   13.7    86   11.5    1.6      O   0.40   6.4   NNO   13.8   13.7   13.7  1010.6   0.00    0.0    0.047   0.000   21.8    59   13.5   21.6   10.90   1.1759     350     1    100.0   15 
11/05/26   0:30   13.7   13.8   13.7    85   11.2    1.6     NO   0.40   6.4    NO   13.7   13.7   13.7  1010.7   0.00    0.0    0.048   0.000   21.7    59   13.4   21.4   10.91   1.1766     351     1    100.0   15 
11/05/26   0:45   13.7   13.7   13.7    84   11.0    1.6     NO   0.40   6.4    NO   13.7   13.6   13.6  1010.6   0.00    0.0    0.049   0.000   21.7    59   13.3   21.3   10.91   1.1767     351     1    100.0   15 
11/05/26   1:00   13.7   13.7   13.6    82   10.6    3.2     NO   0.80  12.9   NNO   13.7   13.6   13.6  1010.6   0.00    0.0    0.049   0.000   21.6    60   13.5   21.3   11.03   1.1767     351     1    100.0   15 
11/05/26   1:15   13.7   13.7   13.6    81   10.5    3.2     NO   0.80   9.7   ONO   13.7   13.5   13.5  1010.7   0.00    0.0    0.049   0.000   21.5    60   13.4   21.2   11.04   1.1774     351     1    100.0   15 
11/05/26   1:30   13.6   13.6   13.6    81   10.4    3.2     NO   0.80   6.4     O   13.6   13.4   13.4  1010.6   0.00    0.0    0.050   0.000   21.4    60   13.4   21.1   11.04   1.1776     351     1    100.0   15 
11/05/26   1:45   13.6   13.6   13.5    81   10.4    1.6    NNO   0.40   4.8    NO   13.6   13.4   13.4  1010.5   0.00    0.0    0.050   0.000   21.3    60   13.2   20.9   11.04   1.1781     351     1    100.0   15 
11/05/26   2:00   13.4   13.5   13.4    81   10.2    1.6     NO   0.40   4.8    NO   13.4   13.3   13.3  1010.5   0.00    0.0    0.051   0.000   21.3    60   13.2   20.9   11.04   1.1784     351     1    100.0   15 
11/05/26   2:15   13.3   13.4   13.3    82   10.3    1.6    NNO   0.40   6.4   NNO   13.3   13.2   13.2  1010.4   0.00    0.0    0.052   0.000   21.2    60   13.1   20.7   11.05   1.1788     352     1    100.0   15 
11/05/26   2:30   13.3   13.3   13.2    83   10.5    1.6    NNO   0.40   3.2   NNO   13.3   13.2   13.2  1010.5   0.00    0.0    0.053   0.000   21.1    60   13.0   20.7   11.05   1.1792     351     1    100.0   15 
11/05/26   2:45   13.2   13.2   13.2    83   10.3    1.6    NNO   0.40   4.8   NNO   13.2   13.1   13.1  1010.4   0.00    0.0    0.054   0.000   21.1    60   13.0   20.6   11.05   1.1794     350     1    100.0   15 
11/05/26   3:00   13.1   13.2   13.1    83   10.3    1.6    ONO   0.40   3.2    NO   13.1   13.0   13.0  1010.4   0.00    0.0    0.054   0.000   20.9    60   12.9   20.6   11.05   1.1799     351     1    100.0   15 
11/05/26   3:15   13.1   13.1   13.0    83   10.2    1.6    ONO   0.40   6.4    NO   13.1   12.9   12.9  1010.3   0.00    0.0    0.055   0.000   20.9    60   12.8   20.5   11.05   1.1801     351     1    100.0   15 
11/05/26   3:30   13.1   13.2   13.1    83   10.3    1.6      O   0.40   4.8     O   13.1   13.0   13.0  1010.3   0.00    0.0    0.054   0.000   20.8    60   12.7   20.4   11.05   1.1807     351     1    100.0   15 
11/05/26   3:45   13.1   13.2   13.0    83   10.3    0.0    ---   0.00   0.0   ---   13.1   13.0   13.0  1010.3   0.00    0.0    0.054   0.000   20.7    60   12.7   20.3   11.05   1.1809     350     1    100.0   15 
11/05/26   4:00   12.9   13.0   12.8    83   10.1    0.0      O   0.00   1.6     O   12.9   12.8   12.8  1010.2   0.00    0.0    0.057   0.000   20.7    60   12.6   20.3   11.05   1.1811     351     1    100.0   15 
11/05/26   4:15   12.6   12.8   12.4    82    9.6    1.6    ONO   0.40   6.4   SSO   12.6   12.5   12.5  1010.2   0.00    0.0    0.060   0.000   20.6    60   12.6   20.3   11.05   1.1813     351     1    100.0   15 
11/05/26   4:30   12.4   12.6   12.4    83    9.6    1.6    OSO   0.40   9.7     S   12.4   12.3   12.3  1010.2   0.00    0.0    0.061   0.000   20.7    60   12.7   20.3   11.05   1.1807     352     1    100.0   15 
11/05/26   4:45   12.6   12.7   12.6    82    9.6    1.6      O   0.40   6.4   NNO   12.6   12.5   12.5  1010.3   0.00    0.0    0.060   0.000   21.2    59   12.8   20.7   10.95   1.1789     351     1    100.0   15 
11/05/26   5:00   12.7   12.7   12.6    83    9.9    1.6     NO   0.40   6.4     O   12.7   12.6   12.6  1010.5   0.00    0.0    0.059   0.000   21.7    58   13.0   21.3   10.71   1.1769     351     1    100.0   15 
11/05/26   5:15   12.8   12.8   12.7    83   10.0    3.2     NO   0.80  12.9   OSO   12.8   12.7   12.7  1010.6   0.00    0.0    0.058   0.000   22.1    57   13.1   21.8   10.48   1.1754     351     1    100.0   15 
11/05/26   5:30   12.8   12.9   12.8    83   10.0    1.6     NO   0.40   6.4   NNO   12.8   12.7   12.7  1010.8   0.00    0.0    0.057   0.000   22.3    57   13.4   22.2   10.46   1.1742     352     1    100.0   15 
11/05/26   5:45   12.9   13.0   12.8    83   10.1    3.2     NO   0.80  11.3    SO   12.9   12.8   12.8  1010.9   0.00    0.0    0.057   0.000   22.5    57   13.6   22.4   10.45   1.1735     350     1    100.0   15 
11/05/26   6:00   13.2   13.3   13.0    82   10.2    3.2     NO   0.80  11.3   SSO   13.2   13.1   13.1  1011.0   0.00    0.0    0.053   0.000   22.8    56   13.5   22.8   10.29   1.1726     351     1    100.0   15 
11/05/26   6:15   13.4   13.6   13.3    82   10.4    3.2    NNO   0.80   8.0   OSO   13.4   13.3   13.3  1011.3   0.00    0.0    0.051   0.000   22.9    56   13.6   22.9   10.29   1.1723     351     1    100.0   15 
11/05/26   6:30   13.8   14.0   13.6    81   10.6    1.6    ONO   0.40   6.4   OSO   13.8   13.7   13.7  1011.4   0.00    0.0    0.047   0.000   23.2    56   13.9   23.3   10.28   1.1711     351     1    100.0   15 
11/05/26   6:45   14.1   14.2   14.0    81   10.9    1.6     SO   0.40   4.8    SO   14.1   14.0   14.0  1011.6   0.00    0.0    0.044   0.000   23.3    56   14.1   23.5   10.27   1.1704     350     1    100.0   15 
11/05/26   7:00   14.4   14.7   14.2    79   10.8    1.6     NO   0.40   9.7    SO   14.4   14.3   14.3  1011.6   0.00    0.0    0.041   0.000   23.4    56   14.2   23.7   10.27   1.1698     351     1    100.0   15 
11/05/26   7:15   15.0   15.2   14.7    76   10.8    3.2     NO   0.80  12.9    SO   15.0   14.8   14.8  1011.7   0.00    0.0    0.035   0.000   23.7    56   14.4   23.9   10.26   1.1688     351     1    100.0   15 
11/05/26   7:30   15.3   15.4   15.2    74   10.7    4.8    NNO   1.21  11.3   OSO   15.3   15.1   15.1  1011.7   0.00    0.0    0.031   0.000   23.8    56   14.5   24.2   10.25   1.1680     351     1    100.0   15 
11/05/26   7:45   15.6   15.8   15.4    73   10.8    4.8     NO   1.21  11.3   OSO   15.6   15.3   15.3  1011.9   0.00    0.0    0.028   0.000   23.9    56   14.6   24.3   10.25   1.1676     352     1    100.0   15 
11/05/26   8:00   16.0   16.2   15.8    72   11.0    3.2     NO   0.80  12.9     O   16.0   15.7   15.7  1011.9   0.00    0.0    0.024   0.000   24.0    56   14.7   24.3   10.24   1.1674     351     1    100.0   15 
11/05/26   8:15   16.3   16.3   16.2    70   10.8    4.8     NO   1.21  11.3    SO   16.3   15.9   15.9  1011.9   0.00    0.0    0.021   0.000   24.0    56   14.7   24.3   10.24   1.1673     351     1    100.0   15 
11/05/26   8:30   16.3   16.6   16.2    72   11.2    3.2    NNO   0.80   9.7   NNO   16.3   16.0   16.0  1012.0   0.00    0.0    0.021   0.000   24.0    54   14.1   24.2    9.85   1.1681     351     1    100.0   15 
11/05/26   8:45   16.9   17.1   16.6    70   11.4    3.2    NNO   0.80   8.0   NNO   16.9   16.7   16.7  1011.9   0.00    0.0    0.015   0.000   24.0    54   14.1   24.2    9.85   1.1681     352     1    100.0   15 
11/05/26   9:00   17.1   17.3   16.8    69   11.3    3.2     SO   0.80   9.7   OSO   17.1   16.8   16.8  1012.1   0.00    0.0    0.013   0.000   24.1    55   14.5   24.3   10.04   1.1677     350     1    100.0   15 
11/05/26   9:15   17.6   17.7   17.3    66   11.1    4.8     NO   1.21  11.3   SSO   17.6   17.3   17.3  1012.1   0.00    0.0    0.008   0.000   24.2    55   14.6   24.4   10.03   1.1671     351     1    100.0   15 
11/05/26   9:30   17.9   18.3   17.6    65   11.3    3.2    OSO   0.80  11.3    SO   17.9   17.7   17.7  1012.1   0.00    0.0    0.004   0.000   24.3    54   14.4   24.4    9.84   1.1669     350     1    100.0   15 
11/05/26   9:45   18.8   18.9   18.3    61   11.1    4.8    OSO   1.21  19.3    SO   18.8   18.4   18.4  1012.1   0.00    0.0    0.000   0.005   24.3    54   14.4   24.4    9.84   1.1668     351     1    100.0   15 
11/05/26  10:00   19.2   19.3   18.9    59   11.0    6.4     NO   1.61  14.5     O   19.2   18.8   18.8  1012.0   0.00    0.0    0.000   0.009   24.3    54   14.4   24.4    9.84   1.1668     351     1    100.0   15 
11/05/26  10:15   19.5   19.7   19.3    57   10.8    4.8     SO   1.21  17.7     O   19.5   19.1   19.1  1012.0   0.00    0.0    0.000   0.012   24.3    53   14.1   24.4    9.65   1.1671     351     1    100.0   15 
11/05/26  10:30   20.2   20.6   19.7    54   10.6    4.8    OSO   1.21  12.9    SO   20.2   19.6   19.6  1011.9   0.00    0.0    0.000   0.019   24.3    53   14.1   24.4    9.65   1.1667     350     1    100.0   15 
11/05/26  10:45   20.8   21.1   20.6    52   10.6    4.8      O   1.21  20.9   OSO   20.8   20.1   20.1  1011.8   0.00    0.0    0.000   0.026   24.3    53   14.1   24.4    9.65   1.1666     350     1    100.0   15 
11/05/26  11:00   21.1   21.4   20.8    50   10.3    6.4    OSO   1.61  17.7   OSO   21.1   20.2   20.2  1011.7   0.00    0.0    0.000   0.029   24.4    53   14.2   24.5    9.65   1.1662     351     1    100.0   15 
11/05/26  11:15   21.3   21.7   20.8    48    9.9    6.4     NO   1.61  22.5    SO   21.3   20.3   20.3  1011.7   0.00    0.0    0.000   0.031   24.4    53   14.2   24.5    9.65   1.1662     351     1    100.0   15 
11/05/26  11:30   21.4   21.6   21.3    46    9.3    6.4     SO   1.61  19.3    SO   21.4   20.4   20.4  1011.6   0.00    0.0    0.000   0.032   24.4    53   14.2   24.6    9.65   1.1658     351     1    100.0   15 
11/05/26  11:45   21.7   22.1   21.3    45    9.2    6.4    OSO   1.61  20.9    SO   21.7   20.6   20.6  1011.6   0.00    0.0    0.000   0.035   24.4    53   14.2   24.6    9.65   1.1658     350     1    100.0   15 
11/05/26  12:00   21.9   22.2   21.8    44    9.1    8.0     NO   2.01  19.3     O   21.9   21.0   21.0  1011.4   0.00    0.0    0.000   0.038   24.4    52   13.9   24.5    9.53   1.1660     351     1    100.0   15 
11/05/26  12:15   22.4   22.6   22.2    43    9.2    8.0     NO   2.01  25.7    NO   22.4   21.6   21.6  1011.3   0.00    0.0    0.000   0.042   24.4    52   13.9   24.5    9.53   1.1658     351     1    100.0   15 
11/05/26  12:30   22.8   23.2   22.6    41    8.8    6.4     NO   1.61  25.7   NNO   22.8   22.1   22.1  1011.2   0.00    0.0    0.000   0.046   24.4    51   13.6   24.5    9.35   1.1661     350     1    100.0   15 
11/05/26  12:45   23.3   23.4   23.2    40    9.0    6.4    NNO   1.61  22.5   NNO   23.3   22.8   22.8  1011.1   0.00    0.0    0.000   0.052   24.5    50   13.4   24.5    9.23   1.1661     350     1    100.0   15 
11/05/26  13:00   23.2   23.4   23.1    38    8.1    8.0    OSO   2.01  22.5   OSO   23.2   22.6   22.6  1011.0   0.00    0.0    0.000   0.051   24.5    51   13.7   24.5    9.35   1.1655     351     1    100.0   15 
11/05/26  13:15   23.6   23.9   23.0    37    8.0    6.4     NO   1.61  20.9    NO   23.6   22.9   22.9  1011.1   0.00    0.0    0.000   0.054   24.6    51   13.7   24.6    9.35   1.1654     352     1    100.0   15 
11/05/26  13:30   23.3   23.7   23.1    36    7.4    8.0     SO   2.01  17.7     O   23.3   22.7   22.7  1011.1   0.00    0.0    0.000   0.052   24.6    51   13.7   24.6    9.35   1.1654     351     1    100.0   15 
11/05/26  13:45   23.4   23.8   23.1    38    8.3    6.4    NNO   1.61  14.5    SO   23.4   22.9   22.9  1011.0   0.00    0.0    0.000   0.053   24.6    50   13.5   24.6    9.22   1.1653     350     1    100.0   15 
11/05/26  14:00   23.8   23.8   23.7    37    8.2    8.0    NNO   2.01  19.3   OSO   23.8   23.2   23.2  1010.9   0.00    0.0    0.000   0.057   24.7    50   13.5   24.6    9.22   1.1650     350     1    100.0   15 
11/05/26  14:15   23.6   23.7   23.5    39    8.8    6.4     NO   1.61  14.5   OSO   23.6   23.1   23.1  1010.8   0.00    0.0    0.000   0.054   24.7    49   13.3   24.6    9.02   1.1649     352     1    100.0   15 
11/05/26  14:30   23.7   23.8   23.6    39    8.9    6.4     NO   1.61  19.3   NNO   23.7   23.2   23.2  1010.6   0.00    0.0    0.000   0.056   24.7    49   13.3   24.6    9.02   1.1647     351     1    100.0   15 
11/05/26  14:45   24.0   24.2   23.8    37    8.4    6.4    NNO   1.61  20.9   NNO   24.0   23.4   23.4  1010.3   0.00    0.0    0.000   0.059   24.7    49   13.2   24.6    9.02   1.1646     351     1    100.0   15 
11/05/26  15:00   24.1   24.3   24.0    36    8.1    6.4    OSO   1.61  20.9    SO   24.1   23.5   23.5  1010.2   0.00    0.0    0.000   0.060   24.7    49   13.2   24.6    9.02   1.1645     351     1    100.0   15 
11/05/26  15:15   24.1   24.4   23.9    36    8.1    6.4    OSO   1.61  24.1    SO   24.1   23.4   23.4  1010.0   0.00    0.0    0.000   0.060   24.7    49   13.3   24.6    9.02   1.1640     349     1    100.0   15 
11/05/26  15:30   24.3   24.4   24.0    34    7.4    6.4    OSO   1.61  19.3   OSO   24.3   23.6   23.6  1010.1   0.00    0.0    0.000   0.062   24.7    49   13.3   24.6    9.02   1.1641     350     1    100.0   15 
11/05/26  15:45   24.2   24.3   24.0    34    7.3    6.4     SO   1.61  17.7     O   24.2   23.4   23.4  1010.2   0.00    0.0    0.000   0.061   24.7    49   13.3   24.6    9.02   1.1642     350     1    100.0   15 
11/05/26  16:00   24.0   24.2   23.9    34    7.2    6.4     SO   1.61  19.3   OSO   24.0   23.3   23.3  1010.1   0.00    0.0    0.000   0.059   24.8    49   13.3   24.7    9.02   1.1639     350     1    100.0   15 
11/05/26  16:15   24.1   24.2   23.9    34    7.2    6.4    OSO   1.61  17.7     O   24.1   23.3   23.3  1010.0   0.00    0.0    0.000   0.060   24.7    50   13.6   24.7    9.22   1.1637     350     1    100.0   15 
11/05/26  16:30   23.9   24.1   23.8    33    6.7    8.0    ONO   2.01  24.1     S   23.9   23.2   23.2  1010.2   0.00    0.0    0.000   0.058   24.7    50   13.6   24.7    9.22   1.1639     352     1    100.0   15 
11/05/26  16:45   23.9   24.0   23.8    34    7.1    6.4    OSO   1.61  22.5    SO   23.9   23.2   23.2  1010.2   0.00    0.0    0.000   0.058   24.7    50   13.6   24.7    9.22   1.1639     350     1    100.0   15 
11/05/26  17:00   23.8   23.9   23.7    47   11.8    4.8     SO   1.21  14.5   NNO   23.8   23.7   23.7  1010.4   0.00    0.0    0.000   0.057   24.9    50   13.8   24.8    9.21   1.1630     350     1    100.0   15 
11/05/26  17:15   23.2   23.8   22.8    52   12.8    4.8    OSO   1.21  14.5     S   23.2   23.2   23.2  1010.4   0.00    0.0    0.000   0.051   25.2    51   14.3   25.2    9.35   1.1615     351     1    100.0   15 
11/05/26  17:30   22.2   22.8   21.4    52   11.8    8.0    SSO   2.01  20.9    SO   22.2   21.7   21.7  1010.4   0.00    0.0    0.000   0.040   25.4    51   14.5   25.4    9.35   1.1604     351     1    100.0   15 
11/05/26  17:45   21.0   21.4   20.6    53   11.1    8.0    SSO   2.01  20.9   OSO   21.0   20.2   20.2  1010.6   0.00    0.0    0.000   0.028   25.5    51   14.6   25.6    9.35   1.1600     351     1    100.0   15 
11/05/26  18:00   20.3   20.7   20.2    55   11.0    6.4    SSO   1.61  22.5   SSE   20.3   19.8   19.8  1010.6   0.00    0.0    0.000   0.021   25.4    49   13.9   25.4    8.99   1.1611     350     1    100.0   15 
11/05/26  18:15   19.9   20.2   19.6    57   11.1    6.4      S   1.61  17.7     S   19.9   19.6   19.6  1010.9   0.00    0.0    0.000   0.016   25.2    50   14.1   25.2    9.20   1.1622     351     1    100.0   15 
11/05/26  18:30   19.3   19.6   19.1    58   10.9    6.4    SSO   1.61  14.5     S   19.3   18.9   18.9  1011.1   0.00    0.0    0.000   0.010   25.1    50   13.9   24.9    9.21   1.1633     352     1    100.0   15 
11/05/26  18:45   18.8   19.1   18.6    60   10.9    6.4    SSO   1.61  17.7     S   18.8   18.4   18.4  1011.1   0.00    0.0    0.000   0.005   24.9    51   14.1   24.9    9.35   1.1635     351     1    100.0   15 
11/05/26  19:00   18.4   18.6   18.2    62   11.0    6.4    SSO   1.61  12.9   SSE   18.4   18.1   18.1  1011.2   0.00    0.0    0.000   0.001   24.8    51   14.0   24.8    9.35   1.1641     351     1    100.0   15 
11/05/26  19:15   17.9   18.2   17.7    64   11.0    6.4     SO   1.61  17.7   OSO   17.9   17.6   17.6  1011.4   0.00    0.0    0.005   0.000   24.8    51   14.0   24.8    9.35   1.1647     351     1    100.0   15 
11/05/26  19:30   17.4   17.7   17.3    65   10.8    6.4    OSO   1.61  12.9    SO   17.4   17.1   17.1  1011.6   0.00    0.0    0.009   0.000   24.7    51   13.9   24.7    9.35   1.1654     351     1    100.0   15 
11/05/26  19:45   17.1   17.3   16.9    65   10.5    4.8     SO   1.21  14.5    SO   17.1   16.8   16.8  1011.7   0.00    0.0    0.013   0.000   24.5    52   14.0   24.6    9.53   1.1660     352     1    100.0   15 
11/05/26  20:00   16.8   16.9   16.8    65   10.2    4.8     SO   1.21  12.9   OSO   16.8   16.4   16.4  1012.0   0.00    0.0    0.016   0.000   24.4    53   14.2   24.5    9.65   1.1666     351     1    100.0   15 
11/05/26  20:15   16.7   16.8   16.6    65   10.1    4.8     SO   1.21  11.3    SO   16.7   16.3   16.3  1012.3   0.00    0.0    0.017   0.000   24.2    53   14.0   24.3    9.65   1.1677     350     1    100.0   15 
11/05/26  20:30   16.4   16.6   16.3    66   10.1    3.2     SO   0.80  11.3    SO   16.4   16.1   16.1  1012.5   0.00    0.0    0.020   0.000   24.1    53   13.9   24.3    9.65   1.1686     350     1    100.0   15 
11/05/26  20:45   16.2   16.3   16.1    68   10.3    3.2     SO   0.80   8.0   OSO   16.2   15.8   15.8  1012.7   0.00    0.0    0.023   0.000   24.0    54   14.1   24.2    9.85   1.1690     352     1    100.0   15 
11/05/26  21:00   15.9   16.1   15.7    69   10.2    3.2    OSO   0.80   8.0   SSO   15.9   15.6   15.6  1012.8   0.00    0.0    0.025   0.000   23.8    54   14.0   24.1    9.85   1.1700     351     1    100.0   15 
11/05/26  21:15   15.6   15.7   15.6    70   10.2    3.2     SO   0.80   6.4   OSO   15.6   15.3   15.3  1012.9   0.00    0.0    0.028   0.000   23.8    55   14.2   24.0   10.05   1.1701     349     1    100.0   15 
11/05/26  21:30   15.6   15.7   15.6    70   10.2    3.2    OSO   0.80   9.7    SO   15.6   15.3   15.3  1013.0   0.00    0.0    0.028   0.000   23.7    55   14.1   23.9   10.06   1.1707     351     1    100.0   15 
11/05/26  21:45   15.6   15.7   15.6    70   10.2    3.2    OSO   0.80   8.0   SSO   15.6   15.3   15.3  1013.0   0.00    0.0    0.028   0.000   23.6    55   14.0   23.7   10.06   1.1713     350     1    100.0   15 
11/05/26  22:00   15.6   15.6   15.6    70   10.1    1.6     SO   0.40   8.0    NO   15.6   15.2   15.2  1013.2   0.00    0.0    0.029   0.000   23.4    55   13.9   23.6   10.07   1.1721     351     1    100.0   15 
11/05/26  22:15   15.4   15.6   15.4    71   10.2    1.6     SO   0.40   4.8    SO   15.4   15.1   15.1  1013.4   0.00    0.0    0.030   0.000   23.4    56   14.1   23.6   10.27   1.1723     349     1    100.0   15 
11/05/26  22:30   15.3   15.4   15.2    71   10.1    0.0     SO   0.00   3.2    SO   15.3   15.0   15.0  1013.4   0.00    0.0    0.031   0.000   23.4    56   14.2   23.7   10.27   1.1720     351     1    100.0   15 
11/05/26  22:45   15.1   15.2   15.1    72   10.1    1.6     NO   0.40   4.8    SO   15.1   14.8   14.8  1013.4   0.00    0.0    0.034   0.000   23.5    56   14.2   23.7   10.26   1.1717     351     1    100.0   15 
11/05/26  23:00   15.1   15.1   15.1    72   10.0    0.0     SO   0.00   3.2    SO   15.1   14.7   14.7  1013.4   0.00    0.0    0.034   0.000   23.4    56   14.2   23.7   10.27   1.1720     352     1    100.0   15 
11/05/26  23:15   15.0   15.1   15.0    72   10.0    1.6     SO   0.40   4.8   OSO   15.0   14.7   14.7  1013.4   0.00    0.0    0.035   0.000   23.3    56   14.0   23.4   10.27   1.1728     351     1    100.0   15 
11/05/26  23:30   14.9   15.0   14.9    72    9.9    3.2    OSO   0.80   4.8   OSO   14.9   14.6   14.6  1013.5   0.00    0.0    0.035   0.000   23.1    56   13.9   23.2   10.28   1.1738     351     1    100.0   15 
11/05/26  23:45   14.9   15.0   14.9    72    9.9    1.6    OSO   0.40   4.8   OSO   14.9   14.6   14.6  1013.3   0.00    0.0    0.035   0.000   23.0    56   13.7   23.1   10.28   1.1742     351     1    100.0   15 
12/05/26  00:00   15.1   15.1   15.0    72   10.0    3.2    OSO   0.80   6.4   OSO   15.1   14.7   14.7  1013.3   0.00    0.0    0.034   0.000   22.9    57   13.9   23.0   10.42   1.1744     352     1    100.0   15 
12/05/26   0:15   15.1   15.1   15.1    72   10.1    0.0    OSO   0.00   4.8   OSO   15.1   14.8   14.8  1013.3   0.00    0.0    0.034   0.000   22.8    57   13.8   22.9   10.43   1.1749     348     1    100.0   15 
12/05/26   0:30   14.9   15.1   14.8    72    9.9    0.0    SSO   0.00   3.2   SSO   14.9   14.6   14.6  1013.3   0.00    0.0    0.035   0.000   22.7    57   13.7   22.7   10.44   1.1755     352     1    100.0   15 
12/05/26   0:45   14.7   14.8   14.6    73    9.9    1.6    SSO   0.40   3.2   SSO   14.7   14.4   14.4  1013.4   0.00    0.0    0.038   0.000   22.6    57   13.6   22.6   10.45   1.1762     351     1    100.0   15 
12/05/26   1:00   14.4   14.6   14.3    74    9.9    0.0     SO   0.00   3.2    SO   14.4   14.1   14.1  1013.4   0.00    0.0    0.041   0.000   22.5    57   13.6   22.4   10.45   1.1765     351     1    100.0   15 
12/05/26   1:15   14.3   14.3   14.2    73    9.5    0.0     SO   0.00   1.6    SO   14.3   13.9   13.9  1013.3   0.00    0.0    0.042   0.000   22.4    57   13.5   22.3   10.46   1.1769     351     1    100.0   15 
12/05/26   1:30   14.4   14.5   14.3    72    9.4    1.6    ONO   0.40   4.8   ONO   14.4   14.0   14.0  1013.2   0.00    0.0    0.041   0.000   22.3    57   13.3   22.1   10.47   1.1773     352     1    100.0   15 
12/05/26   1:45   14.4   14.4   14.2    74    9.8    0.0    ONO   0.00   3.2   ONO   14.4   14.1   14.1  1013.1   0.00    0.0    0.041   0.000   22.2    57   13.3   22.1   10.47   1.1775     351     1    100.0   15 
12/05/26   2:00   14.0   14.2   13.8    75    9.6    0.0    ---   0.00   0.0   ---   14.0   13.7   13.7  1013.1   0.00    0.0    0.045   0.000   22.1    58   13.5   21.9   10.68   1.1778     351     1    100.0   15 
12/05/26   2:15   13.6   13.7   13.3    76    9.4    0.0    ---   0.00   0.0   ---   13.6   13.3   13.3  1013.0   0.00    0.0    0.050   0.000   22.0    58   13.4   21.8   10.69   1.1782     351     1    100.0   15 
12/05/26   2:30   13.4   13.6   13.3    76    9.2    0.0    ---   0.00   0.0   ---   13.4   13.1   13.1  1013.0   0.00    0.0    0.052   0.000   21.9    58   13.3   21.7   10.69   1.1784     352     1    100.0   15 
12/05/26   2:45   13.6   13.6   13.6    75    9.3    0.0    ---   0.00   0.0   ---   13.6   13.3   13.3  1013.0   0.00    0.0    0.049   0.000   21.8    58   13.2   21.5   10.70   1.1790     351     1    100.0   15 
12/05/26   3:00   13.6   13.7   13.6    74    9.1    0.0    ---   0.00   0.0   ---   13.6   13.3   13.3  1012.9   0.00    0.0    0.049   0.000   21.7    58   13.1   21.3   10.71   1.1795     351     1    100.0   15 
12/05/26   3:15   13.8   13.9   13.7    73    9.1    0.0    ---   0.00   0.0   ---   13.8   13.5   13.5  1012.9   0.00    0.0    0.047   0.000   21.7    58   13.0   21.3   10.71   1.1798     351     1    100.0   15 
12/05/26   3:30   13.8   13.9   13.6    74    9.2    1.6    ONO   0.40   3.2   ONO   13.8   13.4   13.4  1012.9   0.00    0.0    0.047   0.000   21.6    58   12.9   21.1   10.72   1.1803     351     1    100.0   15 
12/05/26   3:45   13.6   13.6   13.6    74    9.0    1.6    ONO   0.40   6.4   ONO   13.6   13.2   13.2  1013.0   0.00    0.0    0.050   0.000   21.5    58   12.9   21.1   10.72   1.1807     352     1    100.0   15 
12/05/26   4:00   13.7   13.9   13.6    73    8.9    3.2    NNO   0.80   4.8   NNO   13.7   13.3   13.3  1013.0   0.00    0.0    0.049   0.000   21.4    58   12.8   20.9   10.73   1.1813     351     1    100.0   15 
12/05/26   4:15   14.1   14.2   13.9    72    9.1    1.6    NNO   0.40   4.8   NNO   14.1   13.7   13.7  1013.1   0.00    0.0    0.044   0.000   21.3    58   12.7   20.8   10.73   1.1817     351     1    100.0   15 
12/05/26   4:30   13.8   14.1   13.6    76    9.6    3.2    ENE   0.80   8.0   ENE   13.8   13.5   13.5  1013.2   0.00    0.0    0.047   0.000   21.3    58   12.7   20.8   10.74   1.1821     351     1    100.0   15 
12/05/26   4:45   13.4   13.6   13.4    76    9.3    1.6      E   0.40   8.0     E   13.4   13.2   13.2  1013.1   0.00    0.0    0.051   0.000   21.2    58   12.6   20.6   10.75   1.1826     352     1    100.0   15 
12/05/26   5:00   13.4   13.6   13.3    72    8.5    0.0    ENE   0.00   3.2   ENE   13.4   13.1   13.1  1013.1   0.00    0.0    0.051   0.000   21.1    58   12.5   20.6   10.75   1.1829     350     1    100.0   15 
12/05/26   5:15   13.1   13.3   12.9    77    9.2    0.0     SE   0.00   3.2     E   13.1   12.8   12.8  1013.3   0.00    0.0    0.054   0.000   21.2    58   12.6   20.7   10.74   1.1825     351     1    100.0   15 
12/05/26   5:30   12.9   13.0   12.9    77    9.0    0.0     SE   0.00   3.2    SE   12.9   12.7   12.7  1013.4   0.00    0.0    0.056   0.000   21.7    57   12.8   21.3   10.51   1.1804     350     1    100.0   15 
12/05/26   5:45   13.6   14.0   13.0    75    9.2    1.6    NNO   0.40   9.7     E   13.6   13.2   13.2  1013.5   0.00    0.0    0.050   0.000   22.4    56   13.2   22.3   10.30   1.1771     350     1    100.0   15 
12/05/26   6:00   14.3   14.6   14.0    73    9.6    1.6    NNO   0.40   6.4   NNO   14.3   14.0   14.0  1013.5   0.00    0.0    0.042   0.000   23.3    55   13.8   23.4   10.07   1.1730     351     1    100.0   15 
12/05/26   6:15   15.2   15.8   14.6    72   10.2    1.6      E   0.40   4.8     E   15.2   14.8   14.8  1013.6   0.00    0.0    0.033   0.000   24.2    54   14.3   24.3    9.84   1.1692     351     1    100.0   15 
