                 Temp.  Temp.  Temp.  Hum.   Punt   Vel.   Dir.   Rec.  Vel.  Dir.  Sens.   ═nd.   ═nd.                  Int. Graus D.Graus D.  Temp.  Hum. Rosada  In.Cal.  EMC     Dens.    Mostr   Tx   Recep.  Int.
  Data    Hora    Ext.   MÓx.   Mÿn.  Ext. Rosada   Vent   Vent   Vent  MÓx.  MÓx.  T×rm.  Calor   THW    Bar    Pluja   Pluja  Calor    Fred    Int.  Int.   Int.   Int.    Int.  Int.Aire    Vent   Vent   ISS   Arc.
-------------------------------------------------------------------------------------------------------------------------------------------------------------------------------------------------------------------------
19/05/26   0:15   15.0   15.1   14.9    94   14.0    0.0      E   0.00   1.6     E   15.0   15.2   15.2  1018.0   0.00    0.0    0.035   0.000   21.9    61   14.0   21.7   11.19   1.1837     349     1    100.0   15 
19/05/26   0:30   14.9   15.0   14.9    94   14.0    0.0      E   0.00   3.2    NE   14.9   15.2   15.2  1017.9   0.00    0.0    0.035   0.000   21.8    61   14.0   21.7   11.20   1.1839     351     1    100.0   15 
19/05/26   0:45   14.8   14.9   14.8    94   13.9    0.0    ESE   0.00   3.2   ESE   14.8   15.0   15.0  1017.8   0.00    0.0    0.036   0.000   21.8    61   13.9   21.6   11.20   1.1841     349     1    100.0   15 
19/05/26   1:00   14.8   14.8   14.8    94   13.9    0.0    ENE   0.00   1.6   ENE   14.8   15.0   15.0  1017.7   0.00    0.0    0.036   0.000   21.7    61   13.8   21.4   11.21   1.1846     351     1    100.0   15 
19/05/26   1:15   14.8   14.8   14.8    94   13.8    0.0    ---   0.00   0.0   ---   14.8   14.9   14.9  1017.7   0.00    0.0    0.037   0.000   21.6    61   13.8   21.4   11.21   1.1848     350     1    100.0   15 
19/05/26   1:30   14.8   14.8   14.7    94   13.8    0.0    ---   0.00   0.0   ---   14.8   14.9   14.9  1017.6   0.00    0.0    0.037   0.000   21.6    62   14.0   21.3   11.33   1.1847     350     1    100.0   15 
19/05/26   1:45   14.7   14.7   14.7    94   13.8    0.0    ---   0.00   0.0   ---   14.7   14.9   14.9  1017.6   0.00    0.0    0.038   0.000   21.5    62   13.9   21.3   11.34   1.1849     350     1    100.0   15 
19/05/26   2:00   14.6   14.7   14.6    95   13.8    0.0    ---   0.00   0.0   ---   14.6   14.8   14.8  1017.6   0.00    0.0    0.039   0.000   21.4    62   13.8   21.1   11.34   1.1855     351     1    100.0   15 
19/05/26   2:15   14.5   14.6   14.4    95   13.7    0.0    ---   0.00   0.0   ---   14.5   14.7   14.7  1017.6   0.00    0.0    0.040   0.000   21.3    62   13.8   21.1   11.34   1.1859     350     1    100.0   15 
19/05/26   2:30   14.4   14.4   14.3    95   13.6    0.0    ---   0.00   0.0   ---   14.4   14.6   14.6  1017.6   0.00    0.0    0.041   0.000   21.3    62   13.7   21.0   11.34   1.1861     350     1    100.0   15 
19/05/26   2:45   14.2   14.3   14.2    95   13.4    0.0    ---   0.00   0.0   ---   14.2   14.4   14.4  1017.6   0.00    0.0    0.043   0.000   21.2    62   13.6   20.9   11.35   1.1864     349     1    100.0   15 
19/05/26   3:00   14.1   14.2   14.0    95   13.3    0.0    ---   0.00   0.0   ---   14.1   14.2   14.2  1017.7   0.00    0.0    0.044   0.000   21.1    62   13.5   20.8   11.35   1.1871     350     1    100.0   15 
19/05/26   3:15   14.1   14.1   14.0    95   13.3    0.0    ---   0.00   0.0   ---   14.1   14.2   14.2  1017.7   0.00    0.0    0.045   0.000   21.1    62   13.5   20.7   11.35   1.1874     351     1    100.0   15 
19/05/26   3:30   14.1   14.2   14.1    95   13.3    0.0    ---   0.00   0.0   ---   14.1   14.2   14.2  1017.7   0.00    0.0    0.044   0.000   21.0    62   13.4   20.7   11.35   1.1877     351     1    100.0   15 
19/05/26   3:45   14.2   14.2   14.2    95   13.4    0.0    ---   0.00   0.0   ---   14.2   14.4   14.4  1017.5   0.00    0.0    0.043   0.000   20.9    62   13.4   20.7   11.36   1.1877     351     1    100.0   15 
19/05/26   4:00   14.2   14.2   14.2    95   13.4    0.0    ---   0.00   0.0   ---   14.2   14.4   14.4  1017.6   0.00    0.0    0.043   0.000   20.9    62   13.3   20.6   11.36   1.1881     350     1    100.0   15 
19/05/26   4:15   13.9   14.2   13.5    95   13.2    0.0    ---   0.00   0.0   ---   13.9   14.1   14.1  1017.6   0.00    0.0    0.046   0.000   20.8    62   13.3   20.6   11.36   1.1885     351     1    100.0   15 
19/05/26   4:30   13.2   13.5   13.1    96   12.6    0.0    ---   0.00   0.0   ---   13.2   13.3   13.3  1017.8   0.00    0.0    0.053   0.000   21.0    62   13.4   20.7   11.35   1.1878     349     1    100.0   15 
19/05/26   4:45   13.5   13.6   13.3    95   12.7    0.0    ---   0.00   0.0   ---   13.5   13.6   13.6  1017.9   0.00    0.0    0.050   0.000   21.5    61   13.7   21.2   11.22   1.1856     350     1    100.0   15 
19/05/26   5:00   13.5   13.6   13.4    95   12.7    0.0    ---   0.00   0.0   ---   13.5   13.6   13.6  1017.8   0.00    0.0    0.050   0.000   21.9    60   13.8   21.8   11.02   1.1835     351     1    100.0   15 
19/05/26   5:15   13.5   13.6   13.4    96   12.9    0.0    ---   0.00   0.0   ---   13.5   13.6   13.6  1018.1   0.00    0.0    0.050   0.000   22.3    59   13.9   22.3   10.86   1.1822     351     1    100.0   15 
19/05/26   5:30   13.6   13.6   13.4    96   12.9    0.0    ---   0.00   0.0   ---   13.6   13.7   13.7  1018.1   0.00    0.0    0.050   0.000   22.6    59   14.1   22.6   10.85   1.1811     350     1    100.0   15 
19/05/26   5:45   13.8   14.0   13.6    96   13.2    0.0    ---   0.00   0.0   ---   13.8   13.9   13.9  1018.2   0.00    0.0    0.047   0.000   22.8    58   14.1   22.9   10.63   1.1803     348     1    100.0   15 
19/05/26   6:00   14.1   14.2   14.1    96   13.5    0.0    NNE   0.00   1.6   ENE   14.1   14.3   14.3  1018.4   0.00    0.0    0.044   0.000   22.8    58   14.1   23.0   10.63   1.1803     350     1    100.0   15 
19/05/26   6:15   14.1   14.2   14.1    96   13.5    0.0    ---   0.00   0.0   ---   14.1   14.3   14.3  1018.5   0.00    0.0    0.044   0.000   22.8    58   14.1   22.9   10.63   1.1807     351     1    100.0   15 
19/05/26   6:30   14.6   15.0   14.3    97   14.1    0.0    ---   0.00   0.0   ---   14.6   14.8   14.8  1018.5   0.00    0.0    0.039   0.000   22.8    59   14.4   23.0   10.83   1.1801     352     1    100.0   15 
19/05/26   6:45   15.1   15.2   14.9    96   14.5    0.0    ---   0.00   0.0   ---   15.1   15.3   15.3  1018.6   0.00    0.0    0.034   0.000   23.2    59   14.7   23.4   10.80   1.1785     346     1    100.0   15 
19/05/26   7:00   15.2   15.2   15.1    96   14.5    0.0    ---   0.00   0.0   ---   15.2   15.4   15.4  1018.7   0.00    0.0    0.033   0.000   23.3    59   14.8   23.6   10.79   1.1780     350     1    100.0   15 
19/05/26   7:15   15.2   15.4   15.1    96   14.5    0.0    ---   0.00   0.0   ---   15.2   15.4   15.4  1018.8   0.00    0.0    0.033   0.000   23.4    59   15.0   23.8   10.78   1.1773     351     1    100.0   15 
19/05/26   7:30   15.6   15.6   15.4    95   14.8    0.0    ---   0.00   0.0   ---   15.6   15.8   15.8  1019.0   0.00    0.0    0.029   0.000   23.7    59   15.2   24.2   10.76   1.1761     349     1    100.0   15 
19/05/26   7:45   15.8   15.8   15.6    93   14.6    0.0    ---   0.00   0.0   ---   15.8   16.0   16.0  1019.1   0.00    0.0    0.027   0.000   23.9    58   15.1   24.3   10.55   1.1757     352     1    100.0   15 
19/05/26   8:00   15.9   16.2   15.7    91   14.5    0.0    ---   0.00   0.0   ---   15.9   16.2   16.2  1019.2   0.00    0.0    0.025   0.000   23.9    58   15.2   24.3   10.55   1.1755     351     1    100.0   15 
19/05/26   8:15   16.5   16.8   16.2    88   14.5    1.6    ENE   0.40   3.2   NNE   16.5   16.7   16.7  1019.2   0.00    0.0    0.019   0.000   23.9    58   15.2   24.3   10.55   1.1756     349     1    100.0   15 
19/05/26   8:30   17.2   17.6   16.8    82   14.1    1.6      S   0.40   3.2   ENE   17.2   17.4   17.4  1019.2   0.00    0.0    0.012   0.000   24.1    58   15.3   24.4   10.54   1.1750     351     1    100.0   15 
19/05/26   8:45   18.0   18.4   17.6    78   14.1    1.6      S   0.40   8.0   OSO   18.0   18.2   18.2  1019.1   0.00    0.0    0.003   0.000   24.2    58   15.4   24.5   10.53   1.1743     352     1    100.0   15 
19/05/26   9:00   18.7   18.8   18.4    78   14.8    1.6    OSO   0.40   9.7     E   18.7   19.1   19.1  1019.1   0.00    0.0    0.000   0.003   24.3    58   15.5   24.6   10.52   1.1737     351     1    100.0   15 
19/05/26   9:15   19.3   19.8   18.7    73   14.4    1.6    OSO   0.40   6.4     S   19.3   19.6   19.6  1019.1   0.00    0.0    0.000   0.010   24.4    57   15.3   24.7   10.31   1.1735     351     1    100.0   15 
19/05/26   9:30   19.7   19.8   19.5    74   14.9    1.6      S   0.40   8.0   SSE   19.7   20.1   20.1  1019.1   0.00    0.0    0.000   0.014   24.4    57   15.4   24.7   10.31   1.1732     351     1    100.0   15 
19/05/26   9:45   19.7   20.0   19.4    73   14.7    3.2    OSO   0.80   6.4   SSE   19.7   20.1   20.1  1019.2   0.00    0.0    0.000   0.014   24.4    57   15.4   24.7   10.31   1.1733     352     1    100.0   15 
19/05/26  10:00   20.6   21.1   20.0    69   14.7    1.6    SSE   0.40   8.0   SSE   20.6   20.7   20.7  1019.2   0.00    0.0    0.000   0.023   24.4    57   15.4   24.7   10.31   1.1733     351     1    100.0   15 
19/05/26  10:15   21.5   21.8   21.1    65   14.6    3.2    SSE   0.80  12.9    SO   21.5   21.4   21.4  1019.1   0.00    0.0    0.000   0.033   24.4    57   15.4   24.7   10.31   1.1732     351     1    100.0   15 
19/05/26  10:30   21.4   21.8   21.3    66   14.8    3.2      S   0.80   6.4    SO   21.4   21.4   21.4  1019.0   0.00    0.0    0.000   0.032   24.4    57   15.4   24.7   10.31   1.1731     351     1    100.0   15 
19/05/26  10:45   22.5   23.0   21.8    63   15.1    3.2      E   0.80  11.3   ENE   22.5   22.7   22.7  1019.1   0.00    0.0    0.000   0.043   24.5    57   15.4   24.8   10.31   1.1728     351     1    100.0   15 
19/05/26  11:00   23.1   23.2   22.9    60   14.9    3.2    ENE   0.80   8.0   ENE   23.1   23.4   23.4  1019.1   0.00    0.0    0.000   0.050   24.5    56   15.1   24.7   10.21   1.1732     352     1    100.0   15 
19/05/26  11:15   23.3   23.6   22.9    62   15.6    3.2    ENE   0.80  11.3   ENE   23.3   23.8   23.8  1019.0   0.00    0.0    0.000   0.052   24.5    56   15.1   24.7   10.21   1.1731     351     1    100.0   15 
19/05/26  11:30   23.6   23.7   23.4    61   15.6    3.2      S   0.80   9.7     O   23.6   24.1   24.1  1018.9   0.00    0.0    0.000   0.055   24.6    56   15.2   24.8   10.20   1.1724     351     1    100.0   15 
19/05/26  11:45   23.9   24.2   23.7    61   16.0    3.2      O   0.80  11.3   SSE   23.9   24.5   24.5  1018.7   0.00    0.0    0.000   0.058   24.6    56   15.2   24.8   10.20   1.1722     350     1    100.0   15 
19/05/26  12:00   24.1   24.3   23.8    65   17.1    3.2    ESE   0.80  11.3     E   24.1   24.8   24.8  1018.8   0.00    0.0    0.000   0.060   24.6    56   15.2   24.8   10.20   1.1723     351     1    100.0   15 
19/05/26  12:15   23.7   23.8   23.6    67   17.2    6.4      E   1.61  16.1     E   23.7   24.4   24.4  1018.6   0.00    0.0    0.000   0.056   24.6    57   15.5   24.9   10.30   1.1717     351     1    100.0   15 
19/05/26  12:30   23.6   23.7   23.5    67   17.1    3.2    ENE   0.80  16.1   ENE   23.6   24.3   24.3  1018.6   0.00    0.0    0.000   0.054   24.7    57   15.6   24.9   10.29   1.1715     351     1    100.0   15 
19/05/26  12:45   24.1   24.3   23.7    61   16.1    3.2     SO   0.80  11.3    SO   24.1   24.6   24.6  1018.5   0.00    0.0    0.000   0.060   24.7    57   15.6   25.0   10.29   1.1710     350     1    100.0   15 
19/05/26  13:00   24.6   24.8   24.3    58   15.8    4.8      S   1.21   9.7     S   24.6   24.9   24.9  1018.4   0.00    0.0    0.000   0.065   24.8    57   15.7   25.1   10.28   1.1704     352     1    100.0   15 
19/05/26  13:15   24.9   25.3   24.6    57   15.8    3.2    SSE   0.80  14.5   OSO   24.9   25.2   25.2  1018.4   0.00    0.0    0.000   0.069   24.9    57   15.8   25.2   10.28   1.1701     351     1    100.0   15 
19/05/26  13:30   25.1   25.3   24.8    57   15.9    4.8      S   1.21  14.5    SO   25.1   25.3   25.3  1018.4   0.00    0.0    0.000   0.070   25.0    57   15.9   25.3   10.27   1.1695     351     1    100.0   15 
19/05/26  13:45   24.8   25.1   24.6    60   16.5    4.8    OSO   1.21  12.9    SO   24.8   25.2   25.2  1018.3   0.00    0.0    0.000   0.067   25.1    56   15.7   25.3   10.17   1.1695     351     1    100.0   15 
19/05/26  14:00   24.8   24.9   24.6    57   15.7    4.8    OSO   1.21  14.5   OSO   24.8   25.1   25.1  1018.3   0.00    0.0    0.000   0.067   25.1    56   15.7   25.3   10.16   1.1691     351     1    100.0   15 
19/05/26  14:15   24.6   24.7   24.4    58   15.7    4.8    SSO   1.21  17.7     S   24.6   24.9   24.9  1018.2   0.00    0.0    0.000   0.065   25.2    56   15.8   25.4   10.16   1.1688     352     1    100.0   15 
19/05/26  14:30   24.3   24.4   24.1    58   15.5    4.8    OSO   1.21  17.7     S   24.3   24.6   24.6  1018.3   0.00    0.0    0.000   0.062   25.2    56   15.8   25.5   10.15   1.1685     351     1    100.0   15 
19/05/26  14:45   24.3   24.4   23.9    56   14.9    6.4    SSO   1.61  14.5     S   24.3   24.5   24.5  1018.3   0.00    0.0    0.000   0.062   25.2    56   15.8   25.5   10.15   1.1686     351     1    100.0   15 
19/05/26  15:00   24.0   24.3   23.8    57   15.0    4.8      S   1.21  11.3     S   24.0   24.3   24.3  1018.3   0.00    0.0    0.000   0.059   25.3    56   15.9   25.6   10.15   1.1682     350     1    100.0   15 
19/05/26  15:15   24.4   24.7   24.2    58   15.6    4.8     SO   1.21  11.3   ONO   24.4   24.7   24.7  1018.2   0.00    0.0    0.000   0.064   25.3    56   15.9   25.6   10.15   1.1681     351     1    100.0   15 
19/05/26  15:30   24.5   24.8   24.2    58   15.7    3.2      S   0.80  11.3   ESE   24.5   24.8   24.8  1018.2   0.00    0.0    0.000   0.064   25.3    56   15.9   25.6   10.15   1.1682     351     1    100.0   15 
19/05/26  15:45   24.9   25.1   24.6    58   16.1    3.2     SO   0.80   9.7     O   24.9   25.2   25.2  1018.2   0.00    0.0    0.000   0.068   25.3    56   15.9   25.6   10.15   1.1679     351     1    100.0   15 
19/05/26  16:00   24.2   24.6   23.8    61   16.2    4.8    OSO   1.21  12.9   OSO   24.2   24.7   24.7  1018.2   0.00    0.0    0.000   0.061   25.3    56   15.9   25.6   10.15   1.1678     350     1    100.0   15 
19/05/26  16:15   23.8   23.9   23.3    63   16.3    4.8     SO   1.21  16.1    SO   23.8   24.4   24.4  1018.2   0.00    0.0    0.000   0.057   25.3    56   15.9   25.6   10.15   1.1678     351     1    100.0   15 
19/05/26  16:30   23.2   23.3   23.1    65   16.3    4.8     SO   1.21  16.1   OSO   23.2   23.8   23.8  1018.3   0.00    0.0    0.000   0.051   25.4    56   16.0   25.7   10.14   1.1678     351     1    100.0   15 
19/05/26  16:45   23.0   23.1   22.8    66   16.3    4.8    OSO   1.21  16.1   OSO   23.0   23.6   23.6  1018.4   0.00    0.0    0.000   0.049   25.4    56   16.0   25.7   10.14   1.1675     351     1    100.0   15 
19/05/26  17:00   22.8   22.8   22.6    67   16.3    4.8    OSO   1.21  11.3   SSE   22.8   23.3   23.3  1018.5   0.00    0.0    0.000   0.046   25.4    56   16.0   25.7   10.14   1.1676     351     1    100.0   15 
19/05/26  17:15   22.4   22.6   22.2    68   16.2    4.8      S   1.21  14.5   OSO   22.4   22.8   22.8  1018.6   0.00    0.0    0.000   0.042   25.4    56   16.0   25.7   10.14   1.1677     351     1    100.0   15 
19/05/26  17:30   21.8   22.2   21.7    71   16.3    3.2     SO   0.80  11.3   SSO   21.8   22.1   22.1  1018.6   0.00    0.0    0.000   0.036   25.4    56   16.0   25.7   10.14   1.1678     352     1    100.0   15 
19/05/26  17:45   21.7   21.8   21.4    71   16.2    3.2     SO   0.80   9.7   ONO   21.7   21.9   21.9  1018.8   0.00    0.0    0.000   0.035   25.4    56   16.0   25.7   10.14   1.1681     351     1    100.0   15 
19/05/26  18:00   21.2   21.4   20.9    73   16.2    3.2    OSO   0.80   9.7   OSO   21.2   21.4   21.4  1018.9   0.00    0.0    0.000   0.030   25.4    56   16.0   25.7   10.14   1.1685     351     1    100.0   15 
19/05/26  18:15   20.7   20.9   20.3    74   15.9    3.2    OSO   0.80   9.7   OSO   20.7   21.1   21.1  1019.1   0.00    0.0    0.000   0.024   25.4    56   16.0   25.7   10.14   1.1687     351     1    100.0   15 
19/05/26  18:30   20.2   20.3   19.9    74   15.4    3.2    OSO   0.80   9.7   SSO   20.2   20.7   20.7  1019.3   0.00    0.0    0.000   0.019   25.4    56   16.0   25.7   10.14   1.1689     352     1    100.0   15 
19/05/26  18:45   19.8   19.9   19.7    75   15.3    1.6    OSO   0.40   6.4    SO   19.8   20.3   20.3  1019.4   0.00    0.0    0.000   0.016   25.3    56   15.9   25.6   10.15   1.1696     350     1    100.0   15 
19/05/26  19:00   19.5   19.7   19.3    75   14.9    1.6    OSO   0.40   4.8   OSO   19.5   19.9   19.9  1019.6   0.00    0.0    0.000   0.012   25.2    56   15.8   25.5   10.15   1.1701     351     1    100.0   15 
19/05/26  19:15   19.1   19.3   18.9    76   14.8    1.6    OSO   0.40   6.4   OSO   19.1   19.5   19.5  1019.6   0.00    0.0    0.000   0.008   25.2    56   15.8   25.5   10.15   1.1702     351     1    100.0   15 
19/05/26  19:30   18.9   19.0   18.9    76   14.6    0.0    OSO   0.00   3.2   OSO   18.9   19.3   19.3  1019.8   0.00    0.0    0.000   0.006   25.1    57   15.9   25.3   10.27   1.1708     352     1    100.0   15 
19/05/26  19:45   18.8   18.9   18.7    77   14.7    0.0    OSO   0.00   1.6   OSO   18.8   19.1   19.1  1020.1   0.00    0.0    0.000   0.005   24.9    57   15.8   25.2   10.27   1.1717     351     1    100.0   15 
19/05/26  20:00   18.8   18.9   18.7    80   15.3    1.6    OSO   0.40   4.8   OSO   18.8   19.3   19.3  1020.3   0.00    0.0    0.000   0.005   24.9    58   16.1   25.2   10.48   1.1719     351     1    100.0   15 
19/05/26  20:15   18.7   18.8   18.6    82   15.5    1.6      E   0.40   8.0     E   18.7   19.2   19.2  1020.6   0.00    0.0    0.000   0.003   24.8    58   16.0   25.1   10.49   1.1728     351     1    100.0   15 
19/05/26  20:30   18.3   18.6   17.9    85   15.7    4.8    ENE   1.21   9.7     E   18.3   18.7   18.7  1020.8   0.00    0.0    0.001   0.000   24.7    58   15.8   25.0   10.49   1.1736     351     1    100.0   15 
19/05/26  20:45   17.7   17.9   17.4    88   15.7    1.6    ENE   0.40  11.3   ENE   17.7   18.1   18.1  1020.9   0.00    0.0    0.007   0.000   24.6    59   16.0   24.9   10.70   1.1740     350     1    100.0   15 
19/05/26  21:00   17.3   17.4   17.2    89   15.5    3.2    ENE   0.80  11.3   ENE   17.3   17.7   17.7  1021.1   0.00    0.0    0.010   0.000   24.5    59   16.0   24.8   10.71   1.1745     351     1    100.0   15 
19/05/26  21:15   17.2   17.2   17.1    90   15.5    3.2    ENE   0.80  11.3   ENE   17.2   17.6   17.6  1021.3   0.00    0.0    0.012   0.000   24.4    59   15.9   24.7   10.71   1.1753     350     1    100.0   15 
19/05/26  21:30   17.0   17.1   16.9    90   15.3    3.2    ENE   0.80  12.9   ENE   17.0   17.3   17.3  1021.4   0.00    0.0    0.014   0.000   24.3    60   16.0   24.7   10.92   1.1756     351     1    100.0   15 
19/05/26  21:45   16.8   16.9   16.8    91   15.4    4.8    ENE   1.21  11.3   ENE   16.8   17.2   17.2  1021.4   0.00    0.0    0.016   0.000   24.2    60   15.9   24.6   10.93   1.1763     352     1    100.0   15 
19/05/26  22:00   16.8   16.8   16.8    91   15.4    4.8    ENE   1.21  11.3   ENE   16.8   17.2   17.2  1021.5   0.00    0.0    0.016   0.000   24.1    60   15.8   24.5   10.94   1.1770     351     1    100.0   15 
19/05/26  22:15   16.7   16.8   16.7    91   15.2    4.8    ENE   1.21   9.7     E   16.7   17.1   17.1  1021.6   0.00    0.0    0.017   0.000   24.0    60   15.8   24.5   10.94   1.1773     351     1    100.0   15 
19/05/26  22:30   16.6   16.7   16.6    92   15.3    3.2    ENE   0.80   8.0   ENE   16.6   16.9   16.9  1021.7   0.00    0.0    0.018   0.000   23.9    60   15.7   24.4   10.95   1.1781     350     1    100.0   15 
19/05/26  22:45   16.5   16.6   16.4    92   15.2    1.6      E   0.40   8.0     E   16.5   16.8   16.8  1021.7   0.00    0.0    0.019   0.000   23.8    61   15.8   24.3   11.06   1.1783     351     1    100.0   15 
19/05/26  23:00   16.4   16.4   16.4    92   15.1    0.0     NE   0.00   4.8     E   16.4   16.7   16.7  1021.7   0.00    0.0    0.020   0.000   23.7    61   15.8   24.2   11.06   1.1786     352     1    100.0   15 
19/05/26  23:15   16.3   16.4   16.3    92   15.0    0.0     NE   0.00   4.8    NE   16.3   16.6   16.6  1021.6   0.00    0.0    0.021   0.000   23.6    61   15.6   24.1   11.07   1.1791     351     1    100.0   15 
19/05/26  23:30   16.2   16.3   15.9    92   14.9    0.0    ---   0.00   0.0   ---   16.2   16.4   16.4  1021.7   0.00    0.0    0.023   0.000   23.6    61   15.6   24.1   11.07   1.1795     351     1    100.0   15 
19/05/26  23:45   15.8   15.9   15.6    92   14.5    0.0     NE   0.00   3.2    NE   15.8   16.0   16.0  1021.7   0.00    0.0    0.027   0.000   23.4    61   15.5   23.9   11.08   1.1800     350     1    100.0   15 
20/05/26  00:00   15.6   15.6   15.6    93   14.4    0.0     NE   0.00   1.6    NE   15.6   15.8   15.8  1021.8   0.00    0.0    0.029   0.000   23.4    61   15.4   23.8   11.09   1.1804     352     1    100.0   15 
20/05/26   0:15   15.6   15.7   15.6    93   14.4    0.0    ---   0.00   0.0   ---   15.6   15.8   15.8  1021.8   0.00    0.0    0.029   0.000   23.3    61   15.3   23.7   11.09   1.1810     350     1    100.0   15 
20/05/26   0:30   15.6   15.7   15.6    94   14.6    0.0    ---   0.00   0.0   ---   15.6   15.8   15.8  1021.7   0.00    0.0    0.028   0.000   23.2    62   15.5   23.6   11.28   1.1812     350     1    100.0   15 
20/05/26   0:45   15.7   15.8   15.7    94   14.7    0.0     NE   0.00   1.6    NE   15.7   15.9   15.9  1021.6   0.00    0.0    0.028   0.000   23.1    62   15.4   23.5   11.28   1.1814     349     1    100.0   15 
20/05/26   1:00   15.8   15.8   15.8    94   14.9    0.0     NE   0.00   1.6    NE   15.8   16.1   16.1  1021.6   0.00    0.0    0.026   0.000   23.0    62   15.3   23.4   11.28   1.1819     351     1    100.0   15 
20/05/26   1:15   15.7   15.8   15.4    93   14.5    0.0    ---   0.00   0.0   ---   15.7   15.9   15.9  1021.7   0.00    0.0    0.028   0.000   22.9    62   15.3   23.3   11.28   1.1823     351     1    100.0   15 
20/05/26   1:30   15.4   15.4   15.4    94   14.5    0.0    ---   0.00   0.0   ---   15.4   15.7   15.7  1021.6   0.00    0.0    0.030   0.000   22.8    62   15.2   23.2   11.29   1.1828     351     1    100.0   15 
20/05/26   1:45   15.3   15.4   15.3    94   14.4    0.0    ---   0.00   0.0   ---   15.3   15.6   15.6  1021.5   0.00    0.0    0.031   0.000   22.8    62   15.1   23.1   11.29   1.1830     351     1    100.0   15 
20/05/26   2:00   15.4   15.4   15.3    94   14.4    0.0    ---   0.00   0.0   ---   15.4   15.6   15.6  1021.5   0.00    0.0    0.031   0.000   22.7    62   15.1   23.0   11.29   1.1832     351     1    100.0   15 
20/05/26   2:15   14.9   15.3   14.7    94   13.9    0.0     NE   0.00   1.6    NE   14.9   15.1   15.1  1021.6   0.00    0.0    0.036   0.000   22.6    62   15.0   22.8   11.30   1.1839     349     1    100.0   15 
20/05/26   2:30   14.6   14.7   14.5    94   13.6    0.0     NE   0.00   1.6    NE   14.6   14.7   14.7  1021.6   0.00    0.0    0.039   0.000   22.6    62   14.9   22.7   11.30   1.1843     351     1    100.0   15 
20/05/26   2:45   14.6   14.8   14.4    95   13.8    0.0     NE   0.00   1.6    NE   14.6   14.8   14.8  1021.7   0.00    0.0    0.039   0.000   22.5    62   14.9   22.7   11.30   1.1846     351     1    100.0   15 
20/05/26   3:00   14.9   14.9   14.8    94   13.9    0.0    ---   0.00   0.0   ---   14.9   15.1   15.1  1021.7   0.00    0.0    0.036   0.000   22.4    62   14.7   22.5   11.30   1.1852     351     1    100.0   15 
20/05/26   3:15   14.8   14.9   14.8    95   14.0    0.0    ---   0.00   0.0   ---   14.8   15.1   15.1  1021.7   0.00    0.0    0.036   0.000   22.3    62   14.7   22.4   11.31   1.1855     351     1    100.0   15 
20/05/26   3:30   14.8   14.9   14.7    94   13.8    0.0    ---   0.00   0.0   ---   14.8   14.9   14.9  1021.8   0.00    0.0    0.037   0.000   22.3    62   14.6   22.3   11.31   1.1859     352     1    100.0   15 
20/05/26   3:45   14.6   14.7   14.5    95   13.8    0.0    ---   0.00   0.0   ---   14.6   14.7   14.7  1021.9   0.00    0.0    0.039   0.000   22.2    62   14.6   22.3   11.31   1.1863     351     1    100.0   15 
20/05/26   4:00   14.4   14.5   14.4    95   13.7    0.0    ---   0.00   0.0   ---   14.4   14.6   14.6  1022.0   0.00    0.0    0.041   0.000   22.1    62   14.5   22.1   11.31   1.1871     351     1    100.0   15 
20/05/26   4:15   14.4   14.4   14.4    95   13.7    0.0    ---   0.00   0.0   ---   14.4   14.6   14.6  1022.1   0.00    0.0    0.041   0.000   22.1    63   14.7   22.1   11.52   1.1871     348     1    100.0   15 
20/05/26   4:30   14.3   14.4   14.2    94   13.4    0.0    ---   0.00   0.0   ---   14.3   14.4   14.4  1022.3   0.00    0.0    0.042   0.000   22.0    63   14.6   22.0   11.52   1.1876     350     1    100.0   15 
20/05/26   4:45   14.1   14.2   14.0    95   13.3    0.0    ---   0.00   0.0   ---   14.1   14.2   14.2  1022.3   0.00    0.0    0.045   0.000   21.9    63   14.5   21.8   11.52   1.1882     352     1    100.0   15 
20/05/26   5:00   13.9   14.0   13.9    95   13.2    0.0    ---   0.00   0.0   ---   13.9   14.1   14.1  1022.4   0.00    0.0    0.046   0.000   21.8    63   14.5   21.8   11.52   1.1886     350     1    100.0   15 
20/05/26   5:15   13.9   14.0   13.9    96   13.3    0.0    ---   0.00   0.0   ---   13.9   14.1   14.1  1022.7   0.00    0.0    0.046   0.000   21.8    63   14.5   21.8   11.52   1.1889     350     1    100.0   15 
20/05/26   5:30   14.1   14.3   14.0    96   13.5    0.0    ---   0.00   0.0   ---   14.1   14.3   14.3  1022.9   0.00    0.0    0.044   0.000   22.0    62   14.4   21.9   11.32   1.1886     350     1    100.0   15 
20/05/26   5:45   14.4   14.6   14.3    96   13.8    0.0    ---   0.00   0.0   ---   14.4   14.6   14.6  1023.2   0.00    0.0    0.041   0.000   22.3    62   14.6   22.3   11.31   1.1875     352     1    100.0   15 
20/05/26   6:00   14.6   14.7   14.6    96   14.0    0.0    ---   0.00   0.0   ---   14.6   14.8   14.8  1023.2   0.00    0.0    0.039   0.000   22.7    61   14.8   22.9   11.14   1.1859     350     1    100.0   15 
20/05/26   6:15   15.1   15.4   14.7    96   14.4    0.0    ---   0.00   0.0   ---   15.1   15.3   15.3  1023.4   0.00    0.0    0.034   0.000   23.2    60   15.0   23.5   10.98   1.1838     351     1    100.0   15 
20/05/26   6:30   15.8   16.2   15.4    96   15.1    0.0    ---   0.00   0.0   ---   15.8   16.1   16.1  1023.5   0.00    0.0    0.027   0.000   23.4    60   15.2   23.8   10.97   1.1825     349     1    100.0   15 
20/05/26   6:45   16.4   16.6   16.2    95   15.6    0.0    ---   0.00   0.0   ---   16.4   16.8   16.8  1023.5   0.00    0.0    0.020   0.000   23.7    60   15.5   24.2   10.96   1.1811     351     1    100.0   15 
