                 Temp.  Temp.  Temp.  Hum.   Punt   Vel.   Dir.   Rec.  Vel.  Dir.  Sens.   ═nd.   ═nd.                  Int. Graus D.Graus D.  Temp.  Hum. Rosada  In.Cal.  EMC     Dens.    Mostr   Tx   Recep.  Int.
  Data    Hora    Ext.   MÓx.   Mÿn.  Ext. Rosada   Vent   Vent   Vent  MÓx.  MÓx.  T×rm.  Calor   THW    Bar    Pluja   Pluja  Calor    Fred    Int.  Int.   Int.   Int.    Int.  Int.Aire    Vent   Vent   ISS   Arc.
-------------------------------------------------------------------------------------------------------------------------------------------------------------------------------------------------------------------------
 3/05/26   0:15   15.2   15.2   15.2    87   13.1    0.0      E   0.00   9.7    NE   15.2   15.3   15.3  1017.7   0.00    0.0    0.032   0.000   22.6    56   13.4   22.6   10.30   1.1813     350     1    100.0   15 
 3/05/26   0:30   15.2   15.2   15.1    87   13.0    1.6    ESE   0.40   8.0     E   15.2   15.2   15.2  1017.5   0.00    0.0    0.033   0.000   22.5    56   13.3   22.4   10.30   1.1816     350     1    100.0   15 
 3/05/26   0:45   15.1   15.2   15.1    87   13.0    0.0    ESE   0.00   4.8   ESE   15.1   15.2   15.2  1017.1   0.00    0.0    0.034   0.000   22.3    56   13.1   22.2   10.31   1.1820     351     1    100.0   15 
 3/05/26   1:00   15.1   15.1   15.0    87   12.9    0.0      E   0.00   1.6     E   15.1   15.1   15.1  1017.0   0.00    0.0    0.034   0.000   22.3    56   13.1   22.1   10.31   1.1822     351     1    100.0   15 
 3/05/26   1:15   15.0   15.1   15.0    87   12.9    0.0    ---   0.00   0.0   ---   15.0   15.1   15.1  1017.0   0.00    0.0    0.035   0.000   22.1    57   13.2   21.9   10.48   1.1827     351     1    100.0   15 
 3/05/26   1:30   14.9   15.0   14.9    87   12.8    0.0    ENE   0.00   1.6   ENE   14.9   15.0   15.0  1016.9   0.00    0.0    0.035   0.000   22.0    57   13.1   21.7   10.49   1.1831     351     1    100.0   15 
 3/05/26   1:45   14.9   14.9   14.9    87   12.8    0.0    ENE   0.00   1.6   ENE   14.9   15.0   15.0  1016.7   0.00    0.0    0.035   0.000   21.9    57   13.0   21.6   10.49   1.1832     351     1    100.0   15 
 3/05/26   2:00   14.9   14.9   14.9    87   12.8    0.0    ESE   0.00   6.4   ENE   14.9   15.0   15.0  1016.8   0.00    0.0    0.035   0.000   21.8    57   12.9   21.4   10.50   1.1838     350     1    100.0   15 
 3/05/26   2:15   14.9   14.9   14.9    87   12.7    0.0    ENE   0.00   1.6   ENE   14.9   14.9   14.9  1016.7   0.00    0.0    0.036   0.000   21.7    57   12.8   21.3   10.51   1.1843     351     1    100.0   15 
 3/05/26   2:30   14.9   14.9   14.9    87   12.7    0.0      E   0.00   1.6     E   14.9   14.9   14.9  1016.7   0.00    0.0    0.036   0.000   21.7    57   12.8   21.2   10.51   1.1845     350     1    100.0   15 
 3/05/26   2:45   14.9   14.9   14.8    88   12.9    0.0      E   0.00   4.8     E   14.9   14.9   14.9  1016.6   0.00    0.0    0.036   0.000   21.6    58   13.0   21.2   10.71   1.1844     351     1    100.0   15 
 3/05/26   3:00   14.8   14.9   14.8    88   12.9    0.0      E   0.00   8.0     E   14.8   14.9   14.9  1016.5   0.00    0.0    0.036   0.000   21.5    58   12.9   21.1   10.72   1.1848     351     1    100.0   15 
 3/05/26   3:15   14.8   14.8   14.8    88   12.8    0.0    ENE   0.00   1.6   ENE   14.8   14.8   14.8  1016.4   0.00    0.0    0.037   0.000   21.4    58   12.8   21.0   10.73   1.1850     351     1    100.0   15 
 3/05/26   3:30   14.8   14.8   14.8    88   12.9    0.0    ---   0.00   0.0   ---   14.8   14.9   14.9  1016.4   0.00    0.0    0.036   0.000   21.3    58   12.7   20.8   10.73   1.1856     352     1    100.0   15 
 3/05/26   3:45   14.8   14.9   14.8    88   12.9    0.0    ---   0.00   0.0   ---   14.8   14.9   14.9  1016.2   0.00    0.0    0.036   0.000   21.3    58   12.7   20.8   10.74   1.1856     351     1    100.0   15 
 3/05/26   4:00   14.8   14.9   14.8    89   13.0    0.0    ---   0.00   0.0   ---   14.8   14.9   14.9  1016.0   0.00    0.0    0.036   0.000   21.2    58   12.6   20.7   10.74   1.1857     349     1    100.0   15 
 3/05/26   4:15   14.6   14.8   14.3    88   12.6    0.0    ENE   0.00   4.8   ESE   14.6   14.6   14.6  1015.9   0.00    0.0    0.039   0.000   21.2    58   12.6   20.6   10.75   1.1859     351     1    100.0   15 
 3/05/26   4:30   14.2   14.4   14.1    90   12.6    0.0      E   0.00   4.8     E   14.2   14.3   14.3  1015.8   0.00    0.0    0.043   0.000   21.1    58   12.5   20.6   10.75   1.1860     352     1    100.0   15 
 3/05/26   4:45   14.5   14.6   14.4    90   12.9    0.0      E   0.00   3.2     E   14.5   14.6   14.6  1015.6   0.00    0.0    0.040   0.000   21.1    58   12.5   20.5   10.75   1.1861     348     1    100.0   15 
 3/05/26   5:00   14.6   14.6   14.6    89   12.8    0.0    ---   0.00   0.0   ---   14.6   14.6   14.6  1015.8   0.00    0.0    0.039   0.000   21.0    58   12.4   20.4   10.75   1.1866     351     1    100.0   15 
 3/05/26   5:15   14.5   14.6   14.5    89   12.7    0.0      E   0.00   1.6     E   14.5   14.6   14.6  1015.8   0.00    0.0    0.040   0.000   20.9    58   12.4   20.4   10.75   1.1869     351     1    100.0   15 
 3/05/26   5:30   14.5   14.5   14.4    89   12.7    0.0    ENE   0.00   3.2     E   14.5   14.6   14.6  1016.0   0.00    0.0    0.040   0.000   20.9    58   12.3   20.4   10.75   1.1873     352     1    100.0   15 
 3/05/26   5:45   14.5   14.6   14.5    89   12.7    0.0    ENE   0.00   8.0     E   14.5   14.6   14.6  1015.9   0.00    0.0    0.040   0.000   20.9    59   12.6   20.4   10.95   1.1869     351     1    100.0   15 
 3/05/26   6:00   14.6   14.7   14.5    89   12.8    1.6    ENE   0.40  12.9   ENE   14.6   14.7   14.7  1015.9   0.00    0.0    0.039   0.000   20.9    59   12.6   20.4   10.95   1.1870     351     1    100.0   15 
 3/05/26   6:15   14.7   14.8   14.7    89   12.9    3.2    ENE   0.80  12.9   ENE   14.7   14.8   14.8  1016.0   0.00    0.0    0.038   0.000   20.9    59   12.6   20.4   10.95   1.1871     351     1    100.0   15 
 3/05/26   6:30   14.8   14.8   14.7    89   13.0    3.2    ENE   0.80  12.9   ENE   14.8   14.8   14.8  1015.9   0.00    0.0    0.037   0.000   20.9    59   12.6   20.5   10.95   1.1866     350     1    100.0   15 
 3/05/26   6:45   14.9   15.0   14.8    89   13.1    4.8    ENE   1.21  14.5     E   14.9   14.9   14.9  1015.9   0.00    0.0    0.036   0.000   21.1    61   13.2   20.7   11.25   1.1855     352     1    100.0   15 
 3/05/26   7:00   15.1   15.2   15.0    89   13.3    3.2    ENE   0.80  16.1   ENE   15.1   15.2   15.2  1015.8   0.00    0.0    0.034   0.000   21.4    61   13.6   21.2   11.23   1.1834     351     1    100.0   15 
 3/05/26   7:15   15.2   15.2   15.1    87   13.0    3.2    ENE   0.80  14.5   ESE   15.2   15.2   15.2  1015.9   0.00    0.0    0.033   0.000   21.8    60   13.7   21.6   11.03   1.1822     351     1    100.0   15 
 3/05/26   7:30   15.1   15.2   15.1    86   12.8    3.2    ENE   0.80  14.5     E   15.1   15.2   15.2  1015.6   0.00    0.0    0.034   0.000   22.1    59   13.7   21.9   10.88   1.1804     349     1    100.0   15 
 3/05/26   7:45   15.4   15.6   15.2    84   12.7    4.8    ENE   1.21  12.9   ESE   15.4   15.4   15.4  1015.8   0.00    0.0    0.031   0.000   22.7    58   14.0   22.8   10.63   1.1778     351     1    100.0   15 
 3/05/26   8:00   15.8   16.1   15.6    82   12.8    4.8    ENE   1.21  14.5   ENE   15.8   15.8   15.8  1015.8   0.00    0.0    0.026   0.000   23.5    56   14.2   23.7   10.26   1.1745     351     1    100.0   15 
 3/05/26   8:15   16.3   16.5   16.1    79   12.6    4.8      E   1.21  14.5   ESE   16.3   16.3   16.3  1015.9   0.00    0.0    0.021   0.000   24.2    55   14.6   24.4   10.03   1.1715     351     1    100.0   15 
 3/05/26   8:30   16.5   16.6   16.4    79   12.8    4.8    ENE   1.21  14.5   ENE   16.5   16.6   16.6  1015.8   0.00    0.0    0.019   0.000   24.6    54   14.6   24.7    9.83   1.1698     350     1    100.0   15 
 3/05/26   8:45   16.7   16.7   16.6    78   12.8    4.8    ESE   1.21  16.1   ENE   16.7   16.7   16.7  1015.8   0.00    0.0    0.017   0.000   24.7    54   14.7   24.8    9.82   1.1692     352     1    100.0   15 
 3/05/26   9:00   16.9   17.2   16.7    75   12.5    4.8    ESE   1.21  17.7     E   16.9   16.8   16.8  1015.8   0.00    0.0    0.014   0.000   24.7    54   14.7   24.8    9.82   1.1692     351     1    100.0   15 
 3/05/26   9:15   17.3   17.4   17.2    74   12.6    4.8    ENE   1.21  14.5   ENE   17.3   17.2   17.2  1015.7   0.00    0.0    0.011   0.000   24.7    54   14.7   24.8    9.82   1.1691     350     1    100.0   15 
 3/05/26   9:30   17.3   17.4   17.3    73   12.4    4.8      E   1.21  14.5   ENE   17.3   17.3   17.3  1015.8   0.00    0.0    0.010   0.000   24.7    53   14.5   24.8    9.65   1.1694     351     1    100.0   15 
 3/05/26   9:45   17.4   17.5   17.3    72   12.3    4.8    ESE   1.21  14.5   ESE   17.4   17.3   17.3  1016.0   0.00    0.0    0.010   0.000   24.7    53   14.4   24.7    9.65   1.1698     351     1    100.0   15 
 3/05/26  10:00   17.6   17.7   17.4    71   12.3    4.8    ESE   1.21  11.3   ESE   17.6   17.5   17.5  1016.1   0.00    0.0    0.008   0.000   24.7    53   14.4   24.7    9.65   1.1700     352     1    100.0   15 
 3/05/26  10:15   17.4   17.6   17.2    73   12.5    4.8      E   1.21  12.9   ESE   17.4   17.3   17.3  1016.0   0.00    0.0    0.010   0.000   24.6    53   14.3   24.7    9.65   1.1704     351     1    100.0   15 
 3/05/26  10:30   16.7   17.2   16.2    79   13.1    8.0    ENE   2.01  24.1   ENE   16.7   16.8   16.8  1015.1   0.00    0.0    0.017   0.000   24.3    54   14.4   24.5    9.83   1.1701     351     1    100.0   15 
 3/05/26  10:45   15.7   16.1   15.5    86   13.4    4.8     SO   1.21  24.1    NE   15.7   15.8   15.8  1016.0   0.60    3.6    0.027   0.000   24.2    54   14.3   24.3    9.84   1.1721     351     1    100.0   15 
 3/05/26  11:00   15.6   15.7   15.5    89   13.7    1.6    ENE   0.40  14.5   ESE   15.6   15.7   15.7  1015.6   0.00    0.0    0.029   0.000   24.1    55   14.5   24.3   10.04   1.1718     351     1    100.0   15 
 3/05/26  11:15   15.6   15.7   15.6    89   13.8    1.6      E   0.40  12.9     E   15.6   15.8   15.8  1015.3   0.00    0.0    0.028   0.000   24.1    55   14.5   24.3   10.04   1.1714     351     1    100.0   15 
 3/05/26  11:30   15.8   15.9   15.6    89   14.0    1.6      E   0.40  11.3     E   15.8   15.9   15.9  1015.2   0.00    0.0    0.027   0.000   24.1    55   14.5   24.3   10.04   1.1713     349     1    100.0   15 
 3/05/26  11:45   16.2   16.5   15.9    85   13.6    3.2      E   0.80  12.9   ENE   16.2   16.3   16.3  1015.3   0.00    0.0    0.023   0.000   24.1    55   14.5   24.3   10.04   1.1714     350     1    100.0   15 
 3/05/26  12:00   16.6   16.6   16.5    80   13.1    3.2      E   0.80  11.3   ENE   16.6   16.7   16.7  1015.3   0.00    0.0    0.019   0.000   24.1    55   14.5   24.3   10.03   1.1711     349     1    100.0   15 
 3/05/26  12:15   16.9   17.1   16.6    78   13.0    4.8      E   1.21  14.5   ENE   16.9   16.9   16.9  1015.1   0.00    0.0    0.015   0.000   24.2    55   14.6   24.4   10.03   1.1706     351     1    100.0   15 
 3/05/26  12:30   17.1   17.2   17.1    78   13.2    4.8    ENE   1.21  12.9     E   17.1   17.2   17.2  1015.0   0.00    0.0    0.013   0.000   24.1    55   14.5   24.3   10.03   1.1708     351     1    100.0   15 
 3/05/26  12:45   17.0   17.1   16.9    79   13.3    4.8      E   1.21  12.9   ESE   17.0   17.1   17.1  1015.1   0.00    0.0    0.014   0.000   24.1    55   14.5   24.3   10.04   1.1712     351     1    100.0   15 
 3/05/26  13:00   17.1   17.2   16.9    79   13.4    3.2    ESE   0.80  12.9   ENE   17.1   17.2   17.2  1015.0   0.00    0.0    0.013   0.000   23.9    55   14.3   24.2   10.05   1.1716     351     1    100.0   15 
 3/05/26  13:15   17.4   17.6   17.3    74   12.8    4.8      E   1.21  12.9     E   17.4   17.4   17.4  1014.7   0.00    0.0    0.009   0.000   23.9    56   14.6   24.3   10.25   1.1709     350     1    100.0   15 
 3/05/26  13:30   18.0   18.2   17.6    71   12.7    6.4      E   1.61  22.5   ENE   18.0   17.9   17.9  1014.4   0.00    0.0    0.003   0.000   24.0    56   14.7   24.3   10.24   1.1703     349     1    100.0   15 
 3/05/26  13:45   18.2   18.3   18.1    70   12.7    4.8      E   1.21  16.1     E   18.2   18.2   18.2  1014.2   0.00    0.0    0.001   0.000   24.1    56   14.7   24.3   10.24   1.1698     351     1    100.0   15 
 3/05/26  14:00   18.3   18.3   18.1    71   12.9    4.8    ENE   1.21  16.1   ENE   18.3   18.3   18.3  1013.9   0.00    0.0    0.001   0.000   24.1    55   14.5   24.3   10.04   1.1698     351     1    100.0   15 
 3/05/26  14:15   18.0   18.1   17.8    72   12.9    4.8    ESE   1.21  16.1   ENE   18.0   18.0   18.0  1013.5   0.00    0.0    0.003   0.000   24.1    56   14.7   24.3   10.24   1.1690     351     1    100.0   15 
 3/05/26  14:30   17.6   17.8   17.4    71   12.2    4.8      E   1.21  12.9     E   17.6   17.4   17.4  1013.2   0.00    0.0    0.008   0.000   24.1    56   14.7   24.3   10.24   1.1686     350     1    100.0   15 
 3/05/26  14:45   17.3   17.4   17.2    74   12.6    4.8    ENE   1.21  12.9   ENE   17.3   17.2   17.2  1013.0   0.00    0.0    0.011   0.000   24.0    56   14.7   24.3   10.24   1.1687     349     1    100.0   15 
 3/05/26  15:00   17.1   17.2   16.9    75   12.6    4.8      E   1.21  14.5   ESE   17.1   17.0   17.0  1012.9   0.00    0.0    0.013   0.000   23.9    56   14.6   24.3   10.25   1.1689     349     1    100.0   15 
 3/05/26  15:15   16.9   16.9   16.8    77   12.8    6.4      E   1.61  16.1   ESE   16.9   16.9   16.9  1013.1   0.00    0.0    0.015   0.000   23.9    56   14.6   24.2   10.25   1.1694     351     1    100.0   15 
 3/05/26  15:30   16.8   16.8   16.7    77   12.8    4.8      E   1.21  16.1   ESE   16.8   16.8   16.8  1013.0   0.00    0.0    0.016   0.000   23.8    56   14.5   24.2   10.25   1.1695     352     1    100.0   15 
 3/05/26  15:45   16.6   16.7   16.4    78   12.7    6.4      E   1.61  14.5   ENE   16.6   16.6   16.6  1012.9   0.00    0.0    0.019   0.000   23.8    56   14.5   24.1   10.25   1.1697     351     1    100.0   15 
 3/05/26  16:00   16.4   16.5   16.3    80   12.9    6.4      E   1.61  20.9   ENE   16.4   16.4   16.4  1013.0   0.00    0.0    0.020   0.000   24.1    56   14.7   24.3   10.24   1.1683     350     1    100.0   15 
 3/05/26  16:15   16.2   16.3   16.1    82   13.1    6.4      E   1.61  14.5   ENE   16.2   16.3   16.3  1012.9   0.00    0.0    0.022   0.000   24.4    55   14.8   24.6   10.01   1.1667     351     1    100.0   15 
 3/05/26  16:30   15.8   16.1   15.6    82   12.8    6.4    ESE   1.61  17.7   ESE   15.8   15.8   15.8  1013.0   0.00    0.0    0.026   0.000   24.8    54   14.8   24.9    9.82   1.1654     352     1    100.0   15 
 3/05/26  16:45   15.5   15.6   15.4    80   12.1    6.4      E   1.61  16.1     E   15.5   15.4   15.4  1012.9   0.00    0.0    0.030   0.000   25.0    54   15.0   25.1    9.81   1.1642     351     1    100.0   15 
 3/05/26  17:00   15.4   15.6   15.4    79   11.8    4.8    ESE   1.21  14.5   ENE   15.4   15.3   15.3  1012.9   0.00    0.0    0.030   0.000   25.0    54   15.0   25.1    9.81   1.1642     351     1    100.0   15 
 3/05/26  17:15   15.6   15.7   15.6    76   11.4    4.8    ENE   1.21  16.1   ENE   15.6   15.4   15.4  1012.9   0.00    0.0    0.028   0.000   24.9    54   14.9   25.0    9.81   1.1647     351     1    100.0   15 
 3/05/26  17:30   15.6   15.6   15.6    75   11.1    3.2      E   0.80   9.7    SE   15.6   15.3   15.3  1013.3   0.00    0.0    0.029   0.000   24.7    54   14.7   24.8    9.82   1.1663     352     1    100.0   15 
 3/05/26  17:45   15.5   15.6   15.4    76   11.3    1.6    ESE   0.40   6.4   ESE   15.5   15.3   15.3  1013.5   0.00    0.0    0.030   0.000   24.4    54   14.5   24.6    9.83   1.1677     351     1    100.0   15 
 3/05/26  18:00   15.4   15.5   15.4    77   11.4    1.6    ESE   0.40   8.0     E   15.4   15.3   15.3  1013.5   0.00    0.0    0.030   0.000   24.2    55   14.6   24.4   10.03   1.1685     351     1    100.0   15 
 3/05/26  18:15   15.4   15.4   15.4    79   11.8    1.6      E   0.40   4.8   ENE   15.4   15.3   15.3  1013.5   0.00    0.0    0.030   0.000   24.0    55   14.4   24.3   10.04   1.1696     351     1    100.0   15 
 3/05/26  18:30   15.4   15.4   15.3    80   12.0    3.2    ENE   0.80   8.0     E   15.4   15.3   15.3  1013.4   0.00    0.0    0.031   0.000   23.9    56   14.6   24.3   10.25   1.1694     351     1    100.0   15 
 3/05/26  18:45   15.3   15.3   15.2    82   12.2    3.2      E   0.80   8.0     E   15.3   15.2   15.2  1013.4   0.00    0.0    0.032   0.000   23.9    56   14.6   24.2   10.25   1.1697     350     1    100.0   15 
 3/05/26  19:00   15.2   15.2   15.2    84   12.5    1.6      E   0.40   9.7     E   15.2   15.2   15.2  1013.5   0.00    0.0    0.033   0.000   23.8    56   14.5   24.2   10.25   1.1701     351     1    100.0   15 
 3/05/26  19:15   15.1   15.2   14.9    84   12.4    1.6    ESE   0.40   8.0     E   15.1   15.1   15.1  1013.5   0.00    0.0    0.034   0.000   23.7    56   14.4   23.9   10.26   1.1710     351     1    100.0   15 
 3/05/26  19:30   14.4   14.9   14.2    86   12.1    0.0    ESE   0.00   4.8    SE   14.4   14.4   14.4  1013.8   0.00    0.0    0.041   0.000   23.4    56   14.2   23.7   10.27   1.1724     351     1    100.0   15 
 3/05/26  19:45   13.9   14.2   13.6    87   11.8    0.0      E   0.00   1.6     E   13.9   13.9   13.9  1014.0   0.00    0.0    0.046   0.000   23.3    57   14.3   23.6   10.39   1.1728     352     1    100.0   15 
 3/05/26  20:00   13.9   14.1   13.6    89   12.1    0.0    ---   0.00   0.0   ---   13.9   13.9   13.9  1014.0   0.00    0.0    0.046   0.000   23.6    56   14.3   23.8   10.26   1.1721     351     1    100.0   15 
 3/05/26  20:15   14.1   14.3   14.0    89   12.3    0.0      E   0.00   4.8     E   14.1   14.1   14.1  1014.0   0.00    0.0    0.045   0.000   23.8    56   14.5   24.2   10.25   1.1707     351     1    100.0   15 
 3/05/26  20:30   14.3   14.4   14.2    88   12.4    0.0    ENE   0.00   1.6   ENE   14.3   14.3   14.3  1014.0   0.00    0.0    0.042   0.000   24.0    55   14.4   24.3   10.04   1.1702     351     1    100.0   15 
 3/05/26  20:45   14.3   14.3   14.2    88   12.3    0.0    ENE   0.00   4.8   ENE   14.3   14.3   14.3  1014.0   0.00    0.0    0.042   0.000   24.1    55   14.5   24.3   10.03   1.1696     351     1    100.0   15 
 3/05/26  21:00   14.4   14.5   14.2    88   12.4    0.0    ENE   0.00   8.0     E   14.4   14.4   14.4  1013.8   0.00    0.0    0.041   0.000   24.3    55   14.7   24.5   10.02   1.1685     350     1    100.0   15 
 3/05/26  21:15   14.4   14.5   14.3    87   12.3    1.6    ENE   0.40  14.5   ENE   14.4   14.4   14.4  1013.5   0.00    0.0    0.041   0.000   24.3    55   14.7   24.5   10.02   1.1682     350     1    100.0   15 
 3/05/26  21:30   14.4   14.4   14.3    88   12.4    1.6    ENE   0.40  16.1   ENE   14.4   14.4   14.4  1013.5   0.00    0.0    0.041   0.000   24.4    54   14.5   24.6    9.83   1.1680     351     1    100.0   15 
 3/05/26  21:45   14.3   14.4   14.1    89   12.5    3.2      E   0.80  12.9   ENE   14.3   14.4   14.4  1013.5   0.00    0.0    0.042   0.000   24.4    54   14.5   24.6    9.83   1.1677     351     1    100.0   15 
 3/05/26  22:00   13.9   14.1   13.8    90   12.3    1.6    ENE   0.40  11.3   ENE   13.9   14.0   14.0  1013.5   0.00    0.0    0.046   0.000   24.4    54   14.5   24.6    9.83   1.1677     351     1    100.0   15 
 3/05/26  22:15   13.8   13.9   13.8    90   12.2    0.0    ESE   0.00   1.6   ESE   13.8   13.9   13.9  1013.6   0.00    0.0    0.047   0.000   24.5    54   14.6   24.6    9.83   1.1675     349     1    100.0   15 
 3/05/26  22:30   13.9   13.9   13.8    91   12.4    0.0     NE   0.00   3.2    NE   13.9   13.9   13.9  1013.6   0.00    0.0    0.046   0.000   24.4    54   14.5   24.6    9.83   1.1681     351     1    100.0   15 
 3/05/26  22:45   13.9   13.9   13.9    92   12.6    0.0    ESE   0.00   4.8   ESE   13.9   13.9   13.9  1013.6   0.00    0.0    0.046   0.000   24.1    54   14.2   24.3    9.84   1.1695     350     1    100.0   15 
 3/05/26  23:00   13.8   13.9   13.8    92   12.6    0.0    ESE   0.00   4.8   ENE   13.8   13.9   13.9  1013.6   0.00    0.0    0.047   0.000   23.8    55   14.2   24.1   10.05   1.1706     352     1    100.0   15 
 3/05/26  23:15   13.7   13.8   13.7    93   12.6    0.0    ENE   0.00   4.8   ENE   13.7   13.8   13.8  1013.6   0.00    0.0    0.048   0.000   23.5    55   13.9   23.7   10.06   1.1723     350     1    100.0   15 
 3/05/26  23:30   13.6   13.7   13.6    93   12.5    0.0    ENE   0.00   1.6   ENE   13.6   13.7   13.7  1013.5   0.00    0.0    0.049   0.000   23.3    56   14.0   23.4   10.27   1.1730     351     1    100.0   15 
 3/05/26  23:45   13.6   13.6   13.6    93   12.4    0.0    ENE   0.00   1.6   ENE   13.6   13.7   13.7  1013.5   0.00    0.0    0.050   0.000   23.1    56   13.8   23.2   10.28   1.1740     351     1    100.0   15 
 4/05/26  00:00   13.6   13.6   13.6    93   12.4    0.0      E   0.00   1.6     E   13.6   13.7   13.7  1013.5   0.00    0.0    0.050   0.000   22.8    56   13.6   22.9   10.29   1.1752     351     1    100.0   15 
 4/05/26   0:15   13.6   13.6   13.6    94   12.6    0.0    ---   0.00   0.0   ---   13.6   13.7   13.7  1013.4   0.00    0.0    0.050   0.000   22.7    57   13.7   22.7   10.44   1.1756     348     1    100.0   15 
 4/05/26   0:30   13.6   13.7   13.6    94   12.7    0.0    ---   0.00   0.0   ---   13.6   13.7   13.7  1013.2   0.00    0.0    0.049   0.000   22.5    57   13.6   22.4   10.45   1.1762     352     1    100.0   15 
 4/05/26   0:45   13.6   13.7   13.6    93   12.5    0.0    ---   0.00   0.0   ---   13.6   13.7   13.7  1013.3   0.00    0.0    0.049   0.000   22.3    57   13.4   22.2   10.46   1.1771     351     1    100.0   15 
 4/05/26   1:00   13.6   13.6   13.6    93   12.4    0.0    ---   0.00   0.0   ---   13.6   13.7   13.7  1013.1   0.00    0.0    0.050   0.000   22.2    57   13.2   21.9   10.47   1.1778     351     1    100.0   15 
 4/05/26   1:15   13.6   13.6   13.6    93   12.4    0.0    ---   0.00   0.0   ---   13.6   13.7   13.7  1013.0   0.00    0.0    0.050   0.000   22.0    58   13.4   21.8   10.69   1.1782     351     1    100.0   15 
 4/05/26   1:30   13.6   13.6   13.6    94   12.6    0.0    ---   0.00   0.0   ---   13.6   13.7   13.7  1012.7   0.00    0.0    0.050   0.000   21.8    58   13.2   21.5   10.70   1.1787     352     1    100.0   15 
 4/05/26   1:45   13.7   13.7   13.6    93   12.6    0.0    ---   0.00   0.0   ---   13.7   13.8   13.8  1012.9   0.00    0.0    0.049   0.000   21.7    58   13.1   21.3   10.71   1.1795     351     1    100.0   15 
 4/05/26   2:00   13.7   13.7   13.6    93   12.6    0.0    ---   0.00   0.0   ---   13.7   13.8   13.8  1012.6   0.00    0.0    0.049   0.000   21.6    58   13.0   21.2   10.71   1.1797     351     1    100.0   15 
 4/05/26   2:15   13.7   13.7   13.7    93   12.6    0.0    ---   0.00   0.0   ---   13.7   13.8   13.8  1012.5   0.00    0.0    0.048   0.000   21.5    58   12.9   21.1   10.72   1.1802     351     1    100.0   15 
 4/05/26   2:30   13.7   13.7   13.6    93   12.6    0.0    ---   0.00   0.0   ---   13.7   13.8   13.8  1012.6   0.00    0.0    0.049   0.000   21.4    59   13.1   21.1   10.93   1.1802     350     1    100.0   15 
 4/05/26   2:45   13.5   13.6   13.4    93   12.4    0.0    ---   0.00   0.0   ---   13.5   13.6   13.6  1012.5   0.00    0.0    0.050   0.000   21.3    59   12.9   20.8   10.94   1.1810     352     1    100.0   15 
 4/05/26   3:00   13.5   13.5   13.4    93   12.4    0.0    ENE   0.00   1.6   ENE   13.5   13.6   13.6  1012.5   0.00    0.0    0.050   0.000   21.2    59   12.8   20.7   10.95   1.1816     351     1    100.0   15 
 4/05/26   3:15   13.5   13.5   13.5    93   12.4    0.0    ---   0.00   0.0   ---   13.5   13.6   13.6  1012.5   0.00    0.0    0.050   0.000   21.1    59   12.7   20.6   10.95   1.1821     351     1    100.0   15 
 4/05/26   3:30   13.6   13.6   13.5    92   12.3    0.0    ---   0.00   0.0   ---   13.6   13.6   13.6  1012.5   0.00    0.0    0.050   0.000   21.0    59   12.7   20.5   10.95   1.1824     351     1    100.0   15 
 4/05/26   3:45   13.6   13.6   13.5    92   12.3    0.0    ---   0.00   0.0   ---   13.6   13.6   13.6  1012.6   0.00    0.0    0.050   0.000   20.9    59   12.6   20.5   10.95   1.1828     351     1    100.0   15 
 4/05/26   4:00   13.5   13.6   13.4    91   12.1    0.0    ---   0.00   0.0   ---   13.5   13.6   13.6  1012.6   0.00    0.0    0.050   0.000   20.8    59   12.5   20.4   10.95   1.1834     349     1    100.0   15 
 4/05/26   4:15   13.4   13.4   13.3    91   11.9    0.0    ---   0.00   0.0   ---   13.4   13.4   13.4  1012.6   0.00    0.0    0.052   0.000   20.8    59   12.5   20.3   10.95   1.1836     351     1    100.0   15 
 4/05/26   4:30   13.4   13.4   13.3    92   12.1    0.0    ---   0.00   0.0   ---   13.4   13.4   13.4  1012.5   0.00    0.0    0.052   0.000   20.7    59   12.4   20.3   10.95   1.1840     351     1    100.0   15 
 4/05/26   4:45   13.6   13.6   13.4    92   12.3    0.0    ---   0.00   0.0   ---   13.6   13.6   13.6  1012.4   0.00    0.0    0.050   0.000   20.6    59   12.3   20.2   10.95   1.1842     352     1    100.0   15 
 4/05/26   5:00   13.6   13.7   13.6    92   12.3    0.0    ---   0.00   0.0   ---   13.6   13.7   13.7  1012.3   0.00    0.0    0.049   0.000   20.6    60   12.5   20.2   11.05   1.1842     351     1    100.0   15 
 4/05/26   5:15   13.7   13.7   13.7    92   12.4    0.0    ---   0.00   0.0   ---   13.7   13.7   13.7  1012.4   0.00    0.0    0.049   0.000   20.5    60   12.5   20.2   11.05   1.1845     350     1    100.0   15 
 4/05/26   5:30   13.8   13.8   13.7    92   12.5    0.0    ---   0.00   0.0   ---   13.8   13.8   13.8  1012.3   0.00    0.0    0.047   0.000   20.4    60   12.4   20.2   11.05   1.1846     351     1    100.0   15 
 4/05/26   5:45   13.8   13.8   13.8    92   12.5    0.0    ---   0.00   0.0   ---   13.8   13.8   13.8  1012.1   0.00    0.0    0.047   0.000   20.4    60   12.4   20.2   11.05   1.1844     351     1    100.0   15 
 4/05/26   6:00   13.9   14.1   13.8    92   12.7    0.0    ESE   0.00   1.6   ESE   13.9   14.0   14.0  1012.3   0.00    0.0    0.046   0.000   20.6    59   12.3   20.2   10.95   1.1844     351     1    100.0   15 
 4/05/26   6:15   13.9   14.0   13.9    92   12.7    0.0    ---   0.00   0.0   ---   13.9   14.0   14.0  1012.3   0.00    0.0    0.046   0.000   20.7    59   12.4   20.3   10.95   1.1839     351     1    100.0   15 
