                 Temp.  Temp.  Temp.  Hum.   Punt   Vel.   Dir.   Rec.  Vel.  Dir.  Sens.   ═nd.   ═nd.                  Int. Graus D.Graus D.  Temp.  Hum. Rosada  In.Cal.  EMC     Dens.    Mostr   Tx   Recep.  Int.
  Data    Hora    Ext.   MÓx.   Mÿn.  Ext. Rosada   Vent   Vent   Vent  MÓx.  MÓx.  T×rm.  Calor   THW    Bar    Pluja   Pluja  Calor    Fred    Int.  Int.   Int.   Int.    Int.  Int.Aire    Vent   Vent   ISS   Arc.
-------------------------------------------------------------------------------------------------------------------------------------------------------------------------------------------------------------------------
13/05/26   0:15   11.9   12.0   11.9    93   10.8    1.6     NE   0.40   4.8   NNO   11.9   12.1   12.1  1012.3   0.00    0.0    0.067   0.000   22.7    58   14.0   22.7   10.64   1.1739     350     1    100.0   15 
13/05/26   0:30   11.9   11.9   11.8    93   10.8    1.6     NO   0.40   9.7     E   11.9   12.0   12.0  1012.2   0.00    0.0    0.067   0.000   22.5    58   13.8   22.5   10.65   1.1747     351     1    100.0   15 
13/05/26   0:45   11.9   11.9   11.8    93   10.8    0.0    ENE   0.00   4.8   ENE   11.9   12.1   12.1  1012.1   0.00    0.0    0.067   0.000   22.3    58   13.6   22.2   10.67   1.1757     351     1    100.0   15 
13/05/26   1:00   12.0   12.1   11.9    93   10.9    0.0    ENE   0.00   4.8   ENE   12.0   12.1   12.1  1012.0   0.00    0.0    0.066   0.000   22.1    59   13.7   21.9   10.88   1.1761     351     1    100.0   15 
13/05/26   1:15   12.2   12.2   12.1    91   10.7    1.6    ENE   0.40   4.8   ENE   12.2   12.2   12.2  1012.0   0.00    0.0    0.064   0.000   21.9    59   13.6   21.7   10.89   1.1769     351     1    100.0   15 
13/05/26   1:30   12.3   12.4   12.2    90   10.7    1.6    ENE   0.40   3.2   ENE   12.3   12.4   12.4  1012.0   0.00    0.0    0.062   0.000   21.8    59   13.4   21.5   10.90   1.1778     351     1    100.0   15 
13/05/26   1:45   12.2   12.3   12.0    90   10.6    0.0    ENE   0.00   3.2   ENE   12.2   12.3   12.3  1011.9   0.00    0.0    0.064   0.000   21.6    59   13.3   21.3   10.91   1.1786     351     1    100.0   15 
13/05/26   2:00   11.8   12.0   11.8    91   10.4    0.0    ENE   0.00   3.2   ENE   11.8   11.9   11.9  1012.0   0.00    0.0    0.068   0.000   21.6    59   13.2   21.2   10.92   1.1789     351     1    100.0   15 
13/05/26   2:15   11.8   11.8   11.7    92   10.5    1.6    NNO   0.40   6.4   SSE   11.8   11.9   11.9  1011.9   0.00    0.0    0.068   0.000   21.5    59   13.1   21.1   10.92   1.1791     351     1    100.0   15 
13/05/26   2:30   11.7   11.7   11.6    92   10.4    0.0    NNO   0.00   4.8   NNO   11.7   11.8   11.8  1011.8   0.00    0.0    0.069   0.000   21.4    59   13.0   21.0   10.93   1.1796     351     1    100.0   15 
13/05/26   2:45   11.8   11.9   11.7    92   10.6    1.6    ONO   0.40   4.8   ONO   11.8   11.9   11.9  1011.8   0.00    0.0    0.068   0.000   21.3    60   13.2   20.9   11.04   1.1798     351     1    100.0   15 
13/05/26   3:00   11.9   12.0   11.9    91   10.5    1.6     NO   0.40   8.0     O   11.9   12.0   12.0  1011.7   0.00    0.0    0.067   0.000   21.2    60   13.1   20.7   11.05   1.1803     352     1    100.0   15 
13/05/26   3:15   11.9   12.0   11.8    89   10.2    1.6     NO   0.40   8.0    SO   11.9   12.0   12.0  1011.6   0.00    0.0    0.067   0.000   21.1    60   13.0   20.6   11.05   1.1807     351     1    100.0   15 
13/05/26   3:30   11.7   11.8   11.5    89    9.9    0.0    OSO   0.00   6.4   SSO   11.7   11.7   11.7  1011.8   0.00    0.0    0.069   0.000   20.9    60   12.9   20.6   11.05   1.1815     351     1    100.0   15 
13/05/26   3:45   11.4   11.5   11.3    88    9.5    1.6     NO   0.40   8.0   NNO   11.4   11.4   11.4  1011.9   0.00    0.0    0.072   0.000   20.8    60   12.8   20.4   11.05   1.1822     351     1    100.0   15 
13/05/26   4:00   11.2   11.3   11.0    88    9.3    1.6     NO   0.40   9.7   NNO   11.2   11.2   11.2  1012.1   0.00    0.0    0.075   0.000   20.7    60   12.7   20.3   11.05   1.1830     352     1    100.0   15 
13/05/26   4:15   10.8   11.0   10.6    88    8.9    1.6     NO   0.40   8.0    NO   10.8   10.8   10.8  1012.2   0.00    0.0    0.079   0.000   20.6    60   12.6   20.3   11.05   1.1837     350     1    100.0   15 
13/05/26   4:30   10.4   10.6   10.4    89    8.7    0.0     NO   0.00   8.0   ONO   10.4   10.6   10.6  1012.1   0.00    0.0    0.082   0.000   20.4    60   12.4   20.2   11.05   1.1845     351     1    100.0   15 
13/05/26   4:45   10.3   10.4   10.3    89    8.6    0.0     NO   0.00   1.6    NO   10.3   10.4   10.4  1012.1   0.00    0.0    0.083   0.000   20.3    60   12.3   20.1   11.05   1.1851     351     1    100.0   15 
13/05/26   5:00   10.2   10.3   10.2    89    8.5    0.0    ONO   0.00   1.6    NO   10.2   10.3   10.3  1012.5   0.00    0.0    0.084   0.000   20.2    61   12.5   20.1   11.25   1.1857     351     1    100.0   15 
13/05/26   5:15   10.3   10.3   10.2    88    8.4    0.0     NO   0.00   1.6    NO   10.3   10.4   10.4  1012.7   0.00    0.0    0.084   0.000   20.2    61   12.5   20.1   11.25   1.1860     351     1    100.0   15 
13/05/26   5:30   10.1   10.2   10.0    88    8.2    0.0    ONO   0.00   8.0   NNO   10.1   10.2   10.2  1012.8   0.00    0.0    0.086   0.000   20.4    60   12.4   20.2   11.05   1.1853     351     1    100.0   15 
13/05/26   5:45   10.1   10.1   10.0    88    8.2    0.0     NO   0.00   6.4   OSO   10.1   10.2   10.2  1013.1   0.00    0.0    0.086   0.000   21.0    59   12.7   20.5   10.95   1.1831     351     1    100.0   15 
13/05/26   6:00   10.1   10.2   10.0    87    8.0    1.6     NO   0.40  11.3   OSO   10.1   10.2   10.2  1013.1   0.00    0.0    0.086   0.000   21.6    58   12.9   21.1   10.72   1.1806     351     1    100.0   15 
13/05/26   6:15   10.6   10.9   10.2    85    8.1    1.6     NO   0.40   9.7     O   10.6   10.6   10.6  1013.1   0.00    0.0    0.081   0.000   22.4    57   13.5   22.3   10.46   1.1767     352     1    100.0   15 
13/05/26   6:30   10.9   10.9   10.8    84    8.3    0.0    OSO   0.00   8.0   OSO   10.9   10.9   10.9  1013.2   0.00    0.0    0.078   0.000   23.2    57   14.2   23.3   10.40   1.1728     351     1    100.0   15 
13/05/26   6:45   11.0   11.1   10.9    82    8.0    1.6     NO   0.40   9.7   OSO   11.0   10.9   10.9  1013.3   0.00    0.0    0.076   0.000   23.6    56   14.3   23.8   10.26   1.1713     349     1    100.0   15 
13/05/26   7:00   11.4   11.8   11.1    81    8.3    3.2     NO   0.80  12.9    NO   11.4   11.3   11.3  1013.2   0.00    0.0    0.072   0.000   23.8    56   14.5   24.2   10.25   1.1698     351     1    100.0   15 
13/05/26   7:15   12.2   12.5   11.8    79    8.6    4.8     NO   1.21  14.5   SSO   12.2   12.0   12.0  1013.3   0.00    0.0    0.064   0.000   24.3    55   14.7   24.5   10.02   1.1679     348     1    100.0   15 
13/05/26   7:30   12.8   13.2   12.5    78    9.1    3.2     NO   0.80  12.9    NO   12.8   12.6   12.6  1013.2   0.00    0.0    0.057   0.000   24.4    51   13.6   24.4    9.35   1.1687     352     1    100.0   15 
13/05/26   7:45   13.3   13.4   13.2    76    9.1    4.8     NO   1.21  14.5    NO   13.3   13.0   13.0  1013.2   0.00    0.0    0.053   0.000   24.4    51   13.6   24.5    9.35   1.1684     351     1    100.0   15 
13/05/26   8:00   13.7   14.0   13.4    74    9.2    3.2     NO   0.80  11.3    NO   13.7   13.4   13.4  1013.2   0.00    0.0    0.048   0.000   24.7    51   13.9   24.7    9.35   1.1670     347     1    100.0   15 
13/05/26   8:15   14.2   14.2   14.0    74    9.6    4.8     NO   1.21  12.9     O   14.2   13.8   13.8  1013.3   0.00    0.0    0.043   0.000   24.9    51   14.1   24.8    9.35   1.1663     351     1    100.0   15 
13/05/26   8:30   14.4   14.5   14.3    73    9.6    4.8     NO   1.21  14.5    SO   14.4   14.1   14.1  1013.2   0.00    0.0    0.041   0.000   25.0    50   13.9   24.9    9.21   1.1660     352     1    100.0   15 
13/05/26   8:45   14.7   15.1   14.3    72    9.7    4.8     NO   1.21   9.7     O   14.7   14.3   14.3  1013.2   0.00    0.0    0.038   0.000   24.9    51   14.1   24.9    9.35   1.1659     348     1    100.0   15 
13/05/26   9:00   15.4   15.6   15.1    67    9.3    4.8     NO   1.21  14.5   NNO   15.4   14.9   14.9  1013.2   0.00    0.0    0.031   0.000   24.8    50   13.7   24.8    9.22   1.1668     351     1    100.0   15 
13/05/26   9:15   15.6   15.7   15.4    70   10.1    3.2    NNO   0.80   9.7    NO   15.6   15.2   15.2  1013.3   0.00    0.0    0.029   0.000   24.8    50   13.6   24.7    9.22   1.1673     351     1    100.0   15 
13/05/26   9:30   15.7   15.8   15.6    68    9.8    3.2     NO   0.80   9.7    NO   15.7   15.3   15.3  1013.4   0.00    0.0    0.027   0.000   24.7    50   13.5   24.6    9.22   1.1679     352     1    100.0   15 
13/05/26   9:45   16.1   16.5   15.8    64    9.3    4.8     NO   1.21  12.9   OSO   16.1   15.6   15.6  1013.5   0.00    0.0    0.023   0.000   24.4    50   13.3   24.4    9.23   1.1692     350     1    100.0   15 
13/05/26  10:00   16.7   16.8   16.5    62    9.4    4.8     NO   1.21  14.5   NNO   16.7   16.2   16.2  1013.5   0.00    0.0    0.017   0.000   24.4    49   13.0   24.4    9.03   1.1695     351     1    100.0   15 
13/05/26  10:15   17.1   17.3   16.8    61    9.5    4.8    NNO   1.21  11.3    SO   17.1   16.6   16.6  1013.4   0.00    0.0    0.013   0.000   24.4    48   12.7   24.3    8.93   1.1700     351     1    100.0   15 
13/05/26  10:30   17.2   17.4   16.9    63   10.1    4.8    OSO   1.21  16.1   OSO   17.2   16.8   16.8  1013.5   0.00    0.0    0.012   0.000   24.4    48   12.7   24.3    8.93   1.1702     351     1    100.0   15 
13/05/26  10:45   17.5   17.7   17.2    59    9.4    4.8     NO   1.21  12.9   OSO   17.5   16.9   16.9  1013.4   0.00    0.0    0.009   0.000   24.3    48   12.6   24.2    8.94   1.1706     350     1    100.0   15 
13/05/26  11:00   17.9   18.2   17.6    57    9.2    4.8    ONO   1.21  12.9     O   17.9   17.3   17.3  1013.4   0.00    0.0    0.005   0.000   24.3    49   12.9   24.2    9.04   1.1702     348     1    100.0   15 
13/05/26  11:15   18.1   18.2   18.1    59   10.0    3.2     NO   0.80  12.9     O   18.1   17.6   17.6  1013.4   0.00    0.0    0.002   0.000   24.3    49   12.9   24.2    9.04   1.1702     350     1    100.0   15 
13/05/26  11:30   18.3   18.7   18.2    59   10.1    4.8    OSO   1.21  12.9   OSO   18.3   17.8   17.8  1013.3   0.00    0.0    0.001   0.000   24.3    50   13.2   24.3    9.23   1.1695     351     1    100.0   15 
13/05/26  11:45   18.9   19.1   18.7    55    9.7    6.4    OSO   1.61  14.5    SO   18.9   18.3   18.3  1013.2   0.00    0.0    0.000   0.006   24.4    49   13.0   24.3    9.03   1.1694     352     1    100.0   15 
13/05/26  12:00   19.0   19.2   18.8    54    9.5    6.4    OSO   1.61  17.7   OSO   19.0   18.3   18.3  1013.1   0.00    0.0    0.000   0.007   24.4    49   13.0   24.4    9.03   1.1690     351     1    100.0   15 
13/05/26  12:15   19.7   19.9   19.3    51    9.2    4.8     NO   1.21  14.5     N   19.7   18.9   18.9  1012.9   0.00    0.0    0.000   0.014   24.4    49   13.0   24.3    9.03   1.1691     351     1    100.0   15 
13/05/26  12:30   20.1   20.3   19.8    53   10.2    6.4    NNO   1.61  19.3   NNO   20.1   19.6   19.6  1012.8   0.00    0.0    0.000   0.019   24.4    50   13.3   24.4    9.23   1.1683     351     1    100.0   15 
13/05/26  12:45   20.6   20.8   20.2    52   10.4    4.8     NO   1.21   9.7    NO   20.6   19.9   19.9  1012.7   0.00    0.0    0.000   0.023   24.4    50   13.3   24.4    9.23   1.1681     351     1    100.0   15 
13/05/26  13:00   20.9   21.1   20.8    49    9.8    4.8     NO   1.21  12.9    NO   20.9   19.9   19.9  1012.6   0.00    0.0    0.000   0.027   24.4    50   13.3   24.4    9.23   1.1683     351     1    100.0   15 
13/05/26  13:15   21.1   21.3   20.8    49    9.9    4.8     NO   1.21  12.9     N   21.1   20.1   20.1  1012.4   0.00    0.0    0.000   0.028   24.1    51   13.3   24.2    9.35   1.1691     351     1    100.0   15 
13/05/26  13:30   21.4   21.6   21.3    48   10.0    4.8     NO   1.21  12.9   NNO   21.4   20.5   20.5  1012.2   0.00    0.0    0.000   0.032   24.2    51   13.4   24.2    9.35   1.1687     350     1    100.0   15 
13/05/26  13:45   21.7   21.8   21.3    45    9.2    4.8     NO   1.21  14.5    NO   21.7   20.6   20.6  1012.1   0.00    0.0    0.000   0.035   24.5    50   13.4   24.5    9.23   1.1672     351     1    100.0   15 
13/05/26  14:00   22.0   22.1   21.8    46    9.8    4.8     NO   1.21  16.1    NO   22.0   21.2   21.2  1012.0   0.00    0.0    0.000   0.038   24.7    50   13.6   24.7    9.22   1.1659     352     1    100.0   15 
13/05/26  14:15   22.1   22.3   21.9    45    9.6    4.8    OSO   1.21  16.1    NO   22.1   21.3   21.3  1011.7   0.00    0.0    0.000   0.039   24.8    50   13.7   24.8    9.22   1.1651     351     1    100.0   15 
13/05/26  14:30   21.9   22.1   21.8    45    9.5    4.8    OSO   1.21  20.9    NO   21.9   21.0   21.0  1011.5   0.00    0.0    0.000   0.038   24.9    49   13.4   24.8    9.01   1.1649     351     1    100.0   15 
13/05/26  14:45   22.6   22.9   22.1    43    9.3    6.4     NO   1.61  17.7    SO   22.6   21.8   21.8  1011.4   0.00    0.0    0.000   0.044   25.0    50   13.9   24.9    9.21   1.1639     350     1    100.0   15 
13/05/26  15:00   22.5   23.2   22.1    42    8.9    4.8     NO   1.21  11.3     O   22.5   21.7   21.7  1011.4   0.00    0.0    0.000   0.043   25.1    50   14.0   25.0    9.21   1.1633     351     1    100.0   15 
13/05/26  15:15   23.2   23.3   23.1    41    9.2    3.2    OSO   0.80  11.3    NO   23.2   22.7   22.7  1011.3   0.00    0.0    0.000   0.051   25.1    50   14.0   25.0    9.21   1.1633     351     1    100.0   15 
13/05/26  15:30   23.3   23.6   23.1    40    9.0    3.2    OSO   0.80  12.9   OSO   23.3   22.8   22.8  1011.2   0.00    0.0    0.000   0.052   25.1    50   14.0   25.0    9.21   1.1631     351     1    100.0   15 
13/05/26  15:45   22.7   23.1   22.3    47   10.8    3.2     SO   0.80   9.7   SSO   22.7   22.3   22.3  1011.3   0.00    0.0    0.000   0.046   25.1    50   14.0   25.0    9.21   1.1632     350     1    100.0   15 
13/05/26  16:00   22.1   22.2   21.8    48   10.5    3.2      O   0.80   9.7     S   22.1   21.3   21.3  1011.2   0.00    0.0    0.000   0.039   25.1    50   13.9   24.9    9.21   1.1634     351     1    100.0   15 
13/05/26  16:15   21.4   21.7   21.2    51   10.9    3.2      O   0.80   8.0     O   21.4   20.7   20.7  1011.2   0.00    0.0    0.000   0.032   25.0    50   13.9   24.9    9.21   1.1637     351     1    100.0   15 
13/05/26  16:30   20.7   21.2   20.2    54   11.0    3.2      S   0.80  11.3     E   20.7   20.1   20.1  1011.2   0.00    0.0    0.000   0.024   24.9    50   13.8   24.8    9.21   1.1640     351     1    100.0   15 
13/05/26  16:45   19.7   20.2   19.4    56   10.7    8.0    ENE   2.01  17.7   ENE   19.7   19.3   19.3  1011.2   0.00    0.0    0.000   0.014   24.8    50   13.6   24.7    9.22   1.1647     351     1    100.0   15 
13/05/26  17:00   19.2   19.4   19.1    57   10.5    6.4    ENE   1.61  16.1    NE   19.2   18.8   18.8  1011.2   0.00    0.0    0.000   0.009   24.7    50   13.5   24.6    9.22   1.1653     351     1    100.0   15 
13/05/26  17:15   18.7   19.1   18.4    58   10.2    8.0    ENE   2.01  20.9   ENE   18.7   18.2   18.2  1011.2   0.00    0.0    0.000   0.003   24.6    50   13.5   24.6    9.22   1.1656     352     1    100.0   15 
13/05/26  17:30   18.2   18.4   18.1    59   10.0    8.0    ENE   2.01  19.3   ENE   18.2   17.7   17.7  1011.2   0.00    0.0    0.002   0.000   24.5    51   13.7   24.5    9.35   1.1658     351     1    100.0   15 
13/05/26  17:45   17.9   18.1   17.8    61   10.3    8.0      E   2.01  20.9     E   17.9   17.5   17.5  1011.3   0.00    0.0    0.004   0.000   24.4    51   13.6   24.4    9.35   1.1665     351     1    100.0   15 
13/05/26  18:00   17.7   17.8   17.5    62   10.3    8.0      E   2.01  19.3   ENE   17.7   17.2   17.2  1011.6   0.00    0.0    0.007   0.000   24.2    52   13.7   24.3    9.54   1.1672     351     1    100.0   15 
13/05/26  18:15   17.3   17.5   17.2    64   10.5    8.0      E   2.01  20.9     E   17.3   16.9   16.9  1011.5   0.00    0.0    0.010   0.000   24.1    52   13.6   24.2    9.54   1.1680     351     1    100.0   15 
13/05/26  18:30   17.2   17.2   17.0    65   10.5    6.4    ENE   1.61  19.3   ENE   17.2   16.8   16.8  1011.7   0.00    0.0    0.012   0.000   23.9    52   13.5   24.1    9.55   1.1688     351     1    100.0   15 
13/05/26  18:45   16.8   17.1   16.6    70   11.3    6.4    ENE   1.61  16.1     E   16.8   16.6   16.6  1011.8   0.00    0.0    0.016   0.000   23.8    54   14.0   24.1    9.85   1.1688     351     1    100.0   15 
13/05/26  19:00   16.3   16.6   16.1    72   11.3    8.0    ENE   2.01  17.7   ENE   16.3   16.1   16.1  1011.9   0.00    0.0    0.021   0.000   23.7    54   13.9   23.9    9.86   1.1695     350     1    100.0   15 
13/05/26  19:15   15.8   16.1   15.6    75   11.4    6.4    ENE   1.61  16.1     E   15.8   15.7   15.7  1012.1   0.00    0.0    0.026   0.000   23.5    53   13.4   23.6    9.68   1.1711     351     1    100.0   15 
13/05/26  19:30   15.4   15.6   15.3    78   11.6    8.0    ENE   2.01  20.9     E   15.4   15.3   15.3  1012.1   0.00    0.0    0.030   0.000   23.4    54   13.6   23.6    9.87   1.1711     352     1    100.0   15 
13/05/26  19:45   15.0   15.3   14.8    80   11.6    6.4    ENE   1.61  22.5   ESE   15.0   14.9   14.9  1012.3   0.00    0.0    0.035   0.000   23.4    54   13.6   23.4    9.87   1.1716     351     1    100.0   15 
13/05/26  20:00   14.7   14.8   14.6    82   11.6    4.8      E   1.21  14.5     E   14.7   14.6   14.6  1012.4   0.00    0.0    0.038   0.000   23.6    54   13.8   23.8    9.86   1.1706     350     1    100.0   15 
13/05/26  20:15   14.5   14.6   14.4    82   11.5    3.2      E   0.80  11.3     E   14.5   14.4   14.4  1012.5   0.00    0.0    0.040   0.000   24.0    53   13.8   24.2    9.65   1.1691     350     1    100.0   15 
13/05/26  20:30   14.3   14.4   14.3    83   11.5    0.0    ENE   0.00   6.4   ENE   14.3   14.3   14.3  1012.5   0.00    0.0    0.042   0.000   24.4    53   14.2   24.5    9.65   1.1672     352     1    100.0   15 
13/05/26  20:45   14.3   14.4   14.2    83   11.5    0.0    ENE   0.00   1.6     E   14.3   14.3   14.3  1012.6   0.00    0.0    0.042   0.000   24.6    53   14.4   24.7    9.65   1.1661     350     1    100.0   15 
13/05/26  21:00   14.2   14.2   14.1    84   11.5    0.0    ENE   0.00  11.3   ENE   14.2   14.1   14.1  1012.7   0.00    0.0    0.043   0.000   24.7    52   14.2   24.8    9.52   1.1661     351     1    100.0   15 
13/05/26  21:15   14.2   14.2   14.1    84   11.5    0.0    ENE   0.00   8.0   ENE   14.2   14.1   14.1  1012.7   0.00    0.0    0.043   0.000   24.9    52   14.4   24.9    9.51   1.1652     351     1    100.0   15 
13/05/26  21:30   14.2   14.2   14.1    84   11.5    0.0    ENE   0.00   6.4   ENE   14.2   14.1   14.1  1012.6   0.00    0.0    0.043   0.000   24.9    52   14.4   24.9    9.51   1.1648     352     1    100.0   15 
13/05/26  21:45   14.0   14.1   13.9    85   11.5    0.0      E   0.00   3.2     E   14.0   13.9   13.9  1012.5   0.00    0.0    0.045   0.000   25.1    52   14.5   25.1    9.51   1.1642     350     1    100.0   15 
13/05/26  22:00   14.1   14.1   14.0    85   11.6    0.0    ENE   0.00   6.4   ENE   14.1   14.0   14.0  1012.4   0.00    0.0    0.045   0.000   25.1    52   14.5   25.1    9.51   1.1640     351     1    100.0   15 
13/05/26  22:15   14.1   14.1   14.0    85   11.6    0.0    ---   0.00   0.0   ---   14.1   14.0   14.0  1012.2   0.00    0.0    0.045   0.000   25.1    52   14.5   25.1    9.51   1.1638     351     1    100.0   15 
13/05/26  22:30   14.1   14.1   14.1    85   11.6    0.0      E   0.00   1.6     E   14.1   14.1   14.1  1012.1   0.00    0.0    0.044   0.000   25.0    52   14.5   25.0    9.51   1.1639     351     1    100.0   15 
13/05/26  22:45   14.1   14.2   14.0    85   11.6    0.0    ---   0.00   0.0   ---   14.1   14.0   14.0  1012.0   0.00    0.0    0.045   0.000   24.7    53   14.5   24.8    9.65   1.1649     351     1    100.0   15 
13/05/26  23:00   14.0   14.0   13.9    85   11.5    0.0      E   0.00   3.2     E   14.0   13.9   13.9  1011.9   0.00    0.0    0.045   0.000   24.5    53   14.3   24.6    9.65   1.1659     351     1    100.0   15 
13/05/26  23:15   13.9   13.9   13.9    85   11.5    0.0    ---   0.00   0.0   ---   13.9   13.9   13.9  1011.8   0.00    0.0    0.046   0.000   24.2    54   14.3   24.4    9.84   1.1668     349     1    100.0   15 
13/05/26  23:30   13.8   13.9   13.8    86   11.5    0.0    ---   0.00   0.0   ---   13.8   13.8   13.8  1011.8   0.00    0.0    0.047   0.000   24.0    54   14.1   24.2    9.85   1.1679     351     1    100.0   15 
13/05/26  23:45   13.7   13.8   13.7    86   11.4    0.0    ---   0.00   0.0   ---   13.7   13.7   13.7  1011.6   0.00    0.0    0.048   0.000   23.8    54   13.9   24.0    9.85   1.1688     351     1    100.0   15 
14/05/26  00:00   13.6   13.7   13.5    87   11.5    0.0    ---   0.00   0.0   ---   13.6   13.6   13.6  1011.3   0.00    0.0    0.049   0.000   23.6    55   14.0   23.8   10.06   1.1690     351     1    100.0   15 
14/05/26   0:15   13.4   13.6   13.4    87   11.3    0.0    ---   0.00   0.0   ---   13.4   13.4   13.4  1011.1   0.00    0.0    0.051   0.000   23.4    55   13.8   23.5   10.07   1.1699     349     1    100.0   15 
14/05/26   0:30   13.4   13.4   13.3    87   11.3    0.0    ---   0.00   0.0   ---   13.4   13.4   13.4  1010.9   0.00    0.0    0.052   0.000   23.2    55   13.7   23.3   10.07   1.1705     351     1    100.0   15 
14/05/26   0:45   13.3   13.3   13.2    85   10.8    0.0    SSE   0.00   1.6   SSE   13.3   13.2   13.2  1010.7   0.00    0.0    0.053   0.000   23.1    55   13.5   23.1   10.08   1.1711     351     1    100.0   15 
14/05/26   1:00   13.1   13.2   13.0    82   10.1    0.0    SSE   0.00   4.8   SSE   13.1   12.9   12.9  1010.5   0.00    0.0    0.055   0.000   22.8    56   13.6   22.9   10.29   1.1717     351     1    100.0   15 
14/05/26   1:15   12.9   13.1   12.7    80    9.5    0.0    SSE   0.00   3.2   SSE   12.9   12.7   12.7  1010.3   0.00    0.0    0.057   0.000   22.7    56   13.4   22.7   10.29   1.1723     351     1    100.0   15 
14/05/26   1:30   12.7   12.7   12.6    77    8.7    0.0    SSE   0.00   3.2   SSE   12.7   12.4   12.4  1010.2   0.00    0.0    0.059   0.000   22.5    56   13.3   22.4   10.30   1.1730     350     1    100.0   15 
14/05/26   1:45   12.7   12.8   12.6    76    8.6    0.0    ---   0.00   0.0   ---   12.7   12.4   12.4  1010.1   0.00    0.0    0.058   0.000   22.3    57   13.4   22.2   10.46   1.1734     350     1    100.0   15 
14/05/26   2:00   12.6   12.8   12.4    76    8.4    0.0    ---   0.00   0.0   ---   12.6   12.3   12.3  1010.1   0.00    0.0    0.060   0.000   22.2    57   13.2   21.9   10.47   1.1742     351     1    100.0   15 
14/05/26   2:15   12.3   12.5   12.2    70    7.0    0.0    NNO   0.00   8.0    NO   12.3   11.9   11.9  1010.0   0.00    0.0    0.062   0.000   22.0    57   13.1   21.7   10.49   1.1750     350     1    100.0   15 
14/05/26   2:30   12.3   12.4   12.2    68    6.6    3.2     NO   0.80   9.7   NNO   12.3   11.9   11.9  1010.1   0.00    0.0    0.062   0.000   21.8    57   12.9   21.4   10.50   1.1759     351     1    100.0   15 
14/05/26   2:45   12.3   12.3   12.3    67    6.4    3.2     NO   0.80   6.4    NO   12.3   11.8   11.8  1009.9   0.00    0.0    0.062   0.000   21.7    57   12.8   21.3   10.51   1.1762     351     1    100.0   15 
14/05/26   3:00   12.1   12.3   11.9    69    6.5    3.2    ONO   0.80   6.4   ONO   12.1   11.6   11.6  1009.9   0.00    0.0    0.065   0.000   21.6    57   12.7   21.1   10.52   1.1771     351     1    100.0   15 
14/05/26   3:15   11.9   12.0   11.9    69    6.4    3.2     NO   0.80   9.7   NNO   11.9   11.6   11.6  1009.6   0.00    0.0    0.067   0.000   21.4    58   12.8   21.0   10.73   1.1770     351     1    100.0   15 
14/05/26   3:30   11.9   11.9   11.9    69    6.4    1.6      O   0.40   4.8     O   11.9   11.6   11.6  1009.5   0.00    0.0    0.067   0.000   21.3    58   12.7   20.8   10.73   1.1774     352     1    100.0   15 
14/05/26   3:45   11.8   11.9   11.6    71    6.7    3.2      O   0.80   4.8     O   11.8   11.4   11.4  1009.5   0.00    0.0    0.068   0.000   21.2    58   12.6   20.7   10.74   1.1780     351     1    100.0   15 
14/05/26   4:00   11.3   11.6   11.2    72    6.5    1.6     NO   0.40   6.4   ONO   11.3   11.0   11.0  1009.5   0.00    0.0    0.073   0.000   21.1    58   12.5   20.6   10.75   1.1786     351     1    100.0   15 
14/05/26   4:15   11.3   11.3   11.2    71    6.2    0.0    ---   0.00   0.0   ---   11.3   10.9   10.9  1009.3   0.00    0.0    0.073   0.000   21.0    58   12.4   20.4   10.75   1.1789     351     1    100.0   15 
14/05/26   4:30   11.3   11.3   11.2    72    6.4    1.6    NNO   0.40   6.4    NO   11.3   11.0   11.0  1009.2   0.00    0.0    0.073   0.000   20.8    58   12.3   20.3   10.75   1.1796     352     1    100.0   15 
14/05/26   4:45   11.0   11.2   10.9    73    6.3    1.6    ONO   0.40   4.8   ONO   11.0   10.7   10.7  1009.3   0.00    0.0    0.076   0.000   20.7    58   12.2   20.3   10.75   1.1803     351     1    100.0   15 
14/05/26   5:00   10.9   10.9   10.9    73    6.2    0.0      O   0.00   4.8     O   10.9   10.7   10.7  1009.3   0.00    0.0    0.078   0.000   20.7    58   12.1   20.2   10.75   1.1806     350     1    100.0   15 
14/05/26   5:15   10.8   10.9   10.8    72    6.0    3.2     NO   0.80  12.9   NNO   10.8   10.6   10.6  1009.2   0.00    0.0    0.078   0.000   20.7    58   12.2   20.3   10.75   1.1802     350     1    100.0   15 
14/05/26   5:30   10.9   11.1   10.8    71    5.9    3.2     NO   0.80  12.9   NNO   10.9   10.7   10.7  1009.5   0.00    0.0    0.077   0.000   20.9    58   12.3   20.4   10.75   1.1796     352     1    100.0   15 
14/05/26   5:45   11.3   11.4   11.1    70    6.0    1.6    ONO   0.40   8.0   NNO   11.3   10.9   10.9  1009.6   0.00    0.0    0.073   0.000   21.2    58   12.6   20.7   10.74   1.1781     351     1    100.0   15 
14/05/26   6:00   11.6   11.8   11.4    69    6.1    3.2    ONO   0.80   8.0   ONO   11.6   11.2   11.2  1009.5   0.00    0.0    0.070   0.000   21.6    57   12.7   21.2   10.51   1.1763     351     1    100.0   15 
14/05/26   6:15   11.9   12.1   11.8    68    6.2    3.2    NNO   0.80  11.3   NNO   11.9   11.5   11.5  1009.6   0.00    0.0    0.067   0.000   22.1    57   13.2   21.9   10.48   1.1739     351     1    100.0   15 
14/05/26   6:30   12.2   12.4   12.1    67    6.3    3.2     NO   0.80  11.3    NO   12.2   11.7   11.7  1009.5   0.00    0.0    0.064   0.000   22.7    56   13.4   22.7   10.29   1.1713     351     1    100.0   15 
