                 Temp.  Temp.  Temp.  Hum.   Punt   Vel.   Dir.   Rec.  Vel.  Dir.  Sens.   Índ.   Índ.                  Int. Graus D.Graus D.  Temp.  Hum. Rosada  In.Cal.  EMC     Dens.    Mostr   Tx   Recep.  Int.
  Data    Hora    Ext.   Màx.   Mín.  Ext. Rosada   Vent   Vent   Vent  Màx.  Màx.  Tèrm.  Calor   THW    Bar    Pluja   Pluja  Calor    Fred    Int.  Int.   Int.   Int.    Int.  Int.Aire    Vent   Vent   ISS   Arc.
-------------------------------------------------------------------------------------------------------------------------------------------------------------------------------------------------------------------------
 3/01/25   0:15    3.3    3.4    3.3    83    0.7    0.0      O   0.00   3.2     O    3.3    3.2    3.2  1023.3   0.00    0.0    0.156   0.000   22.7    48   11.1   22.3    8.91   1.1899     350     1    100.0   15 
 3/01/25   0:30    3.3    3.4    3.1    82    0.6    1.6    ENE   0.40   8.0     E    3.3    3.2    3.2  1023.2   0.00    0.0    0.156   0.000   22.3    49   11.0   21.7    9.05   1.1916     350     1    100.0   15 
 3/01/25   0:45    2.8    3.1    2.7    84    0.3    1.6     NO   0.40  14.5    NO    2.8    2.7    2.7  1022.9   0.00    0.0    0.162   0.000   22.0    49   10.8   21.3    9.05   1.1927     351     1    100.0   15 
 3/01/25   1:00    3.3    3.6    2.9    82    0.5    3.2     NO   0.80  16.1   ONO    3.1    3.1    2.9  1022.8   0.00    0.0    0.157   0.000   22.0    49   10.8   21.3    9.05   1.1926     351     1    100.0   15 
 3/01/25   1:15    3.4    3.5    3.4    83    0.8    3.2     NO   0.80   9.7    NO    3.2    3.3    3.1  1022.8   0.00    0.0    0.155   0.000   22.2    49   10.9   21.6    9.05   1.1917     351     1    100.0   15 
 3/01/25   1:30    3.6    3.8    3.4    82    0.8    4.8     NO   1.21  12.9    NO    2.6    3.4    2.4  1022.5   0.00    0.0    0.153   0.000   22.1    49   10.9   21.5    9.05   1.1917     350     1    100.0   15 
 3/01/25   1:45    3.6    3.7    3.5    82    0.8    3.2     NO   0.80   9.7    NO    3.4    3.4    3.2  1022.5   0.00    0.0    0.153   0.000   21.8    49   10.6   21.0    9.05   1.1934     351     1    100.0   15 
 3/01/25   2:00    3.5    3.6    3.4    82    0.7    0.0      O   0.00   3.2     O    3.5    3.3    3.3  1022.6   0.00    0.0    0.155   0.000   21.4    50   10.6   20.6    9.25   1.1948     350     1    100.0   15 
 3/01/25   2:15    3.4    3.4    3.3    82    0.7    0.0    SSE   0.00   3.2    SE    3.4    3.3    3.3  1022.5   0.00    0.0    0.155   0.000   21.1    50   10.2   20.1    9.25   1.1966     350     1    100.0   15 
 3/01/25   2:30    3.5    3.7    3.3    83    0.9    1.6      E   0.40   6.4     O    3.5    3.4    3.4  1022.5   0.00    0.0    0.155   0.000   20.7    50    9.9   19.9    9.26   1.1983     351     1    100.0   15 
 3/01/25   2:45    3.7    4.1    3.6    83    1.1    1.6    ONO   0.40   4.8   OSO    3.7    3.6    3.6  1022.3   0.00    0.0    0.152   0.000   20.3    51    9.8   19.6    9.48   1.2000     350     1    100.0   15 
 3/01/25   3:00    4.3    4.3    4.1    82    1.5    0.0      O   0.00   4.8   ONO    4.3    4.1    4.1  1022.3   0.00    0.0    0.146   0.000   19.8    52    9.7   19.2    9.70   1.2019     350     1    100.0   15 
 3/01/25   3:15    3.9    4.3    3.5    81    1.0    3.2    ENE   0.80  11.3   ENE    3.8    3.8    3.6  1022.1   0.00    0.0    0.150   0.000   19.5    52    9.4   18.8    9.71   1.2033     351     1    100.0   15 
 3/01/25   3:30    3.5    4.1    3.2    85    1.2    1.6      E   0.40  12.9    NO    3.5    3.4    3.4  1022.0   0.00    0.0    0.155   0.000   19.1    53    9.3   18.4    9.92   1.2049     352     1    100.0   15 
 3/01/25   3:45    4.8    5.2    4.1    81    1.8    6.4     NO   1.61  19.3   ONO    3.4    4.7    3.2  1021.9   0.00    0.0    0.141   0.000   18.8    53    9.0   18.1    9.93   1.2061     351     1    100.0   15 
 3/01/25   4:00    5.2    5.2    5.1    80    2.0    6.4     NO   1.61  17.7     O    3.8    5.0    3.6  1021.5   0.00    0.0    0.137   0.000   18.6    54    9.1   17.8   10.13   1.2068     351     1    100.0   15 
 3/01/25   4:15    5.2    5.2    5.1    80    2.0    6.4     NO   1.61  17.7   ONO    3.8    5.0    3.6  1021.4   0.00    0.0    0.137   0.000   18.3    54    8.8   17.6   10.15   1.2081     351     1    100.0   15 
 3/01/25   4:30    5.1    5.2    5.1    80    1.9    6.4     NO   1.61  16.1   ONO    3.7    4.9    3.6  1021.5   0.00    0.0    0.138   0.000   18.1    54    8.6   17.3   10.15   1.2093     350     1    100.0   15 
 3/01/25   4:45    4.7    5.1    4.4    82    1.9    3.2     NO   0.80   9.7    NO    4.6    4.6    4.4  1021.6   0.00    0.0    0.142   0.000   17.9    55    8.7   17.2   10.25   1.2100     351     1    100.0   15 
 3/01/25   5:00    4.3    4.4    4.3    84    1.9    4.8     NO   1.21  14.5   OSO    3.4    4.2    3.3  1021.4   0.00    0.0    0.146   0.000   18.1    54    8.7   17.4   10.15   1.2089     350     1    100.0   15 
 3/01/25   5:15    4.6    4.8    4.4    83    2.0    6.4     NO   1.61  12.9    NO    3.2    4.5    3.1  1021.2   0.00    0.0    0.143   0.000   18.6    54    9.1   17.8   10.13   1.2065     350     1    100.0   15 
 3/01/25   5:30    4.9    4.9    4.8    82    2.1    6.4     NO   1.61  16.1    NO    3.5    4.7    3.3  1021.0   0.00    0.0    0.140   0.000   19.1    53    9.3   18.4    9.92   1.2037     351     1    100.0   15 
 3/01/25   5:45    5.0    5.1    4.9    82    2.2    4.8     NO   1.21  16.1   NNO    4.2    4.8    4.0  1021.2   0.00    0.0    0.139   0.000   19.6    52    9.5   18.9    9.70   1.2017     351     1    100.0   15 
 3/01/25   6:00    5.1    5.2    5.1    81    2.1    4.8     NO   1.21  14.5    NO    4.3    4.9    4.1  1021.1   0.00    0.0    0.138   0.000   19.9    52    9.8   19.3    9.69   1.1999     351     1    100.0   15 
 3/01/25   6:15    5.2    5.3    5.0    81    2.2    1.6    ONO   0.40   6.4   NNO    5.2    5.0    5.0  1021.0   0.00    0.0    0.137   0.000   20.2    51    9.8   19.6    9.48   1.1987     350     1    100.0   15 
 3/01/25   6:30    4.9    5.1    4.7    82    2.1    0.0    ONO   0.00   4.8    NE    4.9    4.7    4.7  1021.2   0.00    0.0    0.140   0.000   20.4    51   10.0   19.7    9.47   1.1979     349     1    100.0   15 
 3/01/25   6:45    4.4    4.7    3.9    82    1.6    1.6     NO   0.40   6.4    NO    4.4    4.2    4.2  1021.2   0.00    0.0    0.145   0.000   20.6    50    9.8   19.8    9.27   1.1972     351     1    100.0   15 
 3/01/25   7:00    3.6    3.9    3.3    84    1.1    1.6     NO   0.40   4.8    NO    3.6    3.4    3.4  1021.2   0.00    0.0    0.154   0.000   20.8    50   10.0   19.9    9.26   1.1964     351     1    100.0   15 
 3/01/25   7:15    3.2    3.3    3.1    85    0.9    1.6     NO   0.40   8.0    NO    3.2    3.1    3.1  1021.4   0.00    0.0    0.158   0.000   20.9    50   10.1   20.0    9.26   1.1961     351     1    100.0   15 
 3/01/25   7:30    3.1    3.1    3.1    86    0.9    1.6     NO   0.40   4.8    NO    3.1    2.9    2.9  1021.2   0.00    0.0    0.159   0.000   21.0    50   10.2   20.1    9.25   1.1953     351     1    100.0   15 
 3/01/25   7:45    3.3    3.3    3.1    85    1.0    1.6      E   0.40   9.7     E    3.3    3.2    3.2  1021.2   0.00    0.0    0.157   0.000   21.2    50   10.3   20.2    9.25   1.1946     350     1    100.0   15 
 3/01/25   8:00    3.2    3.2    3.2    86    1.0    1.6    ENE   0.40   8.0     E    3.2    3.1    3.1  1021.3   0.00    0.0    0.158   0.000   21.7    49   10.5   20.9    9.05   1.1922     351     1    100.0   15 
 3/01/25   8:15    3.3    3.4    3.2    85    1.1    1.6      E   0.40   8.0   ENE    3.3    3.2    3.2  1021.6   0.00    0.0    0.156   0.000   22.2    48   10.7   21.6    8.89   1.1903     351     1    100.0   15 
 3/01/25   8:30    3.6    3.7    3.4    85    1.3    1.6    ENE   0.40   9.7     E    3.6    3.4    3.4  1021.5   0.00    0.0    0.154   0.000   22.6    48   11.0   22.1    8.90   1.1886     350     1    100.0   15 
 3/01/25   8:45    3.8    4.0    3.6    84    1.4    3.2      E   0.80  11.3   ENE    3.7    3.7    3.6  1021.6   0.00    0.0    0.151   0.000   22.8    47   10.9   22.4    8.75   1.1877     351     1    100.0   15 
 3/01/25   9:00    4.1    4.2    3.9    83    1.4    3.2    ENE   0.80  11.3   ENE    3.9    3.9    3.8  1021.6   0.00    0.0    0.149   0.000   22.8    47   10.9   22.4    8.75   1.1876     352     1    100.0   15 
 3/01/25   9:15    3.7    3.9    3.6    84    1.2    4.8    ENE   1.21  12.9   ENE    2.7    3.6    2.6  1021.8   0.00    0.0    0.153   0.000   22.8    47   10.9   22.4    8.75   1.1879     351     1    100.0   15 
 3/01/25   9:30    3.8    3.8    3.7    84    1.3    4.8    ENE   1.21  12.9   ENE    2.8    3.7    2.7  1021.7   0.00    0.0    0.152   0.000   23.0    46   10.8   22.6    8.58   1.1873     351     1    100.0   15 
 3/01/25   9:45    3.8    3.9    3.8    84    1.4    3.2    ENE   0.80  11.3     E    3.7    3.7    3.6  1021.8   0.00    0.0    0.151   0.000   23.1    46   10.8   22.7    8.58   1.1871     350     1    100.0   15 
 3/01/25  10:00    3.7    3.8    3.7    85    1.4    1.6      E   0.40   8.0     E    3.7    3.6    3.6  1021.9   0.00    0.0    0.152   0.000   22.9    46   10.7   22.6    8.58   1.1878     351     1    100.0   15 
 3/01/25  10:15    3.8    4.0    3.7    85    1.5    0.0      E   0.00   4.8     E    3.8    3.7    3.7  1021.9   0.00    0.0    0.151   0.000   22.9    46   10.7   22.6    8.58   1.1878     352     1    100.0   15 
 3/01/25  10:30    4.0    4.1    3.9    85    1.7    0.0      E   0.00   4.8     E    4.0    3.9    3.9  1022.0   0.00    0.0    0.149   0.000   23.2    46   10.9   22.8    8.58   1.1868     349     1    100.0   15 
 3/01/25  10:45    4.1    4.2    4.1    85    1.8    1.6      E   0.40  11.3     E    4.1    4.0    4.0  1021.8   0.00    0.0    0.148   0.000   23.3    45   10.7   22.9    8.45   1.1864     351     1    100.0   15 
 3/01/25  11:00    4.3    4.4    4.2    85    2.0    1.6    ENE   0.40   8.0     E    4.3    4.2    4.2  1021.6   0.00    0.0    0.146   0.000   23.4    44   10.5   23.1    8.27   1.1856     350     1    100.0   15 
 3/01/25  11:15    4.7    4.9    4.4    83    2.1    3.2    ENE   0.80  11.3   ENE    4.6    4.6    4.5  1021.4   0.00    0.0    0.142   0.000   23.2    43    9.9   22.7    8.10   1.1871     351     1    100.0   15 
 3/01/25  11:30    5.2    5.2    4.9    81    2.2    3.2      E   0.80   9.7     E    5.1    5.0    4.9  1021.2   0.00    0.0    0.137   0.000   23.2    43    9.9   22.8    8.10   1.1866     349     1    100.0   15 
 3/01/25  11:45    5.2    5.3    5.2    80    2.1    4.8    ENE   1.21  11.3     E    4.4    5.1    4.2  1021.0   0.00    0.0    0.137   0.000   23.4    39    8.7   22.9    7.57   1.1867     351     1    100.0   15 
 3/01/25  12:00    5.4    5.7    5.3    80    2.3    4.8    ENE   1.21  12.9   ENE    4.7    5.3    4.5  1020.8   0.00    0.0    0.134   0.000   23.2    41    9.2   22.7    7.80   1.1868     350     1    100.0   15 
 3/01/25  12:15    6.0    6.4    5.7    79    2.6    1.6     NO   0.40   8.0     E    6.0    5.8    5.8  1020.5   0.00    0.0    0.128   0.000   23.4    41    9.4   22.9    7.79   1.1857     351     1    100.0   15 
 3/01/25  12:30    6.5    6.7    6.4    79    3.1    3.2     NO   0.80   8.0   NNO    6.5    6.3    6.3  1020.4   0.00    0.0    0.123   0.000   23.6    42    9.9   23.2    7.96   1.1843     351     1    100.0   15 
 3/01/25  12:45    7.2    7.9    6.7    77    3.5    3.2    ONO   0.80  20.9   OSO    7.2    7.1    7.1  1020.0   0.00    0.0    0.116   0.000   23.8    42   10.1   23.4    7.95   1.1829     350     1    100.0   15 
 3/01/25  13:00    8.7    9.2    8.0    73    4.1    4.8     NO   1.21  20.9   OSO    8.3    8.4    8.1  1019.9   0.00    0.0    0.101   0.000   23.8    42   10.1   23.5    7.95   1.1824     351     1    100.0   15 
 3/01/25  13:15    9.4    9.6    9.2    70    4.2    4.8      O   1.21  17.7    NO    9.2    9.2    8.9  1019.8   0.00    0.0    0.093   0.000   23.8    41    9.7   23.4    7.76   1.1829     349     1    100.0   15 
 3/01/25  13:30    9.7    9.8    9.6    70    4.5    4.8     NO   1.21  19.3   ONO    9.4    9.4    9.2  1019.4   0.00    0.0    0.090   0.000   23.8    41    9.7   23.4    7.76   1.1825     350     1    100.0   15 
 3/01/25  13:45   10.2   10.4    9.8    68    4.5    4.8     NO   1.21  16.1    NO   10.0    9.9    9.7  1019.5   0.00    0.0    0.085   0.000   23.9    42   10.2   23.6    7.95   1.1817     349     1    100.0   15 
 3/01/25  14:00   10.6   10.8   10.3    67    4.7    4.8     NO   1.21  16.1    NO   10.4   10.2   10.1  1019.3   0.00    0.0    0.081   0.000   24.0    43   10.6   23.7    8.05   1.1806     351     1    100.0   15 
 3/01/25  14:15   10.8   10.8   10.6    67    4.9    6.4     NO   1.61  16.1   ONO   10.3   10.4    9.9  1019.2   0.00    0.0    0.079   0.000   24.2    44   11.1   23.9    8.24   1.1793     351     1    100.0   15 
 3/01/25  14:30   10.3   10.5   10.2    69    4.9    4.8     NO   1.21  17.7     N   10.2   10.1    9.9  1019.2   0.00    0.0    0.083   0.000   24.2    43   10.8   23.9    8.05   1.1794     348     1    100.0   15 
 3/01/25  14:45   10.1   10.2    9.9    70    4.8    4.8     NO   1.21  16.1   ONO    9.9    9.8    9.7  1019.2   0.00    0.0    0.086   0.000   24.2    44   11.1   23.9    8.24   1.1793     352     1    100.0   15 
 3/01/25  15:00    9.7    9.9    9.6    71    4.7    6.4      O   1.61  17.7     O    9.1    9.5    8.8  1019.4   0.00    0.0    0.090   0.000   24.2    44   11.1   23.9    8.24   1.1795     350     1    100.0   15 
 3/01/25  15:15    9.5    9.6    9.5    73    4.9    4.8     NO   1.21  12.9   ONO    9.2    9.3    9.1  1019.4   0.00    0.0    0.092   0.000   24.2    44   11.1   23.9    8.24   1.1795     350     1    100.0   15 
 3/01/25  15:30    9.4    9.5    9.3    73    4.8    4.8     NO   1.21  19.3   ONO    9.1    9.2    8.9  1019.6   0.00    0.0    0.093   0.000   24.2    44   11.1   23.9    8.24   1.1797     351     1    100.0   15 
 3/01/25  15:45    9.3    9.3    9.2    74    4.9    4.8     NO   1.21  14.5   ONO    9.0    9.1    8.8  1019.7   0.00    0.0    0.094   0.000   24.1    44   11.1   23.9    8.24   1.1801     352     1    100.0   15 
 3/01/25  16:00    9.1    9.2    8.9    76    5.1    1.6     NO   0.40  11.3    NO    9.1    8.9    8.9  1019.9   0.00    0.0    0.096   0.000   24.1    44   11.1   23.9    8.24   1.1805     351     1    100.0   15 
 3/01/25  16:15    8.8    8.9    8.8    76    4.8    3.2     NO   0.80  11.3   SSO    8.8    8.7    8.7  1019.8   0.00    0.0    0.099   0.000   24.1    45   11.4   23.9    8.44   1.1799     350     1    100.0   15 
 3/01/25  16:30    8.7    8.8    8.7    78    5.1    1.6     NO   0.40   9.7   ONO    8.7    8.6    8.6  1019.7   0.00    0.0    0.100   0.000   24.1    45   11.4   23.9    8.44   1.1801     350     1    100.0   15 
 3/01/25  16:45    8.7    8.7    8.6    78    5.0    1.6     NO   0.40   6.4   ONO    8.7    8.6    8.6  1019.8   0.00    0.0    0.101   0.000   24.1    46   11.7   23.9    8.54   1.1799     352     1    100.0   15 
 3/01/25  17:00    8.6    8.7    8.6    78    5.0    1.6    ONO   0.40   4.8    NO    8.6    8.5    8.5  1020.0   0.00    0.0    0.101   0.000   24.0    46   11.7   23.9    8.55   1.1804     350     1    100.0   15 
 3/01/25  17:15    8.4    8.6    8.3    78    4.8    0.0    ONO   0.00   3.2   ONO    8.4    8.3    8.3  1020.1   0.00    0.0    0.103   0.000   24.0    46   11.7   23.9    8.55   1.1805     351     1    100.0   15 
 3/01/25  17:30    8.2    8.3    8.1    79    4.8    0.0    ONO   0.00   3.2   ONO    8.2    8.1    8.1  1020.1   0.00    0.0    0.105   0.000   24.0    45   11.3   23.8    8.45   1.1808     351     1    100.0   15 
 3/01/25  17:45    8.0    8.1    7.9    80    4.8    0.0    ONO   0.00   1.6   ONO    8.0    7.9    7.9  1020.3   0.00    0.0    0.108   0.000   23.9    46   11.6   23.8    8.55   1.1810     349     1    100.0   15 
 3/01/25  18:00    8.2    8.3    7.9    81    5.1    0.0     NO   0.00   4.8   ONO    8.2    8.1    8.1  1020.4   0.00    0.0    0.106   0.000   24.0    45   11.3   23.8    8.45   1.1812     351     1    100.0   15 
 3/01/25  18:15    8.3    8.4    8.2    81    5.2    0.0    ---   0.00   0.0   ---    8.3    8.2    8.2  1020.4   0.00    0.0    0.105   0.000   24.0    45   11.3   23.8    8.45   1.1812     351     1    100.0   15 
 3/01/25  18:30    8.0    8.2    7.7    81    4.9    0.0    ---   0.00   0.0   ---    8.0    7.9    7.9  1020.7   0.00    0.0    0.108   0.000   24.0    45   11.3   23.8    8.45   1.1815     350     1    100.0   15 
 3/01/25  18:45    7.5    7.7    7.3    83    4.8    0.0    NNE   0.00   1.6   NNE    7.5    7.4    7.4  1020.8   0.00    0.0    0.113   0.000   23.9    45   11.3   23.8    8.45   1.1819     351     1    100.0   15 
 3/01/25  19:00    7.3    7.3    7.2    84    4.8    0.0    ---   0.00   0.0   ---    7.3    7.2    7.2  1020.9   0.00    0.0    0.115   0.000   23.9    45   11.3   23.8    8.45   1.1820     352     1    100.0   15 
 3/01/25  19:15    7.5    7.7    7.3    83    4.8    0.0     NO   0.00   3.2    NO    7.5    7.4    7.4  1021.0   0.00    0.0    0.113   0.000   23.9    45   11.2   23.7    8.45   1.1824     351     1    100.0   15 
 3/01/25  19:30    7.7    7.7    7.7    82    4.8    1.6     NO   0.40   3.2    NO    7.7    7.7    7.7  1021.0   0.00    0.0    0.111   0.000   24.0    45   11.3   23.8    8.45   1.1818     350     1    100.0   15 
 3/01/25  19:45    7.6    7.7    7.6    81    4.6    1.6     NO   0.40   3.2    NO    7.6    7.5    7.5  1021.0   0.00    0.0    0.112   0.000   24.1    45   11.4   23.9    8.44   1.1816     351     1    100.0   15 
 3/01/25  20:00    7.5    7.6    7.4    82    4.6    0.0     NO   0.00   3.2    NO    7.5    7.4    7.4  1021.0   0.00    0.0    0.113   0.000   24.2    45   11.5   23.9    8.44   1.1811     350     1    100.0   15 
 3/01/25  20:15    7.6    7.7    7.5    82    4.7    0.0     NO   0.00   3.2    NO    7.6    7.6    7.6  1020.9   0.00    0.0    0.112   0.000   24.2    45   11.5   24.0    8.44   1.1807     350     1    100.0   15 
 3/01/25  20:30    7.5    7.6    7.4    82    4.6    0.0     NO   0.00   1.6    NO    7.5    7.4    7.4  1020.7   0.00    0.0    0.113   0.000   24.2    46   11.9   24.1    8.54   1.1800     350     1    100.0   15 
 3/01/25  20:45    7.4    7.4    7.4    83    4.7    0.0     NO   0.00   1.6    NO    7.4    7.4    7.4  1020.6   0.00    0.0    0.113   0.000   24.2    46   11.9   24.1    8.54   1.1800     351     1    100.0   15 
 3/01/25  21:00    7.4    7.4    7.4    84    4.9    0.0     NO   0.00   1.6    NO    7.4    7.4    7.4  1020.9   0.00    0.0    0.113   0.000   24.2    46   11.9   24.1    8.54   1.1803     351     1    100.0   15 
 3/01/25  21:15    7.3    7.4    7.3    83    4.6    1.6     NO   0.40   4.8    NO    7.3    7.3    7.3  1021.1   0.00    0.0    0.115   0.000   24.2    47   12.1   24.1    8.74   1.1805     352     1    100.0   15 
 3/01/25  21:30    7.3    7.3    7.2    82    4.4    1.6     NO   0.40   4.8    NO    7.3    7.2    7.2  1021.2   0.00    0.0    0.115   0.000   24.1    47   12.0   23.9    8.74   1.1811     351     1    100.0   15 
 3/01/25  21:45    7.0    7.2    6.9    84    4.5    0.0      E   0.00   4.8     E    7.0    6.9    6.9  1021.3   0.00    0.0    0.118   0.000   23.9    47   11.9   23.8    8.75   1.1818     351     1    100.0   15 
 3/01/25  22:00    6.9    6.9    6.9    85    4.5    1.6     NO   0.40   3.2   ENE    6.9    6.8    6.8  1021.2   0.00    0.0    0.119   0.000   23.9    47   11.9   23.8    8.75   1.1820     351     1    100.0   15 
 3/01/25  22:15    6.9    7.0    6.9    85    4.6    1.6     NO   0.40   4.8    NO    6.9    6.9    6.9  1021.4   0.00    0.0    0.119   0.000   23.8    47   11.8   23.7    8.75   1.1825     350     1    100.0   15 
 3/01/25  22:30    6.9    7.0    6.9    84    4.4    1.6     NO   0.40   6.4    NO    6.9    6.9    6.9  1021.4   0.00    0.0    0.119   0.000   23.8    47   11.8   23.7    8.75   1.1828     352     1    100.0   15 
 3/01/25  22:45    6.8    6.9    6.7    85    4.4    1.6    ONO   0.40   4.8   ONO    6.8    6.7    6.7  1021.5   0.00    0.0    0.120   0.000   23.7    47   11.7   23.6    8.75   1.1831     348     1    100.0   15 
 3/01/25  23:00    6.6    6.7    6.5    86    4.4    0.0     NO   0.00   3.2    NO    6.6    6.6    6.6  1021.4   0.00    0.0    0.122   0.000   23.7    47   11.7   23.6    8.75   1.1830     350     1    100.0   15 
 3/01/25  23:15    6.4    6.6    6.3    87    4.4    0.0     NO   0.00   3.2    NO    6.4    6.4    6.4  1021.4   0.00    0.0    0.124   0.000   23.7    47   11.7   23.5    8.75   1.1834     351     1    100.0   15 
 3/01/25  23:30    6.7    6.9    6.4    86    4.5    1.6      E   0.40   6.4    NE    6.7    6.6    6.6  1021.3   0.00    0.0    0.122   0.000   23.5    47   11.5   23.3    8.75   1.1841     352     1    100.0   15 
 3/01/25  23:45    7.1    7.2    6.9    85    4.7    3.2    ENE   0.80   8.0     E    7.1    7.0    7.0  1021.3   0.00    0.0    0.117   0.000   23.0    48   11.4   22.7    8.92   1.1861     351     1    100.0   15 
 4/01/25  00:00    7.3    7.3    7.2    85    4.9    3.2    ENE   0.80   6.4   ENE    7.3    7.2    7.2  1021.3   0.00    0.0    0.115   0.000   22.6    49   11.3   22.2    9.05   1.1880     351     1    100.0   15 
 4/01/25   0:15    7.4    7.4    7.3    84    4.9    3.2      E   0.80   8.0     E    7.4    7.3    7.3  1021.1   0.00    0.0    0.114   0.000   22.1    49   10.9   21.5    9.05   1.1900     349     1    100.0   15 
 4/01/25   0:30    7.3    7.4    7.0    83    4.6    3.2    ENE   0.80   8.0     E    7.3    7.3    7.3  1021.0   0.00    0.0    0.115   0.000   21.8    50   10.9   21.1    9.25   1.1912     349     1    100.0   15 
 4/01/25   0:45    6.7    7.0    6.5    86    4.5    0.0    ENE   0.00   4.8   ENE    6.7    6.6    6.6  1020.9   0.00    0.0    0.122   0.000   21.7    50   10.8   20.9    9.25   1.1917     351     1    100.0   15 
 4/01/25   1:00    7.0    7.3    6.7    87    5.0    0.0    ENE   0.00   4.8   ENE    7.0    7.0    7.0  1020.9   0.00    0.0    0.118   0.000   21.7    50   10.8   21.0    9.25   1.1914     351     1    100.0   15 
 4/01/25   1:15    7.6    7.7    7.3    86    5.4    3.2    ENE   0.80  11.3   ENE    7.6    7.6    7.6  1020.9   0.00    0.0    0.112   0.000   21.5    50   10.6   20.7    9.25   1.1925     351     1    100.0   15 
 4/01/25   1:30    7.7    7.7    7.7    85    5.3    4.8    ENE   1.21  11.3   ENE    7.2    7.7    7.2  1020.7   0.00    0.0    0.111   0.000   21.2    50   10.4   20.3    9.25   1.1936     351     1    100.0   15 
 4/01/25   1:45    7.7    7.7    7.6    84    5.1    3.2    ENE   0.80   8.0     E    7.7    7.6    7.6  1020.8   0.00    0.0    0.111   0.000   20.9    51   10.4   20.1    9.46   1.1948     351     1    100.0   15 
 4/01/25   2:00    7.7    7.7    7.6    84    5.1    1.6      E   0.40   6.4    NE    7.7    7.6    7.6  1020.8   0.00    0.0    0.111   0.000   20.6    51   10.1   19.9    9.47   1.1965     352     1    100.0   15 
 4/01/25   2:15    7.7    7.8    7.7    86    5.5    1.6      E   0.40   8.0     O    7.7    7.7    7.7  1020.8   0.00    0.0    0.111   0.000   20.3    52   10.1   19.7    9.68   1.1976     351     1    100.0   15 
 4/01/25   2:30    8.3    8.7    7.8    87    6.2    1.6     NO   0.40   8.0     O    8.3    8.3    8.3  1020.7   0.00    0.0    0.105   0.000   20.0    53   10.1   19.4    9.89   1.1989     351     1    100.0   15 
 4/01/25   2:45    8.8    8.9    8.7    85    6.4    1.6    ONO   0.40   3.2    NO    8.8    8.8    8.8  1020.6   0.00    0.0    0.099   0.000   19.8    53    9.9   19.2    9.90   1.1999     351     1    100.0   15 
 4/01/25   3:00    8.2    8.7    7.8    84    5.7    3.2    ENE   0.80   8.0     E    8.2    8.2    8.2  1020.5   0.00    0.0    0.105   0.000   19.5    53    9.7   18.9    9.91   1.2011     351     1    100.0   15 
 4/01/25   3:15    7.5    7.7    7.3    85    5.1    1.6    ENE   0.40   6.4   ENE    7.5    7.5    7.5  1020.4   0.00    0.0    0.113   0.000   19.2    54    9.7   18.6   10.09   1.2021     350     1    100.0   15 
 4/01/25   3:30    7.2    7.3    7.0    86    5.0    1.6      E   0.40   4.8     E    7.2    7.1    7.1  1020.4   0.00    0.0    0.116   0.000   19.0    54    9.5   18.3   10.10   1.2032     350     1    100.0   15 
