                 Temp.  Temp.  Temp.  Hum.   Punt   Vel.   Dir.   Rec.  Vel.  Dir.  Sens.   Índ.   Índ.                  Int. Graus D.Graus D.  Temp.  Hum. Rosada  In.Cal.  EMC     Dens.    Mostr   Tx   Recep.  Int.
  Data    Hora    Ext.   Màx.   Mín.  Ext. Rosada   Vent   Vent   Vent  Màx.  Màx.  Tèrm.  Calor   THW    Bar    Pluja   Pluja  Calor    Fred    Int.  Int.   Int.   Int.    Int.  Int.Aire    Vent   Vent   ISS   Arc.
-------------------------------------------------------------------------------------------------------------------------------------------------------------------------------------------------------------------------
 4/01/25   0:15    7.4    7.4    7.3    84    4.9    3.2      E   0.80   8.0     E    7.4    7.3    7.3  1021.1   0.00    0.0    0.114   0.000   22.1    49   10.9   21.5    9.05   1.1900     349     1    100.0   15 
 4/01/25   0:30    7.3    7.4    7.0    83    4.6    3.2    ENE   0.80   8.0     E    7.3    7.3    7.3  1021.0   0.00    0.0    0.115   0.000   21.8    50   10.9   21.1    9.25   1.1912     349     1    100.0   15 
 4/01/25   0:45    6.7    7.0    6.5    86    4.5    0.0    ENE   0.00   4.8   ENE    6.7    6.6    6.6  1020.9   0.00    0.0    0.122   0.000   21.7    50   10.8   20.9    9.25   1.1917     351     1    100.0   15 
 4/01/25   1:00    7.0    7.3    6.7    87    5.0    0.0    ENE   0.00   4.8   ENE    7.0    7.0    7.0  1020.9   0.00    0.0    0.118   0.000   21.7    50   10.8   21.0    9.25   1.1914     351     1    100.0   15 
 4/01/25   1:15    7.6    7.7    7.3    86    5.4    3.2    ENE   0.80  11.3   ENE    7.6    7.6    7.6  1020.9   0.00    0.0    0.112   0.000   21.5    50   10.6   20.7    9.25   1.1925     351     1    100.0   15 
 4/01/25   1:30    7.7    7.7    7.7    85    5.3    4.8    ENE   1.21  11.3   ENE    7.2    7.7    7.2  1020.7   0.00    0.0    0.111   0.000   21.2    50   10.4   20.3    9.25   1.1936     351     1    100.0   15 
 4/01/25   1:45    7.7    7.7    7.6    84    5.1    3.2    ENE   0.80   8.0     E    7.7    7.6    7.6  1020.8   0.00    0.0    0.111   0.000   20.9    51   10.4   20.1    9.46   1.1948     351     1    100.0   15 
 4/01/25   2:00    7.7    7.7    7.6    84    5.1    1.6      E   0.40   6.4    NE    7.7    7.6    7.6  1020.8   0.00    0.0    0.111   0.000   20.6    51   10.1   19.9    9.47   1.1965     352     1    100.0   15 
 4/01/25   2:15    7.7    7.8    7.7    86    5.5    1.6      E   0.40   8.0     O    7.7    7.7    7.7  1020.8   0.00    0.0    0.111   0.000   20.3    52   10.1   19.7    9.68   1.1976     351     1    100.0   15 
 4/01/25   2:30    8.3    8.7    7.8    87    6.2    1.6     NO   0.40   8.0     O    8.3    8.3    8.3  1020.7   0.00    0.0    0.105   0.000   20.0    53   10.1   19.4    9.89   1.1989     351     1    100.0   15 
 4/01/25   2:45    8.8    8.9    8.7    85    6.4    1.6    ONO   0.40   3.2    NO    8.8    8.8    8.8  1020.6   0.00    0.0    0.099   0.000   19.8    53    9.9   19.2    9.90   1.1999     351     1    100.0   15 
 4/01/25   3:00    8.2    8.7    7.8    84    5.7    3.2    ENE   0.80   8.0     E    8.2    8.2    8.2  1020.5   0.00    0.0    0.105   0.000   19.5    53    9.7   18.9    9.91   1.2011     351     1    100.0   15 
 4/01/25   3:15    7.5    7.7    7.3    85    5.1    1.6    ENE   0.40   6.4   ENE    7.5    7.5    7.5  1020.4   0.00    0.0    0.113   0.000   19.2    54    9.7   18.6   10.09   1.2021     350     1    100.0   15 
 4/01/25   3:30    7.2    7.3    7.0    86    5.0    1.6      E   0.40   4.8     E    7.2    7.1    7.1  1020.4   0.00    0.0    0.116   0.000   19.0    54    9.5   18.3   10.10   1.2032     350     1    100.0   15 
 4/01/25   3:45    7.0    7.1    6.9    87    5.0    1.6    ENE   0.40   6.4   ENE    7.0    7.0    7.0  1020.1   0.00    0.0    0.118   0.000   18.7    55    9.5   18.1   10.24   1.2040     349     1    100.0   15 
 4/01/25   4:00    7.3    7.6    7.0    88    5.4    1.6     NO   0.40   6.4    NO    7.3    7.3    7.3  1019.9   0.00    0.0    0.115   0.000   18.6    55    9.3   17.9   10.24   1.2047     351     1    100.0   15 
 4/01/25   4:15    7.3    7.6    7.0    87    5.3    3.2      E   0.80  11.3   ENE    7.3    7.3    7.3  1019.9   0.00    0.0    0.115   0.000   18.4    55    9.2   17.7   10.25   1.2054     351     1    100.0   15 
 4/01/25   4:30    7.0    7.1    6.9    87    5.0    3.2    ENE   0.80  11.3   ENE    7.0    7.0    7.0  1019.9   0.00    0.0    0.118   0.000   18.2    55    9.0   17.5   10.25   1.2066     350     1    100.0   15 
 4/01/25   4:45    6.6    6.9    6.4    88    4.8    1.6      E   0.40   8.0   ENE    6.6    6.6    6.6  1020.0   0.00    0.0    0.122   0.000   18.1    55    8.9   17.4   10.25   1.2069     351     1    100.0   15 
 4/01/25   5:00    6.3    6.4    6.2    89    4.6    0.0     SE   0.00   3.2    SE    6.3    6.3    6.3  1019.9   0.00    0.0    0.126   0.000   18.4    55    9.2   17.7   10.25   1.2054     351     1    100.0   15 
 4/01/25   5:15    6.3    6.4    6.2    89    4.6    0.0    SSO   0.00   3.2    SE    6.3    6.3    6.3  1020.0   0.00    0.0    0.126   0.000   18.9    54    9.4   18.2   10.11   1.2033     351     1    100.0   15 
 4/01/25   5:30    6.2    6.2    6.1    90    4.6    0.0    SSO   0.00   8.0     E    6.2    6.2    6.2  1019.8   0.00    0.0    0.127   0.000   19.2    54    9.7   18.6   10.09   1.2014     350     1    100.0   15 
 4/01/25   5:45    6.3    6.5    6.1    90    4.8    1.6      E   0.40   8.0     E    6.3    6.3    6.3  1020.0   0.00    0.0    0.126   0.000   19.6    53    9.7   18.9    9.91   1.2003     350     1    100.0   15 
 4/01/25   6:00    6.7    6.8    6.5    90    5.2    1.6     NO   0.40   6.4    NO    6.7    6.8    6.8  1020.1   0.00    0.0    0.121   0.000   20.1    53   10.2   19.5    9.89   1.1978     350     1    100.0   15 
 4/01/25   6:15    6.8    6.9    6.8    90    5.3    0.0    ENE   0.00   4.8   ENE    6.8    6.9    6.9  1020.0   0.00    0.0    0.120   0.000   20.4    52   10.2   19.7    9.68   1.1964     350     1    100.0   15 
 4/01/25   6:30    6.8    6.9    6.7    89    5.1    0.0      E   0.00   4.8   ENE    6.8    6.9    6.9  1020.1   0.00    0.0    0.120   0.000   20.7    52   10.5   19.9    9.67   1.1951     351     1    100.0   15 
 4/01/25   6:45    6.7    6.8    6.5    89    5.0    0.0    ENE   0.00   6.4   ENE    6.7    6.7    6.7  1020.2   0.00    0.0    0.122   0.000   20.9    51   10.4   20.1    9.46   1.1944     351     1    100.0   15 
 4/01/25   7:00    6.4    6.5    6.4    90    4.9    0.0    ENE   0.00   4.8   ENE    6.4    6.5    6.5  1020.1   0.00    0.0    0.124   0.000   21.1    51   10.5   20.2    9.45   1.1935     350     1    100.0   15 
 4/01/25   7:15    6.8    6.9    6.4    90    5.3    1.6     NO   0.40   4.8    NO    6.8    6.8    6.8  1020.0   0.00    0.0    0.120   0.000   21.2    51   10.6   20.3    9.45   1.1928     351     1    100.0   15 
 4/01/25   7:30    7.2    7.4    6.9    90    5.6    1.6     NO   0.40   6.4    NO    7.2    7.2    7.2  1020.1   0.00    0.0    0.116   0.000   21.3    51   10.7   20.4    9.44   1.1923     352     1    100.0   15 
 4/01/25   7:45    7.2    7.3    7.0    89    5.5    0.0     NO   0.00   4.8    NO    7.2    7.2    7.2  1020.2   0.00    0.0    0.116   0.000   21.6    51   11.0   20.8    9.43   1.1910     348     1    100.0   15 
 4/01/25   8:00    6.9    7.0    6.8    90    5.4    0.0    ---   0.00   0.0   ---    6.9    7.0    7.0  1020.2   0.00    0.0    0.119   0.000   22.1    50   11.2   21.6    9.25   1.1886     351     1    100.0   15 
 4/01/25   8:15    7.3    7.5    7.0    90    5.7    0.0     NO   0.00   1.6    NO    7.3    7.3    7.3  1020.2   0.00    0.0    0.115   0.000   22.4    50   11.5   22.1    9.25   1.1870     350     1    100.0   15 
 4/01/25   8:30    7.5    7.6    7.4    89    5.8    3.2      E   0.80   8.0     E    7.5    7.6    7.6  1020.4   0.00    0.0    0.113   0.000   22.7    50   11.7   22.3    9.25   1.1861     351     1    100.0   15 
 4/01/25   8:45    7.4    7.4    7.3    89    5.7    1.6      E   0.40   8.0     E    7.4    7.4    7.4  1020.7   0.00    0.0    0.114   0.000   22.8    50   11.9   22.6    9.25   1.1856     349     1    100.0   15 
 4/01/25   9:00    7.3    7.4    7.3    89    5.6    0.0    ESE   0.00   1.6   ESE    7.3    7.4    7.4  1020.8   0.00    0.0    0.115   0.000   22.9    50   12.0   22.7    9.25   1.1852     350     1    100.0   15 
 4/01/25   9:15    7.4    7.5    7.4    89    5.7    0.0    ESE   0.00   3.2   ESE    7.4    7.5    7.5  1020.9   0.00    0.0    0.113   0.000   23.0    49   11.7   22.7    9.05   1.1854     349     1    100.0   15 
 4/01/25   9:30    7.7    7.8    7.5    89    6.0    0.0    ESE   0.00   1.6   ESE    7.7    7.7    7.7  1021.1   0.00    0.0    0.111   0.000   23.2    47   11.2   22.8    8.75   1.1854     350     1    100.0   15 
 4/01/25   9:45    7.9    8.2    7.8    89    6.2    0.0    ESE   0.00   4.8   ESE    7.9    8.0    8.0  1021.1   0.00    0.0    0.108   0.000   23.3    46   11.0   22.9    8.57   1.1852     352     1    100.0   15 
 4/01/25  10:00    8.5    8.8    8.2    88    6.6    0.0    ENE   0.00   4.8   ENE    8.5    8.6    8.6  1021.2   0.00    0.0    0.102   0.000   23.4    46   11.1   23.1    8.57   1.1848     351     1    100.0   15 
 4/01/25  10:15    9.2    9.6    8.8    86    6.9    1.6      E   0.40   8.0     E    9.2    9.2    9.2  1021.2   0.00    0.0    0.095   0.000   23.5    45   10.9   23.2    8.45   1.1846     350     1    100.0   15 
 4/01/25  10:30    9.7    9.8    9.6    83    7.0    1.6      E   0.40  11.3     E    9.7    9.7    9.7  1021.2   0.00    0.0    0.090   0.000   23.6    45   10.9   23.3    8.45   1.1843     351     1    100.0   15 
 4/01/25  10:45    9.8    9.8    9.7    82    6.8    0.0    ESE   0.00   4.8   ESE    9.8    9.8    9.8  1020.8   0.00    0.0    0.089   0.000   23.6    45   11.0   23.4    8.45   1.1836     350     1    100.0   15 
 4/01/25  11:00    9.8    9.9    9.8    82    6.9    1.6    ESE   0.40   4.8     E    9.8    9.8    9.8  1020.8   0.00    0.0    0.089   0.000   23.7    44   10.7   23.4    8.26   1.1837     350     1    100.0   15 
 4/01/25  11:15   10.0   10.1    9.9    81    6.9    3.2    ENE   0.80  12.9   ENE   10.0   10.0   10.0  1020.8   0.00    0.0    0.087   0.000   23.7    44   10.7   23.4    8.26   1.1833     350     1    100.0   15 
 4/01/25  11:30    9.8    9.9    9.7    81    6.7    4.8      E   1.21  12.9   ENE    9.6    9.8    9.6  1020.5   0.00    0.0    0.089   0.000   23.7    44   10.7   23.4    8.26   1.1830     351     1    100.0   15 
 4/01/25  11:45    9.8   10.1    9.7    82    6.8    3.2      E   0.80   9.7     E    9.8    9.8    9.8  1020.4   0.00    0.0    0.089   0.000   23.8    45   11.2   23.7    8.45   1.1820     351     1    100.0   15 
 4/01/25  12:00   10.5   10.9   10.1    80    7.2    4.8    ENE   1.21  11.3   ESE   10.4   10.4   10.3  1020.3   0.00    0.0    0.082   0.000   24.1    45   11.4   23.9    8.44   1.1807     351     1    100.0   15 
 4/01/25  12:15   11.3   11.7   10.9    75    7.1    4.8      E   1.21  14.5   ESE   11.3   11.1   11.1  1020.0   0.00    0.0    0.073   0.000   24.3    44   11.3   24.1    8.23   1.1794     349     1    100.0   15 
 4/01/25  12:30   11.8   12.2   11.6    77    7.9    3.2      E   0.80   9.7     E   11.8   11.6   11.6  1019.7   0.00    0.0    0.068   0.000   24.4    44   11.4   24.2    8.23   1.1785     351     1    100.0   15 
 4/01/25  12:45   12.5   12.6   12.2    74    8.0    4.8      E   1.21  12.9   ENE   12.5   12.2   12.2  1019.6   0.00    0.0    0.061   0.000   24.5    43   11.1   24.2    8.05   1.1785     351     1    100.0   15 
 4/01/25  13:00   12.4   12.6   12.3    74    7.9    4.8    ENE   1.21  11.3   ENE   12.4   12.2   12.2  1019.4   0.00    0.0    0.061   0.000   24.6    44   11.5   24.3    8.23   1.1776     352     1    100.0   15 
 4/01/25  13:15   12.5   12.8   12.3    73    7.8    3.2      E   0.80   9.7     E   12.5   12.2   12.2  1019.2   0.00    0.0    0.061   0.000   24.6    44   11.5   24.3    8.23   1.1774     350     1    100.0   15 
 4/01/25  13:30   13.2   13.4   12.8    71    8.0    3.2    ENE   0.80  11.3     E   13.2   12.7   12.7  1019.1   0.00    0.0    0.054   0.000   24.7    45   11.9   24.4    8.42   1.1764     350     1    100.0   15 
 4/01/25  13:45   13.4   13.6   13.3    72    8.4    3.2    ENE   0.80   9.7     E   13.4   13.0   13.0  1018.9   0.00    0.0    0.052   0.000   24.6    46   12.2   24.4    8.53   1.1763     351     1    100.0   15 
 4/01/25  14:00   13.8   13.8   13.6    71    8.6    3.2      E   0.80   9.7     E   13.8   13.4   13.4  1018.7   0.00    0.0    0.047   0.000   24.3    46   12.0   24.2    8.53   1.1771     350     1    100.0   15 
 4/01/25  14:15   13.9   13.9   13.8    70    8.5    3.2    ENE   0.80  11.3   ESE   13.9   13.4   13.4  1018.6   0.00    0.0    0.046   0.000   24.1    47   12.0   23.9    8.74   1.1780     352     1    100.0   15 
 4/01/25  14:30   13.9   14.0   13.8    71    8.7    1.6      E   0.40   9.7     E   13.9   13.5   13.5  1018.5   0.00    0.0    0.046   0.000   23.8    48   12.2   23.8    8.95   1.1787     349     1    100.0   15 
 4/01/25  14:45   14.2   14.3   14.0    70    8.8    1.6      E   0.40   8.0     E   14.2   13.7   13.7  1018.5   0.00    0.0    0.043   0.000   23.6    48   11.9   23.4    8.94   1.1801     350     1    100.0   15 
 4/01/25  15:00   14.5   14.8   14.3    68    8.7    1.6    ENE   0.40   4.8   ENE   14.5   14.0   14.0  1018.6   0.00    0.0    0.040   0.000   23.3    48   11.7   23.1    8.93   1.1813     352     1    100.0   15 
 4/01/25  15:15   14.7   14.9   14.3    67    8.7    1.6      E   0.40   8.0     E   14.7   14.2   14.2  1018.5   0.00    0.0    0.038   0.000   23.1    48   11.5   22.8    8.92   1.1823     349     1    100.0   15 
 4/01/25  15:30   13.9   14.3   13.6    71    8.7    1.6      E   0.40   8.0     E   13.9   13.5   13.5  1018.6   0.00    0.0    0.046   0.000   23.1    49   11.8   22.8    9.05   1.1824     351     1    100.0   15 
 4/01/25  15:45   13.4   13.6   13.2    73    8.7    1.6      E   0.40   8.0     E   13.4   13.1   13.1  1018.6   0.00    0.0    0.051   0.000   23.2    48   11.6   22.9    8.93   1.1818     350     1    100.0   15 
 4/01/25  16:00   13.0   13.2   12.8    74    8.5    3.2      E   0.80   9.7     E   13.0   12.7   12.7  1018.5   0.00    0.0    0.056   0.000   23.4    48   11.8   23.2    8.93   1.1809     351     1    100.0   15 
 4/01/25  16:15   12.8   12.8   12.6    74    8.3    1.6    ENE   0.40   4.8   ENE   12.8   12.4   12.4  1018.5   0.00    0.0    0.058   0.000   23.5    48   11.9   23.3    8.94   1.1804     351     1    100.0   15 
 4/01/25  16:30   12.1   12.6   11.7    77    8.1    0.0    ENE   0.00   1.6   ENE   12.1   11.8   11.8  1018.5   0.00    0.0    0.065   0.000   23.5    48   11.9   23.3    8.94   1.1804     350     1    100.0   15 
 4/01/25  16:45   11.6   11.7   11.5    79    8.0    1.6     NE   0.40   3.2   ENE   11.6   11.4   11.4  1018.6   0.00    0.0    0.071   0.000   23.5    49   12.2   23.4    9.05   1.1802     351     1    100.0   15 
 4/01/25  17:00   11.6   11.7   11.6    78    7.9    1.6     NE   0.40   3.2    NE   11.6   11.4   11.4  1018.8   0.00    0.0    0.070   0.000   23.7    49   12.3   23.6    9.05   1.1796     351     1    100.0   15 
 4/01/25  17:15   11.3   11.6   11.1    79    7.8    0.0     NE   0.00   3.2    NE   11.3   11.1   11.1  1018.7   0.00    0.0    0.073   0.000   23.7    48   12.1   23.6    8.94   1.1795     350     1    100.0   15 
 4/01/25  17:30   10.9   11.1   10.8    81    7.8    0.0     NE   0.00   3.2    NE   10.9   10.9   10.9  1018.7   0.00    0.0    0.077   0.000   23.8    49   12.4   23.7    9.05   1.1789     350     1    100.0   15 
 4/01/25  17:45   10.8   10.9   10.7    81    7.7    0.0     NE   0.00   3.2    NE   10.8   10.8   10.8  1018.7   0.00    0.0    0.078   0.000   23.9    50   12.8   23.9    9.25   1.1780     351     1    100.0   15 
 4/01/25  18:00   10.7   10.8   10.6    82    7.7    0.0     NE   0.00   3.2    NE   10.7   10.6   10.6  1018.8   0.00    0.0    0.080   0.000   23.9    50   12.8   23.9    9.25   1.1781     351     1    100.0   15 
 4/01/25  18:15   11.0   11.1   10.8    80    7.7    1.6     NE   0.40   3.2    NE   11.0   10.9   10.9  1018.8   0.00    0.0    0.076   0.000   23.9    50   12.9   24.0    9.25   1.1779     350     1    100.0   15 
 4/01/25  18:30   10.7   11.1   10.5    81    7.6    0.0      S   0.00   4.8    SE   10.7   10.7   10.7  1018.9   0.00    0.0    0.079   0.000   24.1    51   13.3   24.1    9.35   1.1770     352     1    100.0   15 
 4/01/25  18:45   10.3   10.5   10.2    83    7.5    0.0     SO   0.00   3.2    SO   10.3   10.3   10.3  1019.1   0.00    0.0    0.084   0.000   24.2    51   13.4   24.2    9.35   1.1767     351     1    100.0   15 
 4/01/25  19:00   10.2   10.2   10.2    84    7.6    0.0     SO   0.00   1.6    SO   10.2   10.2   10.2  1019.0   0.00    0.0    0.085   0.000   24.3    51   13.5   24.3    9.35   1.1761     350     1    100.0   15 
 4/01/25  19:15    9.9   10.2    9.7    85    7.5    0.0     SO   0.00   3.2    SO    9.9    9.9    9.9  1018.8   0.00    0.0    0.088   0.000   24.3    51   13.5   24.3    9.35   1.1758     351     1    100.0   15 
 4/01/25  19:30    9.8    9.8    9.7    85    7.4    1.6    ONO   0.40   4.8   ONO    9.8    9.8    9.8  1018.8   0.00    0.0    0.089   0.000   24.3    50   13.2   24.3    9.24   1.1761     351     1    100.0   15 
 4/01/25  19:45    9.7    9.7    9.7    86    7.5    1.6    ONO   0.40   4.8   ONO    9.7    9.8    9.8  1018.8   0.00    0.0    0.090   0.000   24.3    50   13.2   24.3    9.24   1.1762     351     1    100.0   15 
 4/01/25  20:00    9.6    9.7    9.6    86    7.4    0.0    ONO   0.00   3.2   ONO    9.6    9.7    9.7  1018.8   0.00    0.0    0.091   0.000   24.2    49   12.8   24.2    9.04   1.1768     351     1    100.0   15 
 4/01/25  20:15    9.4    9.6    9.3    86    7.2    0.0    ---   0.00   0.0   ---    9.4    9.5    9.5  1018.7   0.00    0.0    0.093   0.000   24.2    49   12.8   24.2    9.04   1.1770     349     1    100.0   15 
 4/01/25  20:30    9.3    9.3    9.3    87    7.3    0.0    ONO   0.00   1.6   ONO    9.3    9.4    9.4  1018.6   0.00    0.0    0.094   0.000   24.2    49   12.8   24.2    9.04   1.1769     350     1    100.0   15 
 4/01/25  20:45    9.2    9.3    9.1    87    7.1    0.0    ---   0.00   0.0   ---    9.2    9.2    9.2  1018.5   0.00    0.0    0.095   0.000   24.2    49   12.8   24.2    9.04   1.1767     352     1    100.0   15 
 4/01/25  21:00    9.2    9.2    9.1    87    7.1    0.0    ONO   0.00   4.8   ONO    9.2    9.2    9.2  1018.5   0.00    0.0    0.095   0.000   24.2    49   12.8   24.2    9.04   1.1767     351     1    100.0   15 
 4/01/25  21:15    8.9    9.1    8.8    88    7.0    1.6    ONO   0.40   4.8   ONO    8.9    8.9    8.9  1018.6   0.00    0.0    0.098   0.000   24.1    49   12.7   24.1    9.04   1.1771     350     1    100.0   15 
 4/01/25  21:30    8.6    8.8    8.5    88    6.7    0.0    ONO   0.00   3.2   ONO    8.6    8.7    8.7  1018.5   0.00    0.0    0.101   0.000   24.1    49   12.7   24.1    9.04   1.1770     350     1    100.0   15 
 4/01/25  21:45    8.6    8.6    8.4    89    6.8    0.0    ONO   0.00   1.6   ONO    8.6    8.7    8.7  1018.5   0.00    0.0    0.102   0.000   24.2    49   12.8   24.2    9.04   1.1767     351     1    100.0   15 
 4/01/25  22:00    8.6    8.6    8.5    90    7.0    1.6     NO   0.40   4.8   ONO    8.6    8.7    8.7  1018.2   0.00    0.0    0.102   0.000   24.3    49   12.9   24.3    9.03   1.1756     352     1    100.0   15 
 4/01/25  22:15    8.5    8.6    8.5    90    7.0    0.0     NO   0.00   3.2    NO    8.5    8.6    8.6  1018.1   0.00    0.0    0.102   0.000   24.4    49   13.0   24.4    9.03   1.1749     350     1    100.0   15 
 4/01/25  22:30    8.6    8.6    8.5    89    6.8    0.0     NO   0.00   1.6    NO    8.6    8.7    8.7  1018.0   0.00    0.0    0.102   0.000   24.5    49   13.1   24.4    9.03   1.1744     350     1    100.0   15 
 4/01/25  22:45    8.4    8.5    8.3    89    6.7    0.0     NO   0.00   4.8    NO    8.4    8.5    8.5  1018.0   0.00    0.0    0.104   0.000   24.6    49   13.1   24.5    9.03   1.1742     350     1    100.0   15 
 4/01/25  23:00    8.1    8.3    7.9    89    6.4    1.6     NO   0.40   4.8    NO    8.1    8.2    8.2  1018.0   0.00    0.0    0.106   0.000   24.6    50   13.4   24.6    9.23   1.1738     350     1    100.0   15 
 4/01/25  23:15    8.0    8.1    7.8    89    6.3    3.2     NO   0.80   6.4    NO    8.0    8.1    8.1  1017.7   0.00    0.0    0.108   0.000   24.6    50   13.4   24.6    9.23   1.1735     349     1    100.0   15 
 4/01/25  23:30    7.9    8.0    7.8    89    6.2    0.0    ONO   0.00   3.2   ONO    7.9    7.9    7.9  1017.7   0.00    0.0    0.109   0.000   24.4    50   13.3   24.4    9.23   1.1741     349     1    100.0   15 
 4/01/25  23:45    7.8    7.8    7.7    89    6.1    0.0    ONO   0.00   3.2   ONO    7.8    7.8    7.8  1017.5   0.00    0.0    0.110   0.000   24.1    51   13.3   24.2    9.35   1.1751     351     1    100.0   15 
 5/01/25  00:00    7.7    7.7    7.7    90    6.1    0.0    ONO   0.00   4.8   ONO    7.7    7.7    7.7  1017.3   0.00    0.0    0.111   0.000   23.7    51   13.0   23.8    9.36   1.1769     352     1    100.0   15 
 5/01/25   0:15    7.7    7.7    7.7    90    6.2    0.0    ONO   0.00   1.6   ONO    7.7    7.8    7.8  1017.1   0.00    0.0    0.111   0.000   23.3    52   12.9   23.3    9.57   1.1782     348     1    100.0   15 
 5/01/25   0:30    7.6    7.7    7.5    90    6.1    1.6     NO   0.40   6.4    NO    7.6    7.7    7.7  1016.7   0.00    0.0    0.112   0.000   22.9    52   12.5   22.7    9.59   1.1800     351     1    100.0   15 
 5/01/25   0:45    7.4    7.5    7.3    90    5.9    3.2     NO   0.80   8.0    NO    7.4    7.5    7.5  1016.5   0.00    0.0    0.113   0.000   22.4    53   12.4   22.2    9.75   1.1817     351     1    100.0   15 
 5/01/25   1:00    7.3    7.4    7.2    90    5.8    0.0      S   0.00   1.6     S    7.3    7.4    7.4  1016.4   0.00    0.0    0.115   0.000   22.1    53   12.0   21.6    9.78   1.1835     351     1    100.0   15 
 5/01/25   1:15    7.2    7.2    7.1    91    5.8    0.0      S   0.00   3.2     S    7.2    7.2    7.2  1016.2   0.00    0.0    0.116   0.000   21.7    53   11.7   21.0    9.81   1.1852     351     1    100.0   15 
 5/01/25   1:30    7.0    7.2    6.9    91    5.6    0.0    OSO   0.00   3.2   OSO    7.0    7.1    7.1  1016.0   0.00    0.0    0.118   0.000   21.3    54   11.6   20.6    9.94   1.1866     352     1    100.0   15 
 5/01/25   1:45    6.9    7.0    6.8    92    5.7    1.6     NO   0.40   4.8   ONO    6.9    6.9    6.9  1015.8   0.00    0.0    0.119   0.000   20.9    55   11.6   20.3   10.16   1.1877     351     1    100.0   15 
 5/01/25   2:00    7.3    7.5    7.0    90    5.7    0.0     NO   0.00   6.4    NO    7.3    7.3    7.3  1015.7   0.00    0.0    0.115   0.000   20.6    55   11.2   20.0   10.17   1.1896     348     1    100.0   15 
 5/01/25   2:15    7.4    7.5    7.2    89    5.7    0.0    ---   0.00   0.0   ---    7.4    7.4    7.4  1015.6   0.00    0.0    0.114   0.000   20.3    55   10.9   19.8   10.18   1.1909     348     1    100.0   15 
 5/01/25   2:30    7.1    7.2    7.0    89    5.4    0.0    ---   0.00   0.0   ---    7.1    7.2    7.2  1015.4   0.00    0.0    0.117   0.000   20.0    56   11.0   19.6   10.39   1.1917     351     1    100.0   15 
 5/01/25   2:45    7.0    7.1    6.8    88    5.1    0.0    ONO   0.00   1.6   ONO    7.0    7.0    7.0  1015.2   0.00    0.0    0.118   0.000   19.8    56   10.7   19.4   10.40   1.1927     351     1    100.0   15 
 5/01/25   3:00    6.7    6.8    6.6    89    5.0    0.0    ONO   0.00   1.6   ONO    6.7    6.7    6.7  1015.0   0.00    0.0    0.122   0.000   19.6    57   10.8   19.2   10.61   1.1932     349     1    100.0   15 
 5/01/25   3:15    6.6    6.7    6.6    89    4.9    0.0      O   0.00   3.2   ONO    6.6    6.7    6.7  1014.9   0.00    0.0    0.122   0.000   19.3    57   10.5   18.8   10.62   1.1945     350     1    100.0   15 
 5/01/25   3:30    6.6    6.6    6.5    89    4.9    0.0     SO   0.00   4.8   OSO    6.6    6.6    6.6  1014.8   0.00    0.0    0.123   0.000   19.1    57   10.3   18.6   10.62   1.1955     350     1    100.0   15 
