                 Temp.  Temp.  Temp.  Hum.   Punt   Vel.   Dir.   Rec.  Vel.  Dir.  Sens.   Índ.   Índ.                  Int. Graus D.Graus D.  Temp.  Hum. Rosada  In.Cal.  EMC     Dens.    Mostr   Tx   Recep.  Int.
  Data    Hora    Ext.   Màx.   Mín.  Ext. Rosada   Vent   Vent   Vent  Màx.  Màx.  Tèrm.  Calor   THW    Bar    Pluja   Pluja  Calor    Fred    Int.  Int.   Int.   Int.    Int.  Int.Aire    Vent   Vent   ISS   Arc.
-------------------------------------------------------------------------------------------------------------------------------------------------------------------------------------------------------------------------
24/01/25   0:15    9.9    9.9    9.8    94    9.0    0.0     NO   0.00   1.6    NO    9.9   10.2   10.2  1018.8   0.00    0.0    0.088   0.000   22.7    51   12.0   22.4    9.39   1.1839     349     1    100.0   15 
24/01/25   0:30    9.8   10.0    9.4    93    8.7    0.0     NO   0.00   1.6    NO    9.8   10.0   10.0  1018.9   0.00    0.0    0.089   0.000   22.4    51   11.8   22.0    9.40   1.1854     351     1    100.0   15 
24/01/25   0:45    8.9    9.4    8.5    93    7.8    3.2     NO   0.80   6.4    NO    8.9    9.1    9.1  1018.8   0.00    0.0    0.098   0.000   22.1    52   11.7   21.6    9.62   1.1867     350     1    100.0   15 
24/01/25   1:00    8.3    8.5    8.2    93    7.2    1.6     NO   0.40   6.4    NO    8.3    8.4    8.4  1018.9   0.00    0.0    0.105   0.000   21.8    52   11.5   21.2    9.62   1.1878     351     1    100.0   15 
24/01/25   1:15    8.2    8.3    8.2    93    7.2    0.0     NO   0.00   1.6    NO    8.2    8.4    8.4  1018.8   0.00    0.0    0.105   0.000   21.6    52   11.3   20.8    9.63   1.1892     351     1    100.0   15 
24/01/25   1:30    8.2    8.3    8.1    94    7.3    0.0     NO   0.00   1.6    NO    8.2    8.4    8.4  1018.6   0.00    0.0    0.105   0.000   21.3    53   11.3   20.5    9.84   1.1900     351     1    100.0   15 
24/01/25   1:45    8.5    8.6    8.3    93    7.4    0.0    ---   0.00   0.0   ---    8.5    8.7    8.7  1018.6   0.00    0.0    0.102   0.000   21.0    53   11.1   20.2    9.85   1.1914     351     1    100.0   15 
24/01/25   2:00    8.2    8.3    8.1    94    7.3    0.0    ---   0.00   0.0   ---    8.2    8.4    8.4  1018.6   0.00    0.0    0.105   0.000   20.8    53   10.8   20.1    9.86   1.1925     350     1    100.0   15 
24/01/25   2:15    7.9    8.2    7.7    94    7.0    0.0     NO   0.00   1.6    NO    7.9    8.1    8.1  1018.7   0.00    0.0    0.108   0.000   20.6    53   10.7   19.9    9.87   1.1934     351     1    100.0   15 
24/01/25   2:30    7.6    7.7    7.3    94    6.7    0.0     NO   0.00   3.2    NO    7.6    7.7    7.7  1018.8   0.00    0.0    0.112   0.000   20.4    54   10.8   19.8   10.00   1.1944     351     1    100.0   15 
24/01/25   2:45    7.6    8.0    7.3    95    6.9    0.0     NO   0.00   3.2    NO    7.6    7.8    7.8  1018.8   0.00    0.0    0.112   0.000   20.2    54   10.6   19.7   10.01   1.1952     351     1    100.0   15 
24/01/25   3:00    7.9    8.1    7.8    95    7.2    0.0    ONO   0.00   3.2   ONO    7.9    8.1    8.1  1018.8   0.00    0.0    0.108   0.000   20.0    54   10.4   19.5   10.03   1.1964     350     1    100.0   15 
24/01/25   3:15    7.7    7.8    7.7    95    7.0    0.0    ONO   0.00   1.6   ONO    7.7    7.9    7.9  1018.7   0.00    0.0    0.111   0.000   19.8    55   10.5   19.3   10.20   1.1970     351     1    100.0   15 
24/01/25   3:30    7.8    7.8    7.7    95    7.0    0.0    ONO   0.00   1.6   ONO    7.8    7.9    7.9  1018.5   0.00    0.0    0.110   0.000   19.6    55   10.3   19.1   10.20   1.1977     351     1    100.0   15 
24/01/25   3:45    7.7    7.8    7.7    95    7.0    0.0    ONO   0.00   1.6   ONO    7.7    7.9    7.9  1018.3   0.00    0.0    0.111   0.000   19.4    55   10.2   18.9   10.21   1.1982     351     1    100.0   15 
24/01/25   4:00    7.7    7.8    7.6    94    6.8    1.6     NO   0.40   9.7    NO    7.7    7.9    7.9  1018.4   0.00    0.0    0.111   0.000   19.3    55   10.0   18.7   10.22   1.1992     350     1    100.0   15 
24/01/25   4:15    7.3    7.6    7.2    95    6.5    4.8     NO   1.21   8.0    NO    6.7    7.4    6.8  1018.4   0.00    0.0    0.115   0.000   19.2    55    9.9   18.6   10.22   1.1997     351     1    100.0   15 
24/01/25   4:30    7.6    7.7    7.3    95    6.8    1.6     NO   0.40   3.2    NO    7.6    7.7    7.7  1018.4   0.00    0.0    0.112   0.000   19.0    56   10.0   18.4   10.43   1.2004     350     1    100.0   15 
24/01/25   4:45    7.6    7.7    7.6    95    6.9    0.0     NO   0.00   3.2    NO    7.6    7.8    7.8  1018.5   0.00    0.0    0.112   0.000   18.9    56    9.9   18.3   10.43   1.2010     352     1    100.0   15 
24/01/25   5:00    7.1    7.6    6.6    94    6.2    0.0     NO   0.00   3.2    NO    7.1    7.2    7.2  1018.5   0.00    0.0    0.117   0.000   18.8    56    9.8   18.2   10.43   1.2016     350     1    100.0   15 
24/01/25   5:15    6.4    6.7    6.3    95    5.7    0.0     NO   0.00   4.8    NO    6.4    6.6    6.6  1018.4   0.20    0.0    0.124   0.000   18.7    56    9.7   18.1   10.44   1.2020     350     1    100.0   15 
24/01/25   5:30    6.8    6.9    6.7    95    6.1    1.6     NO   0.40   4.8    NO    6.8    6.9    6.9  1018.5   0.00    0.0    0.120   0.000   18.5    56    9.6   17.9   10.44   1.2029     350     1    100.0   15 
24/01/25   5:45    6.5    6.8    6.3    94    5.6    0.0     NO   0.00   3.2    NO    6.5    6.6    6.6  1018.5   0.00    0.0    0.123   0.000   18.6    56    9.6   17.9   10.44   1.2027     352     1    100.0   15 
24/01/25   6:00    6.1    6.3    5.9    94    5.2    0.0     NO   0.00   1.6    NO    6.1    6.1    6.1  1018.5   0.00    0.0    0.128   0.000   19.1    55    9.8   18.5   10.22   1.2004     351     1    100.0   15 
24/01/25   6:15    6.2    6.3    6.1    94    5.3    0.0     NO   0.00   1.6    NO    6.2    6.3    6.3  1018.4   0.00    0.0    0.126   0.000   19.7    54   10.1   19.2   10.05   1.1973     350     1    100.0   15 
24/01/25   6:30    6.4    6.7    6.3    95    5.7    1.6     NO   0.40   4.8    NO    6.4    6.6    6.6  1018.5   0.00    0.0    0.124   0.000   20.3    53   10.4   19.7    9.88   1.1946     350     1    100.0   15 
24/01/25   6:45    6.5    6.7    6.4    94    5.6    0.0     NO   0.00   3.2    NO    6.5    6.6    6.6  1018.7   0.00    0.0    0.123   0.000   20.8    52   10.6   20.1    9.66   1.1926     351     1    100.0   15 
24/01/25   7:00    6.3    6.5    6.2    95    5.6    0.0     NO   0.00   3.2    NO    6.3    6.4    6.4  1018.6   0.00    0.0    0.125   0.000   21.2    52   10.9   20.3    9.65   1.1908     352     1    100.0   15 
24/01/25   7:15    6.6    6.7    6.5    95    5.9    0.0     NO   0.00   3.2    NO    6.6    6.7    6.7  1018.6   0.00    0.0    0.122   0.000   21.6    52   11.3   20.8    9.63   1.1889     351     1    100.0   15 
24/01/25   7:30    6.6    6.7    6.6    94    5.7    0.0     NO   0.00   3.2    NO    6.6    6.7    6.7  1018.8   0.00    0.0    0.122   0.000   22.1    51   11.5   21.6    9.41   1.1867     351     1    100.0   15 
24/01/25   7:45    6.7    6.9    6.6    95    5.9    0.0     NO   0.00   3.2    NO    6.7    6.8    6.8  1019.0   0.00    0.0    0.122   0.000   22.6    51   11.9   22.2    9.40   1.1847     351     1    100.0   15 
24/01/25   8:00    6.8    6.9    6.8    95    6.1    0.0     NO   0.00   3.2    NO    6.8    6.9    6.9  1019.2   0.00    0.0    0.120   0.000   22.9    50   12.0   22.7    9.25   1.1833     351     1    100.0   15 
24/01/25   8:15    7.3    7.7    6.9    95    6.5    0.0     NO   0.00   4.8    NO    7.3    7.4    7.4  1019.1   0.00    0.0    0.115   0.000   23.2    50   12.2   22.9    9.25   1.1820     351     1    100.0   15 
24/01/25   8:30    8.2    8.5    7.7    94    7.3    0.0     NO   0.00   6.4   OSO    8.2    8.3    8.3  1019.1   0.00    0.0    0.106   0.000   23.4    49   12.1   23.3    9.05   1.1810     350     1    100.0   15 
24/01/25   8:45    8.8    9.3    8.5    93    7.8    1.6    ONO   0.40   6.4     O    8.8    9.0    9.0  1019.1   0.00    0.0    0.099   0.000   23.7    48   12.0   23.6    8.94   1.1803     351     1    100.0   15 
24/01/25   9:00    9.7   10.1    9.3    91    8.3    1.6      O   0.40   6.4     O    9.7    9.9    9.9  1019.1   0.00    0.0    0.090   0.000   23.7    48   12.1   23.6    8.94   1.1800     350     1    100.0   15 
24/01/25   9:15   10.5   10.9   10.1    89    8.8    1.6    ONO   0.40   8.0    NO   10.5   10.6   10.6  1019.2   0.00    0.0    0.082   0.000   23.6    48   12.0   23.5    8.94   1.1807     352     1    100.0   15 
24/01/25   9:30   11.4   11.7   10.9    86    9.1    1.6    OSO   0.40   6.4   OSO   11.4   11.4   11.4  1019.2   0.00    0.0    0.072   0.000   23.4    49   12.1   23.3    9.05   1.1811     350     1    100.0   15 
24/01/25   9:45   12.0   12.3   11.7    83    9.2    3.2    OSO   0.80   8.0   OSO   12.0   11.9   11.9  1019.0   0.00    0.0    0.066   0.000   23.6    48   12.0   23.5    8.94   1.1804     351     1    100.0   15 
24/01/25  10:00   12.5   12.8   12.3    81    9.3    3.2    OSO   0.80  11.3   ONO   12.5   12.3   12.3  1019.0   0.00    0.0    0.061   0.000   24.1    47   12.1   24.0    8.74   1.1783     351     1    100.0   15 
24/01/25  10:15   13.3   13.7   12.8    79    9.7    3.2     SO   0.80   6.4   ONO   13.3   13.1   13.1  1019.1   0.00    0.0    0.053   0.000   24.6    46   12.2   24.4    8.53   1.1766     351     1    100.0   15 
24/01/25  10:30   14.1   14.6   13.7    78   10.3    1.6      S   0.40   6.4    SE   14.1   13.9   13.9  1019.2   0.00    0.0    0.044   0.000   24.4    46   12.1   24.3    8.53   1.1772     349     1    100.0   15 
24/01/25  10:45   14.8   15.2   14.6    74   10.2    1.6      S   0.40   6.4   SSO   14.8   14.6   14.6  1019.2   0.00    0.0    0.036   0.000   24.4    46   12.0   24.2    8.53   1.1775     351     1    100.0   15 
24/01/25  11:00   15.2   15.2   15.0    74   10.6    3.2    OSO   0.80   8.0   OSO   15.2   14.9   14.9  1019.1   0.00    0.0    0.033   0.000   24.4    46   12.0   24.2    8.53   1.1774     351     1    100.0   15 
24/01/25  11:15   15.2   15.6   15.0    73   10.4    1.6     SO   0.40   9.7    SO   15.2   14.9   14.9  1018.9   0.00    0.0    0.032   0.000   24.2    46   11.8   24.0    8.54   1.1782     350     1    100.0   15 
24/01/25  11:30   15.8   16.0   15.6    71   10.5    3.2     SO   0.80   6.4   SSO   15.8   15.4   15.4  1018.6   0.00    0.0    0.027   0.000   24.0    46   11.7   23.9    8.55   1.1787     351     1    100.0   15 
24/01/25  11:45   16.3   16.7   16.0    70   10.8    3.2     SO   0.80   6.4   SSO   16.3   16.0   16.0  1018.3   0.00    0.0    0.021   0.000   23.9    46   11.6   23.8    8.55   1.1786     351     1    100.0   15 
24/01/25  12:00   17.2   17.4   16.8    68   11.2    1.6     SO   0.40   8.0   OSO   17.2   16.9   16.9  1018.2   0.00    0.0    0.012   0.000   23.9    47   11.9   23.8    8.75   1.1782     350     1    100.0   15 
24/01/25  12:15   17.5   17.7   17.4    67   11.3    3.2     SO   0.80   8.0    SO   17.5   17.3   17.3  1018.0   0.00    0.0    0.009   0.000   24.0    47   12.0   23.9    8.75   1.1776     351     1    100.0   15 
24/01/25  12:30   17.9   18.2   17.7    64   11.0    3.2    OSO   0.80   9.7    SO   17.9   17.7   17.7  1017.7   0.00    0.0    0.004   0.000   24.1    47   12.1   24.0    8.74   1.1768     351     1    100.0   15 
24/01/25  12:45   18.5   18.8   18.2    62   11.1    3.2     SO   0.80  11.3   SSO   18.5   18.2   18.2  1017.5   0.00    0.0    0.000   0.002   24.2    46   11.8   24.0    8.54   1.1766     351     1    100.0   15 
24/01/25  13:00   19.1   19.3   18.8    61   11.4    3.2    OSO   0.80   8.0   SSE   19.1   18.8   18.8  1017.2   0.00    0.0    0.000   0.008   24.2    46   11.9   24.1    8.54   1.1760     351     1    100.0   15 
24/01/25  13:15   19.2   19.3   19.1    61   11.5    3.2    OSO   0.80   8.0   OSO   19.2   18.9   18.9  1016.8   0.00    0.0    0.000   0.009   24.2    46   11.8   24.0    8.54   1.1758     351     1    100.0   15 
24/01/25  13:30   19.6   19.8   19.3    60   11.6    3.2    SSE   0.80   8.0     S   19.6   19.4   19.4  1016.6   0.00    0.0    0.000   0.013   24.2    46   11.8   24.0    8.54   1.1756     351     1    100.0   15 
24/01/25  13:45   20.1   20.3   19.8    53   10.2    3.2     SO   0.80  14.5   OSO   20.1   19.5   19.5  1016.6   0.00    0.0    0.000   0.018   24.1    46   11.8   23.9    8.54   1.1758     351     1    100.0   15 
24/01/25  14:00   20.2   20.3   20.1    58   11.7    4.8     SO   1.21  14.5     S   20.2   19.9   19.9  1016.5   0.00    0.0    0.000   0.020   24.1    47   12.1   24.0    8.74   1.1754     351     1    100.0   15 
24/01/25  14:15   19.7   20.3   19.2    60   11.7    6.4     SO   1.61  14.5     S   19.7   19.4   19.4  1016.4   0.00    0.0    0.000   0.014   24.1    47   12.0   23.9    8.74   1.1755     351     1    100.0   15 
24/01/25  14:30   19.2   19.3   19.1    60   11.3    4.8     SO   1.21  17.7    SO   19.2   18.9   18.9  1016.4   0.00    0.0    0.000   0.009   24.0    47   12.0   23.9    8.75   1.1757     352     1    100.0   15 
24/01/25  14:45   19.2   19.3   19.1    60   11.2    3.2     SO   0.80  14.5    SO   19.2   18.8   18.8  1016.4   0.00    0.0    0.000   0.009   23.9    47   11.9   23.8    8.75   1.1760     351     1    100.0   15 
24/01/25  15:00   18.8   19.1   18.6    61   11.1    3.2     SO   0.80  12.9    SO   18.8   18.5   18.5  1016.4   0.00    0.0    0.000   0.005   23.9    47   11.9   23.8    8.75   1.1763     350     1    100.0   15 
24/01/25  15:15   18.7   18.9   18.6    61   11.0    4.8     SO   1.21  14.5   OSO   18.7   18.3   18.3  1016.4   0.00    0.0    0.000   0.003   23.8    48   12.2   23.8    8.95   1.1763     349     1    100.0   15 
24/01/25  15:30   18.9   19.1   18.9    58   10.5    4.8     SO   1.21  14.5    SO   18.9   18.5   18.5  1016.3   0.00    0.0    0.000   0.006   23.8    48   12.1   23.7    8.95   1.1764     351     1    100.0   15 
24/01/25  15:45   18.6   19.0   18.2    59   10.4    4.8    SSO   1.21  14.5    SO   18.6   18.2   18.2  1016.2   0.00    0.0    0.000   0.003   23.7    48   12.1   23.6    8.94   1.1765     352     1    100.0   15 
24/01/25  16:00   18.1   18.2   17.8    60   10.2    4.8     SO   1.21  17.7     O   18.1   17.6   17.6  1016.1   0.00    0.0    0.003   0.000   23.6    48   12.0   23.5    8.94   1.1770     351     1    100.0   15 
24/01/25  16:15   17.6   17.8   17.4    62   10.2    3.2     SO   0.80  12.9    SO   17.6   17.2   17.2  1016.1   0.00    0.0    0.008   0.000   23.5    48   11.9   23.3    8.94   1.1776     351     1    100.0   15 
24/01/25  16:30   17.3   17.4   17.1    63   10.2    3.2    OSO   0.80   9.7     S   17.3   16.8   16.8  1016.2   0.00    0.0    0.011   0.000   23.4    49   12.1   23.2    9.05   1.1778     351     1    100.0   15 
24/01/25  16:45   16.7   17.1   16.2    66   10.3    3.2    OSO   0.80   9.7   SSO   16.7   16.3   16.3  1016.2   0.00    0.0    0.017   0.000   23.2    49   11.9   23.0    9.05   1.1787     350     1    100.0   15 
24/01/25  17:00   15.8   16.2   15.3    70   10.3    3.2     SO   0.80  11.3     S   15.8   15.4   15.4  1016.2   0.00    0.0    0.027   0.000   23.0    49   11.7   22.7    9.05   1.1798     351     1    100.0   15 
24/01/25  17:15   14.9   15.3   14.4    74   10.3    1.6    OSO   0.40   9.7    SO   14.9   14.6   14.6  1016.3   0.00    0.0    0.036   0.000   22.8    50   11.8   22.5    9.25   1.1808     351     1    100.0   15 
24/01/25  17:30   14.1   14.4   13.8    77   10.1    1.6    OSO   0.40   8.0   OSO   14.1   13.9   13.9  1016.5   0.00    0.0    0.044   0.000   22.7    49   11.5   22.4    9.05   1.1815     350     1    100.0   15 
24/01/25  17:45   13.6   13.8   13.4    79   10.0    1.6    OSO   0.40   6.4   SSO   13.6   13.4   13.4  1016.5   0.00    0.0    0.049   0.000   23.0    49   11.7   22.7    9.05   1.1802     352     1    100.0   15 
24/01/25  18:00   13.2   13.4   13.1    80    9.8    1.6     SO   0.40   8.0   OSO   13.2   13.1   13.1  1016.6   0.00    0.0    0.053   0.000   23.4    49   12.1   23.2    9.05   1.1784     350     1    100.0   15 
24/01/25  18:15   12.9   13.1   12.8    81    9.8    1.6    OSO   0.40   3.2   OSO   12.9   12.8   12.8  1016.5   0.00    0.0    0.056   0.000   23.7    49   12.3   23.6    9.05   1.1768     351     1    100.0   15 
24/01/25  18:30   12.6   12.8   12.5    82    9.6    1.6    OSO   0.40   4.8    SO   12.6   12.5   12.5  1016.6   0.00    0.0    0.060   0.000   23.8    49   12.5   23.8    9.05   1.1761     348     1    100.0   15 
24/01/25  18:45   12.3   12.5   12.2    84    9.7    0.0    OSO   0.00   3.2   OSO   12.3   12.3   12.3  1016.5   0.00    0.0    0.062   0.000   24.1    48   12.4   24.0    8.94   1.1753     351     1    100.0   15 
24/01/25  19:00   12.1   12.2   12.0    85    9.7    1.6     SO   0.40   6.4   OSO   12.1   12.1   12.1  1016.5   0.00    0.0    0.065   0.000   24.2    48   12.5   24.1    8.94   1.1748     350     1    100.0   15 
24/01/25  19:15   11.9   12.0   11.8    85    9.5    1.6     SO   0.40   4.8    SO   11.9   11.9   11.9  1016.5   0.00    0.0    0.067   0.000   24.3    48   12.6   24.2    8.94   1.1741     351     1    100.0   15 
24/01/25  19:30   11.7   11.8   11.6    86    9.5    1.6    OSO   0.40   3.2     O   11.7   11.7   11.7  1016.5   0.00    0.0    0.069   0.000   24.3    48   12.6   24.3    8.93   1.1739     350     1    100.0   15 
24/01/25  19:45   11.4   11.6   11.2    86    9.1    0.0    OSO   0.00   3.2   OSO   11.4   11.4   11.4  1016.4   0.00    0.0    0.072   0.000   24.4    48   12.7   24.3    8.93   1.1732     349     1    100.0   15 
24/01/25  20:00   11.1   11.2   10.9    87    9.0    0.0      O   0.00   3.2   OSO   11.1   11.1   11.1  1016.4   0.00    0.0    0.076   0.000   24.5    48   12.8   24.4    8.93   1.1729     352     1    100.0   15 
24/01/25  20:15   11.0   11.0   11.0    88    9.1    1.6     SO   0.40   6.4    SO   11.0   11.1   11.1  1016.3   0.00    0.0    0.076   0.000   24.6    48   12.9   24.5    8.92   1.1723     351     1    100.0   15 
24/01/25  20:30   10.9   11.0   10.9    88    9.0    0.0      O   0.00   3.2   ONO   10.9   11.0   11.0  1016.1   0.00    0.0    0.077   0.000   24.4    48   12.7   24.3    8.93   1.1729     351     1    100.0   15 
24/01/25  20:45   10.9   11.0   10.9    88    9.0    1.6    OSO   0.40   8.0    SO   10.9   11.0   11.0  1016.2   0.00    0.0    0.077   0.000   24.2    49   12.8   24.2    9.04   1.1740     351     1    100.0   15 
24/01/25  21:00   11.1   11.2   11.0    88    9.2    1.6    OSO   0.40   6.4   SSO   11.1   11.2   11.2  1016.1   0.00    0.0    0.075   0.000   23.8    49   12.5   23.8    9.05   1.1756     351     1    100.0   15 
24/01/25  21:15   11.1   11.2   11.0    87    9.0    1.6      O   0.40   4.8   OSO   11.1   11.1   11.1  1016.0   0.00    0.0    0.076   0.000   23.6    50   12.5   23.5    9.25   1.1765     352     1    100.0   15 
24/01/25  21:30   10.9   11.0   10.9    88    9.0    1.6      O   0.40   4.8   OSO   10.9   11.0   11.0  1016.0   0.00    0.0    0.077   0.000   23.3    50   12.3   23.2    9.25   1.1775     350     1    100.0   15 
24/01/25  21:45   10.7   10.9   10.6    88    8.8    1.6    ONO   0.40   4.8     O   10.7   10.8   10.8  1015.9   0.00    0.0    0.079   0.000   23.1    51   12.4   22.9    9.38   1.1783     351     1    100.0   15 
24/01/25  22:00   10.5   10.6   10.4    89    8.8    1.6      O   0.40   4.8     O   10.5   10.6   10.6  1016.0   0.00    0.0    0.082   0.000   22.9    51   12.2   22.7    9.39   1.1795     350     1    100.0   15 
24/01/25  22:15   10.4   10.5   10.4    89    8.7    1.6    ONO   0.40   3.2   ONO   10.4   10.6   10.6  1015.8   0.00    0.0    0.082   0.000   22.7    51   12.1   22.5    9.39   1.1801     351     1    100.0   15 
24/01/25  22:30   10.5   10.6   10.4    89    8.8    1.6      O   0.40   4.8   OSO   10.5   10.6   10.6  1015.7   0.00    0.0    0.082   0.000   22.5    52   12.2   22.2    9.60   1.1807     349     1    100.0   15 
24/01/25  22:45   10.6   10.6   10.5    89    8.8    1.6    ONO   0.40   4.8   ONO   10.6   10.7   10.7  1015.5   0.00    0.0    0.081   0.000   22.4    52   12.0   22.1    9.60   1.1811     350     1    100.0   15 
24/01/25  23:00   10.6   10.7   10.5    89    8.9    1.6    ONO   0.40   4.8    SO   10.6   10.7   10.7  1015.4   0.00    0.0    0.080   0.000   22.6    52   12.3   22.4    9.60   1.1798     351     1    100.0   15 
24/01/25  23:15   10.8   10.8   10.7    88    8.9    1.6     NO   0.40   4.8   ONO   10.8   10.8   10.8  1015.3   0.00    0.0    0.079   0.000   23.1    51   12.4   22.9    9.38   1.1778     352     1    100.0   15 
24/01/25  23:30   10.9   11.0   10.8    87    8.8    0.0    OSO   0.00   4.8    NO   10.9   10.9   10.9  1015.3   0.00    0.0    0.078   0.000   23.3    51   12.6   23.2    9.37   1.1765     351     1    100.0   15 
24/01/25  23:45   11.0   11.1   10.8    86    8.7    1.6    OSO   0.40   4.8   OSO   11.0   11.0   11.0  1015.3   0.00    0.0    0.076   0.000   23.2    51   12.5   23.0    9.38   1.1773     351     1    100.0   15 
25/01/25  00:00   10.8   10.8   10.8    84    8.2    0.0    ONO   0.00   3.2     O   10.8   10.8   10.8  1015.3   0.00    0.0    0.079   0.000   22.9    51   12.2   22.7    9.39   1.1787     350     1    100.0   15 
25/01/25   0:15   10.5   10.8   10.2    85    8.1    1.6    OSO   0.40   4.8   OSO   10.5   10.5   10.5  1015.2   0.00    0.0    0.082   0.000   22.6    52   12.3   22.4    9.60   1.1797     350     1    100.0   15 
25/01/25   0:30   10.2   10.2   10.1    84    7.6    1.6      O   0.40   6.4   OSO   10.2   10.2   10.2  1015.1   0.00    0.0    0.085   0.000   22.4    52   12.0   22.1    9.60   1.1806     351     1    100.0   15 
25/01/25   0:45   10.0   10.1    9.9    84    7.4    1.6     NO   0.40   6.4     O   10.0   10.1   10.1  1015.1   0.00    0.0    0.087   0.000   22.1    52   11.8   21.7    9.61   1.1820     351     1    100.0   15 
25/01/25   1:00    9.9   10.1    9.5    83    7.1    3.2    NNO   0.80   6.4   NNO    9.9    9.9    9.9  1015.0   0.00    0.0    0.088   0.000   21.8    53   11.8   21.3    9.80   1.1830     351     1    100.0   15 
25/01/25   1:15    9.6    9.8    9.4    86    7.3    1.6    NNO   0.40   4.8   NNO    9.6    9.6    9.6  1014.9   0.00    0.0    0.091   0.000   21.6    53   11.6   20.9    9.81   1.1839     351     1    100.0   15 
25/01/25   1:30   10.1   10.3    9.8    85    7.7    1.6     NO   0.40   4.8   ONO   10.1   10.2   10.2  1014.8   0.00    0.0    0.086   0.000   21.3    53   11.4   20.6    9.83   1.1852     350     1    100.0   15 
25/01/25   1:45    9.9   10.0    9.8    84    7.3    1.6     NO   0.40   3.2    NO    9.9    9.9    9.9  1014.9   0.00    0.0    0.088   0.000   21.1    54   11.4   20.3    9.95   1.1861     351     1    100.0   15 
25/01/25   2:00    9.8    9.9    9.8    84    7.3    1.6     NO   0.40   8.0   NNO    9.8    9.9    9.9  1014.8   0.00    0.0    0.089   0.000   20.9    54   11.2   20.2    9.97   1.1871     351     1    100.0   15 
25/01/25   2:15    9.8    9.8    9.7    84    7.2    1.6     NO   0.40   8.0   NNO    9.8    9.8    9.8  1014.7   0.00    0.0    0.089   0.000   20.7    54   11.0   20.1    9.98   1.1881     350     1    100.0   15 
25/01/25   2:30    9.8    9.8    9.8    83    7.1    0.0     NO   0.00   1.6    NO    9.8    9.8    9.8  1014.6   0.00    0.0    0.089   0.000   20.5    54   10.9   19.9    9.99   1.1889     350     1    100.0   15 
25/01/25   2:45    9.3    9.8    8.7    83    6.5    1.6     NO   0.40   3.2    NO    9.3    9.3    9.3  1014.5   0.00    0.0    0.094   0.000   20.3    55   11.0   19.8   10.18   1.1893     351     1    100.0   15 
25/01/25   3:00    8.3    8.7    8.2    87    6.3    3.2     NO   0.80   6.4    NO    8.3    8.4    8.4  1014.2   0.00    0.0    0.104   0.000   20.1    55   10.8   19.7   10.19   1.1900     351     1    100.0   15 
25/01/25   3:15    8.8    9.1    8.3    87    6.7    1.6     NO   0.40   6.4   NNO    8.8    8.8    8.8  1014.1   0.00    0.0    0.100   0.000   19.9    55   10.6   19.5   10.19   1.1907     351     1    100.0   15 
