                 Temp.  Temp.  Temp.  Hum.   Punt   Vel.   Dir.   Rec.  Vel.  Dir.  Sens.   Índ.   Índ.                  Int. Graus D.Graus D.  Temp.  Hum. Rosada  In.Cal.  EMC     Dens.    Mostr   Tx   Recep.  Int.
  Data    Hora    Ext.   Màx.   Mín.  Ext. Rosada   Vent   Vent   Vent  Màx.  Màx.  Tèrm.  Calor   THW    Bar    Pluja   Pluja  Calor    Fred    Int.  Int.   Int.   Int.    Int.  Int.Aire    Vent   Vent   ISS   Arc.
-------------------------------------------------------------------------------------------------------------------------------------------------------------------------------------------------------------------------
29/10/23   0:15   15.3   15.5   14.6    66    9.0    3.2     NO   0.80   8.0   ONO   15.3   14.8   14.8  1012.6   0.00    0.0    0.032   0.000   22.3    59   13.9   22.2   10.87   1.1760     347     1    100.0   15 
29/10/23   0:30   14.3   14.6   14.2    69    8.7    1.6     NO   0.40   9.7   SSE   14.3   13.9   13.9  1012.8   0.00    0.0    0.042   0.000   22.2    59   13.8   22.1   10.87   1.1765     351     1    100.0   15 
29/10/23   0:45   13.7   14.2   13.3    72    8.8    1.6      O   0.40   6.4     O   13.7   13.3   13.3  1012.7   0.00    0.0    0.048   0.000   22.1    59   13.7   21.9   10.88   1.1770     352     1    100.0   15 
29/10/23   1:00   13.4   13.8   13.3    72    8.5    1.6      O   0.40   8.0   OSO   13.4   13.1   13.1  1012.7   0.00    0.0    0.051   0.000   22.1    59   13.7   21.9   10.88   1.1773     351     1    100.0   15 
29/10/23   1:15   14.3   14.9   13.8    71    9.1    1.6      O   0.40   6.4     O   14.3   13.9   13.9  1012.7   0.00    0.0    0.042   0.000   21.9    59   13.6   21.7   10.89   1.1778     351     1    100.0   15 
29/10/23   1:30   15.1   15.2   14.7    70    9.6    0.0     NO   0.00   3.2    NO   15.1   14.7   14.7  1012.6   0.00    0.0    0.034   0.000   21.9    59   13.5   21.7   10.89   1.1779     351     1    100.0   15 
29/10/23   1:45   14.8   15.2   14.6    77   10.8    0.0     NO   0.00   3.2    NO   14.8   14.6   14.6  1012.4   0.00    0.0    0.036   0.000   21.8    60   13.7   21.6   11.03   1.1780     351     1    100.0   15 
29/10/23   2:00   15.2   15.3   15.2    73   10.4    0.0    ONO   0.00   1.6   ONO   15.2   14.9   14.9  1012.4   0.00    0.0    0.032   0.000   21.7    60   13.6   21.4   11.03   1.1783     351     1    100.0   15 
29/10/23   2:15   14.9   15.2   14.1    72    9.9    0.0    SSE   0.00   3.2   ONO   14.9   14.6   14.6  1012.4   0.00    0.0    0.036   0.000   21.7    60   13.6   21.4   11.03   1.1785     351     1    100.0   15 
29/10/23   2:30   13.9   14.1   13.8    73    9.2    0.0    ONO   0.00   3.2   ONO   13.9   13.6   13.6  1012.5   0.00    0.0    0.046   0.000   21.6    60   13.5   21.3   11.03   1.1789     350     1    100.0   15 
29/10/23   2:45   13.8   14.0   13.6    73    9.0    1.6    OSO   0.40   4.8   OSO   13.8   13.4   13.4  1012.3   0.00    0.0    0.047   0.000   21.5    60   13.4   21.2   11.04   1.1793     352     1    100.0   15 
29/10/23   3:00   14.2   14.4   13.8    71    9.0    1.6      O   0.40   4.8   OSO   14.2   13.8   13.8  1012.3   0.00    0.0    0.043   0.000   21.4    60   13.4   21.1   11.04   1.1796     351     1    100.0   15 
29/10/23   3:15   14.6   14.7   14.4    70    9.1    1.6    ONO   0.40   4.8   ONO   14.6   14.1   14.1  1012.1   0.00    0.0    0.039   0.000   21.4    60   13.3   21.0   11.04   1.1797     351     1    100.0   15 
29/10/23   3:30   14.7   14.7   14.6    70    9.3    1.6    ONO   0.40   4.8   ONO   14.7   14.2   14.2  1012.0   0.00    0.0    0.038   0.000   21.3    60   13.2   20.9   11.04   1.1801     350     1    100.0   15 
29/10/23   3:45   14.8   15.0   14.6    70    9.4    1.6    ONO   0.40   4.8   ONO   14.8   14.4   14.4  1011.9   0.00    0.0    0.037   0.000   21.2    60   13.1   20.8   11.05   1.1802     351     1    100.0   15 
29/10/23   4:00   15.1   15.1   15.0    71    9.9    1.6    ONO   0.40   6.4   OSO   15.1   14.8   14.8  1012.0   0.00    0.0    0.034   0.000   21.2    60   13.1   20.7   11.05   1.1806     351     1    100.0   15 
29/10/23   4:15   14.9   15.1   14.8    74   10.3    1.6      O   0.40   9.7     O   14.9   14.6   14.6  1012.0   0.00    0.0    0.036   0.000   21.1    60   13.0   20.7   11.05   1.1809     351     1    100.0   15 
29/10/23   4:30   14.7   14.8   14.5    75   10.3    1.6    ONO   0.40   4.8     O   14.7   14.4   14.4  1012.1   0.00    0.0    0.038   0.000   21.1    60   13.0   20.6   11.05   1.1813     351     1    100.0   15 
29/10/23   4:45   14.4   14.5   14.3    77   10.4    1.6    ONO   0.40   4.8     O   14.4   14.2   14.2  1012.0   0.00    0.0    0.041   0.000   21.0    60   12.9   20.6   11.05   1.1815     350     1    100.0   15 
29/10/23   5:00   14.3   14.4   14.3    78   10.5    0.0    ONO   0.00   3.2   ONO   14.3   14.2   14.2  1012.1   0.00    0.0    0.042   0.000   20.9    60   12.9   20.6   11.05   1.1819     352     1    100.0   15 
29/10/23   5:15   13.8   14.3   13.3    80   10.4    3.2     NO   0.80   6.4   ONO   13.8   13.7   13.7  1012.0   0.00    0.0    0.047   0.000   20.9    60   12.8   20.5   11.05   1.1820     350     1    100.0   15 
29/10/23   5:30   13.8   13.9   13.6    81   10.6    1.6    ONO   0.40   4.8   ONO   13.8   13.7   13.7  1012.0   0.00    0.0    0.047   0.000   20.9    60   12.9   20.6   11.05   1.1818     351     1    100.0   15 
29/10/23   5:45   14.0   14.1   13.8    81   10.8    1.6    ONO   0.40   4.8   ONO   14.0   13.9   13.9  1011.9   0.00    0.0    0.045   0.000   21.2    60   13.1   20.8   11.05   1.1802     350     1    100.0   15 
29/10/23   6:00   13.9   14.0   13.8    80   10.5    0.0    ONO   0.00   6.4   ONO   13.9   13.8   13.8  1011.9   0.00    0.0    0.046   0.000   21.6    59   13.3   21.3   10.91   1.1786     349     1    100.0   15 
29/10/23   6:15   13.4   13.8   13.2    80   10.1    0.0    ONO   0.00   4.8   ONO   13.4   13.3   13.3  1012.0   0.00    0.0    0.051   0.000   21.9    59   13.6   21.7   10.89   1.1770     352     1    100.0   15 
29/10/23   6:30   13.3   13.3   13.2    80    9.9    1.6    ONO   0.40   6.4   ONO   13.3   13.1   13.1  1011.9   0.00    0.0    0.053   0.000   22.3    58   13.6   22.2   10.67   1.1755     350     1    100.0   15 
29/10/23   6:45   12.9   13.3   12.3    78    9.2    3.2     NO   0.80   8.0    NO   12.9   12.7   12.7  1012.0   0.00    0.0    0.056   0.000   22.5    58   13.8   22.5   10.65   1.1745     350     1    100.0   15 
29/10/23   7:00   12.3   12.4   12.0    81    9.1    1.6     NO   0.40   6.4    NO   12.3   12.1   12.1  1012.3   0.00    0.0    0.063   0.000   22.8    58   14.1   22.9   10.63   1.1734     348     1    100.0   15 
29/10/23   7:15   12.3   13.1   12.0    84    9.7    1.6     NO   0.40   8.0    NO   12.3   12.3   12.3  1012.4   0.00    0.0    0.062   0.000   23.1    58   14.3   23.3   10.61   1.1721     352     1    100.0   15 
29/10/23   7:30   13.7   14.2   13.1    83   10.8    1.6     NO   0.40   4.8   NNO   13.7   13.6   13.6  1012.6   0.00    0.0    0.049   0.000   23.3    58   14.6   23.6   10.59   1.1709     351     1    100.0   15 
29/10/23   7:45   14.6   14.9   14.2    81   11.3    0.0    ONO   0.00   6.4   OSO   14.6   14.4   14.4  1012.6   0.00    0.0    0.039   0.000   23.7    59   15.2   24.1   10.77   1.1688     351     1    100.0   15 
29/10/23   8:00   15.1   15.2   14.9    80   11.7    1.6      O   0.40   8.0   OSO   15.1   15.0   15.0  1012.7   0.00    0.0    0.034   0.000   24.1    59   15.5   24.5   10.74   1.1670     349     1    100.0   15 
29/10/23   8:15   15.2   15.4   15.1    81   12.0    1.6    OSO   0.40   8.0     O   15.2   15.2   15.2  1012.6   0.00    0.0    0.032   0.000   24.4    58   15.6   24.7   10.51   1.1655     352     1    100.0   15 
29/10/23   8:30   15.8   16.1   15.4    79   12.1    1.6    OSO   0.40   4.8     O   15.8   15.7   15.7  1012.7   0.00    0.0    0.027   0.000   24.6    57   15.5   24.9   10.30   1.1648     351     1    100.0   15 
29/10/23   8:45   16.4   16.8   16.1    76   12.2    0.0    OSO   0.00   4.8   OSO   16.4   16.3   16.3  1012.8   0.00    0.0    0.020   0.000   24.8    57   15.7   25.1   10.28   1.1638     351     1    100.0   15 
29/10/23   9:00   17.1   17.4   16.8    74   12.4    1.6    SSO   0.40   9.7   SSO   17.1   17.0   17.0  1012.9   0.00    0.0    0.013   0.000   25.1    57   15.9   25.3   10.27   1.1628     349     1    100.0   15 
29/10/23   9:15   17.7   17.8   17.5    70   12.2    3.2    SSO   0.80  11.3     S   17.7   17.6   17.6  1012.7   0.00    0.0    0.006   0.000   25.2    57   16.1   25.6   10.25   1.1617     351     1    100.0   15 
29/10/23   9:30   17.9   18.2   17.8    69   12.2    4.8    SSO   1.21  11.3     S   17.9   17.8   17.8  1012.8   0.00    0.0    0.004   0.000   25.3    56   15.9   25.6   10.15   1.1618     351     1    100.0   15 
29/10/23   9:45   18.6   18.8   18.2    68   12.5    4.8    SSO   1.21  11.3   SSO   18.6   18.5   18.5  1012.8   0.00    0.0    0.000   0.002   25.4    56   16.0   25.7   10.14   1.1613     350     1    100.0   15 
29/10/23  10:00   19.0   19.3   18.8    67   12.7    4.8     SO   1.21  19.3     S   19.0   19.0   19.0  1012.8   0.00    0.0    0.000   0.007   25.4    56   16.0   25.7   10.14   1.1610     351     1    100.0   15 
29/10/23  10:15   19.8   20.1   19.3    62   12.3    4.8    SSO   1.21  19.3     S   19.8   19.7   19.7  1012.6   0.00    0.0    0.000   0.015   25.5    56   16.1   25.8   10.13   1.1605     351     1    100.0   15 
29/10/23  10:30   20.2   20.6   20.0    61   12.5    4.8    SSO   1.21  16.1    SO   20.2   20.1   20.1  1012.8   0.00    0.0    0.000   0.020   25.5    55   15.8   25.8    9.93   1.1611     351     1    100.0   15 
29/10/23  10:45   20.7   20.8   20.6    62   13.1    6.4      S   1.61  16.1   SSO   20.7   20.4   20.4  1012.7   0.00    0.0    0.000   0.024   25.6    55   15.8   25.8    9.93   1.1607     351     1    100.0   15 
29/10/23  11:00   21.0   21.2   20.8    59   12.7    6.4    SSO   1.61  17.7    SO   21.0   20.5   20.5  1012.6   0.00    0.0    0.000   0.028   25.6    55   15.8   25.8    9.93   1.1606     351     1    100.0   15 
29/10/23  11:15   20.6   20.8   20.5    60   12.5    6.4      S   1.61  17.7     S   20.6   20.2   20.2  1012.6   0.00    0.0    0.000   0.023   25.5    55   15.8   25.8    9.93   1.1609     346     1    100.0   15 
29/10/23  11:30   20.6   20.7   20.5    60   12.5    6.4      S   1.61  19.3     S   20.6   20.2   20.2  1012.3   0.00    0.0    0.000   0.023   25.5    54   15.5   25.7    9.79   1.1609     351     1    100.0   15 
29/10/23  11:45   20.8   20.8   20.7    61   13.0    4.8    SSO   1.21  16.1     S   20.8   20.4   20.4  1012.3   0.00    0.0    0.000   0.025   25.4    54   15.5   25.7    9.79   1.1612     347     1    100.0   15 
29/10/23  12:00   21.1   21.2   20.9    59   12.8    6.4    SSO   1.61  25.7     S   21.1   20.6   20.6  1012.3   0.00    0.0    0.000   0.029   25.5    53   15.2   25.7    9.65   1.1612     349     1    100.0   15 
29/10/23  12:15   21.0   21.2   20.7    63   13.7    9.7      S   2.41  24.1    SE   21.0   20.7   20.7  1012.1   0.00    0.0    0.000   0.028   25.6    53   15.3   25.7    9.65   1.1608     349     1    100.0   15 
29/10/23  12:30   20.6   20.7   20.5    65   13.8    8.0      S   2.01  25.7     S   20.6   20.6   20.6  1012.1   0.00    0.0    0.000   0.024   25.6    53   15.3   25.7    9.65   1.1607     351     1    100.0   15 
29/10/23  12:45   20.4   20.7   20.3    65   13.6    8.0    SSO   2.01  24.1     S   20.4   20.4   20.4  1011.8   0.00    0.0    0.000   0.022   25.6    53   15.3   25.7    9.65   1.1604     352     1    100.0   15 
29/10/23  13:00   20.4   20.4   20.3    65   13.6    8.0      S   2.01  19.3     S   20.4   20.4   20.4  1011.7   0.00    0.0    0.000   0.021   25.5    54   15.5   25.7    9.79   1.1602     349     1    100.0   15 
29/10/23  13:15   20.1   20.3   20.0    67   13.8    9.7      S   2.41  19.3     S   20.1   20.3   20.3  1011.6   0.00    0.0    0.000   0.019   25.4    54   15.5   25.7    9.79   1.1603     351     1    100.0   15 
29/10/23  13:30   19.9   20.0   19.8    67   13.6    8.0      S   2.01  22.5   OSO   19.9   20.1   20.1  1011.4   0.00    0.0    0.000   0.016   25.4    54   15.4   25.6    9.80   1.1605     351     1    100.0   15 
29/10/23  13:45   19.9   20.1   19.8    64   12.9    9.7      S   2.41  22.5     S   19.9   20.0   20.0  1011.3   0.00    0.0    0.000   0.017   25.4    54   15.4   25.6    9.80   1.1603     352     1    100.0   15 
29/10/23  14:00   20.1   20.2   20.1    64   13.1    9.7    SSO   2.41  25.7   SSO   20.1   20.1   20.1  1011.1   0.00    0.0    0.000   0.019   25.4    54   15.4   25.6    9.80   1.1600     350     1    100.0   15 
29/10/23  14:15   20.2   20.4   20.1    65   13.4    8.0    SSO   2.01  20.9    SO   20.2   20.3   20.3  1011.1   0.00    0.0    0.000   0.020   25.3    54   15.3   25.4    9.80   1.1607     351     1    100.0   15 
29/10/23  14:30   20.3   20.3   20.2    66   13.7    6.4    SSO   1.61  17.7   OSO   20.3   20.3   20.3  1011.1   0.00    0.0    0.000   0.020   25.3    55   15.6   25.5    9.95   1.1603     350     1    100.0   15 
29/10/23  14:45   20.1   20.3   19.9    68   14.0    8.0      S   2.01  19.3     S   20.1   20.3   20.3  1010.9   0.00    0.0    0.000   0.018   25.2    55   15.5   25.4    9.95   1.1603     351     1    100.0   15 
29/10/23  15:00   20.0   20.1   19.9    69   14.1    4.8    SSO   1.21  14.5   SSO   20.0   20.3   20.3  1010.8   0.00    0.0    0.000   0.017   25.2    55   15.5   25.4    9.95   1.1602     352     1    100.0   15 
29/10/23  15:15   19.7   20.1   19.4    69   13.9    6.4    SSO   1.61  17.7   SSE   19.7   19.9   19.9  1010.8   0.00    0.0    0.000   0.014   25.1    55   15.4   25.3    9.96   1.1608     351     1    100.0   15 
29/10/23  15:30   19.3   19.4   19.3    69   13.5    3.2    SSO   0.80  16.1    SO   19.3   19.5   19.5  1010.8   0.00    0.0    0.000   0.010   25.1    56   15.7   25.3   10.17   1.1607     351     1    100.0   15 
29/10/23  15:45   19.2   19.3   19.1    71   13.8    3.2     SO   0.80  11.3   OSO   19.2   19.4   19.4  1010.9   0.00    0.0    0.000   0.009   25.0    56   15.6   25.2   10.17   1.1611     349     1    100.0   15 
29/10/23  16:00   19.2   19.3   19.0    69   13.3    3.2    SSO   0.80  11.3   SSO   19.2   19.3   19.3  1010.9   0.00    0.0    0.000   0.009   24.9    56   15.5   25.1   10.18   1.1617     351     1    100.0   15 
29/10/23  16:15   18.8   19.0   18.6    70   13.2    3.2    SSO   0.80   9.7    SO   18.8   18.9   18.9  1011.1   0.00    0.0    0.000   0.005   24.8    56   15.5   25.1   10.18   1.1621     350     1    100.0   15 
29/10/23  16:30   18.4   18.6   18.1    72   13.2    3.2      S   0.80  12.9     S   18.4   18.4   18.4  1011.1   0.00    0.0    0.000   0.001   24.8    56   15.4   25.0   10.19   1.1625     350     1    100.0   15 
29/10/23  16:45   17.9   18.1   17.7    73   13.0    1.6    SSO   0.40   9.7   SSO   17.9   17.9   17.9  1011.1   0.00    0.0    0.005   0.000   24.7    57   15.6   24.9   10.29   1.1627     350     1    100.0   15 
29/10/23  17:00   17.6   17.7   17.3    74   12.9    1.6    OSO   0.40   8.0   SSO   17.6   17.6   17.6  1011.2   0.00    0.0    0.008   0.000   24.5    57   15.4   24.8   10.31   1.1636     351     1    100.0   15 
29/10/23  17:15   17.2   17.3   17.1    75   12.7    3.2    SSO   0.80   9.7    SO   17.2   17.1   17.1  1011.3   0.00    0.0    0.012   0.000   24.4    57   15.3   24.7   10.31   1.1644     350     1    100.0   15 
29/10/23  17:30   16.9   17.1   16.8    77   12.9    3.2     SO   0.80  11.3   SSO   16.9   16.9   16.9  1011.4   0.00    0.0    0.014   0.000   24.3    57   15.2   24.6   10.32   1.1650     350     1    100.0   15 
29/10/23  17:45   16.6   16.8   16.4    80   13.1    3.2     SO   0.80   9.7   SSE   16.6   16.7   16.7  1011.5   0.00    0.0    0.018   0.000   24.2    57   15.1   24.5   10.33   1.1657     349     1    100.0   15 
29/10/23  18:00   16.4   16.4   16.3    82   13.3    3.2    SSO   0.80  11.3    SO   16.4   16.5   16.5  1011.7   0.00    0.0    0.020   0.000   24.1    57   15.1   24.4   10.33   1.1662     350     1    100.0   15 
29/10/23  18:15   16.2   16.3   16.1    83   13.3    3.2    SSO   0.80  11.3   SSO   16.2   16.2   16.2  1011.8   0.00    0.0    0.023   0.000   24.1    57   15.1   24.4   10.33   1.1663     351     1    100.0   15 
29/10/23  18:30   15.9   16.1   15.8    85   13.4    3.2    SSO   0.80   9.7    SO   15.9   16.1   16.1  1011.7   0.00    0.0    0.025   0.000   24.1    58   15.3   24.4   10.54   1.1662     351     1    100.0   15 
29/10/23  18:45   15.8   15.8   15.7    86   13.4    3.2    SSO   0.80  11.3   SSO   15.8   15.9   15.9  1011.8   0.00    0.0    0.027   0.000   24.1    58   15.3   24.4   10.54   1.1663     351     1    100.0   15 
29/10/23  19:00   15.7   15.7   15.6    87   13.5    3.2    SSO   0.80   8.0   SSO   15.7   15.8   15.8  1011.9   0.00    0.0    0.028   0.000   24.0    58   15.2   24.4   10.54   1.1667     351     1    100.0   15 
29/10/23  19:15   15.4   15.6   15.4    88   13.5    3.2    OSO   0.80   6.4   OSO   15.4   15.6   15.6  1011.9   0.00    0.0    0.030   0.000   24.0    58   15.2   24.4   10.54   1.1667     352     1    100.0   15 
29/10/23  19:30   15.4   15.4   15.3    88   13.4    0.0     SO   0.00   3.2    SO   15.4   15.5   15.5  1011.8   0.00    0.0    0.031   0.000   23.9    58   15.2   24.3   10.55   1.1668     351     1    100.0   15 
29/10/23  19:45   15.3   15.3   15.3    89   13.5    1.6     SO   0.40   4.8    SO   15.3   15.4   15.4  1011.9   0.00    0.0    0.031   0.000   23.9    58   15.1   24.3   10.55   1.1673     349     1    100.0   15 
29/10/23  20:00   15.2   15.3   15.2    89   13.4    1.6     NO   0.40   6.4    NO   15.2   15.3   15.3  1012.0   0.00    0.0    0.032   0.000   23.9    58   15.1   24.3   10.55   1.1673     351     1    100.0   15 
29/10/23  20:15   15.2   15.3   15.2    89   13.4    0.0     NO   0.00   3.2    NO   15.2   15.3   15.3  1012.1   0.00    0.0    0.032   0.000   23.8    58   15.0   24.2   10.56   1.1680     350     1    100.0   15 
29/10/23  20:30   15.3   15.3   15.2    89   13.5    1.6     NO   0.40   4.8    NO   15.3   15.4   15.4  1012.2   0.00    0.0    0.032   0.000   23.6    59   15.1   24.0   10.77   1.1687     350     1    100.0   15 
29/10/23  20:45   15.3   15.3   15.2    89   13.5    1.6    ONO   0.40   3.2   ONO   15.3   15.4   15.4  1012.4   0.00    0.0    0.032   0.000   23.5    59   15.0   23.9   10.78   1.1695     350     1    100.0   15 
29/10/23  21:00   15.3   15.3   15.3    90   13.6    1.6    ONO   0.40   6.4     O   15.3   15.4   15.4  1012.4   0.00    0.0    0.032   0.000   23.3    59   14.9   23.7   10.79   1.1703     351     1    100.0   15 
29/10/23  21:15   15.3   15.3   15.3    90   13.7    0.0    ONO   0.00   4.8   ONO   15.3   15.5   15.5  1012.3   0.00    0.0    0.031   0.000   23.2    59   14.8   23.5   10.80   1.1708     350     1    100.0   15 
29/10/23  21:30   15.3   15.3   15.3    89   13.5    1.6    ONO   0.40   4.8   ONO   15.3   15.4   15.4  1012.3   0.00    0.0    0.031   0.000   23.2    59   14.7   23.4   10.80   1.1711     350     1    100.0   15 
29/10/23  21:45   15.3   15.4   15.3    89   13.5    0.0    ONO   0.00   3.2   ONO   15.3   15.4   15.4  1012.3   0.00    0.0    0.031   0.000   23.1    60   14.9   23.4   10.98   1.1713     350     1    100.0   15 
29/10/23  22:00   15.4   15.5   15.4    89   13.6    0.0    ONO   0.00   3.2   ONO   15.4   15.6   15.6  1012.1   0.00    0.0    0.030   0.000   22.9    60   14.8   23.2   10.98   1.1717     351     1    100.0   15 
29/10/23  22:15   15.6   15.6   15.5    89   13.7    1.6    ONO   0.40   3.2   ONO   15.6   15.7   15.7  1012.2   0.00    0.0    0.029   0.000   22.8    60   14.7   23.1   10.99   1.1724     350     1    100.0   15 
29/10/23  22:30   15.6   15.6   15.5    89   13.7    1.6    ONO   0.40   3.2   ONO   15.6   15.7   15.7  1012.1   0.00    0.0    0.029   0.000   22.8    60   14.6   23.0   10.99   1.1725     351     1    100.0   15 
29/10/23  22:45   15.5   15.5   15.4    89   13.7    0.0    ONO   0.00   3.2   ONO   15.5   15.7   15.7  1011.9   0.00    0.0    0.030   0.000   22.7    60   14.5   22.8   10.99   1.1728     350     1    100.0   15 
29/10/23  23:00   15.3   15.5   15.2    89   13.5    0.0    ONO   0.00   3.2   ONO   15.3   15.4   15.4  1011.8   0.00    0.0    0.031   0.000   22.6    60   14.5   22.7   11.00   1.1730     351     1    100.0   15 
29/10/23  23:15   15.1   15.2   14.9    90   13.4    0.0    ONO   0.00   1.6   ONO   15.1   15.2   15.2  1011.7   0.00    0.0    0.034   0.000   22.5    60   14.3   22.6   11.00   1.1735     350     1    100.0   15 
29/10/23  23:30   14.9   14.9   14.8    91   13.4    0.0    ---   0.00   0.0   ---   14.9   15.0   15.0  1011.6   0.00    0.0    0.036   0.000   22.4    60   14.3   22.5   11.00   1.1736     351     1    100.0   15 
29/10/23  23:45   14.8   14.8   14.8    91   13.4    0.0    ---   0.00   0.0   ---   14.8   14.9   14.9  1011.6   0.00    0.0    0.036   0.000   22.3    61   14.4   22.4   11.16   1.1739     352     1    100.0   15 
30/10/23  00:00   14.8   14.8   14.7    91   13.3    0.0    ---   0.00   0.0   ---   14.8   14.9   14.9  1011.5   0.00    0.0    0.037   0.000   22.3    61   14.4   22.3   11.17   1.1741     350     1    100.0   15 
30/10/23   0:15   14.7   14.7   14.7    91   13.2    0.0    ONO   0.00   3.2   ONO   14.7   14.8   14.8  1011.6   0.00    0.0    0.038   0.000   22.2    61   14.3   22.2   11.17   1.1744     350     1    100.0   15 
30/10/23   0:30   14.7   14.8   14.6    92   13.4    0.0    ONO   0.00   3.2   ONO   14.7   14.8   14.8  1011.3   0.00    0.0    0.038   0.000   22.1    61   14.2   22.1   11.18   1.1747     351     1    100.0   15 
30/10/23   0:45   14.9   15.1   14.7    92   13.7    0.0    ONO   0.00   1.6   ONO   14.9   15.1   15.1  1011.2   0.00    0.0    0.035   0.000   22.1    61   14.2   22.0   11.18   1.1748     351     1    100.0   15 
30/10/23   1:00   15.0   15.1   14.9    92   13.7    0.0    ---   0.00   0.0   ---   15.0   15.2   15.2  1011.1   0.00    0.0    0.035   0.000   22.0    61   14.1   21.9   11.19   1.1750     352     1    100.0   15 
30/10/23   1:15   14.5   14.9   13.9    91   13.0    3.2    ONO   0.80   6.4    NO   14.5   14.6   14.6  1011.0   0.00    0.0    0.040   0.000   21.9    61   14.0   21.7   11.19   1.1755     351     1    100.0   15 
30/10/23   1:30   14.0   14.2   13.9    93   12.9    1.6     NO   0.40   4.8    NO   14.0   14.1   14.1  1010.9   0.00    0.0    0.045   0.000   21.8    61   14.0   21.7   11.20   1.1756     351     1    100.0   15 
30/10/23   1:45   14.3   14.3   14.2    93   13.2    0.0     NO   0.00   3.2    NO   14.3   14.4   14.4  1010.5   0.00    0.0    0.042   0.000   21.8    61   13.9   21.6   11.20   1.1755     349     1    100.0   15 
30/10/23   2:00   14.2   14.3   14.1    92   12.9    1.6      N   0.40   4.8     N   14.2   14.3   14.3  1010.5   0.00    0.0    0.043   0.000   21.7    61   13.8   21.4   11.21   1.1760     351     1    100.0   15 
30/10/23   2:15   13.8   14.0   13.6    93   12.7    1.6    ENE   0.40   4.8   ENE   13.8   13.9   13.9  1010.1   0.00    0.0    0.047   0.000   21.6    61   13.8   21.4   11.21   1.1758     351     1    100.0   15 
30/10/23   2:30   13.8   14.0   13.6    93   12.7    3.2     NE   0.80   6.4    NE   13.8   13.9   13.9  1009.8   0.00    0.0    0.047   0.000   21.6    61   13.7   21.3   11.22   1.1758     351     1    100.0   15 
30/10/23   2:45   14.0   14.1   13.9    93   12.9    1.6     NE   0.40   4.8    NE   14.0   14.1   14.1  1009.7   0.00    0.0    0.045   0.000   21.4    61   13.6   21.2   11.23   1.1762     351     1    100.0   15 
30/10/23   3:00   13.7   13.9   13.4    92   12.4    0.0    ---   0.00   0.0   ---   13.7   13.7   13.7  1009.6   0.00    0.0    0.049   0.000   21.4    61   13.6   21.1   11.23   1.1764     352     1    100.0   15 
30/10/23   3:15   13.2   13.4   13.1    93   12.1    0.0    ---   0.00   0.0   ---   13.2   13.3   13.3  1009.5   0.00    0.0    0.053   0.000   21.3    61   13.5   20.9   11.24   1.1768     351     1    100.0   15 
