                 Temp.  Temp.  Temp.  Hum.   Punt   Vel.   Dir.   Rec.  Vel.  Dir.  Sens.   Índ.   Índ.                  Int. Graus D.Graus D.  Temp.  Hum. Rosada  In.Cal.  EMC     Dens.    Mostr   Tx   Recep.  Int.
  Data    Hora    Ext.   Màx.   Mín.  Ext. Rosada   Vent   Vent   Vent  Màx.  Màx.  Tèrm.  Calor   THW    Bar    Pluja   Pluja  Calor    Fred    Int.  Int.   Int.   Int.    Int.  Int.Aire    Vent   Vent   ISS   Arc.
-------------------------------------------------------------------------------------------------------------------------------------------------------------------------------------------------------------------------
17/10/23   0:15   15.9   16.0   15.9    95   15.1    3.2    ONO   0.80   4.8   ONO   15.9   16.2   16.2  1017.3   0.00    0.0    0.025   0.000   21.6    69   15.7   21.8   12.83   1.1819     349     1    100.0   15 
17/10/23   0:30   15.7   15.9   15.6    95   14.9    3.2    ONO   0.80   6.4   ONO   15.7   15.9   15.9  1017.1   0.00    0.0    0.027   0.000   21.6    69   15.6   21.7   12.83   1.1820     350     1    100.0   15 
17/10/23   0:45   15.5   15.6   15.4    95   14.7    3.2     NO   0.80   6.4    NO   15.5   15.7   15.7  1017.0   0.00    0.0    0.030   0.000   21.5    68   15.3   21.6   12.55   1.1825     351     1    100.0   15 
17/10/23   1:00   15.6   15.6   15.5    95   14.8    1.6     NO   0.40   4.8    NO   15.6   15.8   15.8  1016.9   0.00    0.0    0.029   0.000   21.5    68   15.3   21.6   12.55   1.1823     352     1    100.0   15 
17/10/23   1:15   15.6   15.7   15.6    95   14.8    0.0     NO   0.00   4.8    NO   15.6   15.8   15.8  1016.8   0.00    0.0    0.028   0.000   21.4    68   15.2   21.4   12.55   1.1828     350     1    100.0   15 
17/10/23   1:30   15.6   15.7   15.6    95   14.8    0.0     NO   0.00   1.6    NO   15.6   15.8   15.8  1016.9   0.00    0.0    0.028   0.000   21.4    69   15.5   21.5   12.84   1.1826     351     1    100.0   15 
17/10/23   1:45   15.3   15.6   15.2    95   14.5    1.6     NO   0.40   4.8    SO   15.3   15.6   15.6  1016.9   0.00    0.0    0.031   0.000   21.3    68   15.2   21.3   12.55   1.1832     351     1    100.0   15 
17/10/23   2:00   15.2   15.3   15.2    95   14.4    1.6    OSO   0.40   3.2   SSO   15.2   15.4   15.4  1016.8   0.00    0.0    0.032   0.000   21.3    68   15.1   21.3   12.55   1.1834     352     1    100.0   15 
17/10/23   2:15   15.3   15.4   15.2    96   14.6    1.6    OSO   0.40   3.2   OSO   15.3   15.5   15.5  1016.5   0.00    0.0    0.032   0.000   21.3    68   15.1   21.3   12.55   1.1831     348     1    100.0   15 
17/10/23   2:30   15.4   15.4   15.3    95   14.6    1.6    OSO   0.40   4.8   OSO   15.4   15.6   15.6  1016.7   0.00    0.0    0.031   0.000   21.2    69   15.3   21.2   12.85   1.1835     351     1    100.0   15 
17/10/23   2:45   15.3   15.3   15.2    95   14.5    0.0    OSO   0.00   1.6   OSO   15.3   15.5   15.5  1016.6   0.00    0.0    0.032   0.000   21.2    68   15.0   21.2   12.55   1.1837     350     1    100.0   15 
17/10/23   3:00   15.2   15.3   15.2    95   14.4    0.0    OSO   0.00   3.2   OSO   15.2   15.4   15.4  1016.5   0.00    0.0    0.032   0.000   21.1    68   15.0   21.1   12.55   1.1839     350     1    100.0   15 
17/10/23   3:15   15.2   15.3   15.1    96   14.6    0.0    OSO   0.00   3.2   OSO   15.2   15.4   15.4  1016.5   0.00    0.0    0.032   0.000   21.1    68   14.9   21.1   12.55   1.1842     351     1    100.0   15 
17/10/23   3:30   15.3   15.4   15.3    96   14.7    1.6    OSO   0.40   4.8   OSO   15.3   15.6   15.6  1016.5   0.00    0.0    0.031   0.000   21.1    68   14.9   21.1   12.55   1.1842     350     1    100.0   15 
17/10/23   3:45   15.3   15.3   15.2    95   14.5    0.0    ONO   0.00   1.6   ONO   15.3   15.5   15.5  1016.5   0.00    0.0    0.032   0.000   21.0    68   14.9   21.0   12.56   1.1844     350     1    100.0   15 
17/10/23   4:00   15.1   15.2   15.1    96   14.5    0.0    ONO   0.00   3.2   ONO   15.1   15.3   15.3  1016.5   0.00    0.0    0.034   0.000   20.9    68   14.8   20.9   12.56   1.1848     351     1    100.0   15 
17/10/23   4:15   14.9   15.1   14.8    95   14.2    1.6    ONO   0.40   3.2   ONO   14.9   15.2   15.2  1016.5   0.00    0.0    0.035   0.000   20.9    69   15.0   20.9   12.87   1.1848     352     1    100.0   15 
17/10/23   4:30   14.9   15.1   14.8    95   14.2    1.6    ONO   0.40   4.8   ONO   14.9   15.2   15.2  1016.5   0.00    0.0    0.035   0.000   20.9    68   14.8   20.9   12.56   1.1848     351     1    100.0   15 
17/10/23   4:45   15.0   15.1   14.8    95   14.2    1.6     NO   0.40   6.4    NO   15.0   15.2   15.2  1016.2   0.00    0.0    0.035   0.000   21.2    68   15.1   21.2   12.55   1.1830     351     1    100.0   15 
17/10/23   5:00   14.7   14.7   14.7    96   14.0    1.6     NO   0.40   6.4    NO   14.7   14.9   14.9  1016.2   0.00    0.0    0.038   0.000   21.6    68   15.4   21.6   12.55   1.1812     349     1    100.0   15 
17/10/23   5:15   14.7   14.7   14.6    95   13.9    3.2     NO   0.80   6.4    NO   14.7   14.8   14.8  1016.1   0.00    0.0    0.038   0.000   21.8    67   15.4   21.9   12.32   1.1799     350     1    100.0   15 
17/10/23   5:30   14.6   14.6   14.5    95   13.8    0.0     NO   0.00   3.2    NO   14.6   14.7   14.7  1016.2   0.00    0.0    0.039   0.000   22.1    67   15.6   22.3   12.32   1.1789     352     1    100.0   15 
17/10/23   5:45   14.4   14.6   14.3    95   13.7    1.6     NO   0.40   3.2    NO   14.4   14.6   14.6  1016.3   0.00    0.0    0.041   0.000   22.2    66   15.6   22.4   12.11   1.1785     350     1    100.0   15 
17/10/23   6:00   14.2   14.3   14.1    95   13.4    0.0     NO   0.00   3.2    NO   14.2   14.4   14.4  1016.5   0.00    0.0    0.043   0.000   22.4    66   15.7   22.7   12.10   1.1778     351     1    100.0   15 
17/10/23   6:15   14.1   14.3   13.9    96   13.5    1.6     NO   0.40   3.2    NO   14.1   14.3   14.3  1016.5   0.00    0.0    0.044   0.000   22.5    66   15.8   22.8   12.10   1.1772     350     1    100.0   15 
17/10/23   6:30   14.4   14.6   14.3    96   13.8    0.0     NO   0.00   3.2    NO   14.4   14.6   14.6  1016.6   0.00    0.0    0.041   0.000   22.7    66   16.0   23.1   12.09   1.1764     351     1    100.0   15 
17/10/23   6:45   14.7   14.7   14.6    96   14.0    1.6     NO   0.40   4.8    NO   14.7   14.9   14.9  1016.6   0.00    0.0    0.038   0.000   22.9    66   16.2   23.4   12.09   1.1753     351     1    100.0   15 
17/10/23   7:00   14.8   14.9   14.7    96   14.1    0.0     NO   0.00   3.2    NO   14.8   15.0   15.0  1016.8   0.00    0.0    0.037   0.000   23.1    65   16.2   23.7   11.85   1.1746     351     1    100.0   15 
17/10/23   7:15   14.9   15.1   14.8    96   14.3    0.0     NO   0.00   3.2    NO   14.9   15.2   15.2  1016.9   0.00    0.0    0.035   0.000   23.1    65   16.2   23.7   11.85   1.1748     350     1    100.0   15 
17/10/23   7:30   15.2   15.4   15.1    96   14.6    0.0     NO   0.00   3.2    NO   15.2   15.4   15.4  1017.0   0.00    0.0    0.032   0.000   23.2    65   16.3   23.8   11.85   1.1744     351     1    100.0   15 
17/10/23   7:45   15.6   15.7   15.3    96   14.9    0.0     NO   0.00   4.8     N   15.6   15.8   15.8  1017.1   0.00    0.0    0.029   0.000   23.3    65   16.4   24.0   11.85   1.1739     351     1    100.0   15 
17/10/23   8:00   15.6   15.7   15.4    97   15.1    0.0      N   0.00   3.2   ENE   15.6   15.8   15.8  1017.2   0.00    0.0    0.029   0.000   23.4    65   16.5   24.1   11.85   1.1734     350     1    100.0   15 
17/10/23   8:15   15.8   16.1   15.8    96   15.2    1.6      N   0.40   3.2     N   15.8   16.1   16.1  1017.2   0.00    0.0    0.026   0.000   23.6    65   16.6   24.3   11.85   1.1725     351     1    100.0   15 
17/10/23   8:30   16.3   16.7   16.1    96   15.7    0.0      N   0.00   3.2     N   16.3   16.7   16.7  1017.1   0.00    0.0    0.021   0.000   23.9    65   16.9   24.6   11.85   1.1709     351     1    100.0   15 
17/10/23   8:45   16.9   17.0   16.7    95   16.1    1.6      S   0.40   4.8     S   16.9   17.3   17.3  1017.2   0.00    0.0    0.015   0.000   24.2    64   16.9   24.8   11.64   1.1699     352     1    100.0   15 
17/10/23   9:00   17.1   17.5   16.9    96   16.5    1.6     SE   0.40   4.8    SE   17.1   17.6   17.6  1017.2   0.00    0.0    0.013   0.000   24.4    64   17.1   25.0   11.63   1.1687     351     1    100.0   15 
17/10/23   9:15   17.8   18.1   17.5    94   16.9    0.0      S   0.00   3.2     S   17.8   18.4   18.4  1017.1   0.00    0.0    0.005   0.000   24.6    63   17.1   25.2   11.42   1.1678     350     1    100.0   15 
17/10/23   9:30   18.2   18.4   18.1    93   17.1    1.6      O   0.40   4.8   SSO   18.2   18.8   18.8  1017.1   0.00    0.0    0.001   0.000   24.7    63   17.2   25.3   11.42   1.1672     351     1    100.0   15 
17/10/23   9:45   18.9   19.3   18.4    90   17.2    1.6     SO   0.40   6.4   SSO   18.9   19.6   19.6  1017.0   0.00    0.0    0.000   0.006   24.9    63   17.4   25.5   11.41   1.1662     352     1    100.0   15 
17/10/23  10:00   19.5   19.7   19.3    88   17.5    1.6      O   0.40   8.0     O   19.5   20.3   20.3  1016.9   0.00    0.0    0.000   0.012   24.9    63   17.4   25.6   11.41   1.1658     351     1    100.0   15 
17/10/23  10:15   19.9   20.1   19.7    86   17.5    3.2    OSO   0.80   9.7     O   19.9   20.7   20.7  1016.9   0.00    0.0    0.000   0.016   25.1    63   17.5   25.7   11.41   1.1652     349     1    100.0   15 
17/10/23  10:30   20.3   20.7   20.1    85   17.7    3.2    OSO   0.80  11.3     S   20.3   21.3   21.3  1016.9   0.00    0.0    0.000   0.021   25.1    63   17.6   25.7   11.41   1.1650     351     1    100.0   15 
17/10/23  10:45   21.1   21.4   20.7    82   17.9    6.4    SSO   1.61  16.1     O   21.1   21.8   21.8  1016.9   0.00    0.0    0.000   0.029   25.2    63   17.6   25.8   11.40   1.1647     352     1    100.0   15 
17/10/23  11:00   21.2   21.3   21.1    82   18.0    4.8    SSO   1.21  12.9   OSO   21.2   21.9   21.9  1016.8   0.00    0.0    0.000   0.030   25.2    64   17.9   25.9   11.60   1.1639     351     1    100.0   15 
17/10/23  11:15   21.2   21.2   21.1    82   18.0    3.2     SO   0.80   9.7   SSO   21.2   21.9   21.9  1016.6   0.00    0.0    0.000   0.030   25.2    64   17.9   25.8   11.60   1.1639     351     1    100.0   15 
17/10/23  11:30   21.7   21.9   21.2    79   17.9    4.8     SO   1.21  11.3     S   21.7   22.3   22.3  1016.3   0.00    0.0    0.000   0.035   25.1    64   17.8   25.8   11.61   1.1638     351     1    100.0   15 
17/10/23  11:45   22.1   22.3   21.9    78   18.0    4.8    SSO   1.21  16.1   SSO   22.1   22.7   22.7  1016.0   0.00    0.0    0.000   0.039   25.1    64   17.8   25.8   11.61   1.1635     350     1    100.0   15 
17/10/23  12:00   22.4   22.5   22.3    76   18.0    6.4    SSO   1.61  16.1    SE   22.4   23.2   23.2  1015.8   0.00    0.0    0.000   0.043   25.1    64   17.8   25.8   11.61   1.1632     351     1    100.0   15 
17/10/23  12:15   22.5   22.7   22.4    77   18.3    4.8      S   1.21  16.1   OSO   22.5   23.3   23.3  1015.5   0.00    0.0    0.000   0.043   25.2    64   17.9   25.9   11.60   1.1624     351     1    100.0   15 
17/10/23  12:30   22.8   23.1   22.7    74   18.0    4.8      S   1.21  14.5     S   22.8   23.7   23.7  1015.3   0.00    0.0    0.000   0.047   25.3    64   18.0   26.0   11.60   1.1618     351     1    100.0   15 
17/10/23  12:45   23.2   23.3   23.1    72   17.8    6.4    OSO   1.61  17.7     S   23.2   24.1   24.1  1015.1   0.00    0.0    0.000   0.050   25.3    64   18.0   26.1   11.60   1.1613     351     1    100.0   15 
17/10/23  13:00   23.2   23.3   23.1    72   17.9    8.0    SSO   2.01  17.7     S   23.2   24.1   24.1  1014.9   0.00    0.0    0.000   0.051   25.4    64   18.1   26.1   11.60   1.1607     351     1    100.0   15 
17/10/23  13:15   23.1   23.2   22.9    74   18.2    6.4    SSO   1.61  17.7   OSO   23.1   23.9   23.9  1014.8   0.00    0.0    0.000   0.049   25.5    63   17.9   26.2   11.39   1.1604     351     1    100.0   15 
17/10/23  13:30   23.0   23.1   22.9    75   18.3    6.4      S   1.61  14.5     S   23.0   23.9   23.9  1014.6   0.00    0.0    0.000   0.049   25.5    64   18.2   26.2   11.59   1.1598     351     1    100.0   15 
17/10/23  13:45   23.3   23.4   23.1    73   18.2    8.0    SSO   2.01  16.1    SO   23.3   24.2   24.2  1014.6   0.00    0.0    0.000   0.052   25.5    64   18.2   26.2   11.59   1.1598     350     1    100.0   15 
17/10/23  14:00   23.3   23.4   23.2    74   18.4    6.4    SSO   1.61  19.3    SO   23.3   24.3   24.3  1014.4   0.00    0.0    0.000   0.052   25.6    64   18.2   26.3   11.59   1.1593     351     1    100.0   15 
17/10/23  14:15   23.2   23.3   23.1    76   18.8    4.8    OSO   1.21  12.9   OSO   23.2   24.2   24.2  1014.3   0.00    0.0    0.000   0.051   25.6    64   18.3   26.3   11.59   1.1589     352     1    100.0   15 
17/10/23  14:30   22.9   23.1   22.8    78   18.9    6.4    SSO   1.61  17.7     S   22.9   23.9   23.9  1014.3   0.00    0.0    0.000   0.048   25.6    64   18.2   26.3   11.59   1.1591     351     1    100.0   15 
17/10/23  14:45   22.7   22.8   22.7    79   18.9    4.8    SSO   1.21  16.1   SSO   22.7   23.7   23.7  1014.3   0.00    0.0    0.000   0.046   25.5    64   18.2   26.2   11.59   1.1595     351     1    100.0   15 
17/10/23  15:00   22.5   22.7   22.3    79   18.7    6.4    SSO   1.61  16.1   SSO   22.5   23.3   23.3  1014.3   0.00    0.0    0.000   0.043   25.5    65   18.4   26.3   11.79   1.1591     350     1    100.0   15 
17/10/23  15:15   22.2   22.3   22.2    81   18.8    4.8      S   1.21  12.9    SO   22.2   23.1   23.1  1014.2   0.00    0.0    0.000   0.041   25.4    65   18.4   26.2   11.79   1.1592     351     1    100.0   15 
17/10/23  15:30   22.0   22.2   21.8    82   18.8    4.8      S   1.21  12.9     S   22.0   22.8   22.8  1014.0   0.00    0.0    0.000   0.038   25.4    65   18.3   26.2   11.80   1.1593     351     1    100.0   15 
17/10/23  15:45   21.7   21.8   21.7    83   18.7    4.8    SSO   1.21  12.9     S   21.7   22.6   22.6  1013.9   0.00    0.0    0.000   0.035   25.3    66   18.5   26.2   12.00   1.1591     351     1    100.0   15 
17/10/23  16:00   21.4   21.7   21.3    85   18.8    4.8    SSO   1.21  14.5    SE   21.4   22.4   22.4  1013.9   0.00    0.0    0.000   0.032   25.3    66   18.5   26.1   12.00   1.1594     351     1    100.0   15 
17/10/23  16:15   21.2   21.3   21.1    86   18.7    4.8    SSO   1.21   9.7     S   21.2   22.1   22.1  1013.8   0.00    0.0    0.000   0.030   25.2    66   18.4   26.0   12.00   1.1599     351     1    100.0   15 
17/10/23  16:30   21.0   21.1   20.9    86   18.6    3.2      S   0.80   8.0   SSE   21.0   21.9   21.9  1014.0   0.00    0.0    0.000   0.028   25.2    67   18.6   26.1   12.20   1.1598     350     1    100.0   15 
17/10/23  16:45   20.9   20.9   20.8    87   18.7    4.8      S   1.21  12.9     S   20.9   21.9   21.9  1014.1   0.00    0.0    0.000   0.027   25.1    67   18.5   25.9   12.21   1.1604     351     1    100.0   15 
17/10/23  17:00   20.8   20.9   20.7    88   18.7    3.2    SSO   0.80   9.7   SSO   20.8   21.8   21.8  1014.2   0.00    0.0    0.000   0.025   25.0    67   18.4   25.8   12.21   1.1609     349     1    100.0   15 
17/10/23  17:15   20.7   20.7   20.6    89   18.8    3.2     SO   0.80   6.4    SO   20.7   21.7   21.7  1014.3   0.00    0.0    0.000   0.024   24.9    67   18.4   25.8   12.21   1.1613     351     1    100.0   15 
17/10/23  17:30   20.6   20.6   20.5    89   18.7    1.6    SSE   0.40   6.4     S   20.6   21.7   21.7  1014.3   0.00    0.0    0.000   0.023   24.9    68   18.6   25.8   12.48   1.1612     352     1    100.0   15 
17/10/23  17:45   20.4   20.5   20.4    89   18.6    0.0    SSO   0.00   4.8   SSO   20.4   21.5   21.5  1014.3   0.00    0.0    0.000   0.022   24.8    68   18.5   25.7   12.48   1.1616     350     1    100.0   15 
17/10/23  18:00   20.3   20.4   20.2    90   18.6    1.6    SSO   0.40   4.8   SSO   20.3   21.3   21.3  1014.3   0.00    0.0    0.000   0.020   24.8    68   18.5   25.7   12.48   1.1616     350     1    100.0   15 
17/10/23  18:15   20.2   20.2   20.2    90   18.5    1.6    ENE   0.40   4.8     S   20.2   21.2   21.2  1014.4   0.00    0.0    0.000   0.019   24.8    68   18.5   25.7   12.48   1.1616     351     1    100.0   15 
17/10/23  18:30   20.2   20.2   20.2    90   18.5    0.0    ENE   0.00   3.2   ENE   20.2   21.2   21.2  1014.2   0.00    0.0    0.000   0.019   24.7    69   18.6   25.7   12.69   1.1617     352     1    100.0   15 
17/10/23  18:45   20.2   20.2   20.2    89   18.3    0.0    ENE   0.00   3.2   ENE   20.2   21.2   21.2  1014.2   0.00    0.0    0.000   0.020   24.8    68   18.5   25.7   12.49   1.1617     351     1    100.0   15 
17/10/23  19:00   20.2   20.2   20.2    89   18.3    0.0    ENE   0.00   1.6   ENE   20.2   21.2   21.2  1014.1   0.00    0.0    0.000   0.020   24.8    68   18.5   25.7   12.49   1.1615     350     1    100.0   15 
17/10/23  19:15   20.2   20.3   20.2    90   18.5    1.6    ENE   0.40   3.2   ENE   20.2   21.2   21.2  1014.0   0.00    0.0    0.000   0.020   24.7    69   18.6   25.7   12.69   1.1614     351     1    100.0   15 
17/10/23  19:30   20.2   20.2   20.2    90   18.5    3.2    ENE   0.80   4.8   ENE   20.2   21.2   21.2  1013.9   0.00    0.0    0.000   0.019   24.6    69   18.5   25.6   12.70   1.1618     351     1    100.0   15 
17/10/23  19:45   20.1   20.2   20.1    91   18.5    1.6    ENE   0.40   4.8   ENE   20.1   21.1   21.1  1014.0   0.00    0.0    0.000   0.018   24.5    68   18.2   25.4   12.51   1.1630     349     1    100.0   15 
17/10/23  20:00   20.0   20.1   20.0    91   18.5    3.2    ENE   0.80   4.8   ENE   20.0   20.9   20.9  1013.8   0.00    0.0    0.000   0.017   24.5    68   18.2   25.4   12.51   1.1628     351     1    100.0   15 
17/10/23  20:15   19.9   20.0   19.9    92   18.6    3.2     NE   0.80   8.0    NE   19.9   20.9   20.9  1014.0   0.00    0.0    0.000   0.017   24.4    67   17.9   25.2   12.23   1.1636     351     1    100.0   15 
17/10/23  20:30   19.9   19.9   19.8    92   18.6    1.6     NE   0.40   6.4    NE   19.9   20.8   20.8  1013.9   0.00    0.0    0.000   0.016   24.4    67   17.9   25.2   12.23   1.1638     352     1    100.0   15 
17/10/23  20:45   19.8   19.8   19.8    93   18.6    1.6     NE   0.40   4.8    NE   19.8   20.7   20.7  1013.9   0.00    0.0    0.000   0.015   24.4    67   17.9   25.2   12.23   1.1637     351     1    100.0   15 
17/10/23  21:00   19.7   19.8   19.7    93   18.6    3.2     NE   0.80   6.4    NE   19.7   20.7   20.7  1013.7   0.00    0.0    0.000   0.014   24.3    67   17.8   25.1   12.23   1.1639     351     1    100.0   15 
17/10/23  21:15   19.7   19.7   19.7    93   18.5    3.2     NE   0.80   4.8    NE   19.7   20.6   20.6  1013.7   0.00    0.0    0.000   0.014   24.3    67   17.8   25.1   12.24   1.1641     351     1    100.0   15 
17/10/23  21:30   19.7   19.7   19.7    93   18.5    3.2     NE   0.80   4.8    NE   19.7   20.6   20.6  1013.6   0.00    0.0    0.000   0.014   24.2    67   17.7   25.0   12.24   1.1643     350     1    100.0   15 
17/10/23  21:45   19.6   19.7   19.6    93   18.4    1.6     NE   0.40   4.8    NE   19.6   20.5   20.5  1013.4   0.00    0.0    0.000   0.013   24.2    67   17.7   25.0   12.24   1.1642     352     1    100.0   15 
17/10/23  22:00   19.6   19.6   19.6    94   18.6    1.6     NE   0.40   4.8    NE   19.6   20.4   20.4  1013.7   0.00    0.0    0.000   0.013   24.2    67   17.7   24.9   12.24   1.1647     351     1    100.0   15 
17/10/23  22:15   19.6   19.6   19.5    94   18.6    0.0     NE   0.00   4.8    NE   19.6   20.4   20.4  1013.5   0.00    0.0    0.000   0.013   24.2    68   17.9   25.1   12.53   1.1642     351     1    100.0   15 
17/10/23  22:30   19.4   19.5   19.4    94   18.5    0.0     NE   0.00   3.2    NE   19.4   20.3   20.3  1013.4   0.00    0.0    0.000   0.012   24.1    68   17.8   24.9   12.53   1.1643     350     1    100.0   15 
17/10/23  22:45   19.5   19.5   19.4    94   18.5    3.2     NE   0.80   8.0    NE   19.5   20.4   20.4  1013.2   0.00    0.0    0.000   0.012   24.1    68   17.8   24.9   12.53   1.1641     351     1    100.0   15 
17/10/23  23:00   19.5   19.5   19.4    94   18.5    3.2     NE   0.80   8.0   ENE   19.5   20.4   20.4  1013.0   0.00    0.0    0.000   0.012   24.1    68   17.8   24.9   12.54   1.1642     349     1    100.0   15 
17/10/23  23:15   19.4   19.4   19.4    94   18.5    3.2     NE   0.80   6.4   ENE   19.4   20.3   20.3  1013.0   0.00    0.0    0.000   0.012   24.1    68   17.8   24.9   12.54   1.1642     351     1    100.0   15 
17/10/23  23:30   19.4   19.4   19.4    94   18.5    3.2     NE   0.80   6.4    NE   19.4   20.3   20.3  1012.9   0.00    0.0    0.000   0.012   24.0    68   17.7   24.8   12.54   1.1644     347     1    100.0   15 
17/10/23  23:45   19.3   19.4   19.3    94   18.3    3.2     NE   0.80   4.8    NE   19.3   20.2   20.2  1012.8   0.00    0.0    0.000   0.010   23.9    68   17.7   24.8   12.55   1.1645     350     1    100.0   15 
18/10/23  00:00   19.4   19.4   19.3    94   18.4    3.2     NE   0.80   6.4    NE   19.4   20.3   20.3  1012.7   0.00    0.0    0.000   0.011   23.9    68   17.6   24.7   12.55   1.1648     352     1    100.0   15 
18/10/23   0:15   19.4   19.4   19.4    94   18.4    3.2     NE   0.80   8.0    NE   19.4   20.3   20.3  1012.6   0.00    0.0    0.000   0.011   23.8    68   17.6   24.7   12.55   1.1649     350     1    100.0   15 
18/10/23   0:30   19.4   19.4   19.4    94   18.5    4.8     NE   1.21   8.0    NE   19.4   20.3   20.3  1012.4   0.00    0.0    0.000   0.012   23.8    68   17.6   24.7   12.55   1.1647     351     1    100.0   15 
18/10/23   0:45   19.3   19.4   19.3    94   18.3    3.2     NE   0.80   8.0    NE   19.3   20.2   20.2  1012.2   0.00    0.0    0.000   0.010   23.8    68   17.5   24.6   12.55   1.1647     351     1    100.0   15 
18/10/23   1:00   19.3   19.3   19.3    94   18.3    3.2     NE   0.80   6.4    NE   19.3   20.1   20.1  1012.2   0.00    0.0    0.000   0.010   23.8    68   17.5   24.6   12.55   1.1647     350     1    100.0   15 
18/10/23   1:15   19.2   19.3   19.2    94   18.2    3.2    ENE   0.80   8.0     E   19.2   20.1   20.1  1012.1   0.00    0.0    0.000   0.009   23.7    68   17.5   24.6   12.55   1.1649     351     1    100.0   15 
18/10/23   1:30   19.2   19.2   19.1    94   18.2    1.6    ENE   0.40   4.8   ENE   19.2   20.0   20.0  1012.0   0.00    0.0    0.000   0.009   23.7    68   17.4   24.5   12.55   1.1650     351     1    100.0   15 
18/10/23   1:45   19.1   19.2   19.1    94   18.1    3.2    ENE   0.80   8.0     E   19.1   19.9   19.9  1011.8   0.00    0.0    0.000   0.008   23.6    68   17.4   24.4   12.55   1.1652     350     1    100.0   15 
18/10/23   2:00   19.1   19.1   19.0    94   18.1    4.8     NE   1.21   8.0    NE   19.1   19.9   19.9  1011.9   0.00    0.0    0.000   0.008   23.6    68   17.3   24.4   12.55   1.1655     351     1    100.0   15 
18/10/23   2:15   18.9   19.0   18.9    95   18.1    3.2      E   0.80   8.0    NE   18.9   19.7   19.7  1011.7   0.00    0.0    0.000   0.006   23.6    68   17.3   24.4   12.55   1.1653     350     1    100.0   15 
18/10/23   2:30   18.8   18.9   18.8    95   18.0    1.6     NE   0.40   4.8    NE   18.8   19.6   19.6  1011.7   0.00    0.0    0.000   0.005   23.5    68   17.3   24.3   12.55   1.1656     351     1    100.0   15 
18/10/23   2:45   18.9   18.9   18.8    95   18.1    0.0    NNE   0.00   3.2    NE   18.9   19.7   19.7  1011.6   0.00    0.0    0.000   0.006   23.5    68   17.3   24.3   12.55   1.1655     351     1    100.0   15 
18/10/23   3:00   18.9   18.9   18.8    95   18.1    0.0    NNE   0.00   3.2   NNE   18.9   19.7   19.7  1011.3   0.00    0.0    0.000   0.006   23.4    68   17.2   24.3   12.55   1.1655     351     1    100.0   15 
18/10/23   3:15   18.9   18.9   18.8    95   18.1    1.6    NNE   0.40   6.4   ESE   18.9   19.7   19.7  1011.0   0.00    0.0    0.000   0.006   23.4    68   17.2   24.3   12.55   1.1651     350     1    100.0   15 
