                 Temp.  Temp.  Temp.  Hum.   Punt   Vel.   Dir.   Rec.  Vel.  Dir.  Sens.   Índ.   Índ.                  Int. Graus D.Graus D.  Temp.  Hum. Rosada  In.Cal.  EMC     Dens.    Mostr   Tx   Recep.  Int.
  Data    Hora    Ext.   Màx.   Mín.  Ext. Rosada   Vent   Vent   Vent  Màx.  Màx.  Tèrm.  Calor   THW    Bar    Pluja   Pluja  Calor    Fred    Int.  Int.   Int.   Int.    Int.  Int.Aire    Vent   Vent   ISS   Arc.
-------------------------------------------------------------------------------------------------------------------------------------------------------------------------------------------------------------------------
13/12/24   0:15    6.9    7.0    6.7    94    6.0    0.0     NO   0.00   3.2    NO    6.9    7.0    7.0  1020.7   0.00    0.0    0.119   0.000   22.4    52   12.0   22.1    9.60   1.1872     349     1    100.0   15 
13/12/24   0:30    6.4    6.7    6.2    94    5.5    0.0    ENE   0.00   3.2   ENE    6.4    6.4    6.4  1020.5   0.00    0.0    0.124   0.000   22.2    52   11.9   21.8    9.61   1.1878     350     1    100.0   15 
13/12/24   0:45    6.3    6.4    6.2    94    5.4    0.0      E   0.00   8.0     E    6.3    6.3    6.3  1020.4   0.00    0.0    0.126   0.000   22.3    52   11.9   21.9    9.61   1.1874     351     1    100.0   15 
13/12/24   1:00    6.4    6.4    6.2    94    5.5    0.0     NO   0.00   3.2    NO    6.4    6.4    6.4  1020.4   0.00    0.0    0.124   0.000   22.4    52   12.0   22.1    9.60   1.1868     352     1    100.0   15 
13/12/24   1:15    6.2    6.3    6.2    95    5.5    0.0     NO   0.00   3.2    NO    6.2    6.3    6.3  1020.3   0.00    0.0    0.126   0.000   22.5    52   12.2   22.2    9.60   1.1862     351     1    100.0   15 
13/12/24   1:30    6.2    6.3    6.2    95    5.5    0.0    ---   0.00   0.0   ---    6.2    6.3    6.3  1020.3   0.00    0.0    0.126   0.000   22.6    51   11.9   22.2    9.40   1.1862     351     1    100.0   15 
13/12/24   1:45    6.2    6.3    6.2    95    5.5    0.0     NO   0.00   3.2    NO    6.2    6.3    6.3  1020.3   0.00    0.0    0.126   0.000   22.6    51   12.0   22.3    9.40   1.1859     351     1    100.0   15 
13/12/24   2:00    6.3    6.3    6.3    95    5.5    0.0     NO   0.00   3.2    NO    6.3    6.3    6.3  1020.3   0.00    0.0    0.126   0.000   22.6    51   12.0   22.3    9.40   1.1859     352     1    100.0   15 
13/12/24   2:15    6.3    6.3    6.2    95    5.5    0.0     NO   0.00   4.8    NO    6.3    6.3    6.3  1020.3   0.00    0.0    0.126   0.000   22.7    51   12.0   22.4    9.39   1.1857     351     1    100.0   15 
13/12/24   2:30    6.0    6.2    5.9    95    5.3    0.0    OSO   0.00   3.2   OSO    6.0    6.1    6.1  1020.2   0.00    0.0    0.128   0.000   22.7    51   12.0   22.4    9.39   1.1855     349     1    100.0   15 
13/12/24   2:45    5.9    6.1    5.9    95    5.2    0.0    OSO   0.00   1.6   OSO    5.9    6.0    6.0  1020.2   0.00    0.0    0.129   0.000   22.7    51   12.1   22.5    9.39   1.1853     351     1    100.0   15 
13/12/24   3:00    6.1    6.1    6.0    95    5.3    0.0    OSO   0.00   1.6   OSO    6.1    6.1    6.1  1020.2   0.00    0.0    0.128   0.000   22.7    51   12.1   22.5    9.39   1.1852     349     1    100.0   15 
13/12/24   3:15    6.1    6.2    6.1    95    5.4    0.0    OSO   0.00   3.2   OSO    6.1    6.2    6.2  1020.1   0.00    0.0    0.127   0.000   22.8    51   12.1   22.6    9.39   1.1848     352     1    100.0   15 
13/12/24   3:30    6.1    6.2    6.1    95    5.4    0.0    OSO   0.00   1.6   OSO    6.1    6.2    6.2  1020.0   0.00    0.0    0.127   0.000   22.8    51   12.1   22.6    9.39   1.1848     351     1    100.0   15 
13/12/24   3:45    6.2    6.2    6.1    95    5.4    0.0    OSO   0.00   1.6   OSO    6.2    6.2    6.2  1020.0   0.00    0.0    0.127   0.000   22.8    51   12.1   22.6    9.39   1.1848     350     1    100.0   15 
13/12/24   4:00    6.1    6.1    5.9    95    5.3    0.0    ---   0.00   0.0   ---    6.1    6.1    6.1  1020.1   0.00    0.0    0.128   0.000   22.8    51   12.1   22.6    9.39   1.1849     351     1    100.0   15 
13/12/24   4:15    5.9    6.0    5.8    95    5.1    0.0    OSO   0.00   1.6   OSO    5.9    5.9    5.9  1020.0   0.00    0.0    0.130   0.000   22.8    51   12.1   22.6    9.39   1.1848     351     1    100.0   15 
13/12/24   4:30    6.0    6.1    5.9    95    5.3    0.0    OSO   0.00   1.6   OSO    6.0    6.1    6.1  1020.0   0.00    0.0    0.128   0.000   22.8    51   12.1   22.6    9.39   1.1847     350     1    100.0   15 
13/12/24   4:45    6.1    6.1    5.9    95    5.3    0.0    OSO   0.00   1.6   OSO    6.1    6.1    6.1  1020.1   0.00    0.0    0.128   0.000   22.8    51   12.1   22.6    9.39   1.1849     348     1    100.0   15 
13/12/24   5:00    6.0    6.1    5.9    95    5.3    0.0    OSO   0.00   1.6   OSO    6.0    6.1    6.1  1020.3   0.00    0.0    0.128   0.000   22.7    51   12.1   22.5    9.39   1.1854     351     1    100.0   15 
13/12/24   5:15    6.0    6.1    6.0    96    5.4    0.0    OSO   0.00   1.6   OSO    6.0    6.1    6.1  1020.2   0.00    0.0    0.128   0.000   22.7    51   12.1   22.5    9.39   1.1853     350     1    100.0   15 
13/12/24   5:30    6.1    6.1    5.9    95    5.3    0.0    OSO   0.00   1.6   OSO    6.1    6.1    6.1  1020.2   0.00    0.0    0.128   0.000   22.7    50   11.8   22.4    9.25   1.1856     349     1    100.0   15 
13/12/24   5:45    6.1    6.2    6.1    96    5.5    0.0    OSO   0.00   3.2   OSO    6.1    6.2    6.2  1020.4   0.00    0.0    0.127   0.000   22.8    50   11.9   22.6    9.25   1.1852     351     1    100.0   15 
13/12/24   6:00    6.1    6.2    6.1    95    5.4    0.0    ---   0.00   0.0   ---    6.1    6.2    6.2  1020.5   0.00    0.0    0.127   0.000   22.9    50   12.0   22.7    9.25   1.1849     351     1    100.0   15 
13/12/24   6:15    6.1    6.1    6.0    95    5.3    0.0    OSO   0.00   1.6   OSO    6.1    6.1    6.1  1020.6   0.00    0.0    0.128   0.000   22.9    50   12.0   22.7    9.25   1.1850     351     1    100.0   15 
13/12/24   6:30    6.1    6.1    6.0    96    5.5    0.0    OSO   0.00   4.8    NO    6.1    6.1    6.1  1020.7   0.00    0.0    0.128   0.000   23.0    50   12.0   22.8    9.25   1.1847     350     1    100.0   15 
13/12/24   6:45    6.1    6.1    5.9    95    5.3    0.0     NO   0.00   3.2    NO    6.1    6.1    6.1  1020.8   0.00    0.0    0.128   0.000   23.0    50   12.0   22.8    9.25   1.1849     351     1    100.0   15 
13/12/24   7:00    5.9    5.9    5.8    95    5.1    0.0    ---   0.00   0.0   ---    5.9    5.9    5.9  1020.9   0.00    0.0    0.130   0.000   23.0    50   12.0   22.8    9.25   1.1850     351     1    100.0   15 
13/12/24   7:15    5.9    6.0    5.8    96    5.3    0.0    ---   0.00   0.0   ---    5.9    5.9    5.9  1021.1   0.00    0.0    0.130   0.000   23.0    50   12.0   22.8    9.25   1.1852     350     1    100.0   15 
13/12/24   7:30    6.1    6.1    6.0    96    5.5    0.0    ---   0.00   0.0   ---    6.1    6.1    6.1  1021.2   0.00    0.0    0.128   0.000   23.1    50   12.1   22.8    9.25   1.1851     351     1    100.0   15 
13/12/24   7:45    6.0    6.1    5.9    95    5.3    0.0    ---   0.00   0.0   ---    6.0    6.1    6.1  1021.5   0.00    0.0    0.128   0.000   23.3    51   12.6   23.2    9.37   1.1840     351     1    100.0   15 
13/12/24   8:00    6.2    6.3    6.0    96    5.6    0.0    ---   0.00   0.0   ---    6.2    6.2    6.2  1021.6   0.00    0.0    0.127   0.000   23.7    50   12.6   23.6    9.25   1.1825     351     1    100.0   15 
13/12/24   8:15    6.3    6.3    6.2    96    5.7    0.0    ---   0.00   0.0   ---    6.3    6.4    6.4  1021.7   0.00    0.0    0.126   0.000   23.9    50   12.9   24.0    9.25   1.1813     350     1    100.0   15 
13/12/24   8:30    6.4    6.4    6.3    96    5.8    0.0    ---   0.00   0.0   ---    6.4    6.5    6.5  1021.8   0.00    0.0    0.124   0.000   24.2    50   13.1   24.2    9.24   1.1802     350     1    100.0   15 
13/12/24   8:45    6.4    6.5    6.4    95    5.7    0.0    ---   0.00   0.0   ---    6.4    6.6    6.6  1021.9   0.00    0.0    0.124   0.000   24.4    50   13.3   24.4    9.23   1.1792     352     1    100.0   15 
13/12/24   9:00    6.5    6.6    6.4    96    5.9    0.0     NO   0.00   1.6    NO    6.5    6.6    6.6  1022.0   0.00    0.0    0.123   0.000   24.4    49   13.0   24.4    9.03   1.1795     351     1    100.0   15 
13/12/24   9:15    6.7    6.8    6.5    96    6.1    0.0    ---   0.00   0.0   ---    6.7    6.8    6.8  1022.0   0.00    0.0    0.122   0.000   24.4    50   13.3   24.4    9.23   1.1794     350     1    100.0   15 
13/12/24   9:30    7.2    7.7    6.8    97    6.7    0.0    ---   0.00   0.0   ---    7.2    7.3    7.3  1022.4   0.00    0.0    0.116   0.000   24.2    50   13.1   24.2    9.24   1.1806     351     1    100.0   15 
13/12/24   9:45    8.1    8.3    7.7    96    7.5    0.0    ---   0.00   0.0   ---    8.1    8.3    8.3  1022.4   0.00    0.0    0.106   0.000   24.1    50   13.0   24.2    9.24   1.1812     352     1    100.0   15 
13/12/24  10:00    8.6    9.1    8.3    96    8.0    0.0    ---   0.00   0.0   ---    8.6    8.8    8.8  1022.7   0.00    0.0    0.101   0.000   24.1    50   13.0   24.1    9.24   1.1818     349     1    100.0   15 
13/12/24  10:15    9.6   10.1    9.1    96    9.0    0.0    ---   0.00   0.0   ---    9.6    9.9    9.9  1022.6   0.00    0.0    0.091   0.000   24.0    51   13.2   24.1    9.35   1.1817     351     1    100.0   15 
13/12/24  10:30   10.0   10.2    9.8    94    9.1    0.0    ---   0.00   0.0   ---   10.0   10.3   10.3  1022.8   0.00    0.0    0.087   0.000   23.9    51   13.2   24.1    9.35   1.1821     349     1    100.0   15 
13/12/24  10:45   10.5   10.9    9.9    93    9.4    0.0    ---   0.00   0.0   ---   10.5   10.7   10.7  1022.6   0.00    0.0    0.082   0.000   23.9    51   13.1   24.0    9.35   1.1823     351     1    100.0   15 
13/12/24  11:00   11.4   11.7   10.9    90    9.8    0.0    ---   0.00   0.0   ---   11.4   11.5   11.5  1022.6   0.00    0.0    0.072   0.000   23.8    51   13.0   23.8    9.35   1.1828     352     1    100.0   15 
13/12/24  11:15   11.9   12.1   11.7    87    9.8    1.6     SE   0.40   4.8     S   11.9   11.9   11.9  1022.4   0.00    0.0    0.067   0.000   23.7    51   13.0   23.8    9.36   1.1828     351     1    100.0   15 
13/12/24  11:30   12.3   12.6   12.1    83    9.5    0.0      S   0.00   3.2   ESE   12.3   12.2   12.2  1022.2   0.00    0.0    0.063   0.000   23.5    50   12.5   23.4    9.25   1.1840     351     1    100.0   15 
13/12/24  11:45   12.8   12.9   12.6    82    9.8    1.6      E   0.40   8.0     E   12.8   12.7   12.7  1022.0   0.00    0.0    0.058   0.000   23.2    48   11.6   22.9    8.93   1.1859     351     1    100.0   15 
13/12/24  12:00   12.8   12.9   12.7    80    9.4    1.6    ENE   0.40   6.4   ENE   12.8   12.6   12.6  1021.9   0.00    0.0    0.058   0.000   22.9    49   11.6   22.6    9.05   1.1871     352     1    100.0   15 
13/12/24  12:15   12.7   12.8   12.4    81    9.5    1.6    ENE   0.40   8.0   ENE   12.7   12.5   12.5  1021.9   0.00    0.0    0.059   0.000   22.8    51   12.1   22.6    9.39   1.1870     351     1    100.0   15 
13/12/24  12:30   12.7   13.0   12.4    80    9.3    1.6    ENE   0.40   6.4   ENE   12.7   12.5   12.5  1021.6   0.00    0.0    0.059   0.000   22.7    52   12.4   22.6    9.59   1.1866     350     1    100.0   15 
13/12/24  12:45   13.3   13.4   13.0    77    9.4    1.6    ONO   0.40   4.8   NNO   13.3   13.1   13.1  1021.5   0.00    0.0    0.052   0.000   22.7    52   12.4   22.6    9.59   1.1865     351     1    100.0   15 
13/12/24  13:00   13.9   14.4   13.4    74    9.3    0.0     NE   0.00   4.8    NE   13.9   13.6   13.6  1021.4   0.00    0.0    0.046   0.000   22.8    52   12.4   22.6    9.59   1.1861     352     1    100.0   15 
13/12/24  13:15   14.6   14.8   14.3    70    9.2    1.6    NNO   0.40   4.8    NE   14.6   14.2   14.2  1021.3   0.00    0.0    0.039   0.000   22.9    53   12.9   22.9    9.72   1.1848     351     1    100.0   15 
13/12/24  13:30   14.6   14.8   14.3    71    9.4    1.6    NNO   0.40   4.8   NNO   14.6   14.2   14.2  1021.2   0.00    0.0    0.039   0.000   23.1    52   12.7   23.0    9.58   1.1842     350     1    100.0   15 
13/12/24  13:45   14.7   15.1   14.3    71    9.5    0.0    NNO   0.00   3.2   NNO   14.7   14.3   14.3  1021.2   0.00    0.0    0.038   0.000   23.1    53   13.0   23.1    9.71   1.1838     351     1    100.0   15 
13/12/24  14:00   15.1   15.3   14.6    71    9.8    0.0    NNE   0.00   1.6   NNE   15.1   14.7   14.7  1021.2   0.00    0.0    0.034   0.000   23.1    53   13.0   23.1    9.71   1.1838     350     1    100.0   15 
13/12/24  14:15   14.1   14.6   13.8    73    9.3    0.0    NNE   0.00   3.2   NNE   14.1   13.8   13.8  1021.3   0.00    0.0    0.044   0.000   23.1    52   12.7   23.0    9.58   1.1842     352     1    100.0   15 
13/12/24  14:30   14.2   14.4   13.8    73    9.4    0.0     NE   0.00   4.8    NE   14.2   13.8   13.8  1021.3   0.00    0.0    0.043   0.000   23.0    52   12.6   22.9    9.58   1.1848     351     1    100.0   15 
13/12/24  14:45   14.3   14.4   14.0    72    9.3    1.6     NE   0.40   3.2    NE   14.3   13.9   13.9  1021.4   0.00    0.0    0.042   0.000   22.8    53   12.7   22.7    9.73   1.1854     351     1    100.0   15 
13/12/24  15:00   13.9   14.0   13.9    72    8.9    0.0     NE   0.00   4.8    NE   13.9   13.5   13.5  1021.4   0.00    0.0    0.046   0.000   22.6    53   12.5   22.4    9.74   1.1866     351     1    100.0   15 
13/12/24  15:15   13.4   13.9   12.8    73    8.6    0.0     NE   0.00   3.2    NE   13.4   13.0   13.0  1021.5   0.00    0.0    0.052   0.000   22.5    53   12.4   22.3    9.75   1.1873     347     1    100.0   15 
13/12/24  15:30   12.5   12.8   12.3    78    8.8    0.0     NE   0.00   1.6    NE   12.5   12.3   12.3  1021.7   0.00    0.0    0.061   0.000   22.7    54   12.9   22.6    9.89   1.1864     351     1    100.0   15 
13/12/24  15:45   12.1   12.3   11.8    80    8.7    0.0    ---   0.00   0.0   ---   12.1   11.9   11.9  1021.9   0.00    0.0    0.065   0.000   23.0    54   13.2   23.0    9.88   1.1849     340     1     99.4   15 
13/12/24  16:00   11.7   11.8   11.7    81    8.6    0.0     NE   0.00   1.6    NE   11.7   11.6   11.6  1021.9   0.00    0.0    0.069   0.000   23.3    54   13.5   23.4    9.87   1.1832     326     1     95.3   15 
13/12/24  16:15   11.6   11.7   11.5    82    8.6    0.0     NE   0.00   1.6    NE   11.6   11.4   11.4  1022.0   0.00    0.0    0.071   0.000   23.6    53   13.4   23.6    9.67   1.1826     351     1    100.0   15 
13/12/24  16:30   11.4   11.5   11.3    84    8.8    1.6     NO   0.40   4.8    NO   11.4   11.4   11.4  1022.0   0.20    0.0    0.072   0.000   23.7    52   13.2   23.7    9.56   1.1823     349     1    100.0   15 
13/12/24  16:45   11.1   11.3   10.8    87    9.0    1.6     NO   0.40   4.8   OSO   11.1   11.1   11.1  1022.3   0.00    0.0    0.076   0.000   23.7    52   13.2   23.7    9.56   1.1827     350     1    100.0   15 
13/12/24  17:00   10.6   10.8   10.3    89    8.8    1.6     SO   0.40   8.0   OSO   10.6   10.7   10.7  1022.6   1.00   10.2    0.081   0.000   23.7    52   13.3   23.8    9.56   1.1827     347     1    100.0   15 
13/12/24  17:15   10.4   10.6   10.3    91    9.0    1.6     SO   0.40   4.8    NO   10.4   10.6   10.6  1022.7   0.20    1.8    0.082   0.000   23.8    52   13.4   23.9    9.55   1.1823     351     1    100.0   15 
13/12/24  17:30   10.5   10.6   10.3    91    9.1    0.0     SO   0.00   4.8   ONO   10.5   10.7   10.7  1022.7   0.00    0.0    0.082   0.000   24.0    52   13.5   24.1    9.55   1.1814     352     1    100.0   15 
13/12/24  17:45   10.2   10.3   10.1    92    8.9    0.0     SO   0.00   1.6    SO   10.2   10.4   10.4  1022.8   0.00    0.0    0.085   0.000   24.1    52   13.6   24.2    9.54   1.1813     351     1    100.0   15 
13/12/24  18:00   10.0   10.1    9.9    93    8.9    0.0     SO   0.00   3.2    SO   10.0   10.2   10.2  1022.8   0.00    0.0    0.087   0.000   24.2    52   13.7   24.3    9.54   1.1807     351     1    100.0   15 
13/12/24  18:15    9.9    9.9    9.8    92    8.6    0.0     SO   0.00   3.2    SO    9.9   10.1   10.1  1023.0   0.00    0.0    0.088   0.000   24.2    52   13.7   24.3    9.54   1.1807     350     1    100.0   15 
13/12/24  18:30    9.4    9.8    9.1    92    8.2    1.6    OSO   0.40   4.8   OSO    9.4    9.7    9.7  1023.1   0.00    0.0    0.093   0.000   24.3    52   13.8   24.4    9.54   1.1805     352     1    100.0   15 
13/12/24  18:45    8.9    9.1    8.8    92    7.7    1.6    OSO   0.40   4.8   OSO    8.9    9.1    9.1  1023.1   0.00    0.0    0.098   0.000   24.3    52   13.8   24.4    9.53   1.1802     351     1    100.0   15 
13/12/24  19:00    8.7    8.8    8.7    91    7.3    1.6    ONO   0.40   4.8    NO    8.7    8.8    8.8  1023.3   0.00    0.0    0.100   0.000   24.4    52   13.9   24.4    9.53   1.1802     351     1    100.0   15 
13/12/24  19:15    8.6    8.7    8.5    91    7.2    1.6     NO   0.40   3.2    NO    8.6    8.7    8.7  1023.4   0.00    0.0    0.102   0.000   24.4    52   13.9   24.5    9.53   1.1800     350     1    100.0   15 
13/12/24  19:30    8.4    8.5    8.3    91    7.1    1.6     NO   0.40   4.8    NO    8.4    8.6    8.6  1023.5   0.00    0.0    0.103   0.000   24.5    52   14.0   24.6    9.53   1.1798     351     1    100.0   15 
13/12/24  19:45    8.1    8.3    8.0    91    6.7    3.2     NO   0.80   8.0   ONO    8.1    8.2    8.2  1023.6   0.00    0.0    0.106   0.000   24.6    53   14.4   24.7    9.65   1.1790     351     1    100.0   15 
13/12/24  20:00    8.0    8.0    8.0    91    6.6    3.2     NO   0.80   6.4    NO    8.0    8.1    8.1  1023.7   0.00    0.0    0.108   0.000   24.6    52   14.1   24.7    9.52   1.1796     351     1    100.0   15 
13/12/24  20:15    8.0    8.1    8.0    90    6.5    3.2     NO   0.80   4.8    NO    8.0    8.1    8.1  1023.9   0.00    0.0    0.108   0.000   24.4    53   14.2   24.6    9.65   1.1802     350     1    100.0   15 
13/12/24  20:30    7.9    8.1    7.8    90    6.4    1.6     NO   0.40   6.4   NNO    7.9    8.0    8.0  1023.9   0.00    0.0    0.108   0.000   24.2    53   14.0   24.3    9.65   1.1817     351     1    100.0   15 
13/12/24  20:45    7.6    7.8    7.5    90    6.1    1.6    ONO   0.40   6.4   ONO    7.6    7.7    7.7  1024.0   0.00    0.0    0.112   0.000   23.9    53   13.8   24.1    9.65   1.1829     351     1    100.0   15 
13/12/24  21:00    7.5    7.5    7.4    90    6.0    1.6     NO   0.40   8.0     O    7.5    7.6    7.6  1024.1   0.00    0.0    0.113   0.000   23.8    53   13.6   23.9    9.66   1.1839     350     1    100.0   15 
13/12/24  21:15    7.2    7.4    6.9    90    5.6    1.6      O   0.40   6.4   OSO    7.2    7.2    7.2  1024.3   0.00    0.0    0.116   0.000   23.6    53   13.5   23.7    9.67   1.1850     351     1    100.0   15 
13/12/24  21:30    7.0    7.1    6.9    91    5.6    1.6     NO   0.40   8.0   ONO    7.0    7.1    7.1  1024.4   0.00    0.0    0.118   0.000   23.6    53   13.5   23.7    9.67   1.1850     350     1    100.0   15 
13/12/24  21:45    7.1    7.2    7.0    91    5.7    1.6     NO   0.40   6.4   ONO    7.1    7.2    7.2  1024.5   0.00    0.0    0.117   0.000   23.7    53   13.6   23.8    9.66   1.1846     351     1    100.0   15 
13/12/24  22:00    6.9    7.0    6.8    91    5.5    0.0     NO   0.00   3.2    NO    6.9    6.9    6.9  1024.5   0.00    0.0    0.119   0.000   23.8    53   13.6   23.9    9.66   1.1843     351     1    100.0   15 
13/12/24  22:15    6.8    6.8    6.7    91    5.4    0.0    OSO   0.00   3.2   OSO    6.8    6.8    6.8  1024.6   0.00    0.0    0.120   0.000   23.8    53   13.7   24.0    9.65   1.1841     351     1    100.0   15 
13/12/24  22:30    6.6    6.7    6.4    91    5.2    0.0    OSO   0.00   1.6   OSO    6.6    6.6    6.6  1024.7   0.00    0.0    0.123   0.000   23.9    53   13.7   24.1    9.65   1.1840     350     2    100.0   15 
13/12/24  22:45    6.3    6.4    6.3    92    5.1    1.6    ONO   0.40   8.0   ONO    6.3    6.4    6.4  1024.9   0.00    0.0    0.125   0.000   23.9    54   14.0   24.1    9.85   1.1839     351     1    100.0   15 
13/12/24  23:00    6.3    6.3    6.2    92    5.1    0.0    OSO   0.00   6.4    NO    6.3    6.3    6.3  1024.9   0.00    0.0    0.126   0.000   23.9    54   14.1   24.2    9.85   1.1836     352     1    100.0   15 
13/12/24  23:15    6.2    6.3    6.2    93    5.2    1.6      O   0.40   4.8     O    6.2    6.3    6.3  1025.0   0.00    0.0    0.126   0.000   23.9    54   14.0   24.1    9.85   1.1840     349     1    100.0   15 
13/12/24  23:30    6.3    6.3    6.3    93    5.2    0.0    ONO   0.00   3.2   ONO    6.3    6.3    6.3  1024.9   0.00    0.0    0.126   0.000   23.6    55   14.0   23.7   10.06   1.1853     350     1    100.0   15 
13/12/24  23:45    6.3    6.4    6.3    93    5.3    0.0    ONO   0.00   6.4   OSO    6.3    6.4    6.4  1025.1   0.00    0.0    0.125   0.000   23.1    55   13.6   23.2   10.08   1.1877     350     1    100.0   15 
14/12/24  00:00    6.3    6.4    6.3    93    5.3    0.0    ONO   0.00   6.4     O    6.3    6.4    6.4  1025.1   0.00    0.0    0.125   0.000   22.7    56   13.5   22.7   10.29   1.1894     350     1    100.0   15 
14/12/24   0:15    6.5    6.7    6.4    93    5.4    0.0    ONO   0.00   4.8   ONO    6.5    6.6    6.6  1024.9   0.00    0.0    0.123   0.000   22.4    56   13.2   22.2   10.30   1.1909     349     1    100.0   15 
14/12/24   0:30    6.7    6.7    6.7    93    5.6    0.0    ONO   0.00   1.6    NO    6.7    6.8    6.8  1024.9   0.00    0.0    0.122   0.000   22.0    57   13.1   21.7   10.49   1.1926     352     1    100.0   15 
14/12/24   0:45    6.6    6.7    6.4    93    5.5    0.0    ONO   0.00   1.6   ONO    6.6    6.6    6.6  1024.8   0.00    0.0    0.123   0.000   21.8    57   12.9   21.4   10.50   1.1935     350     1    100.0   15 
14/12/24   1:00    6.3    6.4    6.3    92    5.1    0.0    ONO   0.00   1.6   ONO    6.3    6.4    6.4  1024.7   0.00    0.0    0.125   0.000   21.9    57   13.0   21.6   10.49   1.1928     351     1    100.0   15 
14/12/24   1:15    6.4    6.4    6.3    93    5.3    0.0    ONO   0.00   4.8     O    6.4    6.4    6.4  1024.7   0.00    0.0    0.124   0.000   22.2    57   13.2   21.9   10.47   1.1915     351     1    100.0   15 
14/12/24   1:30    6.2    6.4    6.1    93    5.2    0.0    ONO   0.00   4.8   ONO    6.2    6.3    6.3  1024.8   0.00    0.0    0.126   0.000   22.4    56   13.2   22.2   10.30   1.1908     352     1    100.0   15 
14/12/24   1:45    6.2    6.3    6.1    93    5.2    1.6    ONO   0.40   6.4    NO    6.2    6.3    6.3  1025.0   0.00    0.0    0.126   0.000   22.6    56   13.3   22.5   10.30   1.1901     350     1    100.0   15 
14/12/24   2:00    6.0    6.2    5.9    93    5.0    0.0    ---   0.00   0.0   ---    6.0    6.1    6.1  1025.0   0.00    0.0    0.128   0.000   22.6    56   13.4   22.6   10.30   1.1899     349     1    100.0   15 
14/12/24   2:15    5.8    5.9    5.8    93    4.8    0.0    ONO   0.00   3.2   ONO    5.8    5.9    5.9  1024.9   0.00    0.0    0.130   0.000   22.7    56   13.5   22.7   10.29   1.1892     350     1    100.0   15 
14/12/24   2:30    5.8    5.8    5.7    93    4.7    0.0    ONO   0.00   1.6   ONO    5.8    5.8    5.8  1024.9   0.00    0.0    0.131   0.000   22.8    56   13.5   22.8   10.29   1.1888     350     1    100.0   15 
14/12/24   2:45    5.7    5.7    5.7    94    4.8    0.0    ONO   0.00   1.6   ONO    5.7    5.7    5.7  1024.7   0.00    0.0    0.132   0.000   22.8    56   13.6   22.9   10.29   1.1883     352     1    100.0   15 
14/12/24   3:00    5.7    5.8    5.7    94    4.8    0.0    ONO   0.00   3.2   ONO    5.7    5.8    5.8  1024.6   0.00    0.0    0.131   0.000   22.9    56   13.6   22.9   10.29   1.1880     351     1    100.0   15 
14/12/24   3:15    5.8    5.8    5.7    94    4.9    0.0     NE   0.00   4.8    NE    5.8    5.8    5.8  1024.4   0.00    0.0    0.131   0.000   22.9    56   13.6   22.9   10.29   1.1878     349     1    100.0   15 
14/12/24   3:30    5.9    6.1    5.8    94    5.1    0.0     NO   0.00   3.2    SO    5.9    6.0    6.0  1024.3   0.00    0.0    0.129   0.000   22.9    56   13.7   23.0   10.28   1.1873     350     1    100.0   15 
