                 Temp.  Temp.  Temp.  Hum.   Punt   Vel.   Dir.   Rec.  Vel.  Dir.  Sens.   Índ.   Índ.                  Int. Graus D.Graus D.  Temp.  Hum. Rosada  In.Cal.  EMC     Dens.    Mostr   Tx   Recep.  Int.
  Data    Hora    Ext.   Màx.   Mín.  Ext. Rosada   Vent   Vent   Vent  Màx.  Màx.  Tèrm.  Calor   THW    Bar    Pluja   Pluja  Calor    Fred    Int.  Int.   Int.   Int.    Int.  Int.Aire    Vent   Vent   ISS   Arc.
-------------------------------------------------------------------------------------------------------------------------------------------------------------------------------------------------------------------------
30/12/24   0:15    5.4    5.5    5.3    80    2.3    0.0     NO   0.00   1.6    NO    5.4    5.3    5.3  1029.3   0.00    0.0    0.134   0.000   21.6    50   10.7   20.8    9.25   1.2019     350     1    100.0   15 
30/12/24   0:30    5.2    5.3    5.1    81    2.2    0.0    NNO   0.00   1.6   NNO    5.2    5.0    5.0  1029.4   0.00    0.0    0.137   0.000   21.6    50   10.7   20.7    9.25   1.2022     351     1    100.0   15 
30/12/24   0:45    5.0    5.1    4.9    82    2.2    0.0    NNO   0.00   1.6   NNO    5.0    4.8    4.8  1029.3   0.00    0.0    0.139   0.000   21.8    49   10.6   21.0    9.05   1.2014     351     1    100.0   15 
30/12/24   1:00    4.9    4.9    4.8    82    2.1    0.0    ---   0.00   0.0   ---    4.9    4.7    4.7  1029.1   0.00    0.0    0.140   0.000   22.1    49   10.9   21.5    9.05   1.1995     351     1    100.0   15 
30/12/24   1:15    4.7    4.8    4.6    83    2.0    0.0    NNO   0.00   1.6   NNO    4.7    4.6    4.6  1029.2   0.00    0.0    0.142   0.000   22.4    49   11.1   21.9    9.05   1.1982     350     1    100.0   15 
30/12/24   1:30    4.5    4.6    4.4    83    1.9    0.0    NNO   0.00   1.6   NNO    4.5    4.4    4.4  1029.2   0.00    0.0    0.144   0.000   22.6    48   11.0   22.1    8.90   1.1977     351     1    100.0   15 
30/12/24   1:45    4.4    4.5    4.4    83    1.8    0.0    NNO   0.00   1.6   NNO    4.4    4.3    4.3  1029.3   0.00    0.0    0.145   0.000   22.7    48   11.1   22.3    8.91   1.1969     351     1    100.0   15 
30/12/24   2:00    4.4    4.4    4.3    83    1.8    0.0    NNO   0.00   1.6   NNO    4.4    4.3    4.3  1029.3   0.00    0.0    0.145   0.000   22.8    48   11.2   22.5    8.91   1.1964     348     1    100.0   15 
30/12/24   2:15    4.4    4.4    4.3    82    1.6    0.0    NNO   0.00   3.2   NNO    4.4    4.2    4.2  1029.4   0.00    0.0    0.145   0.000   22.9    48   11.3   22.6    8.91   1.1962     351     1    100.0   15 
30/12/24   2:30    4.4    4.4    4.4    82    1.6    0.0    NNO   0.00   1.6   NNO    4.4    4.2    4.2  1029.4   0.00    0.0    0.145   0.000   22.9    48   11.3   22.6    8.92   1.1959     350     1    100.0   15 
30/12/24   2:45    4.3    4.4    4.3    81    1.4    0.0    NNO   0.00   1.6   NNO    4.3    4.2    4.2  1029.4   0.00    0.0    0.146   0.000   23.0    48   11.4   22.7    8.92   1.1956     352     1    100.0   15 
30/12/24   3:00    4.2    4.3    4.1    82    1.4    0.0    NNO   0.00   1.6   NNO    4.2    4.1    4.1  1029.3   0.00    0.0    0.147   0.000   23.0    47   11.1   22.7    8.75   1.1959     351     1    100.0   15 
30/12/24   3:15    4.1    4.1    3.9    82    1.3    0.0    NNO   0.00   1.6   NNO    4.1    3.9    3.9  1029.3   0.00    0.0    0.149   0.000   23.1    47   11.1   22.7    8.75   1.1956     350     1    100.0   15 
30/12/24   3:30    3.9    3.9    3.9    82    1.1    0.0    NNO   0.00   1.6   NNO    3.9    3.8    3.8  1029.2   0.00    0.0    0.150   0.000   23.1    47   11.1   22.7    8.75   1.1955     351     1    100.0   15 
30/12/24   3:45    3.9    4.0    3.9    82    1.1    0.0    NNO   0.00   1.6   NNO    3.9    3.8    3.8  1029.1   0.00    0.0    0.150   0.000   23.1    47   11.1   22.7    8.75   1.1954     350     1    100.0   15 
30/12/24   4:00    4.1    4.1    4.0    82    1.3    0.0    ---   0.00   0.0   ---    4.1    3.9    3.9  1029.1   0.00    0.0    0.149   0.000   22.8    48   11.2   22.5    8.91   1.1962     351     1    100.0   15 
30/12/24   4:15    4.0    4.0    3.9    82    1.2    0.0    ---   0.00   0.0   ---    4.0    3.8    3.8  1029.2   0.00    0.0    0.149   0.000   22.3    48   10.8   21.8    8.89   1.1987     349     1    100.0   15 
30/12/24   4:30    4.0    4.1    3.8    82    1.2    0.0    NNO   0.00   1.6   NNO    4.0    3.8    3.8  1029.1   0.00    0.0    0.149   0.000   21.9    48   10.4   21.1    8.88   1.2009     350     1    100.0   15 
30/12/24   4:45    3.7    3.8    3.7    82    0.9    0.0      N   0.00   3.2   NNO    3.7    3.6    3.6  1029.0   0.00    0.0    0.152   0.000   21.8    49   10.6   21.0    9.05   1.2010     351     1    100.0   15 
30/12/24   5:00    3.6    3.7    3.5    82    0.8    0.0      N   0.00   1.6     N    3.6    3.4    3.4  1029.1   0.00    0.0    0.154   0.000   22.0    48   10.5   21.3    8.88   1.2003     352     1    100.0   15 
30/12/24   5:15    3.5    3.6    3.4    82    0.7    1.6      N   0.40   3.2     N    3.5    3.3    3.3  1029.2   0.00    0.0    0.155   0.000   22.2    48   10.7   21.6    8.89   1.1993     351     1    100.0   15 
30/12/24   5:30    3.5    3.6    3.5    82    0.7    0.0      N   0.00   1.6     N    3.5    3.3    3.3  1029.2   0.00    0.0    0.155   0.000   22.3    48   10.8   21.8    8.89   1.1988     351     1    100.0   15 
30/12/24   5:45    3.5    3.6    3.4    82    0.7    0.0      N   0.00   3.2     N    3.5    3.3    3.3  1029.1   0.00    0.0    0.155   0.000   22.4    48   10.9   21.9    8.90   1.1981     351     1    100.0   15 
30/12/24   6:00    3.4    3.5    3.4    81    0.5    1.6      N   0.40   3.2     N    3.4    3.3    3.3  1029.1   0.00    0.0    0.155   0.000   22.5    47   10.6   21.9    8.75   1.1981     351     1    100.0   15 
30/12/24   6:15    3.5    3.6    3.4    82    0.7    0.0      N   0.00   1.6     N    3.5    3.3    3.3  1029.2   0.00    0.0    0.155   0.000   22.6    47   10.7   22.1    8.75   1.1980     351     1    100.0   15 
30/12/24   6:30    3.5    3.5    3.4    82    0.7    0.0      N   0.00   1.6     N    3.5    3.3    3.3  1029.3   0.00    0.0    0.155   0.000   22.6    47   10.7   22.1    8.75   1.1979     350     1    100.0   15 
30/12/24   6:45    3.4    3.6    3.3    82    0.7    0.0      N   0.00   1.6     N    3.4    3.3    3.3  1029.3   0.00    0.0    0.155   0.000   22.6    47   10.7   22.1    8.75   1.1978     350     1    100.0   15 
30/12/24   7:00    3.2    3.3    3.2    83    0.6    0.0      N   0.00   1.6     N    3.2    3.1    3.1  1029.3   0.00    0.0    0.157   0.000   22.7    47   10.8   22.2    8.75   1.1976     351     1    100.0   15 
30/12/24   7:15    3.1    3.2    2.9    83    0.4    0.0      N   0.00   1.6     N    3.1    2.9    2.9  1029.5   0.00    0.0    0.159   0.000   22.7    47   10.8   22.2    8.75   1.1978     352     1    100.0   15 
30/12/24   7:30    2.9    2.9    2.8    84    0.5    0.0      N   0.00   1.6     N    2.9    2.8    2.8  1029.5   0.00    0.0    0.161   0.000   22.7    47   10.8   22.2    8.75   1.1978     351     1    100.0   15 
30/12/24   7:45    2.8    2.9    2.8    84    0.4    0.0      N   0.00   1.6     N    2.8    2.7    2.7  1029.6   0.00    0.0    0.161   0.000   22.8    47   10.9   22.4    8.75   1.1973     350     1    100.0   15 
30/12/24   8:00    3.2    3.4    2.9    82    0.4    0.0      N   0.00   3.2     N    3.2    3.1    3.1  1029.6   0.00    0.0    0.157   0.000   23.2    47   11.2   22.8    8.75   1.1955     351     1    100.0   15 
30/12/24   8:15    3.3    3.4    3.3    81    0.4    1.6     NO   0.40   4.8    NO    3.3    3.2    3.2  1029.7   0.00    0.0    0.156   0.000   23.4    47   11.5   23.2    8.75   1.1942     351     1    100.0   15 
30/12/24   8:30    3.8    4.6    3.4    81    0.9    0.0    ---   0.00   0.0   ---    3.8    3.7    3.7  1029.9   0.00    0.0    0.151   0.000   23.4    47   11.5   23.2    8.75   1.1944     352     1    100.0   15 
30/12/24   8:45    5.4    6.0    4.6    75    1.3    0.0     NO   0.00   1.6    NO    5.4    5.2    5.2  1030.1   0.00    0.0    0.135   0.000   23.3    48   11.7   23.1    8.93   1.1948     350     1    100.0   15 
30/12/24   9:00    5.9    6.1    5.5    73    1.4    1.6     NO   0.40   4.8    NO    5.9    5.6    5.6  1030.2   0.00    0.0    0.130   0.000   23.3    48   11.7   23.1    8.93   1.1949     351     1    100.0   15 
30/12/24   9:15    5.2    5.5    5.2    73    0.8    1.6     NO   0.40   4.8    NO    5.2    4.9    4.9  1030.3   0.00    0.0    0.137   0.000   23.3    48   11.6   23.1    8.93   1.1954     351     1    100.0   15 
30/12/24   9:30    5.5    5.9    5.2    72    0.8    0.0      N   0.00   3.2     N    5.5    5.2    5.2  1030.4   0.00    0.0    0.134   0.000   23.2    48   11.6   22.9    8.93   1.1958     352     1    100.0   15 
30/12/24   9:45    6.3    6.7    5.9    74    2.0    0.0      N   0.00   1.6     N    6.3    6.1    6.1  1030.4   0.00    0.0    0.125   0.000   23.2    48   11.5   22.9    8.92   1.1961     351     1    100.0   15 
30/12/24  10:00    6.7    6.8    6.7    72    2.0    0.0      N   0.00   4.8    NO    6.7    6.4    6.4  1030.5   0.00    0.0    0.121   0.000   23.1    48   11.5   22.8    8.92   1.1964     350     1    100.0   15 
30/12/24  10:15    6.8    6.9    6.7    73    2.3    1.6     NO   0.40   3.2    NO    6.8    6.6    6.6  1030.5   0.00    0.0    0.120   0.000   23.1    47   11.2   22.8    8.75   1.1968     349     1    100.0   15 
30/12/24  10:30    7.4    7.7    6.9    71    2.5    1.6     NO   0.40   4.8    NO    7.4    7.1    7.1  1030.5   0.00    0.0    0.114   0.000   23.0    48   11.4   22.7    8.92   1.1970     350     1    100.0   15 
30/12/24  10:45    7.8    8.1    7.7    71    2.8    0.0     NO   0.00   1.6    NO    7.8    7.5    7.5  1030.3   0.00    0.0    0.110   0.000   22.9    47   11.0   22.5    8.75   1.1977     351     1    100.0   15 
30/12/24  11:00    8.6    9.1    8.1    69    3.2    0.0     SO   0.00   3.2    SO    8.6    8.3    8.3  1030.2   0.00    0.0    0.102   0.000   22.7    45   10.2   22.2    8.45   1.1990     351     1    100.0   15 
30/12/24  11:15    9.7   10.3    9.1    65    3.4    0.0     SE   0.00   3.2   SSO    9.7    9.3    9.3  1030.1   0.00    0.0    0.090   0.000   22.6    43    9.3   21.8    8.15   1.2004     351     1    100.0   15 
30/12/24  11:30   10.6   11.0   10.3    62    3.6    0.0     SO   0.00   3.2    SO   10.6   10.2   10.2  1029.9   0.00    0.0    0.080   0.000   22.3    43    9.1   21.5    8.16   1.2012     350     1    100.0   15 
30/12/24  11:45   11.6   12.2   11.0    59    3.9    0.0      E   0.00   3.2     E   11.6   11.0   11.0  1029.7   0.00    0.0    0.070   0.000   22.2    43    9.0   21.3    8.17   1.2015     352     1    100.0   15 
30/12/24  12:00   12.4   12.7   12.2    52    2.8    0.0      O   0.00   4.8   SSE   12.4   11.5   11.5  1029.5   0.00    0.0    0.062   0.000   22.2    43    9.0   21.3    8.17   1.2015     351     1    100.0   15 
30/12/24  12:15   12.8   13.0   12.7    51    2.9    0.0      O   0.00   3.2   SSE   12.8   11.8   11.8  1029.2   0.00    0.0    0.058   0.000   22.1    42    8.6   21.1    8.01   1.2018     351     1    100.0   15 
30/12/24  12:30   13.3   13.5   12.9    49    2.8    1.6      S   0.40   4.8     S   13.3   12.2   12.2  1029.0   0.00    0.0    0.052   0.000   22.1    42    8.5   21.0    8.02   1.2018     351     1    100.0   15 
30/12/24  12:45   13.7   13.9   13.5    50    3.4    0.0    OSO   0.00   4.8   OSO   13.7   12.6   12.6  1028.8   0.00    0.0    0.049   0.000   22.1    42    8.6   21.1    8.01   1.2012     352     1    100.0   15 
30/12/24  13:00   14.0   14.2   13.8    52    4.3    0.0     SO   0.00   3.2    SO   14.0   13.0   13.0  1028.7   0.00    0.0    0.045   0.000   22.3    43    9.1   21.4    8.17   1.2000     350     1    100.0   15 
30/12/24  13:15   14.3   14.4   14.2    52    4.6    1.6      S   0.40   4.8    SO   14.3   13.3   13.3  1028.6   0.00    0.0    0.042   0.000   22.4    44    9.5   21.7    8.30   1.1991     350     1    100.0   15 
30/12/24  13:30   14.3   14.6   14.2    51    4.3    0.0    SSE   0.00   4.8   SSE   14.3   13.3   13.3  1028.4   0.00    0.0    0.042   0.000   22.6    44    9.7   21.9    8.30   1.1980     351     1    100.0   15 
30/12/24  13:45   14.7   14.8   14.6    50    4.4    1.6      S   0.40   6.4     S   14.7   13.6   13.6  1028.2   0.00    0.0    0.038   0.000   22.6    45   10.1   22.0    8.45   1.1972     350     1    100.0   15 
30/12/24  14:00   14.8   14.8   14.6    48    3.9    1.6    SSE   0.40   4.8    SO   14.8   13.6   13.6  1028.2   0.00    0.0    0.037   0.000   22.6    45   10.1   22.0    8.45   1.1972     350     1    100.0   15 
30/12/24  14:15   14.6   14.8   14.4    47    3.4    1.6    SSO   0.40   6.4   OSO   14.6   13.4   13.4  1028.2   0.00    0.0    0.039   0.000   22.6    45   10.1   22.0    8.45   1.1972     351     1    100.0   15 
30/12/24  14:30   14.7   14.9   14.5    46    3.2    1.6    SSO   0.40   4.8   SSO   14.7   13.5   13.5  1028.2   0.00    0.0    0.038   0.000   22.6    46   10.3   22.0    8.60   1.1972     350     1    100.0   15 
30/12/24  14:45   15.0   15.2   14.8    46    3.5    1.6      S   0.40   4.8    SO   15.0   13.8   13.8  1028.3   0.00    0.0    0.035   0.000   22.5    45   10.0   21.8    8.45   1.1978     350     1    100.0   15 
30/12/24  15:00   15.3   15.3   15.2    44    3.1    0.0    OSO   0.00   4.8     S   15.3   13.9   13.9  1028.3   0.00    0.0    0.032   0.000   22.3    46   10.1   21.7    8.61   1.1984     352     1    100.0   15 
30/12/24  15:15   15.0   15.2   14.9    46    3.5    0.0     SO   0.00   4.8    SO   15.0   13.8   13.8  1028.4   0.00    0.0    0.035   0.000   22.2    46   10.0   21.4    8.61   1.1993     351     1    100.0   15 
30/12/24  15:30   14.6   14.8   14.4    49    4.0    0.0      S   0.00   3.2   OSO   14.6   13.4   13.4  1028.4   0.00    0.0    0.039   0.000   22.2    46   10.0   21.5    8.61   1.1990     349     1    100.0   15 
30/12/24  15:45   14.3   14.4   14.1    52    4.5    0.0      S   0.00   3.2    SO   14.3   13.3   13.3  1028.4   0.00    0.0    0.042   0.000   22.4    45    9.9   21.8    8.45   1.1983     350     1    100.0   15 
30/12/24  16:00   13.4   14.1   12.7    56    4.8    0.0      E   0.00   3.2     E   13.4   12.6   12.6  1028.4   0.00    0.0    0.052   0.000   22.7    45   10.2   22.2    8.45   1.1969     350     1    100.0   15 
30/12/24  16:15   12.2   12.7   11.8    60    4.7    0.0      E   0.00   1.6     E   12.2   11.6   11.6  1028.4   0.00    0.0    0.064   0.000   22.8    41    8.9   22.2    7.83   1.1976     352     1    100.0   15 
30/12/24  16:30   11.7   11.8   11.6    61    4.4    0.0    ---   0.00   0.0   ---   11.7   11.1   11.1  1028.4   0.00    0.0    0.069   0.000   22.6    40    8.3   21.7    7.70   1.1993     351     1    100.0   15 
30/12/24  16:45   11.2   11.6   10.8    65    4.9    0.0    ---   0.00   0.0   ---   11.2   10.8   10.8  1028.6   0.00    0.0    0.074   0.000   22.4    40    8.1   21.4    7.70   1.2003     351     1    100.0   15 
30/12/24  17:00   10.7   10.8   10.6    68    5.0    0.0    ---   0.00   0.0   ---   10.7   10.3   10.3  1028.7   0.00    0.0    0.080   0.000   22.2    40    8.0   21.2    7.71   1.2012     351     1    100.0   15 
30/12/24  17:15   10.7   10.7   10.6    70    5.4    0.0     SO   0.00   1.6   SSO   10.7   10.4   10.4  1028.7   0.00    0.0    0.080   0.000   22.2    40    7.9   21.1    7.71   1.2015     352     1    100.0   15 
30/12/24  17:30   10.4   10.6   10.3    72    5.6    0.0     SO   0.00   1.6    SO   10.4   10.2   10.2  1028.7   0.00    0.0    0.082   0.000   22.2    41    8.3   21.2    7.87   1.2009     350     1    100.0   15 
30/12/24  17:45   10.2   10.3   10.1    73    5.6    0.0     SO   0.00   3.2    SO   10.2   10.1   10.1  1028.8   0.00    0.0    0.084   0.000   22.6    42    9.0   21.9    8.00   1.1988     351     1    100.0   15 
30/12/24  18:00    9.9   10.1    9.7    75    5.7    0.0      O   0.00   1.6    SO    9.9    9.8    9.8  1028.9   0.00    0.0    0.088   0.000   23.0    42    9.4   22.4    7.98   1.1970     351     1    100.0   15 
30/12/24  18:15    9.5    9.7    9.2    73    4.9    0.0    ONO   0.00   3.2   ONO    9.5    9.3    9.3  1028.9   0.00    0.0    0.092   0.000   23.2    42    9.6   22.7    7.97   1.1959     351     1    100.0   15 
30/12/24  18:30    8.9    9.2    8.7    72    4.1    0.0    ---   0.00   0.0   ---    8.9    8.7    8.7  1029.0   0.00    0.0    0.098   0.000   23.5    42    9.8   23.1    7.96   1.1947     350     1    100.0   15 
30/12/24  18:45    8.3    8.7    8.0    71    3.4    0.0    ONO   0.00   3.2   ONO    8.3    8.1    8.1  1029.1   0.00    0.0    0.104   0.000   23.7    43   10.3   23.3    8.07   1.1937     350     1    100.0   15 
30/12/24  19:00    7.9    7.9    7.8    69    2.5    0.0      O   0.00   1.6     O    7.9    7.6    7.6  1029.2   0.00    0.0    0.109   0.000   23.8    43   10.4   23.5    8.06   1.1933     349     1    100.0   15 
30/12/24  19:15    7.9    7.9    7.8    67    2.1    0.0      O   0.00   1.6     O    7.9    7.6    7.6  1029.3   0.00    0.0    0.109   0.000   23.9    44   10.9   23.7    8.25   1.1925     350     1    100.0   15 
30/12/24  19:30    7.5    7.8    7.3    69    2.2    0.0      O   0.00   3.2     O    7.5    7.2    7.2  1029.4   0.00    0.0    0.113   0.000   24.0    44   11.0   23.8    8.25   1.1920     351     1    100.0   15 
30/12/24  19:45    7.1    7.3    6.9    68    1.6    1.6    ONO   0.40   3.2    NO    7.1    6.8    6.8  1029.5   0.00    0.0    0.117   0.000   24.1    44   11.1   23.9    8.24   1.1917     349     1    100.0   15 
30/12/24  20:00    6.6    6.9    6.3    69    1.3    0.0    ONO   0.00   3.2   ONO    6.6    6.2    6.2  1029.6   0.00    0.0    0.123   0.000   24.2    44   11.2   23.9    8.24   1.1912     350     1    100.0   15 
30/12/24  20:15    6.4    6.6    6.3    69    1.2    0.0     NO   0.00   3.2   ONO    6.4    6.1    6.1  1029.7   0.00    0.0    0.124   0.000   24.3    45   11.6   24.1    8.44   1.1907     351     1    100.0   15 
30/12/24  20:30    6.8    7.2    6.6    67    1.1    1.6    ONO   0.40   6.4   NNO    6.8    6.5    6.5  1029.7   0.00    0.0    0.120   0.000   24.3    44   11.3   24.1    8.23   1.1908     351     1    100.0   15 
30/12/24  20:45    7.1    7.2    6.9    67    1.3    3.2     NO   0.80   6.4   NNO    7.1    6.7    6.7  1029.9   0.00    0.0    0.117   0.000   24.3    44   11.2   24.0    8.24   1.1913     349     1    100.0   15 
30/12/24  21:00    7.3    7.3    7.1    67    1.6    1.6     NO   0.40   4.8    NO    7.3    6.9    6.9  1030.0   0.00    0.0    0.115   0.000   24.0    44   11.0   23.8    8.25   1.1928     351     1    100.0   15 
30/12/24  21:15    7.3    7.6    7.0    67    1.6    3.2     NO   0.80   6.4   ONO    7.3    7.0    7.0  1030.0   0.00    0.0    0.115   0.000   23.6    45   10.9   23.3    8.45   1.1946     349     1    100.0   15 
30/12/24  21:30    6.4    6.9    5.7    71    1.5    0.0     NO   0.00   4.8    NO    6.4    6.1    6.1  1030.2   0.00    0.0    0.124   0.000   23.3    45   10.7   23.0    8.45   1.1960     351     1    100.0   15 
30/12/24  21:45    5.6    5.8    5.4    77    1.8    0.0    ONO   0.00   3.2   ONO    5.6    5.3    5.3  1030.1   0.00    0.0    0.133   0.000   23.4    45   10.8   23.2    8.45   1.1954     351     1    100.0   15 
30/12/24  22:00    5.9    6.2    5.8    80    2.8    3.2     NO   0.80   6.4    NO    5.9    5.8    5.8  1030.1   0.00    0.0    0.129   0.000   23.6    45   11.0   23.4    8.45   1.1945     351     1    100.0   15 
30/12/24  22:15    6.2    6.3    6.2    79    2.8    3.2     NO   0.80   6.4    NO    6.2    6.1    6.1  1030.2   0.00    0.0    0.126   0.000   23.7    45   11.1   23.5    8.45   1.1941     351     1    100.0   15 
30/12/24  22:30    5.9    6.2    5.7    80    2.8    0.0    ONO   0.00   1.6   ONO    5.9    5.8    5.8  1030.3   0.00    0.0    0.129   0.000   23.8    45   11.1   23.6    8.45   1.1939     350     1    100.0   15 
30/12/24  22:45    5.3    5.7    5.0    80    2.1    0.0    ONO   0.00   1.6   ONO    5.3    5.1    5.1  1030.4   0.00    0.0    0.136   0.000   23.8    45   11.1   23.6    8.45   1.1940     352     1    100.0   15 
30/12/24  23:00    4.9    5.0    4.9    81    2.0    0.0    ONO   0.00   1.6   ONO    4.9    4.8    4.8  1030.4   0.00    0.0    0.139   0.000   23.8    45   11.1   23.6    8.45   1.1941     351     1    100.0   15 
30/12/24  23:15    4.9    5.1    4.9    82    2.1    0.0    ONO   0.00   1.6   ONO    4.9    4.8    4.8  1030.4   0.00    0.0    0.139   0.000   23.8    45   11.2   23.7    8.45   1.1938     348     1    100.0   15 
30/12/24  23:30    5.1    5.2    5.1    82    2.3    0.0     NE   0.00   3.2   ONO    5.1    4.9    4.9  1030.4   0.00    0.0    0.138   0.000   23.7    45   11.0   23.4    8.45   1.1946     351     1    100.0   15 
30/12/24  23:45    5.2    5.3    5.2    82    2.4    0.0     NE   0.00   3.2    NE    5.2    5.1    5.1  1030.4   0.00    0.0    0.137   0.000   23.2    45   10.6   22.8    8.45   1.1967     350     1    100.0   15 
31/12/24  00:00    5.2    5.2    5.1    82    2.3    0.0     NE   0.00   1.6    NE    5.2    5.0    5.0  1030.3   0.00    0.0    0.137   0.000   22.8    46   10.6   22.3    8.59   1.1985     352     1    100.0   15 
31/12/24   0:15    5.0    5.1    4.9    81    2.0    0.0     NE   0.00   1.6    NE    5.0    4.8    4.8  1030.2   0.00    0.0    0.139   0.000   22.4    46   10.2   21.7    8.60   1.2003     349     1    100.0   15 
31/12/24   0:30    4.9    4.9    4.8    79    1.6    0.0     NE   0.00   3.2    NE    4.9    4.7    4.7  1030.2   0.00    0.0    0.140   0.000   22.1    47   10.2   21.3    8.75   1.2017     350     1    100.0   15 
31/12/24   0:45    4.7    4.8    4.5    77    1.0    0.0     NE   0.00   3.2    NE    4.7    4.5    4.5  1030.1   0.00    0.0    0.142   0.000   21.7    47    9.9   20.7    8.75   1.2035     350     1    100.0   15 
31/12/24   1:00    3.9    4.5    3.6    78    0.4    0.0     NE   0.00   1.6    NE    3.9    3.7    3.7  1030.2   0.00    0.0    0.150   0.000   21.4    48    9.9   20.4    8.86   1.2047     351     1    100.0   15 
31/12/24   1:15    3.4    3.6    3.3    79    0.1    0.0    SSE   0.00   1.6   ENE    3.4    3.2    3.2  1030.3   0.00    0.0    0.156   0.000   21.4    47    9.7   20.4    8.75   1.2048     350     1    100.0   15 
31/12/24   1:30    3.3    3.3    3.2    80    0.2    0.0    SSE   0.00   1.6   SSE    3.3    3.1    3.1  1030.3   0.00    0.0    0.157   0.000   21.7    47    9.9   20.8    8.75   1.2034     351     1    100.0   15 
31/12/24   1:45    3.3    3.3    3.2    79   -0.0    0.0    SSE   0.00   1.6   SSE    3.3    3.1    3.1  1030.3   0.00    0.0    0.157   0.000   22.0    47   10.2   21.2    8.75   1.2021     351     1    100.0   15 
31/12/24   2:00    3.5    3.7    3.3    79    0.2    0.0    SSE   0.00   1.6   SSE    3.5    3.3    3.3  1030.5   0.00    0.0    0.155   0.000   22.2    47   10.4   21.6    8.75   1.2012     351     1    100.0   15 
31/12/24   2:15    3.6    3.7    3.5    78    0.1    0.0    SSE   0.00   1.6   SSE    3.6    3.4    3.4  1030.4   0.00    0.0    0.153   0.000   22.4    46   10.2   21.7    8.60   1.2006     351     1    100.0   15 
31/12/24   2:30    3.4    3.5    3.3    78   -0.1    0.0    SSE   0.00   1.6   SSE    3.4    3.2    3.2  1030.4   0.00    0.0    0.156   0.000   22.5    46   10.3   21.9    8.60   1.2001     351     1    100.0   15 
31/12/24   2:45    3.2    3.3    3.2    79   -0.1    0.0    SSE   0.00   1.6   SSE    3.2    3.1    3.1  1030.5   0.00    0.0    0.157   0.000   22.6    46   10.3   22.0    8.60   1.1998     351     1    100.0   15 
31/12/24   3:00    3.1    3.2    3.0    80   -0.1    0.0    SSE   0.00   3.2   SSE    3.1    2.9    2.9  1030.4   0.00    0.0    0.159   0.000   22.6    46   10.4   22.1    8.60   1.1995     351     1    100.0   15 
31/12/24   3:15    3.0    3.1    2.9    80   -0.1    0.0    SSE   0.00   1.6   SSE    3.0    2.8    2.8  1030.4   0.00    0.0    0.160   0.000   22.7    46   10.5   22.2    8.59   1.1992     350     1    100.0   15 
31/12/24   3:30    2.8    2.9    2.8    81   -0.1    0.0    SSE   0.00   1.6   SSE    2.8    2.7    2.7  1030.3   0.00    0.0    0.161   0.000   22.7    46   10.5   22.2    8.59   1.1988     351     1    100.0   15 
