                 Temp.  Temp.  Temp.  Hum.   Punt   Vel.   Dir.   Rec.  Vel.  Dir.  Sens.   Índ.   Índ.                  Int. Graus D.Graus D.  Temp.  Hum. Rosada  In.Cal.  EMC     Dens.    Mostr   Tx   Recep.  Int.
  Data    Hora    Ext.   Màx.   Mín.  Ext. Rosada   Vent   Vent   Vent  Màx.  Màx.  Tèrm.  Calor   THW    Bar    Pluja   Pluja  Calor    Fred    Int.  Int.   Int.   Int.    Int.  Int.Aire    Vent   Vent   ISS   Arc.
-------------------------------------------------------------------------------------------------------------------------------------------------------------------------------------------------------------------------
15/12/24   0:15    5.7    5.8    5.6    85    3.3    0.0     NO   0.00   4.8    NO    5.7    5.6    5.6  1028.8   0.00    0.0    0.132   0.000   22.5    55   13.0   22.4   10.10   1.1952     349     1    100.0   15 
15/12/24   0:30    5.3    5.6    5.2    86    3.2    0.0    ONO   0.00   3.2   ONO    5.3    5.2    5.2  1028.8   0.00    0.0    0.135   0.000   22.2    55   12.7   21.9   10.11   1.1969     350     1    100.0   15 
15/12/24   0:45    4.8    5.2    4.4    86    2.7    0.0      S   0.00   1.6   NNO    4.8    4.7    4.7  1028.7   0.00    0.0    0.141   0.000   21.8    56   12.6   21.3   10.33   1.1984     350     1    100.0   15 
15/12/24   1:00    4.2    4.4    4.2    88    2.4    1.6    ENE   0.40   8.0     E    4.2    4.2    4.2  1028.7   0.00    0.0    0.147   0.000   21.7    56   12.6   21.2   10.33   1.1988     349     1    100.0   15 
15/12/24   1:15    4.4    4.5    4.3    88    2.6    1.6     NO   0.40   6.4    NO    4.4    4.4    4.4  1028.6   0.00    0.0    0.145   0.000   21.9    55   12.4   21.4   10.12   1.1981     350     1    100.0   15 
15/12/24   1:30    4.3    4.4    4.2    89    2.6    0.0     NO   0.00   4.8    NO    4.3    4.2    4.2  1028.6   0.00    0.0    0.146   0.000   22.1    55   12.6   21.8   10.11   1.1970     349     1    100.0   15 
15/12/24   1:45    4.1    4.2    3.8    89    2.4    0.0     NO   0.00   1.6    NO    4.1    4.0    4.0  1028.7   0.00    0.0    0.149   0.000   22.2    55   12.7   21.9   10.11   1.1965     351     1    100.0   15 
15/12/24   2:00    3.9    4.1    3.8    90    2.5    0.0     NO   0.00   3.2    NO    3.9    3.9    3.9  1028.7   0.00    0.0    0.150   0.000   22.4    55   12.9   22.2   10.10   1.1957     350     1    100.0   15 
15/12/24   2:15    4.2    4.3    4.1    90    2.7    0.0     NO   0.00   3.2    NO    4.2    4.1    4.1  1028.9   0.00    0.0    0.148   0.000   22.4    55   13.0   22.3   10.10   1.1957     351     1    100.0   15 
15/12/24   2:30    4.3    4.4    4.2    89    2.7    0.0     NO   0.00   4.8    NO    4.3    4.3    4.3  1029.0   0.00    0.0    0.146   0.000   22.6    55   13.1   22.4   10.10   1.1951     350     1    100.0   15 
15/12/24   2:45    4.1    4.3    4.0    89    2.5    0.0    ENE   0.00   4.8   ENE    4.1    4.1    4.1  1029.0   0.00    0.0    0.148   0.000   22.6    54   12.8   22.5    9.90   1.1952     350     1    100.0   15 
15/12/24   3:00    4.1    4.1    4.1    90    2.6    0.0    ENE   0.00   1.6   ENE    4.1    4.1    4.1  1028.9   0.00    0.0    0.148   0.000   22.6    54   12.8   22.5    9.90   1.1951     350     1    100.0   15 
15/12/24   3:15    4.1    4.1    4.0    90    2.6    0.0    ENE   0.00   3.2   ENE    4.1    4.0    4.0  1028.8   0.00    0.0    0.149   0.000   22.7    54   12.9   22.6    9.89   1.1947     349     1    100.0   15 
15/12/24   3:30    4.2    4.3    4.0    90    2.7    0.0     NO   0.00   4.8   ONO    4.2    4.1    4.1  1028.7   0.00    0.0    0.148   0.000   22.7    54   12.9   22.7    9.89   1.1943     351     1    100.0   15 
15/12/24   3:45    3.9    4.2    3.7    89    2.3    0.0     NO   0.00   1.6    NO    3.9    3.9    3.9  1028.8   0.00    0.0    0.150   0.000   22.7    54   12.9   22.7    9.89   1.1944     351     1    100.0   15 
15/12/24   4:00    3.4    3.7    3.3    91    2.1    1.6     NO   0.40   6.4    NO    3.4    3.4    3.4  1028.8   0.00    0.0    0.155   0.000   22.7    54   12.9   22.7    9.89   1.1944     350     1    100.0   15 
15/12/24   4:15    3.5    3.6    3.4    91    2.2    0.0     NO   0.00   3.2    NO    3.5    3.4    3.4  1028.6   0.00    0.0    0.155   0.000   22.7    54   12.9   22.7    9.89   1.1942     350     1    100.0   15 
15/12/24   4:30    3.4    3.5    3.3    91    2.1    0.0     NO   0.00   4.8     E    3.4    3.4    3.4  1028.6   0.00    0.0    0.155   0.000   22.7    54   12.9   22.7    9.89   1.1942     351     1    100.0   15 
15/12/24   4:45    3.2    3.3    2.9    91    1.8    1.6    ENE   0.40   8.0     E    3.2    3.1    3.1  1028.8   0.00    0.0    0.158   0.000   22.7    54   12.9   22.7    9.89   1.1944     350     1    100.0   15 
15/12/24   5:00    2.8    2.9    2.7    92    1.6    0.0    ENE   0.00   4.8   ENE    2.8    2.7    2.7  1028.8   0.00    0.0    0.162   0.000   22.7    54   12.9   22.7    9.89   1.1944     351     1    100.0   15 
15/12/24   5:15    3.2    3.7    2.9    93    2.2    1.6     NO   0.40   6.4     O    3.2    3.2    3.2  1028.7   0.00    0.0    0.157   0.000   22.7    54   12.9   22.6    9.89   1.1945     351     1    100.0   15 
15/12/24   5:30    3.9    4.1    3.7    91    2.6    1.6     NO   0.40   9.7   ONO    3.9    3.9    3.9  1029.2   0.00    0.0    0.150   0.000   22.7    54   12.9   22.6    9.89   1.1952     351     1    100.0   15 
15/12/24   5:45    3.8    3.9    3.7    91    2.5    1.6     NO   0.40   3.2   ENE    3.8    3.8    3.8  1029.0   0.00    0.0    0.151   0.000   22.7    54   12.9   22.6    9.89   1.1949     349     1    100.0   15 
15/12/24   6:00    3.8    3.9    3.5    91    2.4    1.6      E   0.40  12.9   ENE    3.8    3.7    3.7  1029.4   0.00    0.0    0.152   0.000   22.6    54   12.8   22.5    9.90   1.1957     350     1    100.0   15 
15/12/24   6:15    3.3    3.5    3.2    91    1.9    0.0     SO   0.00   6.4   ENE    3.3    3.2    3.2  1029.6   0.00    0.0    0.157   0.000   22.6    54   12.8   22.5    9.90   1.1959     351     1    100.0   15 
15/12/24   6:30    3.2    3.2    3.2    91    1.8    0.0      E   0.00   8.0     E    3.2    3.1    3.1  1029.7   0.00    0.0    0.158   0.000   22.6    54   12.8   22.5    9.90   1.1961     351     1    100.0   15 
15/12/24   6:45    3.1    3.2    3.0    92    1.9    1.6    ENE   0.40   8.0   ENE    3.1    3.1    3.1  1030.0   0.00    0.0    0.159   0.000   22.6    54   12.8   22.4    9.90   1.1967     351     1    100.0   15 
15/12/24   7:00    3.3    3.4    3.1    92    2.2    0.0    ENE   0.00   4.8    NE    3.3    3.3    3.3  1030.1   0.00    0.0    0.156   0.000   22.6    54   12.8   22.4    9.90   1.1968     350     1    100.0   15 
15/12/24   7:15    3.5    3.6    3.3    91    2.2    1.6    ENE   0.40   8.0     E    3.5    3.4    3.4  1030.5   0.00    0.0    0.155   0.000   22.5    54   12.7   22.3    9.90   1.1975     351     1    100.0   15 
15/12/24   7:30    3.3    3.4    3.1    91    1.9    1.6    ENE   0.40  11.3   ENE    3.3    3.2    3.2  1030.5   0.00    0.0    0.157   0.000   22.5    54   12.7   22.3    9.90   1.1976     351     1    100.0   15 
15/12/24   7:45    3.2    3.5    3.1    92    2.0    1.6      E   0.40  11.3   ENE    3.2    3.2    3.2  1030.7   0.00    0.0    0.157   0.000   22.6    53   12.5   22.3    9.75   1.1979     351     1    100.0   15 
15/12/24   8:00    3.7    3.9    3.5    92    2.5    1.6    ENE   0.40  12.9     E    3.7    3.6    3.6  1031.0   0.00    0.0    0.153   0.000   22.9    52   12.5   22.7    9.59   1.1968     349     1    100.0   15 
15/12/24   8:15    4.2    4.3    3.9    91    2.8    1.6      E   0.40   8.0     E    4.2    4.1    4.1  1031.0   0.00    0.0    0.148   0.000   23.2    52   12.8   23.2    9.57   1.1951     351     1    100.0   15 
15/12/24   8:30    4.4    4.7    4.3    90    2.9    1.6     NO   0.40   4.8    NO    4.4    4.4    4.4  1031.4   0.00    0.0    0.145   0.000   23.2    52   12.8   23.2    9.57   1.1956     351     1    100.0   15 
15/12/24   8:45    5.1    5.4    4.7    88    3.3    1.6      E   0.40   8.0     E    5.1    5.1    5.1  1031.7   0.00    0.0    0.138   0.000   23.2    52   12.8   23.1    9.58   1.1962     351     1    100.0   15 
15/12/24   9:00    5.6    5.7    5.4    87    3.6    3.2    ENE   0.80  11.3     E    5.6    5.5    5.5  1031.8   0.00    0.0    0.133   0.000   23.1    52   12.7   23.0    9.58   1.1966     351     1    100.0   15 
15/12/24   9:15    5.8    6.2    5.7    86    3.7    1.6    ENE   0.40   9.7     E    5.8    5.8    5.8  1032.0   0.00    0.0    0.130   0.000   23.1    52   12.7   22.9    9.58   1.1972     351     1    100.0   15 
15/12/24   9:30    6.4    6.6    6.2    84    3.9    1.6    ENE   0.40   8.0     E    6.4    6.3    6.3  1032.3   0.00    0.0    0.124   0.000   23.0    52   12.6   22.9    9.58   1.1978     351     1    100.0   15 
15/12/24   9:45    6.4    6.6    6.3    83    3.7    1.6     NO   0.40   6.4    NO    6.4    6.3    6.3  1032.5   0.00    0.0    0.124   0.000   22.9    52   12.6   22.8    9.58   1.1983     351     1    100.0   15 
15/12/24  10:00    6.6    6.9    6.3    82    3.8    1.6    ENE   0.40   6.4   ENE    6.6    6.5    6.5  1032.6   0.00    0.0    0.122   0.000   22.9    53   12.9   22.9    9.72   1.1981     351     1    100.0   15 
15/12/24  10:15    7.2    7.6    6.9    81    4.1    0.0     NO   0.00   8.0     E    7.2    7.1    7.1  1032.6   0.00    0.0    0.116   0.000   22.9    53   12.8   22.8    9.72   1.1984     351     1    100.0   15 
15/12/24  10:30    8.1    8.4    7.6    78    4.4    0.0      E   0.00   4.8   ENE    8.1    7.9    7.9  1032.8   0.00    0.0    0.107   0.000   22.8    53   12.7   22.7    9.73   1.1989     351     1    100.0   15 
15/12/24  10:45    8.7    8.9    8.4    75    4.5    0.0    ONO   0.00   4.8    NO    8.7    8.6    8.6  1032.9   0.00    0.0    0.100   0.000   22.7    53   12.6   22.6    9.73   1.1995     351     1    100.0   15 
15/12/24  11:00    8.6    8.8    8.4    77    4.8    1.6     NO   0.40   6.4    NO    8.6    8.4    8.4  1032.9   0.00    0.0    0.102   0.000   22.7    53   12.6   22.6    9.73   1.1996     351     1    100.0   15 
15/12/24  11:15    8.5    8.5    8.4    76    4.5    1.6     NO   0.40   6.4    NO    8.5    8.3    8.3  1033.0   0.00    0.0    0.102   0.000   22.7    53   12.6   22.5    9.74   1.1999     350     1    100.0   15 
15/12/24  11:30    8.7    9.2    8.4    76    4.7    1.6     NO   0.40   3.2    NO    8.7    8.6    8.6  1032.9   0.00    0.0    0.100   0.000   22.6    53   12.5   22.4    9.74   1.2002     351     1    100.0   15 
15/12/24  11:45    9.4    9.6    9.2    73    4.8    1.6     NO   0.40   6.4    NO    9.4    9.3    9.3  1032.8   0.00    0.0    0.093   0.000   22.6    52   12.3   22.4    9.60   1.2003     350     1    100.0   15 
15/12/24  12:00    9.9   10.1    9.6    71    4.9    1.6     NO   0.40   4.8    NO    9.9    9.7    9.7  1032.7   0.00    0.0    0.088   0.000   22.6    52   12.3   22.4    9.60   1.2002     351     1    100.0   15 
15/12/24  12:15    9.9   10.1    9.8    72    5.1    1.6     NO   0.40   8.0    NO    9.9    9.8    9.8  1032.5   0.00    0.0    0.087   0.000   22.6    52   12.2   22.3    9.60   1.2003     351     1    100.0   15 
15/12/24  12:30   10.4   10.9   10.1    70    5.2    0.0      E   0.00   4.8    NO   10.4   10.2   10.2  1032.5   0.00    0.0    0.082   0.000   22.5    52   12.2   22.2    9.60   1.2006     351     1    100.0   15 
15/12/24  12:45   11.2   11.5   10.9    68    5.5    0.0     NO   0.00   3.2    NO   11.2   10.8   10.8  1032.3   0.00    0.0    0.074   0.000   22.5    52   12.2   22.2    9.60   1.2004     350     1    100.0   15 
15/12/24  13:00   11.6   11.7   11.5    68    5.9    1.6      E   0.40   8.0     E   11.6   11.2   11.2  1032.1   0.00    0.0    0.070   0.000   22.5    52   12.2   22.2    9.60   1.2001     351     1    100.0   15 
15/12/24  13:15   11.6   11.7   11.4    69    6.1    1.6      E   0.40   9.7     E   11.6   11.2   11.2  1032.3   0.00    0.0    0.071   0.000   22.4    50   11.5   21.9    9.25   1.2015     352     1    100.0   15 
15/12/24  13:30   11.7   11.7   11.6    68    6.0    1.6      E   0.40   8.0     E   11.7   11.2   11.2  1032.2   0.00    0.0    0.069   0.000   22.3    51   11.7   21.9    9.41   1.2014     350     1    100.0   15 
15/12/24  13:45   11.5   11.6   11.4    68    5.8    1.6      E   0.40   9.7     E   11.5   11.1   11.1  1032.1   0.00    0.0    0.071   0.000   22.3    52   11.9   21.9    9.61   1.2012     351     1    100.0   15 
15/12/24  14:00   11.3   11.4   11.2    69    5.8    1.6    ENE   0.40   9.7     E   11.3   10.9   10.9  1032.2   0.00    0.0    0.073   0.000   22.2    53   12.2   21.8    9.77   1.2013     351     1    100.0   15 
15/12/24  14:15   10.8   11.2   10.7    71    5.8    1.6    ENE   0.40   9.7     E   10.8   10.6   10.6  1032.1   0.00    0.0    0.078   0.000   22.2    53   12.2   21.8    9.77   1.2012     351     1    100.0   15 
15/12/24  14:30   11.1   11.1   10.9    70    5.8    1.6      E   0.40   4.8     E   11.1   10.7   10.7  1032.3   0.00    0.0    0.076   0.000   22.2    53   12.1   21.8    9.77   1.2017     349     1    100.0   15 
15/12/24  14:45   10.8   11.0   10.6    70    5.6    1.6      E   0.40   8.0     E   10.8   10.6   10.6  1032.4   0.00    0.0    0.078   0.000   22.1    54   12.3   21.7    9.92   1.2021     351     1    100.0   15 
15/12/24  15:00   10.5   10.6   10.3    71    5.5    0.0      E   0.00   4.8   ENE   10.5   10.3   10.3  1032.4   0.00    0.0    0.082   0.000   22.1    53   12.1   21.7    9.78   1.2021     351     1    100.0   15 
15/12/24  15:15   10.1   10.3    9.9    73    5.5    1.6      E   0.40   6.4   ENE   10.1    9.9    9.9  1032.6   0.00    0.0    0.086   0.000   22.4    53   12.3   22.1    9.76   1.2009     351     1    100.0   15 
15/12/24  15:30    9.7    9.9    9.5    75    5.5    1.6      E   0.40   8.0     E    9.7    9.6    9.6  1032.6   0.00    0.0    0.090   0.000   22.7    52   12.4   22.6    9.59   1.1995     352     1    100.0   15 
15/12/24  15:45    9.3    9.5    9.1    75    5.1    0.0    ENE   0.00   8.0     E    9.3    9.2    9.2  1032.8   0.00    0.0    0.094   0.000   22.9    52   12.6   22.8    9.58   1.1986     351     1    100.0   15 
15/12/24  16:00    8.9    9.1    8.8    78    5.3    0.0    ENE   0.00   3.2   ENE    8.9    8.8    8.8  1033.0   0.00    0.0    0.098   0.000   23.1    52   12.7   23.0    9.58   1.1980     350     1    100.0   15 
15/12/24  16:15    8.8    8.8    8.7    78    5.2    0.0    NNO   0.00   3.2   NNO    8.8    8.7    8.7  1033.2   0.00    0.0    0.100   0.000   23.2    52   12.8   23.1    9.58   1.1980     350     1    100.0   15 
15/12/24  16:30    8.6    8.7    8.4    79    5.1    1.6     NO   0.40   3.2    NO    8.6    8.4    8.4  1033.4   0.00    0.0    0.102   0.000   23.2    51   12.5   23.1    9.37   1.1982     349     1    100.0   15 
15/12/24  16:45    8.4    8.4    8.3    79    5.0    0.0     NO   0.00   3.2    NO    8.4    8.3    8.3  1033.4   0.00    0.0    0.104   0.000   23.3    51   12.6   23.2    9.37   1.1980     351     1    100.0   15 
15/12/24  17:00    8.4    8.5    8.4    79    5.0    0.0     NO   0.00   3.2    NO    8.4    8.3    8.3  1033.6   0.00    0.0    0.103   0.000   23.3    51   12.6   23.2    9.37   1.1980     351     1    100.0   15 
15/12/24  17:15    8.3    8.5    8.2    80    5.1    0.0    ---   0.00   0.0   ---    8.3    8.2    8.2  1033.9   0.00    0.0    0.104   0.000   23.4    51   12.7   23.3    9.37   1.1980     351     1    100.0   15 
15/12/24  17:30    7.8    8.2    7.4    81    4.8    0.0     NO   0.00   1.6    NO    7.8    7.7    7.7  1034.1   0.00    0.0    0.109   0.000   23.4    51   12.7   23.4    9.37   1.1980     350     1    100.0   15 
15/12/24  17:45    7.2    7.4    7.1    84    4.7    0.0     NO   0.00   1.6    NO    7.2    7.2    7.2  1034.1   0.00    0.0    0.116   0.000   23.5    51   12.8   23.4    9.36   1.1977     351     1    100.0   15 
15/12/24  18:00    7.1    7.1    6.9    84    4.5    0.0    ---   0.00   0.0   ---    7.1    7.0    7.0  1034.5   0.00    0.0    0.117   0.000   23.6    50   12.5   23.5    9.25   1.1982     350     1    100.0   15 
15/12/24  18:15    7.1    7.2    6.9    84    4.5    0.0    ---   0.00   0.0   ---    7.1    7.0    7.0  1034.6   0.00    0.0    0.117   0.000   23.7    51   13.0   23.8    9.36   1.1971     351     1    100.0   15 
15/12/24  18:30    6.9    6.9    6.7    84    4.4    0.0     NO   0.00   1.6    NO    6.9    6.8    6.8  1034.7   0.00    0.0    0.119   0.000   23.9    50   12.8   23.9    9.25   1.1968     351     1    100.0   15 
15/12/24  18:45    6.6    6.7    6.5    86    4.4    0.0     NO   0.00   1.6    NO    6.6    6.5    6.5  1035.0   0.00    0.0    0.123   0.000   24.0    51   13.2   24.1    9.35   1.1962     350     1    100.0   15 
15/12/24  19:00    6.7    6.8    6.5    86    4.5    3.2     NO   0.80   6.4    NO    6.7    6.7    6.7  1035.1   0.00    0.0    0.121   0.000   24.1    50   13.0   24.2    9.24   1.1961     350     1    100.0   15 
15/12/24  19:15    6.5    6.7    6.3    86    4.3    3.2     NO   0.80   6.4    NO    6.5    6.4    6.4  1035.3   0.00    0.0    0.123   0.000   24.2    50   13.1   24.2    9.24   1.1961     350     1    100.0   15 
15/12/24  19:30    6.2    6.3    6.2    87    4.2    1.6     NO   0.40   4.8    NO    6.2    6.2    6.2  1035.4   0.00    0.0    0.126   0.000   24.2    50   13.1   24.2    9.24   1.1959     351     1    100.0   15 
15/12/24  19:45    6.1    6.2    5.9    86    3.9    0.0     NO   0.00   4.8    NO    6.1    6.1    6.1  1035.5   0.00    0.0    0.127   0.000   24.2    50   13.1   24.2    9.24   1.1960     351     1    100.0   15 
15/12/24  20:00    6.1    6.2    5.9    87    4.1    1.6     NO   0.40   3.2    NO    6.1    6.0    6.0  1035.5   0.00    0.0    0.128   0.000   24.3    50   13.2   24.3    9.23   1.1955     352     1    100.0   15 
15/12/24  20:15    6.1    6.2    5.9    87    4.1    0.0     NO   0.00   3.2    NO    6.1    6.0    6.0  1035.8   0.00    0.0    0.128   0.000   24.4    51   13.6   24.4    9.35   1.1952     350     1    100.0   15 
15/12/24  20:30    5.7    5.9    5.5    87    3.7    0.0     NO   0.00   3.2    NO    5.7    5.6    5.6  1036.2   0.00    0.0    0.132   0.000   24.4    50   13.3   24.4    9.23   1.1958     349     1    100.0   15 
15/12/24  20:45    5.4    5.5    5.2    88    3.6    0.0     SE   0.00   1.6    NO    5.4    5.3    5.3  1036.4   0.00    0.0    0.135   0.000   24.4    50   13.3   24.4    9.23   1.1959     351     1    100.0   15 
15/12/24  21:00    5.2    5.2    5.1    89    3.5    0.0     NO   0.00   3.2    SO    5.2    5.1    5.1  1036.4   0.00    0.0    0.137   0.000   24.3    51   13.5   24.4    9.35   1.1962     352     1    100.0   15 
15/12/24  21:15    5.0    5.2    4.8    90    3.5    0.0     NO   0.00   1.6    NO    5.0    4.9    4.9  1036.6   0.00    0.0    0.139   0.000   24.1    52   13.6   24.2    9.54   1.1972     351     1    100.0   15 
15/12/24  21:30    4.8    4.8    4.7    90    3.3    0.0     NO   0.00   3.2    NO    4.8    4.7    4.7  1036.8   0.00    0.0    0.141   0.000   24.0    52   13.5   24.1    9.55   1.1980     350     1    100.0   15 
15/12/24  21:45    4.8    4.8    4.7    91    3.4    0.0     NO   0.00   3.2    NO    4.8    4.7    4.7  1036.8   0.00    0.0    0.141   0.000   23.9    52   13.5   24.1    9.55   1.1983     350     1    100.0   15 
15/12/24  22:00    4.9    5.1    4.8    91    3.6    0.0     NO   0.00   1.6    NO    4.9    4.9    4.9  1037.0   0.00    0.0    0.139   0.000   23.8    53   13.7   24.0    9.65   1.1987     350     1    100.0   15 
15/12/24  22:15    4.9    5.0    4.7    91    3.5    0.0     NO   0.00   1.6    NO    4.9    4.8    4.8  1037.1   0.00    0.0    0.140   0.000   23.8    53   13.6   23.9    9.66   1.1991     350     1    100.0   15 
15/12/24  22:30    4.6    4.7    4.5    91    3.3    0.0     NO   0.00   1.6    NO    4.6    4.6    4.6  1037.2   0.00    0.0    0.143   0.000   23.8    53   13.6   23.9    9.66   1.1992     350     1    100.0   15 
15/12/24  22:45    4.4    4.5    4.3    91    3.0    0.0     NO   0.00   1.6    NO    4.4    4.3    4.3  1037.3   0.00    0.0    0.145   0.000   23.7    54   13.9   23.9    9.86   1.1992     351     1    100.0   15 
15/12/24  23:00    4.2    4.3    4.0    92    3.0    0.0     NO   0.00   3.2    NO    4.2    4.2    4.2  1037.3   0.00    0.0    0.148   0.000   23.7    54   13.8   23.8    9.86   1.1995     351     1    100.0   15 
15/12/24  23:15    3.9    4.0    3.8    92    2.7    0.0     NO   0.00   3.2    NO    3.9    3.8    3.8  1037.3   0.00    0.0    0.150   0.000   23.7    54   13.8   23.8    9.86   1.1996     351     1    100.0   15 
15/12/24  23:30    3.8    3.8    3.8    93    2.8    0.0    OSO   0.00   3.2    NO    3.8    3.8    3.8  1037.2   0.00    0.0    0.151   0.000   23.3    55   13.8   23.4   10.07   1.2008     350     1    100.0   15 
15/12/24  23:45    3.8    3.8    3.8    93    2.7    0.0    OSO   0.00   3.2   OSO    3.8    3.8    3.8  1037.3   0.00    0.0    0.152   0.000   22.9    55   13.4   23.0   10.08   1.2030     350     1    100.0   15 
16/12/24  00:00    3.8    3.8    3.7    93    2.7    0.0     NO   0.00   4.8    NO    3.8    3.8    3.8  1037.3   0.00    0.0    0.152   0.000   22.5    56   13.3   22.4   10.30   1.2049     352     1    100.0   15 
16/12/24   0:15    3.9    3.9    3.7    93    2.9    0.0     NO   0.00   3.2    NO    3.9    3.9    3.9  1037.5   0.00    0.0    0.150   0.000   22.1    56   12.9   21.8   10.31   1.2072     349     1    100.0   15 
16/12/24   0:30    3.7    3.9    3.4    93    2.6    0.0     NO   0.00   1.6    NO    3.7    3.7    3.7  1037.8   0.00    0.0    0.153   0.000   21.7    57   12.8   21.3   10.51   1.2092     350     1    100.0   15 
16/12/24   0:45    3.4    3.6    3.3    93    2.4    0.0    NNO   0.00   6.4    NO    3.4    3.4    3.4  1037.8   0.00    0.0    0.155   0.000   21.6    57   12.7   21.2   10.51   1.2098     352     1    100.0   15 
16/12/24   1:00    3.3    3.6    3.1    93    2.3    1.6     NO   0.40   6.4   NNO    3.3    3.3    3.3  1037.6   0.00    0.0    0.157   0.000   21.7    57   12.8   21.3   10.51   1.2090     351     1    100.0   15 
16/12/24   1:15    3.1    3.3    2.9    94    2.2    0.0     NO   0.00   3.2    NO    3.1    3.1    3.1  1037.8   0.00    0.0    0.159   0.000   21.9    57   13.0   21.6   10.49   1.2080     350     1    100.0   15 
16/12/24   1:30    3.6    3.6    3.3    93    2.5    0.0     NO   0.00   1.6    NO    3.6    3.6    3.6  1038.0   0.00    0.0    0.154   0.000   22.1    57   13.2   21.9   10.48   1.2074     351     1    100.0   15 
16/12/24   1:45    3.5    3.6    3.4    93    2.5    0.0     NO   0.00   1.6    NO    3.5    3.5    3.5  1038.0   0.00    0.0    0.155   0.000   22.2    56   13.0   22.0   10.31   1.2072     351     1    100.0   15 
16/12/24   2:00    3.5    3.6    3.4    93    2.5    0.0     NO   0.00   1.6    NO    3.5    3.5    3.5  1037.9   0.00    0.0    0.155   0.000   22.3    56   13.1   22.1   10.31   1.2068     348     1    100.0   15 
16/12/24   2:15    3.5    3.6    3.4    93    2.5    0.0     NO   0.00   1.6    NO    3.5    3.5    3.5  1038.2   0.00    0.0    0.155   0.000   22.4    56   13.2   22.2   10.30   1.2065     351     1    100.0   15 
16/12/24   2:30    3.6    3.8    3.4    93    2.5    0.0     NO   0.00   1.6    NO    3.6    3.6    3.6  1038.2   0.00    0.0    0.154   0.000   22.4    56   13.2   22.2   10.30   1.2065     350     1    100.0   15 
16/12/24   2:45    3.8    3.8    3.7    93    2.7    0.0    ONO   0.00   1.6    NO    3.8    3.8    3.8  1038.2   0.00    0.0    0.152   0.000   22.4    56   13.2   22.3   10.30   1.2063     350     1    100.0   15 
16/12/24   3:00    3.8    3.8    3.7    93    2.7    0.0    ONO   0.00   1.6   ONO    3.8    3.8    3.8  1038.3   0.00    0.0    0.152   0.000   22.4    56   13.2   22.3   10.30   1.2064     352     1    100.0   15 
16/12/24   3:15    3.6    3.7    3.4    92    2.4    0.0    ---   0.00   0.0   ---    3.6    3.5    3.5  1038.2   0.00    0.0    0.154   0.000   22.5    56   13.3   22.4   10.30   1.2060     351     1    100.0   15 
16/12/24   3:30    3.4    3.5    3.3    93    2.4    0.0     NO   0.00   4.8   NNO    3.4    3.4    3.4  1038.0   0.00    0.0    0.156   0.000   22.5    56   13.3   22.4   10.30   1.2057     350     1    100.0   15 
16/12/24   3:45    3.1    3.5    2.8    92    1.9    0.0    NNO   0.00   4.8   NNO    3.1    3.0    3.0  1037.9   0.00    0.0    0.159   0.000   22.5    56   13.3   22.4   10.30   1.2056     351     1    100.0   15 
