                 Temp.  Temp.  Temp.  Hum.   Punt   Vel.   Dir.   Rec.  Vel.  Dir.  Sens.   ═nd.   ═nd.                  Int. Graus D.Graus D.  Temp.  Hum. Rosada  In.Cal.  EMC     Dens.    Mostr   Tx   Recep.  Int.
  Data    Hora    Ext.   MÓx.   Mÿn.  Ext. Rosada   Vent   Vent   Vent  MÓx.  MÓx.  T×rm.  Calor   THW    Bar    Pluja   Pluja  Calor    Fred    Int.  Int.   Int.   Int.    Int.  Int.Aire    Vent   Vent   ISS   Arc.
-------------------------------------------------------------------------------------------------------------------------------------------------------------------------------------------------------------------------
10/07/26   0:15   25.5   25.7   25.4    49   14.0    0.0    OSO   0.00   3.2   OSO   25.5   25.4   25.4  1008.9   0.00    0.0    0.000   0.075   29.3    40   14.3   29.4    7.55   1.1440     350     1    100.0   15 
10/07/26   0:30   25.1   25.6   24.8    50   14.0    0.0    ---   0.00   0.0   ---   25.1   25.0   25.0  1008.7   0.00    0.0    0.000   0.071   29.3    40   14.3   29.4    7.55   1.1435     351     1    100.0   15 
10/07/26   0:45   24.8   24.9   24.7    51   14.0    0.0    ---   0.00   0.0   ---   24.8   24.8   24.8  1008.5   0.00    0.0    0.000   0.067   29.3    40   14.3   29.4    7.55   1.1433     351     1    100.0   15 
10/07/26   1:00   24.6   24.7   24.6    51   13.8    0.0    ---   0.00   0.0   ---   24.6   24.6   24.6  1008.2   0.00    0.0    0.000   0.065   29.3    40   14.3   29.4    7.55   1.1429     351     1    100.0   15 
10/07/26   1:15   24.8   24.9   24.6    50   13.6    0.0    ---   0.00   0.0   ---   24.8   24.7   24.7  1008.0   0.00    0.0    0.000   0.067   29.3    40   14.3   29.4    7.55   1.1428     350     1    100.0   15 
10/07/26   1:30   24.7   24.8   24.6    51   13.9    0.0    ---   0.00   0.0   ---   24.7   24.7   24.7  1008.0   0.00    0.0    0.000   0.067   29.3    40   14.3   29.4    7.55   1.1430     351     1    100.0   15 
10/07/26   1:45   24.3   24.6   24.2    51   13.5    0.0    ---   0.00   0.0   ---   24.3   24.4   24.4  1007.9   0.00    0.0    0.000   0.063   29.3    40   14.3   29.4    7.55   1.1429     351     1    100.0   15 
10/07/26   2:00   24.1   24.2   23.9    49   12.7    0.0    ---   0.00   0.0   ---   24.1   24.1   24.1  1007.9   0.00    0.0    0.000   0.060   29.2    40   14.2   29.3    7.55   1.1431     350     1    100.0   15 
10/07/26   2:15   23.9   24.0   23.8    50   12.9    0.0    ---   0.00   0.0   ---   23.9   24.0   24.0  1008.0   0.00    0.0    0.000   0.058   29.2    39   13.8   29.2    7.36   1.1437     351     1    100.0   15 
10/07/26   2:30   23.3   23.8   22.8    50   12.3    0.0    ---   0.00   0.0   ---   23.3   23.1   23.1  1008.0   0.00    0.0    0.000   0.052   29.2    38   13.4   29.1    7.25   1.1445     351     1    100.0   15 
10/07/26   2:45   22.7   22.8   22.6    49   11.4    0.0    ---   0.00   0.0   ---   22.7   22.3   22.3  1007.9   0.00    0.0    0.000   0.045   29.1    38   13.3   29.0    7.25   1.1449     351     1    100.0   15 
10/07/26   3:00   22.9   23.2   22.6    50   12.0    0.0    ---   0.00   0.0   ---   22.9   22.7   22.7  1007.9   0.00    0.0    0.000   0.048   29.0    38   13.2   28.9    7.25   1.1451     351     1    100.0   15 
10/07/26   3:15   23.3   23.3   23.2    49   12.0    0.0    SSE   0.00   1.6   SSE   23.3   23.1   23.1  1008.0   0.00    0.0    0.000   0.052   28.9    38   13.2   28.9    7.25   1.1455     351     1    100.0   15 
10/07/26   3:30   23.4   23.4   23.3    49   12.1    0.0      S   0.00   3.2     S   23.4   23.2   23.2  1007.9   0.00    0.0    0.000   0.053   28.9    38   13.1   28.8    7.25   1.1456     352     1    100.0   15 
10/07/26   3:45   23.4   23.4   23.4    49   12.1    0.0    OSO   0.00   3.2   OSO   23.4   23.3   23.3  1007.9   0.00    0.0    0.000   0.053   28.8    38   13.1   28.7    7.25   1.1459     351     1    100.0   15 
10/07/26   4:00   23.5   23.6   23.4    49   12.2    0.0    OSO   0.00   1.6   OSO   23.5   23.4   23.4  1007.9   0.00    0.0    0.000   0.054   28.8    38   13.0   28.7    7.25   1.1462     351     1    100.0   15 
10/07/26   4:15   23.4   23.5   23.4    49   12.1    0.0    OSO   0.00   3.2   OSO   23.4   23.3   23.3  1008.0   0.00    0.0    0.000   0.053   28.7    38   13.0   28.6    7.25   1.1466     351     1    100.0   15 
10/07/26   4:30   23.4   23.4   23.3    49   12.1    0.0     NE   0.00   6.4    NE   23.4   23.2   23.2  1007.9   0.00    0.0    0.000   0.053   28.7    38   12.9   28.5    7.25   1.1468     352     1    100.0   15 
10/07/26   4:45   23.4   23.6   23.1    49   12.1    0.0     NE   0.00   3.2    NE   23.4   23.2   23.2  1008.1   0.00    0.0    0.000   0.053   28.6    38   12.9   28.4    7.25   1.1473     350     1    100.0   15 
10/07/26   5:00   22.9   23.1   22.7    49   11.6    0.0     NO   0.00   3.2    NO   22.9   22.6   22.6  1008.2   0.00    0.0    0.000   0.047   28.6    38   12.8   28.3    7.25   1.1477     351     1    100.0   15 
10/07/26   5:15   22.8   23.0   22.8    48   11.2    0.0    ---   0.00   0.0   ---   22.8   22.5   22.5  1008.3   0.00    0.0    0.000   0.047   28.5    37   12.4   28.1    7.08   1.1485     351     1    100.0   15 
10/07/26   5:30   23.3   23.7   23.0    48   11.7    0.0    ---   0.00   0.0   ---   23.3   23.1   23.1  1008.6   0.00    0.0    0.000   0.052   28.6    38   12.8   28.3    7.25   1.1481     350     1    100.0   15 
10/07/26   5:45   24.1   24.4   23.7    46   11.7    0.0    ---   0.00   0.0   ---   24.1   23.9   23.9  1008.6   0.00    0.0    0.000   0.060   28.7    38   13.0   28.6    7.25   1.1473     352     1    100.0   15 
10/07/26   6:00   24.5   24.6   24.4    47   12.4    0.0    ---   0.00   0.0   ---   24.5   24.3   24.3  1008.8   0.00    0.0    0.000   0.064   28.9    38   13.2   28.9    7.25   1.1464     351     1    100.0   15 
10/07/26   6:15   24.4   24.5   24.4    47   12.3    0.0    ---   0.00   0.0   ---   24.4   24.3   24.3  1009.0   0.00    0.0    0.000   0.063   29.1    38   13.3   29.0    7.25   1.1459     351     1    100.0   15 
10/07/26   6:30   24.8   25.2   24.5    45   12.1    0.0    ---   0.00   0.0   ---   24.8   24.6   24.6  1009.1   0.00    0.0    0.000   0.068   29.3    37   13.1   29.1    7.06   1.1457     350     1    100.0   15 
10/07/26   6:45   25.8   26.6   25.2    44   12.6    0.0    ---   0.00   0.0   ---   25.8   25.5   25.5  1009.2   0.00    0.0    0.000   0.078   29.6    37   13.4   29.4    7.04   1.1442     352     1    100.0   15 
10/07/26   7:00   26.9   27.3   26.6    42   12.9    0.0    ---   0.00   0.0   ---   26.9   26.4   26.4  1009.3   0.00    0.0    0.000   0.089   29.8    38   14.0   29.7    7.24   1.1428     351     1    100.0   15 
10/07/26   7:15   27.7   27.9   27.3    41   13.2    0.0    ENE   0.00   8.0   ENE   27.7   27.3   27.3  1009.3   0.00    0.0    0.000   0.097   30.1    37   13.8   29.9    7.03   1.1422     350     1    100.0   15 
10/07/26   7:30   27.9   28.0   27.8    41   13.4    3.2      E   0.80   8.0     E   27.9   27.6   27.6  1009.4   0.00    0.0    0.000   0.100   30.2    37   13.9   30.0    7.02   1.1418     351     1    100.0   15 
10/07/26   7:45   28.3   28.7   28.0    36   11.8    1.6      E   0.40   9.7     E   28.3   27.8   27.8  1009.4   0.00    0.0    0.000   0.104   30.3    35   13.2   29.9    6.68   1.1420     351     1    100.0   15 
10/07/26   8:00   28.5   28.7   28.3    38   12.8    4.8    ENE   1.21  12.9     E   28.5   28.2   28.2  1009.4   0.00    0.0    0.000   0.106   30.4    35   13.3   30.0    6.69   1.1414     352     1    100.0   15 
10/07/26   8:15   28.3   28.6   28.1    38   12.6    8.0    ENE   2.01  16.1   ENE   28.3   27.9   27.9  1009.5   0.00    0.0    0.000   0.104   30.6    35   13.4   30.2    6.69   1.1407     351     1    100.0   15 
10/07/26   8:30   28.8   29.2   28.4    38   13.0    6.4    ENE   1.61  14.5   ENE   28.8   28.7   28.7  1009.5   0.00    0.0    0.000   0.109   30.7    35   13.5   30.2    6.70   1.1402     351     1    100.0   15 
10/07/26   8:45   29.4   29.7   29.2    37   13.2    6.4      E   1.61  12.9   ESE   29.4   29.2   29.2  1009.5   0.00    0.0    0.000   0.115   30.8    35   13.6   30.3    6.70   1.1396     350     1    100.0   15 
10/07/26   9:00   29.8   29.9   29.7    37   13.6    6.4    ENE   1.61  17.7     E   29.8   29.6   29.6  1009.5   0.00    0.0    0.000   0.120   31.0    35   13.7   30.4    6.71   1.1389     352     1    100.0   15 
10/07/26   9:15   30.2   30.8   29.7    36   13.4    4.8    ENE   1.21  14.5   ESE   30.2   29.9   29.9  1009.5   0.00    0.0    0.000   0.123   31.1    35   13.8   30.4    6.71   1.1386     351     1    100.0   15 
10/07/26   9:30   31.1   31.4   30.8    33   12.9    6.4      E   1.61  16.1     E   31.1   30.2   30.2  1009.6   0.00    0.0    0.000   0.133   30.4    36   13.6   30.1    6.78   1.1414     350     1    100.0   15 
10/07/26   9:45   31.9   32.1   31.5    34   14.1    6.4      E   1.61  16.1    NE   31.9   31.5   31.5  1009.6   0.00    0.0    0.000   0.141   29.8    36   13.2   29.6    6.76   1.1440     351     1    100.0   15 
10/07/26  10:00   31.9   32.2   31.9    31   12.7    6.4      E   1.61  20.9     E   31.9   31.2   31.2  1009.6   0.00    0.0    0.000   0.142   29.5    36   12.9   29.2    6.75   1.1456     352     1    100.0   15 
10/07/26  10:15   32.6   32.9   32.2    33   14.2    6.4    ENE   1.61  17.7     E   32.6   32.4   32.4  1009.5   0.00    0.0    0.000   0.149   29.3    36   12.7   28.9    6.76   1.1466     350     1    100.0   15 
10/07/26  10:30   32.8   33.0   32.6    37   16.2    6.4    ENE   1.61  20.9     E   32.8   33.3   33.3  1009.4   0.00    0.0    0.000   0.150   29.2    37   13.0   28.9    7.06   1.1465     350     1    100.0   15 
10/07/26  10:45   32.9   33.4   32.6    32   14.0    4.8    ENE   1.21  17.7     E   32.9   32.7   32.7  1009.4   0.00    0.0    0.000   0.152   29.3    37   13.1   29.1    7.06   1.1460     351     1    100.0   15 
10/07/26  11:00   33.9   34.3   33.4    29   13.4    6.4    ENE   1.61  22.5     E   33.9   33.6   33.6  1009.1   0.00    0.0    0.000   0.162   29.4    37   13.2   29.2    7.05   1.1452     350     1    100.0   15 
10/07/26  11:15   34.4   34.5   34.3    25   11.5    8.0    ENE   2.01  22.5   ENE   34.4   33.4   33.4  1009.2   0.00    0.0    0.000   0.167   29.3    37   13.1   29.1    7.05   1.1455     352     1    100.0   15 
10/07/26  11:30   34.5   34.7   34.3    25   11.6    6.4    ENE   1.61  19.3   ESE   34.5   33.6   33.6  1009.1   0.00    0.0    0.000   0.168   29.3    37   13.1   29.1    7.05   1.1454     351     1    100.0   15 
10/07/26  11:45   34.8   34.9   34.7    23   10.6    8.0      E   2.01  27.4     E   34.8   33.6   33.6  1009.1   0.00    0.0    0.000   0.171   29.4    37   13.2   29.2    7.05   1.1452     351     1    100.0   15 
10/07/26  12:00   34.8   34.9   34.7    23   10.6    8.0    ENE   2.01  27.4     E   34.8   33.6   33.6  1009.1   0.00    0.0    0.000   0.172   29.4    37   13.2   29.2    7.05   1.1448     350     1    100.0   15 
10/07/26  12:15   35.1   35.3   34.9    22   10.2    6.4    ENE   1.61  19.3   ENE   35.1   33.7   33.7  1009.0   0.00    0.0    0.000   0.174   29.4    36   12.8   29.1    6.75   1.1452     352     1    100.0   15 
10/07/26  12:30   35.4   35.5   35.3    25   12.4    6.4    ENE   1.61  20.9   ESE   35.4   34.8   34.8  1008.8   0.00    0.0    0.000   0.178   29.4    36   12.8   29.1    6.75   1.1453     350     1    100.0   15 
10/07/26  12:45   35.5   35.6   35.4    27   13.6    8.0      E   2.01  22.5     E   35.5   35.3   35.3  1008.7   0.00    0.0    0.000   0.179   29.3    36   12.7   28.9    6.76   1.1457     351     1    100.0   15 
10/07/26  13:00   35.5   35.6   35.4    27   13.6    6.4      E   1.61  20.9     E   35.5   35.3   35.3  1008.8   0.00    0.0    0.000   0.179   29.1    36   12.5   28.8    6.78   1.1468     351     1    100.0   15 
10/07/26  13:15   35.4   35.5   35.4    27   13.6    8.0    ENE   2.01  17.7   ESE   35.4   35.2   35.2  1008.8   0.00    0.0    0.000   0.178   28.9    36   12.3   28.6    6.79   1.1476     351     1    100.0   15 
10/07/26  13:30   35.5   35.6   35.4    27   13.6    8.0      E   2.01  17.7     E   35.5   35.3   35.3  1008.9   0.00    0.0    0.000   0.179   28.7    35   11.7   28.2    6.70   1.1490     351     1    100.0   15 
10/07/26  13:45   34.9   35.4   34.5    27   13.2    8.0      E   2.01  22.5     E   34.9   34.6   34.6  1008.9   0.00    0.0    0.000   0.173   28.6    35   11.6   28.0    6.71   1.1498     350     1    100.0   15 
10/07/26  14:00   33.8   34.4   33.3    34   15.8    6.4      E   1.61  22.5     E   33.8   34.2   34.2  1009.0   0.00    0.0    0.000   0.161   28.4    35   11.5   27.8    6.72   1.1504     351     1    100.0   15 
10/07/26  14:15   32.8   33.3   32.4    37   16.2    6.4      E   1.61  20.9     E   32.8   33.3   33.3  1008.7   0.00    0.0    0.000   0.151   28.6    37   12.4   28.2    7.08   1.1486     351     1    100.0   15 
10/07/26  14:30   32.0   32.3   31.6    39   16.3    4.8    ENE   1.21  20.9     E   32.0   32.4   32.4  1008.6   0.00    0.0    0.000   0.142   28.7    37   12.5   28.4    7.08   1.1481     352     1    100.0   15 
10/07/26  14:45   31.1   31.6   30.6    47   18.4    6.4    ENE   1.61  22.5     E   31.1   32.4   32.4  1008.1   0.00    0.0    0.000   0.133   28.7    38   13.0   28.6    7.25   1.1467     350     1    100.0   15 
10/07/26  15:00   30.9   31.5   30.6    45   17.6    4.8    ENE   1.21  20.9     E   30.9   31.8   31.8  1008.3   0.00    0.0    0.000   0.131   28.7    39   13.4   28.7    7.38   1.1464     350     1    100.0   15 
10/07/26  15:15   31.8   32.2   31.6    41   17.0    6.4    ESE   1.61  17.7   ENE   31.8   32.7   32.7  1008.8   0.00    0.0    0.000   0.141   28.7    40   13.7   28.7    7.55   1.1468     351     1    100.0   15 
10/07/26  15:30   32.6   32.9   32.2    32   13.7    4.8      E   1.21  20.9     E   32.6   32.3   32.3  1008.7   0.00    0.0    0.000   0.148   28.7    39   13.4   28.7    7.38   1.1470     352     1    100.0   15 
10/07/26  15:45   32.5   32.9   31.9    35   15.1    9.7      E   2.41  25.7    SE   32.5   32.6   32.6  1008.8   0.00    0.0    0.000   0.148   28.7    37   12.5   28.4    7.08   1.1482     351     1    100.0   15 
10/07/26  16:00   31.4   31.9   30.9    39   15.8    8.0    ENE   2.01  24.1   ENE   31.4   31.6   31.6  1008.8   0.00    0.0    0.000   0.137   28.7    38   12.9   28.5    7.25   1.1478     351     1    100.0   15 
10/07/26  16:15   30.5   30.9   29.9    43   16.5    3.2      E   0.80  17.7     E   30.5   31.1   31.1  1009.3   0.00    0.0    0.000   0.127   28.9    40   14.0   29.1    7.55   1.1461     351     1    100.0   15 
10/07/26  16:30   29.6   29.9   29.2    45   16.4    3.2    ENE   0.80  19.3   ENE   29.6   30.1   30.1  1009.3   0.00    0.0    0.000   0.117   29.1    39   13.7   29.1    7.36   1.1460     351     1    100.0   15 
10/07/26  16:45   29.2   29.3   29.1    47   16.7    3.2    ENE   0.80  16.1   ESE   29.2   29.9   29.9  1008.7   0.00    0.0    0.000   0.113   29.0    38   13.2   28.9    7.25   1.1461     349     1    100.0   15 
10/07/26  17:00   28.9   29.3   28.7    52   18.1    3.2      E   0.80  24.1   ESE   28.9   30.1   30.1  1009.1   0.00    0.0    0.000   0.111   28.9    37   12.8   28.8    7.07   1.1473     351     1    100.0   15 
10/07/26  17:15   28.4   28.7   28.3    54   18.2    1.6    ESE   0.40  14.5   ENE   28.4   29.5   29.5  1009.6   0.00    0.0    0.000   0.105   28.9    37   12.7   28.7    7.07   1.1481     351     1    100.0   15 
10/07/26  17:30   28.2   28.3   28.1    55   18.3    1.6      E   0.40  14.5   ENE   28.2   29.2   29.2  1009.6   0.00    0.0    0.000   0.103   28.8    37   12.6   28.6    7.07   1.1487     350     1    100.0   15 
10/07/26  17:45   27.8   28.1   27.7    57   18.5    1.6    ENE   0.40  16.1     E   27.8   28.8   28.8  1009.5   0.00    0.0    0.000   0.099   28.6    37   12.5   28.3    7.08   1.1493     352     1    100.0   15 
10/07/26  18:00   27.7   27.7   27.6    59   18.9    0.0      E   0.00   8.0   ENE   27.7   28.7   28.7  1009.5   0.00    0.0    0.000   0.097   28.6    38   12.8   28.3    7.25   1.1491     351     1    100.0   15 
10/07/26  18:15   27.3   27.6   27.2    61   19.1    3.2      E   0.80  14.5   ENE   27.3   28.4   28.4  1009.6   0.00    0.0    0.000   0.094   28.6    39   13.3   28.5    7.38   1.1485     351     1    100.0   15 
10/07/26  18:30   27.0   27.2   26.8    64   19.6    1.6    ESE   0.40  11.3   ENE   27.0   28.2   28.2  1009.8   0.00    0.0    0.000   0.090   28.7    39   13.3   28.6    7.38   1.1485     351     1    100.0   15 
10/07/26  18:45   26.7   26.8   26.6    65   19.5    0.0      E   0.00   8.0     E   26.7   27.8   27.8  1009.9   0.00    0.0    0.000   0.087   28.6    38   12.9   28.4    7.25   1.1494     352     1    100.0   15 
10/07/26  19:00   26.4   26.6   26.3    66   19.6    1.6    ENE   0.40  12.9   ENE   26.4   27.6   27.6  1010.0   0.00    0.0    0.000   0.084   28.5    38   12.8   28.2    7.25   1.1500     351     1    100.0   15 
10/07/26  19:15   26.2   26.3   26.2    67   19.6    0.0    ENE   0.00   6.4   ENE   26.2   27.3   27.3  1010.1   0.00    0.0    0.000   0.082   28.4    38   12.7   28.1    7.25   1.1506     351     1    100.0   15 
10/07/26  19:30   26.1   26.2   26.0    67   19.4    0.0    ENE   0.00   3.2     E   26.1   27.1   27.1  1010.2   0.00    0.0    0.000   0.080   28.3    38   12.6   27.9    7.25   1.1513     350     1    100.0   15 
10/07/26  19:45   25.9   26.0   25.9    68   19.6    0.0      E   0.00   1.6     E   25.9   27.1   27.1  1010.3   0.00    0.0    0.000   0.079   28.2    37   12.1   27.7    7.10   1.1524     350     1    100.0   15 
10/07/26  20:00   25.7   25.9   25.6    66   18.9    0.0    ENE   0.00   1.6   ENE   25.7   26.6   26.6  1010.4   0.00    0.0    0.000   0.077   28.0    37   12.0   27.4    7.10   1.1533     352     1    100.0   15 
10/07/26  20:15   25.5   25.6   25.4    66   18.7    0.0      E   0.00   4.8     E   25.5   26.3   26.3  1010.5   0.00    0.0    0.000   0.075   27.9    37   11.9   27.3    7.11   1.1539     351     1    100.0   15 
10/07/26  20:30   25.3   25.4   25.2    68   19.0    0.0    ENE   0.00   6.4   ENE   25.3   26.3   26.3  1010.6   0.00    0.0    0.000   0.073   27.8    37   11.8   27.3    7.11   1.1543     351     1    100.0   15 
10/07/26  20:45   25.1   25.2   24.9    70   19.2    0.0    ENE   0.00   6.4   ENE   25.1   26.1   26.1  1010.8   0.00    0.0    0.000   0.070   27.7    37   11.7   27.1    7.11   1.1550     351     1    100.0   15 
10/07/26  21:00   24.9   24.9   24.9    71   19.3    0.0    ---   0.00   0.0   ---   24.9   26.1   26.1  1010.9   0.00    0.0    0.000   0.069   27.6    37   11.6   27.0    7.12   1.1557     352     1    100.0   15 
10/07/26  21:15   24.8   24.9   24.8    72   19.4    0.0    ENE   0.00   4.8   ENE   24.8   26.0   26.0  1010.9   0.00    0.0    0.000   0.068   27.6    37   11.6   26.9    7.12   1.1560     351     1    100.0   15 
10/07/26  21:30   24.7   24.8   24.6    73   19.5    0.0    ENE   0.00   8.0   ENE   24.7   25.9   25.9  1010.9   0.00    0.0    0.000   0.066   27.5    38   11.9   26.9    7.25   1.1558     351     1    100.0   15 
10/07/26  21:45   24.5   24.6   24.4    74   19.6    0.0    ENE   0.00   1.6   ENE   24.5   25.8   25.8  1011.0   0.00    0.0    0.000   0.064   27.4    38   11.9   26.8    7.25   1.1562     350     1    100.0   15 
10/07/26  22:00   24.3   24.4   24.3    73   19.2    0.0    ---   0.00   0.0   ---   24.3   25.5   25.5  1010.9   0.00    0.0    0.000   0.063   27.4    38   11.9   26.8    7.25   1.1561     352     1    100.0   15 
10/07/26  22:15   24.1   24.3   23.8    74   19.2    0.0    ---   0.00   0.0   ---   24.1   25.3   25.3  1011.0   0.00    0.0    0.000   0.060   27.3    37   11.4   26.6    7.13   1.1572     351     1    100.0   15 
10/07/26  22:30   23.8   23.8   23.7    76   19.3    0.0    ---   0.00   0.0   ---   23.8   24.9   24.9  1010.9   0.00    0.0    0.000   0.057   27.3    38   11.7   26.6    7.25   1.1569     351     1    100.0   15 
10/07/26  22:45   23.8   23.9   23.7    78   19.8    1.6    ENE   0.40   8.0     E   23.8   25.1   25.1  1010.7   0.00    0.0    0.000   0.057   27.2    40   12.4   26.6    7.55   1.1563     351     1    100.0   15 
10/07/26  23:00   23.6   23.7   23.4    79   19.7    0.0    ENE   0.00   6.4   ENE   23.6   24.8   24.8  1010.8   0.00    0.0    0.000   0.054   27.2    42   13.1   26.7    7.85   1.1556     351     1    100.0   15 
10/07/26  23:15   23.2   23.3   23.1    80   19.6    3.2    ENE   0.80  14.5   ENE   23.2   24.3   24.3  1010.6   0.00    0.0    0.000   0.051   27.2    45   14.3   27.0    8.33   1.1539     352     1    100.0   15 
10/07/26  23:30   23.0   23.1   23.0    81   19.6    4.8    ENE   1.21  17.7   ENE   23.0   24.1   24.1  1010.7   0.00    0.0    0.000   0.049   27.2    47   14.9   27.1    8.63   1.1531     351     1    100.0   15 
10/07/26  23:45   22.9   22.9   22.8    84   20.0    1.6    ENE   0.40  16.1    NE   22.9   24.1   24.1  1010.7   0.00    0.0    0.000   0.047   27.3    48   15.3   27.3    8.83   1.1524     351     1    100.0   15 
11/07/26  00:00   22.7   22.8   22.6    86   20.3    3.2    ENE   0.80  11.3    NE   22.7   23.9   23.9  1010.6   0.00    0.0    0.000   0.046   27.3    53   16.9   27.7    9.63   1.1499     351     1    100.0   15 
11/07/26   0:15   22.6   22.6   22.4    88   20.5    4.8    ENE   1.21  12.9   ENE   22.6   23.8   23.8  1010.2   0.00    0.0    0.000   0.044   27.5    60   19.0   28.6   10.75   1.1456     349     1    100.0   15 
11/07/26   0:30   22.4   22.4   22.4    90   20.7    3.2    ENE   0.80  17.7   ENE   22.4   23.7   23.7  1010.5   0.00    0.0    0.000   0.043   27.5    62   19.6   28.8   11.12   1.1452     352     1    100.0   15 
11/07/26   0:45   22.4   22.4   22.4    90   20.7    0.0      E   0.00   4.8     E   22.4   23.7   23.7  1010.8   0.00    0.0    0.000   0.043   27.4    63   19.8   28.8   11.32   1.1453     351     1    100.0   15 
11/07/26   1:00   22.4   22.4   22.4    91   20.9    0.0      E   0.00   9.7     E   22.4   23.8   23.8  1010.6   0.00    0.0    0.000   0.043   27.4    64   20.0   28.9   11.52   1.1448     351     1    100.0   15 
11/07/26   1:15   22.3   22.4   22.3    91   20.8    1.6    ENE   0.40   8.0    NE   22.3   23.7   23.7  1010.5   0.00    0.0    0.000   0.042   27.4    65   20.2   28.9   11.72   1.1445     351     1    100.0   15 
11/07/26   1:30   22.3   22.3   22.3    91   20.8    0.0    ENE   0.00  12.9     E   22.3   23.7   23.7  1010.6   0.00    0.0    0.000   0.042   27.3    65   20.2   28.8   11.73   1.1449     352     1    100.0   15 
11/07/26   1:45   22.3   22.3   22.3    91   20.7    0.0    ---   0.00   0.0   ---   22.3   23.6   23.6  1010.6   0.00    0.0    0.000   0.041   27.3    65   20.2   28.8   11.73   1.1449     351     1    100.0   15 
11/07/26   2:00   22.2   22.3   22.1    91   20.7    0.0    ---   0.00   0.0   ---   22.2   23.5   23.5  1010.8   0.00    0.0    0.000   0.041   27.3    65   20.2   28.8   11.73   1.1451     351     1    100.0   15 
11/07/26   2:15   22.1   22.1   22.0    91   20.5    0.0    ---   0.00   0.0   ---   22.1   23.3   23.3  1010.7   0.00    0.0    0.000   0.039   27.4    64   20.0   28.8   11.52   1.1452     350     1    100.0   15 
11/07/26   2:30   22.0   22.0   21.9    91   20.5    0.0    ---   0.00   0.0   ---   22.0   23.3   23.3  1011.0   0.00    0.0    0.000   0.038   27.3    65   20.2   28.8   11.73   1.1453     351     1    100.0   15 
11/07/26   2:45   21.9   22.0   21.8    92   20.5    0.0      E   0.00   4.8     E   21.9   23.2   23.2  1010.8   0.00    0.0    0.000   0.037   27.3    65   20.2   28.8   11.73   1.1451     352     1    100.0   15 
11/07/26   3:00   22.1   22.1   22.0    91   20.5    1.6    ENE   0.40   8.0     E   22.1   23.3   23.3  1010.8   0.00    0.0    0.000   0.039   27.3    66   20.4   28.8   11.93   1.1450     351     1    100.0   15 
11/07/26   3:15   22.1   22.1   22.0    92   20.7    0.0    ENE   0.00   1.6   ENE   22.1   23.4   23.4  1011.0   0.00    0.0    0.000   0.039   27.2    66   20.3   28.7   11.93   1.1455     351     1    100.0   15 
11/07/26   3:30   22.1   22.1   22.0    91   20.5    0.0    ---   0.00   0.0   ---   22.1   23.3   23.3  1011.2   0.00    0.0    0.000   0.039   27.2    66   20.3   28.6   11.93   1.1461     351     1    100.0   15 
11/07/26   3:45   21.9   22.0   21.9    91   20.4    0.0    ---   0.00   0.0   ---   21.9   23.2   23.2  1011.2   0.00    0.0    0.000   0.038   27.2    66   20.3   28.6   11.93   1.1461     352     1    100.0   15 
11/07/26   4:00   21.9   21.9   21.9    91   20.4    0.0    ---   0.00   0.0   ---   21.9   23.2   23.2  1011.2   0.00    0.0    0.000   0.037   27.2    65   20.0   28.6   11.73   1.1465     351     1    100.0   15 
11/07/26   4:15   21.9   21.9   21.9    91   20.4    0.0    ENE   0.00   1.6   ENE   21.9   23.2   23.2  1011.1   0.00    0.0    0.000   0.037   27.2    66   20.3   28.6   11.93   1.1460     351     1    100.0   15 
11/07/26   4:30   21.9   21.9   21.9    91   20.4    0.0    ENE   0.00   1.6   ENE   21.9   23.2   23.2  1011.1   0.00    0.0    0.000   0.037   27.1    66   20.2   28.6   11.93   1.1462     350     1    100.0   15 
11/07/26   4:45   21.8   21.9   21.8    91   20.3    0.0    ENE   0.00   1.6     E   21.8   23.1   23.1  1011.2   0.00    0.0    0.000   0.036   27.0    66   20.1   28.4   11.94   1.1470     351     1    100.0   15 
11/07/26   5:00   21.8   21.8   21.8    91   20.2    0.0    ---   0.00   0.0   ---   21.8   23.1   23.1  1011.3   0.00    0.0    0.000   0.036   26.9    65   19.8   28.2   11.74   1.1478     352     1    100.0   15 
11/07/26   5:15   21.8   21.8   21.7    91   20.2    0.0    ENE   0.00   3.2   ENE   21.8   23.1   23.1  1011.3   0.00    0.0    0.000   0.036   27.0    66   20.1   28.4   11.94   1.1472     351     1    100.0   15 
11/07/26   5:30   21.8   21.8   21.7    91   20.2    0.0    ENE   0.00   8.0   ENE   21.8   23.1   23.1  1011.4   0.00    0.0    0.000   0.036   27.0    66   20.1   28.4   11.94   1.1472     351     1    100.0   15 
11/07/26   5:45   21.9   21.9   21.8    89   20.0    0.0    ENE   0.00   8.0     E   21.9   23.1   23.1  1011.6   0.00    0.0    0.000   0.037   27.0    66   20.1   28.4   11.94   1.1474     351     1    100.0   15 
