                 Temp.  Temp.  Temp.  Hum.   Punt   Vel.   Dir.   Rec.  Vel.  Dir.  Sens.   ═nd.   ═nd.                  Int. Graus D.Graus D.  Temp.  Hum. Rosada  In.Cal.  EMC     Dens.    Mostr   Tx   Recep.  Int.
  Data    Hora    Ext.   MÓx.   Mÿn.  Ext. Rosada   Vent   Vent   Vent  MÓx.  MÓx.  T×rm.  Calor   THW    Bar    Pluja   Pluja  Calor    Fred    Int.  Int.   Int.   Int.    Int.  Int.Aire    Vent   Vent   ISS   Arc.
-------------------------------------------------------------------------------------------------------------------------------------------------------------------------------------------------------------------------
19/07/26   0:15   25.3   25.4   25.3    74   20.4    0.0    ESE   0.00   3.2   ESE   25.3   26.7   26.7  1011.5   0.00    0.0    0.000   0.073   28.7    57   19.4   30.3   10.22   1.1420     348     1    100.0   15 
19/07/26   0:30   25.2   25.3   25.2    75   20.5    0.0    ---   0.00   0.0   ---   25.2   26.6   26.6  1011.3   0.00    0.0    0.000   0.072   28.8    57   19.4   30.4   10.23   1.1415     352     1    100.0   15 
19/07/26   0:45   25.1   25.2   25.0    76   20.6    0.0    ---   0.00   0.0   ---   25.1   26.6   26.6  1011.3   0.00    0.0    0.000   0.071   28.8    58   19.7   30.5   10.35   1.1410     351     1    100.0   15 
19/07/26   1:00   24.9   25.1   24.8    76   20.4    0.0      E   0.00   4.8     E   24.9   26.4   26.4  1011.2   0.00    0.0    0.000   0.069   28.8    58   19.7   30.5   10.35   1.1410     351     1    100.0   15 
19/07/26   1:15   24.8   24.8   24.7    77   20.5    0.0      E   0.00   4.8     E   24.8   26.3   26.3  1011.3   0.00    0.0    0.000   0.067   28.7    59   19.9   30.5   10.55   1.1408     351     1    100.0   15 
19/07/26   1:30   24.7   24.7   24.7    78   20.6    0.0      E   0.00   3.2     E   24.7   26.2   26.2  1011.2   0.00    0.0    0.000   0.066   28.7    59   19.9   30.5   10.55   1.1408     352     1    100.0   15 
19/07/26   1:45   24.4   24.7   24.2    78   20.4    0.0     NO   0.00   3.2    NO   24.4   25.9   25.9  1011.2   0.00    0.0    0.000   0.064   28.7    60   20.2   30.6   10.75   1.1404     350     1    100.0   15 
19/07/26   2:00   24.1   24.2   24.1    79   20.2    0.0    ---   0.00   0.0   ---   24.1   25.6   25.6  1011.4   0.00    0.0    0.000   0.060   28.7    60   20.1   30.5   10.75   1.1408     350     1    100.0   15 
19/07/26   2:15   24.1   24.2   24.0    80   20.4    0.0    ---   0.00   0.0   ---   24.1   25.5   25.5  1011.4   0.00    0.0    0.000   0.060   28.7    60   20.1   30.5   10.75   1.1408     351     1    100.0   15 
19/07/26   2:30   24.1   24.2   23.9    79   20.2    0.0    ---   0.00   0.0   ---   24.1   25.4   25.4  1011.4   0.00    0.0    0.000   0.060   28.6    60   20.1   30.4   10.75   1.1411     352     1    100.0   15 
19/07/26   2:45   23.9   23.9   23.9    79   20.0    0.0     NO   0.00   3.2    NO   23.9   25.2   25.2  1011.3   0.00    0.0    0.000   0.058   28.6    60   20.0   30.3   10.75   1.1414     351     1    100.0   15 
19/07/26   3:00   23.9   24.0   23.9    80   20.3    0.0    ---   0.00   0.0   ---   23.9   25.3   25.3  1011.4   0.00    0.0    0.000   0.058   28.6    60   20.0   30.3   10.75   1.1415     351     1    100.0   15 
19/07/26   3:15   24.0   24.1   24.0    80   20.3    0.0    ---   0.00   0.0   ---   24.0   25.4   25.4  1011.4   0.00    0.0    0.000   0.059   28.6    60   20.0   30.3   10.75   1.1414     351     1    100.0   15 
19/07/26   3:30   23.9   24.1   23.9    81   20.5    0.0    ---   0.00   0.0   ---   23.9   25.4   25.4  1011.4   0.00    0.0    0.000   0.058   28.6    60   20.0   30.3   10.75   1.1414     350     1    100.0   15 
19/07/26   3:45   23.8   23.9   23.7    81   20.3    0.0    ---   0.00   0.0   ---   23.8   25.2   25.2  1011.6   0.00    0.0    0.000   0.057   28.6    61   20.3   30.4   10.95   1.1412     352     1    100.0   15 
19/07/26   4:00   23.7   23.7   23.6    82   20.4    0.0    ---   0.00   0.0   ---   23.7   25.1   25.1  1011.6   0.00    0.0    0.000   0.056   28.5    61   20.2   30.3   10.95   1.1415     350     1    100.0   15 
19/07/26   4:15   23.7   23.8   23.5    80   20.0    0.0     NO   0.00   1.6    NO   23.7   24.9   24.9  1011.7   0.00    0.0    0.000   0.056   28.5    61   20.2   30.3   10.95   1.1416     351     1    100.0   15 
19/07/26   4:30   23.4   23.5   23.4    81   20.0    0.0    ---   0.00   0.0   ---   23.4   24.7   24.7  1011.7   0.00    0.0    0.000   0.053   28.4    61   20.2   30.2   10.95   1.1419     351     1    100.0   15 
19/07/26   4:45   23.4   23.5   23.3    81   19.9    0.0    ---   0.00   0.0   ---   23.4   24.6   24.6  1011.7   0.00    0.0    0.000   0.053   28.4    61   20.1   30.1   10.95   1.1422     352     1    100.0   15 
19/07/26   5:00   23.7   23.8   23.5    80   20.0    0.0    ---   0.00   0.0   ---   23.7   24.9   24.9  1011.9   0.00    0.0    0.000   0.056   28.4    61   20.1   30.1   10.95   1.1424     350     1    100.0   15 
19/07/26   5:15   23.7   23.8   23.6    80   20.0    0.0    ---   0.00   0.0   ---   23.7   24.9   24.9  1011.9   0.00    0.0    0.000   0.056   28.3    61   20.1   29.9   10.95   1.1428     351     1    100.0   15 
19/07/26   5:30   23.7   23.8   23.6    80   20.0    0.0    ---   0.00   0.0   ---   23.7   24.9   24.9  1012.0   0.00    0.0    0.000   0.056   28.3    60   19.8   29.8   10.75   1.1433     351     1    100.0   15 
19/07/26   5:45   24.0   24.1   23.8    79   20.1    0.0    ---   0.00   0.0   ---   24.0   25.4   25.4  1012.0   0.00    0.0    0.000   0.059   28.4    60   19.9   30.1   10.75   1.1427     351     1    100.0   15 
19/07/26   6:00   24.2   24.4   24.1    79   20.3    0.0    ---   0.00   0.0   ---   24.2   25.7   25.7  1012.0   0.00    0.0    0.000   0.061   28.6    60   20.1   30.4   10.75   1.1418     350     1    100.0   15 
19/07/26   6:15   24.6   24.7   24.4    78   20.5    0.0    ---   0.00   0.0   ---   24.6   26.1   26.1  1012.1   0.00    0.0    0.000   0.065   28.7    60   20.2   30.6   10.75   1.1414     351     1    100.0   15 
19/07/26   6:30   25.1   25.5   24.7    76   20.5    0.0    ---   0.00   0.0   ---   25.1   26.5   26.5  1012.0   0.00    0.0    0.000   0.070   28.9    60   20.4   31.1   10.75   1.1400     349     1    100.0   15 
19/07/26   6:45   25.7   25.9   25.5    71   20.1    0.0     NO   0.00   3.2    NO   25.7   26.9   26.9  1012.1   0.00    0.0    0.000   0.077   29.1    59   20.3   31.2   10.55   1.1397     350     1    100.0   15 
19/07/26   7:00   26.4   26.7   26.0    66   19.6    1.6    NNO   0.40   4.8     E   26.4   27.6   27.6  1012.1   0.00    0.0    0.000   0.084   29.3    58   20.2   31.4   10.35   1.1390     351     1    100.0   15 
19/07/26   7:15   26.5   26.6   26.4    66   19.6    1.6     NO   0.40   6.4    NO   26.5   27.6   27.6  1012.2   0.00    0.0    0.000   0.085   29.6    56   19.9   31.4   10.05   1.1389     351     1    100.0   15 
19/07/26   7:30   26.9   27.5   26.6    63   19.3    1.6     NO   0.40   8.0    NO   26.9   28.0   28.0  1012.2   0.00    0.0    0.000   0.090   29.8    55   19.8   31.7    9.84   1.1382     351     1    100.0   15 
19/07/26   7:45   28.2   28.6   27.5    57   18.8    3.2      E   0.80  11.3     E   28.2   29.3   29.3  1012.3   0.00    0.0    0.000   0.102   29.9    54   19.6   31.8    9.73   1.1379     351     1    100.0   15 
19/07/26   8:00   29.0   29.3   28.6    54   18.8    3.2      E   0.80   9.7     E   29.0   30.4   30.4  1012.4   0.00    0.0    0.000   0.111   30.1    51   18.8   31.5    9.23   1.1388     351     1    100.0   15 
19/07/26   8:15   29.6   29.8   29.3    52   18.7    1.6      E   0.40   9.7     E   29.6   30.9   30.9  1012.2   0.00    0.0    0.000   0.117   29.8    48   17.6   30.7    8.74   1.1416     351     1    100.0   15 
19/07/26   8:30   29.9   30.0   29.8    52   19.0    3.2      E   0.80  11.3   ESE   29.9   31.4   31.4  1012.2   0.00    0.0    0.000   0.121   29.6    47   17.1   30.3    8.55   1.1432     351     1    100.0   15 
19/07/26   8:45   30.4   30.9   30.1    50   18.8    1.6    ENE   0.40   8.0     E   30.4   32.1   32.1  1012.4   0.00    0.0    0.000   0.126   29.2    45   16.1   29.8    8.26   1.1460     351     1    100.0   15 
19/07/26   9:00   31.1   31.2   30.8    49   19.1    3.2      E   0.80  11.3   ENE   31.1   32.8   32.8  1012.5   0.00    0.0    0.000   0.133   28.9    45   15.8   29.5    8.27   1.1478     349     1    100.0   15 
19/07/26   9:15   31.4   31.6   31.2    47   18.7    3.2    ESE   0.80  12.9     E   31.4   33.1   33.1  1012.6   0.00    0.0    0.000   0.136   28.8    46   16.0   29.4    8.45   1.1480     351     1    100.0   15 
19/07/26   9:30   31.6   31.7   31.5    46   18.6    3.2    ENE   0.80  14.5   ENE   31.6   33.3   33.3  1012.6   0.00    0.0    0.000   0.138   28.6    45   15.5   28.9    8.28   1.1495     351     1    100.0   15 
19/07/26   9:45   32.1   32.2   31.8    44   18.3    4.8    ENE   1.21  14.5   ENE   32.1   33.7   33.7  1012.5   0.00    0.0    0.000   0.144   28.3    44   14.9   28.5    8.15   1.1510     350     1    100.0   15 
19/07/26  10:00   32.2   32.3   32.1    45   18.8    4.8    ENE   1.21  16.1     E   32.2   34.1   34.1  1012.6   0.00    0.0    0.000   0.145   28.3    45   15.3   28.6    8.29   1.1506     351     1    100.0   15 
19/07/26  10:15   32.3   32.7   32.2    44   18.5    3.2    ENE   0.80  14.5   ENE   32.3   34.0   34.0  1012.5   0.00    0.0    0.000   0.146   28.4    44   15.0   28.6    8.15   1.1507     351     1    100.0   15 
19/07/26  10:30   33.1   33.2   32.7    43   18.8    1.6      S   0.40  11.3     S   33.1   35.1   35.1  1012.3   0.00    0.0    0.000   0.153   28.4    43   14.6   28.5    7.99   1.1510     351     1    100.0   15 
19/07/26  10:45   33.7   34.1   33.2    42   19.0    3.2    ENE   0.80  14.5   ENE   33.7   35.9   35.9  1012.3   0.00    0.0    0.000   0.160   28.3    44   14.9   28.4    8.15   1.1511     351     1    100.0   15 
19/07/26  11:00   34.4   34.6   34.1    40   18.8    0.0     NE   0.00   8.0     E   34.4   36.6   36.6  1012.3   0.00    0.0    0.000   0.167   28.3    44   14.9   28.5    8.15   1.1508     351     1    100.0   15 
19/07/26  11:15   34.7   34.8   34.6    40   19.1    1.6      S   0.40   8.0    SE   34.7   37.3   37.3  1012.3   0.00    0.0    0.000   0.171   28.3    43   14.5   28.3    7.99   1.1514     351     1    100.0   15 
19/07/26  11:30   34.9   34.9   34.7    39   18.9    1.6      S   0.40  11.3   ENE   34.9   37.2   37.2  1012.1   0.00    0.0    0.000   0.172   28.4    46   15.7   28.9    8.45   1.1490     350     1    100.0   15 
19/07/26  11:45   34.9   35.2   34.7    38   18.5    3.2    OSO   0.80  12.9    SO   34.9   36.9   36.9  1012.0   0.00    0.0    0.000   0.172   28.6    46   15.9   29.1    8.45   1.1481     351     1    100.0   15 
19/07/26  12:00   35.4   35.6   35.2    39   19.4    1.6    OSO   0.40  12.9    SO   35.4   38.3   38.3  1012.1   0.00    0.0    0.000   0.178   28.7    44   15.2   29.1    8.15   1.1489     351     1    100.0   15 
19/07/26  12:15   35.6   35.7   35.4    40   19.9    4.8     SO   1.21  14.5   SSO   35.6   38.9   38.9  1012.1   0.00    0.0    0.000   0.179   28.7    45   15.6   29.2    8.28   1.1481     351     1    100.0   15 
19/07/26  12:30   35.1   35.4   34.9    40   19.4    6.4    SSO   1.61  17.7     S   35.1   37.9   37.9  1012.1   0.00    0.0    0.000   0.174   28.7    45   15.6   29.2    8.28   1.1481     352     1    100.0   15 
19/07/26  12:45   35.1   35.3   34.8    40   19.5    6.4     SO   1.61  19.3    SO   35.1   38.0   38.0  1012.2   0.00    0.0    0.000   0.175   28.7    43   14.9   28.9    7.98   1.1494     351     1    100.0   15 
19/07/26  13:00   34.6   34.8   34.3    40   19.0    8.0    SSO   2.01  24.1     S   34.6   36.9   36.9  1012.0   0.00    0.0    0.000   0.169   28.7    44   15.3   29.2    8.15   1.1484     351     1    100.0   15 
19/07/26  13:15   34.6   34.7   34.4    41   19.4    6.4      S   1.61  17.7     S   34.6   37.2   37.2  1011.8   0.00    0.0    0.000   0.169   28.8    44   15.4   29.3    8.15   1.1477     351     1    100.0   15 
19/07/26  13:30   34.9   35.0   34.7    40   19.3    4.8    SSO   1.21  14.5   ONO   34.9   37.6   37.6  1011.7   0.00    0.0    0.000   0.172   28.8    43   15.0   29.2    7.97   1.1480     352     1    100.0   15 
19/07/26  13:45   35.1   35.1   34.9    38   18.6    4.8     SO   1.21  20.9   ENE   35.1   37.2   37.2  1011.7   0.00    0.0    0.000   0.174   28.8    43   15.0   29.2    7.97   1.1483     349     1    100.0   15 
19/07/26  14:00   35.1   35.2   34.9    38   18.6    4.8    SSO   1.21  16.1   OSO   35.1   37.2   37.2  1011.7   0.00    0.0    0.000   0.174   28.9    43   15.1   29.3    7.97   1.1478     350     1    100.0   15 
19/07/26  14:15   35.0   35.1   34.8    38   18.6    3.2      S   0.80  14.5     S   35.0   37.1   37.1  1011.7   0.00    0.0    0.000   0.174   28.9    43   15.1   29.4    7.97   1.1475     351     1    100.0   15 
19/07/26  14:30   34.7   34.9   34.7    39   18.7    3.2    OSO   0.80  14.5    SO   34.7   36.9   36.9  1011.6   0.00    0.0    0.000   0.171   28.9    42   14.7   29.2    7.85   1.1481     351     1    100.0   15 
19/07/26  14:45   34.9   35.2   34.7    38   18.5    4.8     SO   1.21  14.5    SO   34.9   36.9   36.9  1011.5   0.00    0.0    0.000   0.172   28.9    41   14.3   29.2    7.67   1.1484     352     1    100.0   15 
19/07/26  15:00   34.5   34.9   34.2    39   18.5    6.4     SO   1.61  17.7   OSO   34.5   36.5   36.5  1011.5   0.00    0.0    0.000   0.168   29.1    42   14.8   29.4    7.85   1.1472     350     1    100.0   15 
19/07/26  15:15   34.3   34.6   34.2    40   18.8    3.2    OSO   0.80  14.5   OSO   34.3   36.5   36.5  1011.4   0.00    0.0    0.000   0.167   29.1    41   14.5   29.3    7.66   1.1475     351     1    100.0   15 
19/07/26  15:30   34.0   34.5   33.5    41   18.9    4.8    OSO   1.21  17.7   OSO   34.0   36.2   36.2  1011.3   0.00    0.0    0.000   0.163   29.0    41   14.4   29.2    7.67   1.1477     351     1    100.0   15 
19/07/26  15:45   33.2   33.5   33.1    42   18.6    3.2    OSO   0.80  14.5    SO   33.2   35.1   35.1  1011.4   0.00    0.0    0.000   0.155   29.1    41   14.5   29.3    7.66   1.1472     352     1    100.0   15 
19/07/26  16:00   33.2   33.5   32.6    44   19.3    4.8    OSO   1.21  11.3   SSO   33.2   35.5   35.5  1011.3   0.00    0.0    0.000   0.155   29.2    41   14.6   29.4    7.66   1.1469     351     1    100.0   15 
19/07/26  16:15   32.1   32.6   31.7    47   19.3    4.8    OSO   1.21  12.9    SO   32.1   34.2   34.2  1011.5   0.00    0.0    0.000   0.143   29.0    41   14.4   29.2    7.67   1.1479     351     1    100.0   15 
19/07/26  16:30   31.6   31.7   31.4    47   18.9    4.8    OSO   1.21  11.3   OSO   31.6   33.4   33.4  1011.8   0.00    0.0    0.000   0.138   29.1    41   14.5   29.3    7.66   1.1480     351     1    100.0   15 
19/07/26  16:45   31.0   31.4   30.7    49   19.0    6.4     SO   1.61  14.5    SO   31.0   32.7   32.7  1011.5   0.00    0.0    0.000   0.132   29.1    40   14.1   29.2    7.55   1.1478     350     1    100.0   15 
19/07/26  17:00   30.5   30.7   30.2    51   19.2    6.4     SO   1.61  14.5   OSO   30.5   32.3   32.3  1011.6   0.00    0.0    0.000   0.127   29.2    43   15.3   29.6    7.96   1.1462     350     1    100.0   15 
19/07/26  17:15   30.1   30.2   29.8    55   20.0    1.6    OSO   0.40  12.9   SSE   30.1   32.2   32.2  1011.6   0.00    0.0    0.000   0.122   29.0    43   15.2   29.4    7.97   1.1471     351     1    100.0   15 
19/07/26  17:30   29.3   29.8   28.9    58   20.2    0.0    OSO   0.00  12.9   OSO   29.3   31.4   31.4  1011.4   0.00    0.0    0.000   0.115   28.9    44   15.4   29.4    8.15   1.1470     351     1    100.0   15 
19/07/26  17:45   28.7   28.9   28.7    58   19.6    0.0      O   0.00  11.3   OSO   28.7   30.4   30.4  1011.0   0.00    0.0    0.000   0.108   28.9    42   14.7   29.2    7.85   1.1475     351     1    100.0   15 
19/07/26  18:00   28.8   28.9   28.7    58   19.7    0.0    OSO   0.00   4.8     S   28.8   30.5   30.5  1011.2   0.00    0.0    0.000   0.109   28.9    42   14.7   29.3    7.85   1.1474     352     1    100.0   15 
19/07/26  18:15   28.8   28.9   28.6    59   20.0    0.0    ---   0.00   0.0   ---   28.8   30.6   30.6  1011.2   0.00    0.0    0.000   0.109   28.9    41   14.4   29.2    7.67   1.1478     351     1    100.0   15 
19/07/26  18:30   28.4   28.6   28.4    60   19.9    0.0    OSO   0.00   1.6   OSO   28.4   30.1   30.1  1011.1   0.00    0.0    0.000   0.105   28.9    41   14.4   29.2    7.67   1.1478     351     1    100.0   15 
19/07/26  18:45   28.6   28.7   28.5    60   20.0    0.0    ---   0.00   0.0   ---   28.6   30.3   30.3  1011.0   0.00    0.0    0.000   0.106   28.9    41   14.4   29.2    7.67   1.1476     351     1    100.0   15 
19/07/26  19:00   28.8   28.8   28.7    59   20.0    0.0    ---   0.00   0.0   ---   28.8   30.6   30.6  1010.9   0.00    0.0    0.000   0.109   28.9    40   13.9   29.1    7.55   1.1483     352     1    100.0   15 
19/07/26  19:15   28.6   28.8   28.4    59   19.8    0.0    ---   0.00   0.0   ---   28.6   30.3   30.3  1011.3   0.00    0.0    0.000   0.107   28.9    40   13.9   29.1    7.55   1.1487     351     1    100.0   15 
19/07/26  19:30   28.4   28.5   28.4    59   19.7    0.0    ---   0.00   0.0   ---   28.4   29.9   29.9  1011.7   0.00    0.0    0.000   0.105   28.9    40   13.9   29.1    7.55   1.1491     351     1    100.0   15 
19/07/26  19:45   28.3   28.4   28.2    61   20.1    0.0    ---   0.00   0.0   ---   28.3   29.9   29.9  1012.1   0.00    0.0    0.000   0.104   28.8    40   13.9   28.9    7.55   1.1499     351     1    100.0   15 
19/07/26  20:00   27.9   28.2   27.7    63   20.2    0.0    ---   0.00   0.0   ---   27.9   29.6   29.6  1012.4   0.00    0.0    0.000   0.100   28.8    40   13.9   28.9    7.55   1.1502     352     1    100.0   15 
19/07/26  20:15   27.5   27.7   27.3    65   20.3    0.0    NNO   0.00   1.6   NNO   27.5   29.1   29.1  1012.4   0.00    0.0    0.000   0.095   28.8    40   13.8   28.9    7.55   1.1505     351     1    100.0   15 
19/07/26  20:30   27.2   27.3   27.1    67   20.6    0.0    NNO   0.00   1.6   NNO   27.2   28.8   28.8  1012.6   0.00    0.0    0.000   0.093   28.8    39   13.4   28.8    7.37   1.1512     351     1    100.0   15 
19/07/26  20:45   27.1   27.1   27.0    68   20.6    0.0    ---   0.00   0.0   ---   27.1   28.7   28.7  1012.6   0.00    0.0    0.000   0.091   28.8    39   13.4   28.8    7.37   1.1511     351     1    100.0   15 
19/07/26  21:00   27.1   27.1   27.0    68   20.6    0.0    NNO   0.00   1.6   NNO   27.1   28.7   28.7  1012.9   0.00    0.0    0.000   0.091   28.7    39   13.4   28.7    7.38   1.1518     350     1    100.0   15 
19/07/26  21:15   26.9   27.1   26.8    69   20.8    0.0     NO   0.00   4.8   SSO   26.9   28.6   28.6  1013.0   0.00    0.0    0.000   0.090   28.7    39   13.3   28.6    7.38   1.1522     351     1    100.0   15 
19/07/26  21:30   26.7   26.8   26.6    70   20.7    0.0    ---   0.00   0.0   ---   26.7   28.2   28.2  1013.1   0.00    0.0    0.000   0.087   28.6    39   13.3   28.5    7.38   1.1525     350     1    100.0   15 
19/07/26  21:45   26.3   26.6   26.2    69   20.2    0.0    NNO   0.00   4.8   NNO   26.3   27.6   27.6  1012.7   0.00    0.0    0.000   0.083   28.6    39   13.2   28.4    7.38   1.1524     351     1    100.0   15 
19/07/26  22:00   26.1   26.2   26.1    69   20.0    0.0    NNO   0.00   1.6   NNO   26.1   27.3   27.3  1012.6   0.00    0.0    0.000   0.081   28.5    39   13.2   28.3    7.38   1.1525     351     1    100.0   15 
19/07/26  22:15   26.1   26.2   26.1    69   20.0    0.0    NNO   0.00   1.6   NNO   26.1   27.3   27.3  1012.2   0.00    0.0    0.000   0.081   28.4    39   13.1   28.2    7.39   1.1523     351     1    100.0   15 
19/07/26  22:30   26.1   26.1   25.9    69   19.9    0.0    ---   0.00   0.0   ---   26.1   27.3   27.3  1012.2   0.00    0.0    0.000   0.080   28.3    39   13.0   28.1    7.39   1.1529     350     1    100.0   15 
19/07/26  22:45   25.9   26.0   25.9    68   19.6    0.0     SE   0.00   1.6    SE   25.9   27.1   27.1  1012.5   0.00    0.0    0.000   0.079   28.3    39   13.0   28.0    7.39   1.1534     351     1    100.0   15 
19/07/26  23:00   26.1   26.2   26.0    68   19.7    0.0     SE   0.00   3.2    SE   26.1   27.3   27.3  1012.6   0.00    0.0    0.000   0.081   28.2    39   13.0   27.9    7.39   1.1539     350     1    100.0   15 
19/07/26  23:15   26.2   26.2   26.2    69   20.1    0.0     SE   0.00   3.2    SE   26.2   27.5   27.5  1012.5   0.00    0.0    0.000   0.082   28.4    43   14.6   28.5    7.99   1.1512     350     1    100.0   15 
19/07/26  23:30   26.1   26.2   25.9    68   19.7    0.0    NNO   0.00   3.2   NNO   26.1   27.3   27.3  1012.6   0.00    0.0    0.000   0.081   28.6    45   15.5   29.1    8.28   1.1492     351     1    100.0   15 
19/07/26  23:45   25.7   25.9   25.6    70   19.8    0.0    ---   0.00   0.0   ---   25.7   26.8   26.8  1012.5   0.00    0.0    0.000   0.076   28.7    49   17.0   29.6    8.88   1.1468     351     1    100.0   15 
20/07/26  00:00   25.6   25.6   25.4    70   19.7    0.0     NO   0.00   1.6    NO   25.6   26.7   26.7  1012.2   0.00    0.0    0.000   0.075   28.8    52   18.0   30.0    9.37   1.1445     349     1    100.0   15 
20/07/26   0:15   25.1   25.4   24.9    71   19.5    0.0     NO   0.00   3.2    NO   25.1   26.2   26.2  1012.1   0.00    0.0    0.000   0.071   28.8    53   18.3   30.1    9.57   1.1439     349     1    100.0   15 
20/07/26   0:30   24.9   24.9   24.9    71   19.3    0.0     NO   0.00   1.6    NO   24.9   26.0   26.0  1011.9   0.00    0.0    0.000   0.068   28.8    54   18.6   30.2    9.75   1.1433     351     1    100.0   15 
20/07/26   0:45   24.9   24.9   24.9    70   19.0    0.0     NO   0.00   3.2   ENE   24.9   25.9   25.9  1011.9   0.00    0.0    0.000   0.068   28.8    54   18.6   30.2    9.75   1.1433     352     1    100.0   15 
20/07/26   1:00   25.0   25.1   24.9    69   18.9    0.0    ENE   0.00   6.4   ENE   25.0   26.0   26.0  1012.0   0.00    0.0    0.000   0.069   28.8    54   18.6   30.2    9.75   1.1434     350     1    100.0   15 
20/07/26   1:15   25.0   25.1   24.9    68   18.7    0.0     NO   0.00   1.6    NO   25.0   25.9   25.9  1012.0   0.00    0.0    0.000   0.069   28.8    54   18.6   30.2    9.75   1.1433     351     1    100.0   15 
20/07/26   1:30   24.7   24.9   24.4    71   19.1    0.0     NO   0.00   3.2    NO   24.7   25.8   25.8  1012.0   0.00    0.0    0.000   0.066   28.8    54   18.5   30.1    9.75   1.1436     351     1    100.0   15 
20/07/26   1:45   24.1   24.4   23.9    73   19.0    0.0     NO   0.00   1.6    NO   24.1   25.2   25.2  1012.1   0.00    0.0    0.000   0.060   28.7    55   18.8   30.1    9.85   1.1436     352     1    100.0   15 
20/07/26   2:00   23.8   23.9   23.6    74   18.9    0.0    ---   0.00   0.0   ---   23.8   24.9   24.9  1012.2   0.00    0.0    0.000   0.057   28.7    55   18.8   30.1    9.85   1.1437     351     1    100.0   15 
20/07/26   2:15   23.5   23.6   23.4    74   18.6    0.0    ---   0.00   0.0   ---   23.5   24.6   24.6  1012.3   0.00    0.0    0.000   0.054   28.7    55   18.7   29.9    9.85   1.1442     351     1    100.0   15 
20/07/26   2:30   23.6   23.7   23.5    74   18.6    0.0    ---   0.00   0.0   ---   23.6   24.6   24.6  1012.3   0.00    0.0    0.000   0.054   28.7    55   18.7   29.9    9.85   1.1442     349     1    100.0   15 
20/07/26   2:45   23.7   23.7   23.6    74   18.8    0.0    ---   0.00   0.0   ---   23.7   24.7   24.7  1012.5   0.00    0.0    0.000   0.056   28.6    55   18.7   29.9    9.85   1.1447     351     1    100.0   15 
20/07/26   3:00   23.4   23.6   23.2    75   18.8    0.0     NO   0.00   1.6    NO   23.4   24.5   24.5  1012.9   0.00    0.0    0.000   0.053   28.6    55   18.6   29.8    9.85   1.1454     351     1    100.0   15 
20/07/26   3:15   23.1   23.2   23.0    75   18.4    0.0      O   0.00   3.2     O   23.1   24.1   24.1  1013.0   0.00    0.0    0.000   0.050   28.5    55   18.6   29.7    9.85   1.1458     351     1    100.0   15 
20/07/26   3:30   23.0   23.1   22.9    76   18.5    0.0    ---   0.00   0.0   ---   23.0   23.9   23.9  1013.0   0.00    0.0    0.000   0.049   28.4    55   18.5   29.6    9.85   1.1461     351     1    100.0   15 
20/07/26   3:45   22.9   23.1   22.9    75   18.3    0.0    ---   0.00   0.0   ---   22.9   23.8   23.8  1013.1   0.00    0.0    0.000   0.048   28.4    55   18.5   29.5    9.85   1.1465     351     1    100.0   15 
20/07/26   4:00   23.1   23.2   23.0    74   18.2    0.0    ---   0.00   0.0   ---   23.1   24.1   24.1  1013.1   0.00    0.0    0.000   0.050   28.4    55   18.5   29.5    9.85   1.1465     351     1    100.0   15 
20/07/26   4:15   23.3   23.4   23.0    75   18.6    0.0     NO   0.00   3.2    NO   23.3   24.3   24.3  1012.9   0.00    0.0    0.000   0.052   28.3    55   18.4   29.4    9.85   1.1466     351     1    100.0   15 
20/07/26   4:30   22.9   23.1   22.8    73   17.8    0.0     NO   0.00   3.2    NO   22.9   23.7   23.7  1013.0   0.00    0.0    0.000   0.047   28.2    55   18.3   29.2    9.85   1.1472     351     1    100.0   15 
20/07/26   4:45   23.3   23.6   23.1    71   17.8    0.0     NO   0.00   4.8    NO   23.3   24.3   24.3  1012.7   0.00    0.0    0.000   0.052   28.2    55   18.3   29.1    9.85   1.1472     351     1    100.0   15 
20/07/26   5:00   23.6   23.6   23.6    70   17.8    0.0     NO   0.00   1.6    NO   23.6   24.5   24.5  1012.7   0.00    0.0    0.000   0.055   28.1    54   17.9   29.0    9.75   1.1479     352     1    100.0   15 
20/07/26   5:15   23.5   23.6   23.4    71   17.9    0.0      S   0.00   1.6    NO   23.5   24.4   24.4  1012.9   0.00    0.0    0.000   0.054   28.1    54   17.9   29.0    9.75   1.1481     351     1    100.0   15 
20/07/26   5:30   23.3   23.4   23.2    73   18.2    0.0    ---   0.00   0.0   ---   23.3   24.3   24.3  1013.0   0.00    0.0    0.000   0.052   28.2    54   18.0   29.1    9.75   1.1480     351     1    100.0   15 
20/07/26   5:45   23.2   23.2   23.1    74   18.3    0.0    ---   0.00   0.0   ---   23.2   24.1   24.1  1013.0   0.00    0.0    0.000   0.050   28.2    55   18.3   29.2    9.85   1.1473     350     1    100.0   15 
20/07/26   6:00   23.5   24.1   23.1    69   17.5    0.0    ENE   0.00   6.4   ENE   23.5   24.3   24.3  1013.0   0.00    0.0    0.000   0.054   28.3    54   18.1   29.3    9.75   1.1472     351     1    100.0   15 
20/07/26   6:15   24.6   24.9   24.1    65   17.6    1.6    ENE   0.40   4.8   ENE   24.6   25.3   25.3  1013.0   0.00    0.0    0.000   0.065   28.5    53   18.0   29.5    9.58   1.1468     352     1    100.0   15 
