                 Temp.  Temp.  Temp.  Hum.   Punt   Vel.   Dir.   Rec.  Vel.  Dir.  Sens.   Índ.   Índ.                  Int. Graus D.Graus D.  Temp.  Hum. Rosada  In.Cal.  EMC     Dens.    Mostr   Tx   Recep.  Int.
  Data    Hora    Ext.   Màx.   Mín.  Ext. Rosada   Vent   Vent   Vent  Màx.  Màx.  Tèrm.  Calor   THW    Bar    Pluja   Pluja  Calor    Fred    Int.  Int.   Int.   Int.    Int.  Int.Aire    Vent   Vent   ISS   Arc.
-------------------------------------------------------------------------------------------------------------------------------------------------------------------------------------------------------------------------
16/05/25   0:15   15.9   15.9   15.9    77   11.9    4.8     NO   1.21  11.3     O   15.9   15.8   15.8  1011.4   0.00    0.0    0.025   0.000   23.5    62   15.8   24.0   11.26   1.1673     348     1    100.0   15 
16/05/25   0:30   15.9   15.9   15.8    78   12.1    4.8    NNO   1.21  12.9    NO   15.9   15.8   15.8  1011.4   0.00    0.0    0.025   0.000   23.4    63   15.9   23.9   11.47   1.1676     351     1    100.0   15 
16/05/25   0:45   15.8   15.9   15.7    79   12.2    4.8     NO   1.21  11.3   ONO   15.8   15.8   15.8  1011.2   0.00    0.0    0.026   0.000   23.3    63   15.9   23.9   11.47   1.1676     351     1    100.0   15 
16/05/25   1:00   15.6   15.7   15.3    80   12.1    3.2     NO   0.80   9.7   NNO   15.6   15.5   15.5  1011.2   0.00    0.0    0.029   0.000   23.2    63   15.8   23.7   11.47   1.1682     351     1    100.0   15 
16/05/25   1:15   15.2   15.3   15.0    81   11.9    3.2     NO   0.80   9.7   NNO   15.2   15.1   15.1  1011.1   0.00    0.0    0.033   0.000   23.1    63   15.7   23.6   11.48   1.1687     350     1    100.0   15 
16/05/25   1:30   14.9   15.0   14.8    81   11.7    4.8     NO   1.21  12.9    NO   14.9   14.8   14.8  1011.1   0.00    0.0    0.035   0.000   23.1    63   15.6   23.5   11.48   1.1689     352     1    100.0   15 
16/05/25   1:45   14.8   14.9   14.8    81   11.6    3.2     NO   0.80   9.7    NO   14.8   14.7   14.7  1010.9   0.00    0.0    0.036   0.000   22.9    63   15.5   23.3   11.48   1.1693     351     1    100.0   15 
16/05/25   2:00   14.8   14.8   14.7    81   11.5    3.2    NNO   0.80   9.7   OSO   14.8   14.7   14.7  1011.1   0.00    0.0    0.037   0.000   22.8    63   15.4   23.2   11.49   1.1701     351     1    100.0   15 
16/05/25   2:15   14.6   14.7   14.6    81   11.4    1.6     NO   0.40   4.8   NNO   14.6   14.5   14.5  1011.1   0.00    0.0    0.039   0.000   22.8    63   15.4   23.1   11.49   1.1703     351     1    100.0   15 
16/05/25   2:30   14.5   14.6   14.4    80   11.1    3.2     NO   0.80  12.9     O   14.5   14.4   14.4  1011.2   0.00    0.0    0.040   0.000   22.7    63   15.3   22.9   11.49   1.1711     351     1    100.0   15 
16/05/25   2:45   14.3   14.4   14.3    80   10.9    3.2     NO   0.80   8.0   NNO   14.3   14.2   14.2  1011.2   0.00    0.0    0.042   0.000   22.6    63   15.2   22.8   11.50   1.1716     352     1    100.0   15 
16/05/25   3:00   14.2   14.3   14.1    80   10.8    3.2     NO   0.80   9.7   NNO   14.2   14.1   14.1  1011.2   0.00    0.0    0.043   0.000   22.5    63   15.1   22.7   11.50   1.1719     351     1    100.0   15 
16/05/25   3:15   14.0   14.1   13.9    80   10.6    1.6     NO   0.40   6.4     N   14.0   13.8   13.8  1011.2   0.00    0.0    0.045   0.000   22.4    63   15.0   22.6   11.50   1.1725     351     1    100.0   15 
16/05/25   3:30   13.9   14.0   13.9    80   10.5    1.6     NO   0.40   8.0   ONO   13.9   13.8   13.8  1011.2   0.00    0.0    0.046   0.000   22.3    64   15.1   22.4   11.65   1.1728     351     1    100.0   15 
16/05/25   3:45   13.8   13.9   13.8    80   10.4    0.0     NO   0.00   3.2    NO   13.8   13.7   13.7  1011.1   0.00    0.0    0.047   0.000   22.2    64   15.1   22.3   11.65   1.1730     351     1    100.0   15 
16/05/25   4:00   13.7   13.8   13.6    81   10.5    0.0      E   0.00   3.2   ESE   13.7   13.6   13.6  1011.2   0.00    0.0    0.048   0.000   22.1    64   15.0   22.2   11.65   1.1736     351     1    100.0   15 
16/05/25   4:15   13.6   13.7   13.4    80   10.2    0.0     NE   0.00   3.2   ENE   13.6   13.4   13.4  1011.2   0.00    0.0    0.050   0.000   22.0    64   14.9   22.1   11.65   1.1742     351     1    100.0   15 
16/05/25   4:30   13.4   13.4   13.3    80   10.0    0.0     NE   0.00   3.2    NE   13.4   13.2   13.2  1011.1   0.00    0.0    0.052   0.000   21.9    64   14.8   21.9   11.65   1.1744     351     1    100.0   15 
16/05/25   4:45   13.3   13.3   13.2    80    9.9    1.6     NO   0.40   6.4    NO   13.3   13.1   13.1  1011.1   0.00    0.0    0.053   0.000   21.8    64   14.7   21.8   11.65   1.1750     351     1    100.0   15 
16/05/25   5:00   13.2   13.2   13.1    81   10.0    0.0     NO   0.00   1.6    NO   13.2   13.0   13.0  1011.3   0.00    0.0    0.054   0.000   21.8    64   14.7   21.7   11.65   1.1755     352     1    100.0   15 
16/05/25   5:15   13.2   13.3   13.2    80    9.8    3.2    NNO   0.80  12.9     O   13.2   13.1   13.1  1011.2   0.00    0.0    0.053   0.000   21.8    64   14.7   21.7   11.65   1.1754     351     1    100.0   15 
16/05/25   5:30   13.3   13.4   13.3    80   10.0    4.8     NO   1.21  11.3    NO   13.3   13.2   13.2  1011.3   0.00    0.0    0.052   0.000   21.9    63   14.6   21.9   11.52   1.1749     351     1    100.0   15 
16/05/25   5:45   13.6   13.7   13.4    80   10.2    3.2     NO   0.80   6.4   ONO   13.6   13.4   13.4  1011.3   0.00    0.0    0.050   0.000   22.2    63   14.8   22.3   11.51   1.1735     351     1    100.0   15 
16/05/25   6:00   13.9   14.0   13.7    79   10.3    3.2    NNO   0.80   8.0   NNO   13.9   13.7   13.7  1011.4   0.00    0.0    0.046   0.000   22.6    62   15.0   22.8   11.30   1.1719     352     1    100.0   15 
16/05/25   6:15   14.2   14.3   14.0    77   10.2    3.2     NO   0.80  11.3    NO   14.2   14.0   14.0  1011.3   0.00    0.0    0.043   0.000   23.0    61   15.1   23.3   11.11   1.1702     351     1    100.0   15 
16/05/25   6:30   14.5   14.7   14.3    76   10.3    3.2     NO   0.80  11.3     N   14.5   14.3   14.3  1011.3   0.00    0.0    0.040   0.000   23.4    61   15.4   23.8   11.09   1.1681     351     1    100.0   15 
16/05/25   6:45   14.9   15.1   14.7    75   10.5    3.2    NNO   0.80  14.5   NNO   14.9   14.6   14.6  1011.3   0.00    0.0    0.036   0.000   23.7    60   15.4   24.1   10.96   1.1670     351     1    100.0   15 
16/05/25   7:00   15.3   15.6   15.1    74   10.7    4.8     NO   1.21  11.3    NO   15.3   15.1   15.1  1011.3   0.00    0.0    0.031   0.000   23.9    60   15.7   24.4   10.95   1.1656     352     1    100.0   15 
16/05/25   7:15   15.7   15.9   15.6    73   10.9    4.8    NNO   1.21  14.5    SO   15.7   15.4   15.4  1011.3   0.00    0.0    0.027   0.000   24.3    59   15.8   24.7   10.72   1.1640     351     1    100.0   15 
16/05/25   7:30   16.2   16.4   15.9    71   10.9    4.8     NO   1.21  11.3    NO   16.2   15.9   15.9  1011.4   0.00    0.0    0.023   0.000   24.6    59   16.0   24.9   10.70   1.1628     350     1    100.0   15 
16/05/25   7:45   16.6   16.7   16.4    69   10.9    4.8    NNO   1.21  14.5   ONO   16.6   16.3   16.3  1011.5   0.00    0.0    0.018   0.000   24.7    59   16.2   25.1   10.69   1.1621     350     1    100.0   15 
16/05/25   8:00   17.0   17.3   16.7    69   11.3    4.8     NO   1.21  12.9    NO   17.0   16.8   16.8  1011.6   0.00    0.0    0.014   0.000   24.8    58   16.0   25.2   10.48   1.1620     351     1    100.0   15 
16/05/25   8:15   17.7   18.0   17.3    67   11.5    3.2    NNO   0.80  11.3     O   17.7   17.5   17.5  1011.7   0.00    0.0    0.006   0.000   24.9    58   16.1   25.2   10.48   1.1618     352     1    100.0   15 
16/05/25   8:30   18.4   18.7   18.0    65   11.7    3.2    NNO   0.80   9.7    NO   18.4   18.2   18.2  1011.7   0.00    0.0    0.000   0.001   25.0    58   16.2   25.3   10.47   1.1613     351     1    100.0   15 
16/05/25   8:45   18.9   19.3   18.7    64   12.0    3.2     NO   0.80  11.3   OSO   18.9   18.8   18.8  1011.8   0.00    0.0    0.000   0.006   25.1    58   16.2   25.4   10.47   1.1611     351     1    100.0   15 
16/05/25   9:00   19.4   19.5   19.2    61   11.7    4.8     NO   1.21  14.5   NNO   19.4   19.2   19.2  1011.9   0.00    0.0    0.000   0.011   25.1    57   15.9   25.3   10.27   1.1616     351     1    100.0   15 
16/05/25   9:15   19.8   20.2   19.5    58   11.3    3.2    NNO   0.80  11.3   NNO   19.8   19.4   19.4  1012.0   0.00    0.0    0.000   0.015   25.1    57   15.9   25.3   10.27   1.1617     351     1    100.0   15 
16/05/25   9:30   20.2   20.7   20.1    56   11.2    4.8     NO   1.21  12.9   NNO   20.2   19.8   19.8  1012.1   0.00    0.0    0.000   0.020   25.1    57   15.9   25.3   10.27   1.1619     350     1    100.0   15 
16/05/25   9:45   20.9   21.1   20.7    53   10.9    3.2    NNO   0.80  11.3   NNO   20.9   20.2   20.2  1012.1   0.00    0.0    0.000   0.027   25.1    57   15.9   25.3   10.27   1.1619     350     1    100.0   15 
16/05/25  10:00   21.0   21.2   20.9    54   11.3    4.8     NO   1.21  12.9   ONO   21.0   20.3   20.3  1012.1   0.00    0.0    0.000   0.028   25.1    57   15.9   25.3   10.27   1.1619     351     1    100.0   15 
16/05/25  10:15   21.7   22.2   21.2    52   11.4    1.6    NNO   0.40   9.7     E   21.7   21.0   21.0  1012.2   0.00    0.0    0.000   0.035   25.1    57   15.9   25.3   10.27   1.1619     352     1    100.0   15 
16/05/25  10:30   22.7   23.2   22.2    53   12.6    3.2    ENE   0.80   9.7     E   22.7   22.6   22.6  1012.3   0.00    0.0    0.000   0.046   25.1    56   15.7   25.3   10.17   1.1624     351     1    100.0   15 
16/05/25  10:45   23.3   23.4   23.2    50   12.3    3.2      E   0.80  12.9   ENE   23.3   23.1   23.1  1012.3   0.00    0.0    0.000   0.052   25.1    53   14.9   25.2    9.65   1.1633     350     1    100.0   15 
16/05/25  11:00   23.6   23.7   23.4    48   11.9    3.2      S   0.80   8.0   SSO   23.6   23.4   23.4  1012.3   0.00    0.0    0.000   0.054   25.2    54   15.3   25.4    9.80   1.1624     350     1    100.0   15 
16/05/25  11:15   24.2   24.4   23.7    44   11.1    3.2    ESE   0.80  11.3   ESE   24.2   23.9   23.9  1012.2   0.00    0.0    0.000   0.061   25.2    53   15.0   25.3    9.65   1.1626     350     1    100.0   15 
16/05/25  11:30   24.2   24.4   24.0    45   11.5    4.8    ENE   1.21  14.5     E   24.2   24.0   24.0  1012.1   0.00    0.0    0.000   0.061   25.3    52   14.7   25.3    9.50   1.1626     351     1    100.0   15 
16/05/25  11:45   23.9   24.0   23.8    44   10.9    4.8     SE   1.21  14.5   ENE   23.9   23.7   23.7  1012.1   0.00    0.0    0.000   0.058   25.3    52   14.7   25.3    9.50   1.1625     350     1    100.0   15 
16/05/25  12:00   24.3   24.6   24.0    43   10.9    4.8    ENE   1.21  16.1   ENE   24.3   24.0   24.0  1012.1   0.00    0.0    0.000   0.063   25.3    52   14.8   25.4    9.50   1.1622     351     1    100.0   15 
16/05/25  12:15   24.5   24.6   24.4    43   11.1    6.4    ENE   1.61  16.1   ENE   24.5   24.2   24.2  1011.9   0.00    0.0    0.000   0.064   25.3    52   14.8   25.4    9.50   1.1621     350     1    100.0   15 
16/05/25  12:30   24.8   25.0   24.6    39    9.9    6.4      E   1.61  17.7     E   24.8   24.3   24.3  1011.9   0.00    0.0    0.000   0.068   25.4    52   14.8   25.4    9.50   1.1618     352     1    100.0   15 
16/05/25  12:45   24.7   24.9   24.1    51   13.9    8.0    ENE   2.01  27.4     E   24.7   24.7   24.7  1012.0   0.00    0.0    0.000   0.066   25.4    52   14.9   25.6    9.49   1.1616     351     1    100.0   15 
16/05/25  13:00   23.2   24.1   22.7    56   14.0   11.3      E   2.82  29.0     E   23.2   23.4   23.4  1012.1   0.00    0.0    0.000   0.051   25.5    53   15.2   25.7    9.65   1.1611     351     1    100.0   15 
16/05/25  13:15   22.7   22.8   22.6    56   13.5    9.7      E   2.41  24.1     E   22.7   22.7   22.7  1012.2   0.00    0.0    0.000   0.046   25.5    53   15.2   25.7    9.65   1.1612     350     1    100.0   15 
16/05/25  13:30   22.3   22.7   21.9    59   13.9   11.3      E   2.82  30.6     E   22.3   22.2   22.2  1012.6   0.00    0.0    0.000   0.041   25.5    53   15.2   25.7    9.65   1.1616     350     1    100.0   15 
16/05/25  13:45   22.1   22.1   21.9    57   13.1    9.7    ENE   2.41  20.9   ENE   22.1   21.8   21.8  1012.6   0.00    0.0    0.000   0.039   25.5    54   15.5   25.7    9.79   1.1613     352     1    100.0   15 
16/05/25  14:00   22.1   22.3   21.9    57   13.1    6.4    ENE   1.61  20.9     E   22.1   21.8   21.8  1012.7   0.00    0.0    0.000   0.039   25.6    54   15.6   25.8    9.79   1.1611     350     1    100.0   15 
16/05/25  14:15   22.2   22.4   21.8    60   14.0    4.8    ENE   1.21  17.7     E   22.2   22.1   22.1  1012.8   0.00    0.0    0.000   0.040   25.6    54   15.6   25.8    9.79   1.1613     351     1    100.0   15 
16/05/25  14:30   21.7   21.8   21.5    61   13.8    6.4    ENE   1.61  16.1     E   21.7   21.4   21.4  1012.8   0.00    0.0    0.000   0.035   25.7    55   15.9   25.9    9.92   1.1603     350     1    100.0   15 
16/05/25  14:45   21.4   21.6   21.4    61   13.6    3.2     SE   0.80  11.3     E   21.4   21.2   21.2  1012.8   0.00    0.0    0.000   0.032   25.9    55   16.2   26.3    9.90   1.1588     352     1    100.0   15 
16/05/25  15:00   22.2   22.4   21.6    58   13.5    4.8      E   1.21  14.5    SE   22.2   22.0   22.0  1012.8   0.00    0.0    0.000   0.040   26.2    54   16.2   26.5    9.77   1.1578     350     1    100.0   15 
16/05/25  15:15   22.4   22.5   22.4    58   13.8    4.8    SSE   1.21  12.9     S   22.4   22.4   22.4  1012.8   0.00    0.0    0.000   0.043   26.2    54   16.1   26.4    9.77   1.1581     351     1    100.0   15 
16/05/25  15:30   22.6   22.8   22.4    57   13.7    4.8    ENE   1.21  16.1   ENE   22.6   22.6   22.6  1012.8   0.00    0.0    0.000   0.045   26.0    54   16.0   26.3    9.77   1.1590     351     1    100.0   15 
16/05/25  15:45   22.6   22.8   22.4    54   12.8    4.8      S   1.21  14.5    SO   22.6   22.4   22.4  1012.9   0.00    0.0    0.000   0.044   25.9    55   16.2   26.3    9.90   1.1590     352     1    100.0   15 
16/05/25  16:00   22.9   23.1   22.7    52   12.5    4.8    ENE   1.21  12.9   ESE   22.9   22.7   22.7  1013.0   0.00    0.0    0.000   0.047   25.8    55   16.1   26.2    9.91   1.1596     350     1    100.0   15 
16/05/25  16:15   22.4   22.9   22.3    53   12.4    4.8    SSE   1.21  12.9     S   22.4   22.2   22.2  1013.0   0.00    0.0    0.000   0.043   25.8    55   16.1   26.1    9.91   1.1599     351     1    100.0   15 
16/05/25  16:30   22.3   22.3   22.2    55   12.8    4.8      S   1.21  14.5   ESE   22.3   22.0   22.0  1013.0   0.00    0.0    0.000   0.041   25.8    55   16.1   26.1    9.91   1.1599     351     1    100.0   15 
16/05/25  16:45   22.1   22.2   21.6    58   13.4    6.4      S   1.61  16.1     S   22.1   21.8   21.8  1013.3   0.00    0.0    0.000   0.039   25.7    55   16.0   26.0    9.92   1.1606     351     1    100.0   15 
16/05/25  17:00   21.1   21.6   20.8    61   13.3    6.4      S   1.61  20.9   SSE   21.1   20.7   20.7  1013.4   0.00    0.0    0.000   0.029   25.7    56   16.3   26.1   10.12   1.1603     352     1    100.0   15 
16/05/25  17:15   20.5   20.8   20.2    62   13.0    8.0      S   2.01  19.3   OSO   20.5   20.3   20.3  1013.4   0.00    0.0    0.000   0.023   25.7    56   16.3   26.1   10.12   1.1603     350     1    100.0   15 
16/05/25  17:30   20.2   20.3   20.0    61   12.5    6.4      S   1.61  17.7   ESE   20.2   20.1   20.1  1013.7   0.00    0.0    0.000   0.020   25.7    56   16.2   26.0   10.12   1.1609     350     1    100.0   15 
16/05/25  17:45   19.7   20.0   19.5    64   12.7    6.4      S   1.61  19.3     S   19.7   19.7   19.7  1013.7   0.00    0.0    0.000   0.014   25.6    56   16.2   25.9   10.13   1.1612     351     1    100.0   15 
16/05/25  18:00   19.2   19.5   18.9    67   12.9    6.4      S   1.61  14.5   SSE   19.2   19.3   19.3  1013.9   0.00    0.0    0.000   0.009   25.6    56   16.1   25.9   10.13   1.1617     352     1    100.0   15 
16/05/25  18:15   18.7   18.9   18.6    70   13.1    4.8      S   1.21  12.9   OSO   18.7   18.8   18.8  1014.1   0.00    0.0    0.000   0.004   25.5    56   16.1   25.8   10.13   1.1622     351     1    100.0   15 
16/05/25  18:30   18.3   18.6   18.0    73   13.4    4.8    SSO   1.21  12.9   SSO   18.3   18.4   18.4  1014.2   0.00    0.0    0.001   0.000   25.3    57   16.2   25.7   10.25   1.1628     351     1    100.0   15 
16/05/25  18:45   17.8   18.0   17.6    75   13.3    4.8      S   1.21  14.5     S   17.8   17.8   17.8  1014.3   0.00    0.0    0.006   0.000   25.2    57   16.1   25.6   10.25   1.1636     351     1    100.0   15 
16/05/25  19:00   17.4   17.6   17.3    76   13.1    3.2      S   0.80  12.9     S   17.4   17.4   17.4  1014.5   0.00    0.0    0.010   0.000   25.2    57   16.0   25.4   10.26   1.1641     351     1    100.0   15 
16/05/25  19:15   17.2   17.3   17.1    77   13.2    3.2      S   0.80   8.0   SSO   17.2   17.3   17.3  1014.6   0.00    0.0    0.012   0.000   25.0    58   16.2   25.3   10.47   1.1646     351     1    100.0   15 
16/05/25  19:30   17.0   17.1   16.9    78   13.1    3.2      S   0.80   9.7     S   17.0   17.1   17.1  1014.7   0.00    0.0    0.014   0.000   25.0    58   16.2   25.3   10.47   1.1648     351     1    100.0   15 
16/05/25  19:45   16.9   16.9   16.8    79   13.2    1.6    SSO   0.40   6.4   SSO   16.9   17.0   17.0  1014.9   0.00    0.0    0.015   0.000   24.9    58   16.1   25.2   10.48   1.1656     350     1    100.0   15 
16/05/25  20:00   16.7   16.8   16.6    80   13.3    1.6    SSO   0.40   4.8   OSO   16.7   16.8   16.8  1015.0   0.00    0.0    0.017   0.000   24.8    59   16.2   25.2   10.69   1.1660     351     1    100.0   15 
16/05/25  20:15   16.4   16.6   16.2    81   13.1    3.2     SO   0.80   6.4   OSO   16.4   16.4   16.4  1015.1   0.00    0.0    0.020   0.000   24.7    59   16.1   25.1   10.69   1.1666     352     1    100.0   15 
16/05/25  20:30   16.0   16.2   15.9    82   12.9    1.6    OSO   0.40   6.4   OSO   16.0   16.1   16.1  1015.2   0.00    0.0    0.024   0.000   24.5    59   16.0   24.8   10.71   1.1676     351     1    100.0   15 
16/05/25  20:45   15.8   15.9   15.7    82   12.7    1.6    OSO   0.40   4.8   OSO   15.8   15.8   15.8  1015.4   0.00    0.0    0.027   0.000   24.4    60   16.1   24.8   10.91   1.1681     351     1    100.0   15 
16/05/25  21:00   15.6   15.7   15.6    82   12.5    0.0    OSO   0.00   3.2   OSO   15.6   15.6   15.6  1015.6   0.00    0.0    0.028   0.000   24.2    60   16.0   24.7   10.93   1.1691     351     1    100.0   15 
16/05/25  21:15   15.6   15.6   15.6    82   12.5    0.0    OSO   0.00   3.2   OSO   15.6   15.6   15.6  1015.7   0.00    0.0    0.029   0.000   24.1    60   15.9   24.6   10.93   1.1699     351     1    100.0   15 
16/05/25  21:30   15.6   15.6   15.6    81   12.4    0.0    OSO   0.00   1.6   OSO   15.6   15.6   15.6  1015.9   0.00    0.0    0.028   0.000   24.0    60   15.8   24.5   10.94   1.1706     351     1    100.0   15 
16/05/25  21:45   15.7   15.7   15.6    81   12.4    0.0    ---   0.00   0.0   ---   15.7   15.7   15.7  1016.0   0.00    0.0    0.028   0.000   23.9    61   15.9   24.4   11.05   1.1710     351     1    100.0   15 
16/05/25  22:00   15.7   15.8   15.7    81   12.5    0.0    ---   0.00   0.0   ---   15.7   15.7   15.7  1016.0   0.00    0.0    0.027   0.000   23.8    61   15.8   24.3   11.06   1.1716     351     1    100.0   15 
16/05/25  22:15   15.7   15.8   15.7    80   12.3    0.0    ---   0.00   0.0   ---   15.7   15.7   15.7  1016.0   0.00    0.0    0.027   0.000   23.7    61   15.8   24.2   11.06   1.1719     352     1    100.0   15 
16/05/25  22:30   15.7   15.7   15.7    81   12.4    1.6    OSO   0.40   3.2   OSO   15.7   15.7   15.7  1016.0   0.00    0.0    0.028   0.000   23.6    61   15.6   24.1   11.07   1.1725     351     1    100.0   15 
16/05/25  22:45   15.7   15.7   15.6    81   12.4    1.6    OSO   0.40   3.2   OSO   15.7   15.7   15.7  1016.1   0.00    0.0    0.028   0.000   23.5    61   15.5   24.0   11.08   1.1731     351     1    100.0   15 
16/05/25  23:00   15.7   15.7   15.7    81   12.5    1.6    OSO   0.40   3.2   OSO   15.7   15.7   15.7  1016.1   0.00    0.0    0.027   0.000   23.5    62   15.8   24.0   11.26   1.1728     351     1    100.0   15 
16/05/25  23:15   15.7   15.7   15.6    81   12.5    1.6      O   0.40   4.8     O   15.7   15.7   15.7  1016.1   0.00    0.0    0.027   0.000   23.6    62   15.8   24.1   11.26   1.1725     350     1    100.0   15 
16/05/25  23:30   15.6   15.7   15.6    81   12.4    1.6      O   0.40   3.2     O   15.6   15.6   15.6  1016.0   0.00    0.0    0.028   0.000   23.6    61   15.6   24.1   11.07   1.1724     351     1    100.0   15 
16/05/25  23:45   15.4   15.6   15.2    82   12.4    1.6      O   0.40   3.2     O   15.4   15.4   15.4  1016.0   0.00    0.0    0.030   0.000   23.6    61   15.6   24.1   11.07   1.1727     350     1    100.0   15 
17/05/25  00:00   15.2   15.2   15.2    82   12.1    1.6      O   0.40   3.2     O   15.2   15.1   15.1  1015.9   0.00    0.0    0.033   0.000   23.4    62   15.7   23.9   11.27   1.1729     349     1    100.0   15 
17/05/25   0:15   15.1   15.2   14.9    81   11.9    0.0    ---   0.00   0.0   ---   15.1   15.1   15.1  1015.8   0.00    0.0    0.034   0.000   23.3    62   15.6   23.8   11.27   1.1734     348     1    100.0   15 
17/05/25   0:30   14.9   15.1   14.9    80   11.5    0.0      O   0.00   4.8     O   14.9   14.8   14.8  1015.7   0.00    0.0    0.035   0.000   23.2    62   15.5   23.7   11.27   1.1738     351     1    100.0   15 
17/05/25   0:45   15.2   15.3   15.1    78   11.4    0.0      O   0.00   3.2     O   15.2   15.0   15.0  1015.8   0.00    0.0    0.033   0.000   23.1    62   15.4   23.5   11.28   1.1744     352     1    100.0   15 
17/05/25   1:00   15.3   15.4   15.3    76   11.1    0.0    ---   0.00   0.0   ---   15.3   15.1   15.1  1015.7   0.00    0.0    0.031   0.000   23.1    62   15.4   23.4   11.28   1.1746     351     1    100.0   15 
17/05/25   1:15   15.4   15.6   15.4    75   11.0    0.0      O   0.00   3.2     O   15.4   15.2   15.2  1015.5   0.00    0.0    0.030   0.000   22.9    62   15.3   23.3   11.28   1.1750     351     1    100.0   15 
17/05/25   1:30   15.6   15.6   15.4    74   10.9    0.0      O   0.00   1.6     O   15.6   15.3   15.3  1015.2   0.00    0.0    0.029   0.000   22.9    62   15.2   23.2   11.29   1.1750     350     1    100.0   15 
17/05/25   1:45   15.3   15.4   15.0    76   11.1    0.0      O   0.00   3.2     O   15.3   15.1   15.1  1015.2   0.00    0.0    0.032   0.000   22.8    62   15.2   23.2   11.29   1.1752     351     1    100.0   15 
17/05/25   2:00   14.9   15.0   14.9    74   10.3    1.6      O   0.40   3.2     O   14.9   14.7   14.7  1015.2   0.00    0.0    0.035   0.000   22.8    62   15.1   23.1   11.29   1.1755     352     1    100.0   15 
17/05/25   2:15   14.8   14.9   14.7    74   10.2    0.0      O   0.00   3.2     O   14.8   14.6   14.6  1015.2   0.00    0.0    0.036   0.000   22.7    62   15.1   23.0   11.29   1.1758     350     1    100.0   15 
17/05/25   2:30   14.6   14.7   14.3    76   10.4    1.6      O   0.40   3.2     O   14.6   14.4   14.4  1015.0   0.00    0.0    0.039   0.000   22.6    62   15.0   22.8   11.30   1.1762     351     1    100.0   15 
17/05/25   2:45   14.3   14.3   14.2    73    9.5    1.6      O   0.40   3.2     O   14.3   13.9   13.9  1014.9   0.00    0.0    0.042   0.000   22.6    62   14.9   22.7   11.30   1.1763     351     1    100.0   15 
17/05/25   3:00   14.2   14.3   14.2    69    8.6    0.0      O   0.00   1.6     O   14.2   13.8   13.8  1014.8   0.00    0.0    0.043   0.000   22.4    62   14.8   22.6   11.30   1.1768     351     1    100.0   15 
17/05/25   3:15   14.3   14.3   14.2    71    9.1    1.6     NO   0.40   4.8     O   14.3   13.9   13.9  1014.8   0.00    0.0    0.042   0.000   22.3    62   14.7   22.4   11.31   1.1774     349     1    100.0   15 
17/05/25   3:30   13.9   14.2   13.7    72    9.0    0.0     NO   0.00   3.2    NO   13.9   13.6   13.6  1014.9   0.00    0.0    0.046   0.000   22.3    62   14.6   22.3   11.31   1.1777     350     1    100.0   15 
17/05/25   3:45   13.6   13.7   13.5    73    8.9    0.0     NO   0.00   3.2    NO   13.6   13.2   13.2  1014.8   0.00    0.0    0.049   0.000   22.2    62   14.5   22.2   11.31   1.1782     351     1    100.0   15 
