                 Temp.  Temp.  Temp.  Hum.   Punt   Vel.   Dir.   Rec.  Vel.  Dir.  Sens.   Índ.   Índ.                  Int. Graus D.Graus D.  Temp.  Hum. Rosada  In.Cal.  EMC     Dens.    Mostr   Tx   Recep.  Int.
  Data    Hora    Ext.   Màx.   Mín.  Ext. Rosada   Vent   Vent   Vent  Màx.  Màx.  Tèrm.  Calor   THW    Bar    Pluja   Pluja  Calor    Fred    Int.  Int.   Int.   Int.    Int.  Int.Aire    Vent   Vent   ISS   Arc.
-------------------------------------------------------------------------------------------------------------------------------------------------------------------------------------------------------------------------
 4/05/25   0:15   16.6   16.7   16.5    90   15.0    0.0     NO   0.00   1.6    NO   16.6   16.9   16.9  1010.5   0.00    0.0    0.018   0.000   24.1    62   16.3   24.6   11.24   1.1633     349     1    100.0   15 
 4/05/25   0:30   16.4   16.5   16.3    91   15.0    0.0    ---   0.00   0.0   ---   16.4   16.7   16.7  1010.4   0.00    0.0    0.020   0.000   23.9    62   16.2   24.5   11.25   1.1638     351     1    100.0   15 
 4/05/25   0:45   16.3   16.3   16.2    91   14.8    0.0     NO   0.00   1.6    NO   16.3   16.6   16.6  1010.1   0.00    0.0    0.021   0.000   23.9    62   16.2   24.5   11.25   1.1637     350     1    100.0   15 
 4/05/25   1:00   16.2   16.2   16.2    92   14.9    1.6     NO   0.40   3.2    NO   16.2   16.4   16.4  1010.0   0.00    0.0    0.023   0.000   23.8    62   16.1   24.3   11.25   1.1642     350     1    100.0   15 
 4/05/25   1:15   16.1   16.2   16.1    92   14.8    1.6     NO   0.40   6.4    NO   16.1   16.3   16.3  1009.5   0.00    0.0    0.023   0.000   23.7    62   16.0   24.3   11.26   1.1638     352     1    100.0   15 
 4/05/25   1:30   15.9   16.1   15.9    92   14.6    1.6     NO   0.40   6.4    NO   15.9   16.2   16.2  1009.3   0.00    0.0    0.025   0.000   23.7    62   16.0   24.2   11.26   1.1640     350     1    100.0   15 
 4/05/25   1:45   16.0   16.0   15.9    92   14.7    1.6     NO   0.40   6.4    NO   16.0   16.2   16.2  1009.0   0.00    0.0    0.024   0.000   23.6    62   15.8   24.1   11.26   1.1642     351     1    100.0   15 
 4/05/25   2:00   15.8   15.9   15.6    92   14.5    0.0    SSO   0.00   4.8   SSE   15.8   16.0   16.0  1008.8   0.00    0.0    0.027   0.000   23.5    62   15.8   24.0   11.26   1.1642     351     1    100.0   15 
 4/05/25   2:15   15.5   15.6   15.4    93   14.4    0.0    ONO   0.00   4.8   ONO   15.5   15.7   15.7  1008.5   0.00    0.0    0.030   0.000   23.4    62   15.7   23.9   11.27   1.1641     351     1    100.0   15 
 4/05/25   2:30   15.6   15.7   15.6    93   14.5    3.2     NO   0.80   8.0    NO   15.6   15.8   15.8  1008.6   0.00    0.0    0.028   0.000   23.4    62   15.7   23.9   11.27   1.1646     352     1    100.0   15 
 4/05/25   2:45   15.5   15.7   15.4    93   14.4    0.0     NO   0.00   4.8    NO   15.5   15.7   15.7  1008.8   0.00    0.0    0.030   0.000   23.3    62   15.6   23.8   11.27   1.1654     351     1    100.0   15 
 4/05/25   3:00   15.4   15.5   15.4    94   14.5    0.0     NO   0.00   1.6    NO   15.4   15.7   15.7  1008.6   0.00    0.0    0.030   0.000   23.2    62   15.5   23.7   11.27   1.1654     351     1    100.0   15 
 4/05/25   3:15   15.6   15.7   15.5    94   14.6    0.0     NO   0.00   3.2    NO   15.6   15.8   15.8  1008.5   0.00    0.0    0.029   0.000   23.2    62   15.5   23.6   11.28   1.1656     351     1    100.0   15 
 4/05/25   3:30   15.7   15.8   15.7    93   14.6    0.0     NO   0.00   4.8    NO   15.7   15.9   15.9  1008.2   0.00    0.0    0.027   0.000   23.1    63   15.7   23.6   11.48   1.1653     352     1    100.0   15 
 4/05/25   3:45   15.6   15.7   15.4    93   14.4    0.0     NO   0.00   3.2    NO   15.6   15.8   15.8  1008.0   0.00    0.0    0.029   0.000   23.1    63   15.6   23.5   11.48   1.1653     350     1    100.0   15 
 4/05/25   4:00   15.3   15.4   15.1    92   14.0    0.0     NO   0.00   1.6    NO   15.3   15.5   15.5  1008.0   0.00    0.0    0.031   0.000   23.0    63   15.6   23.4   11.48   1.1656     351     1    100.0   15 
 4/05/25   4:15   14.8   15.2   14.7    92   13.5    0.0      N   0.00   1.6    NO   14.8   15.0   15.0  1008.0   0.00    0.0    0.036   0.000   22.9    63   15.5   23.3   11.48   1.1659     351     1    100.0   15 
 4/05/25   4:30   14.9   15.0   14.7    90   13.3    1.6    ONO   0.40   4.8    NO   14.9   15.0   15.0  1008.2   0.00    0.0    0.036   0.000   22.9    63   15.5   23.3   11.49   1.1664     350     1    100.0   15 
 4/05/25   4:45   15.1   15.2   14.9    87   12.9    4.8     NO   1.21  16.1    NO   15.1   15.1   15.1  1008.2   0.00    0.0    0.034   0.000   22.8    63   15.4   23.2   11.49   1.1667     349     1    100.0   15 
 4/05/25   5:00   15.2   15.2   15.1    87   13.0    1.6    OSO   0.40   6.4   OSO   15.2   15.2   15.2  1008.4   0.00    0.0    0.033   0.000   22.8    63   15.4   23.1   11.49   1.1672     351     1    100.0   15 
 4/05/25   5:15   15.2   15.2   15.1    86   12.8    1.6      O   0.40   6.4     O   15.2   15.2   15.2  1008.3   0.00    0.0    0.033   0.000   22.7    63   15.3   23.0   11.49   1.1674     351     1    100.0   15 
 4/05/25   5:30   15.2   15.2   15.1    88   13.2    1.6      O   0.40   4.8    SO   15.2   15.2   15.2  1009.0   0.00    0.0    0.033   0.000   22.7    63   15.3   22.9   11.49   1.1684     351     1    100.0   15 
 4/05/25   5:45   15.3   15.4   15.2    89   13.5    1.6    NNO   0.40   6.4   NNO   15.3   15.4   15.4  1008.8   0.00    0.0    0.032   0.000   22.6    63   15.2   22.8   11.50   1.1685     351     1    100.0   15 
 4/05/25   6:00   15.4   15.4   15.3    87   13.2    4.8     NO   1.21  12.9   NNO   15.4   15.5   15.5  1008.5   0.00    0.0    0.031   0.000   22.6    63   15.2   22.8   11.50   1.1681     351     1    100.0   15 
 4/05/25   6:15   15.4   15.5   15.3    85   12.9    4.8     NO   1.21  14.5   OSO   15.4   15.4   15.4  1008.7   0.00    0.0    0.031   0.000   22.6    63   15.2   22.8   11.50   1.1687     351     1    100.0   15 
 4/05/25   6:30   15.6   15.6   15.5    86   13.2    3.2     NO   0.80   6.4    NO   15.6   15.6   15.6  1008.6   0.00    0.0    0.029   0.000   22.6    63   15.2   22.8   11.50   1.1686     351     1    100.0   15 
 4/05/25   6:45   15.6   15.7   15.6    87   13.5    1.6    OSO   0.40   8.0    NO   15.6   15.7   15.7  1008.5   0.00    0.0    0.028   0.000   22.6    64   15.4   22.8   11.65   1.1681     352     1    100.0   15 
 4/05/25   7:00   15.7   15.8   15.7    88   13.7    3.2     NO   0.80   9.7     O   15.7   15.8   15.8  1008.4   0.00    0.0    0.027   0.000   22.7    65   15.7   23.0   11.85   1.1671     350     1    100.0   15 
 4/05/25   7:15   15.9   15.9   15.8    88   13.9    3.2     NO   0.80  12.9     E   15.9   16.1   16.1  1008.2   0.00    0.0    0.025   0.000   22.9    64   15.7   23.3   11.65   1.1661     350     1    100.0   15 
 4/05/25   7:30   15.9   15.9   15.9    88   14.0    3.2     NO   0.80   8.0   NNO   15.9   16.1   16.1  1008.2   0.00    0.0    0.025   0.000   23.0    64   15.8   23.4   11.65   1.1655     351     1    100.0   15 
 4/05/25   7:45   16.1   16.3   15.9    88   14.1    1.6     NO   0.40   4.8   NNO   16.1   16.3   16.3  1008.3   0.00    0.0    0.023   0.000   23.2    64   16.0   23.7   11.65   1.1647     351     1    100.0   15 
 4/05/25   8:00   16.4   16.6   16.3    87   14.3    1.6     NO   0.40   4.8    NO   16.4   16.6   16.6  1008.4   0.00    0.0    0.020   0.000   23.3    64   16.1   23.9   11.65   1.1642     351     1    100.0   15 
 4/05/25   8:15   16.7   16.8   16.6    86   14.4    1.6     NO   0.40   3.2    NO   16.7   16.9   16.9  1008.2   0.00    0.0    0.017   0.000   23.3    63   15.9   23.9   11.47   1.1641     351     1    100.0   15 
 4/05/25   8:30   17.2   17.4   16.9    84   14.4    1.6    NNO   0.40   6.4    NO   17.2   17.4   17.4  1008.1   0.00    0.0    0.012   0.000   23.5    63   16.0   24.1   11.46   1.1631     351     1    100.0   15 
 4/05/25   8:45   17.9   18.5   17.4    80   14.4    1.6    ONO   0.40   6.4    NO   17.9   18.3   18.3  1007.7   0.00    0.0    0.004   0.000   23.8    62   16.1   24.3   11.25   1.1615     351     1    100.0   15 
 4/05/25   9:00   19.0   19.2   18.5    76   14.7    6.4    ENE   1.61  14.5   ESE   19.0   19.3   19.3  1007.9   0.00    0.0    0.000   0.007   24.2    61   16.2   24.7   11.04   1.1598     352     1    100.0   15 
 4/05/25   9:15   19.1   19.2   19.1    75   14.6    1.6     NE   0.40   6.4   ESE   19.1   19.4   19.4  1007.9   0.00    0.0    0.000   0.008   24.6    60   16.3   24.9   10.90   1.1584     351     1    100.0   15 
 4/05/25   9:30   19.3   19.3   19.2    77   15.1    1.6    ESE   0.40   6.4   ESE   19.3   19.7   19.7  1007.7   0.00    0.0    0.000   0.010   24.6    60   16.3   24.9   10.90   1.1581     351     1    100.0   15 
 4/05/25   9:45   19.4   19.9   19.2    79   15.7    1.6    OSO   0.40   8.0     S   19.4   19.9   19.9  1007.6   0.00    0.0    0.000   0.011   24.6    60   16.3   24.9   10.90   1.1581     349     1    100.0   15 
 4/05/25  10:00   20.0   20.1   19.9    74   15.2    3.2    OSO   0.80   9.7   ONO   20.0   20.4   20.4  1007.5   0.00    0.0    0.000   0.017   24.7    59   16.2   25.1   10.69   1.1574     352     1    100.0   15 
 4/05/25  10:15   20.5   21.1   20.1    69   14.6    3.2    OSO   0.80  11.3   OSO   20.5   20.7   20.7  1007.4   0.00    0.0    0.000   0.023   24.9    59   16.3   25.3   10.68   1.1565     351     1    100.0   15 
 4/05/25  10:30   21.2   21.3   21.1    65   14.4    3.2    NNO   0.80  12.9   ONO   21.2   21.1   21.1  1007.2   0.00    0.0    0.000   0.030   25.0    59   16.4   25.4   10.67   1.1557     351     1    100.0   15 
 4/05/25  10:45   21.6   21.8   21.3    62   14.0    3.2    NNO   0.80  11.3   ONO   21.6   21.3   21.3  1007.1   0.00    0.0    0.000   0.034   25.1    58   16.2   25.4   10.47   1.1556     351     1    100.0   15 
 4/05/25  11:00   22.0   22.1   21.8    60   13.9    3.2    OSO   0.80  11.3    SO   22.0   21.8   21.8  1007.0   0.00    0.0    0.000   0.038   25.2    58   16.3   25.5   10.46   1.1549     351     1    100.0   15 
 4/05/25  11:15   22.4   22.6   22.1    59   14.0    3.2    OSO   0.80  11.3    SO   22.4   22.4   22.4  1007.0   0.00    0.0    0.000   0.042   25.2    58   16.3   25.5   10.46   1.1549     352     1    100.0   15 
 4/05/25  11:30   22.4   22.6   22.4    58   13.8    3.2     SO   0.80  11.3   SSO   22.4   22.4   22.4  1006.9   0.00    0.0    0.000   0.043   25.2    58   16.4   25.6   10.45   1.1545     351     1    100.0   15 
 4/05/25  11:45   22.6   22.7   22.4    57   13.7    3.2    OSO   0.80  12.9   NNO   22.6   22.6   22.6  1006.9   0.00    0.0    0.000   0.045   25.3    58   16.4   25.7   10.45   1.1542     351     1    100.0   15 
 4/05/25  12:00   23.1   23.2   22.7    56   13.8    3.2    OSO   0.80  16.1   OSO   23.1   23.2   23.2  1006.7   0.00    0.0    0.000   0.049   25.4    58   16.5   25.8   10.44   1.1535     351     1    100.0   15 
 4/05/25  12:15   23.3   23.4   23.1    55   13.8    3.2    NNO   0.80  11.3   NNO   23.3   23.4   23.4  1006.6   0.00    0.0    0.000   0.052   25.4    57   16.3   25.7   10.24   1.1537     352     1    100.0   15 
 4/05/25  12:30   22.9   23.3   22.0    65   16.0    4.8     NO   1.21  17.7   OSO   22.9   23.3   23.3  1006.5   0.00    0.0    0.000   0.047   25.4    58   16.5   25.8   10.44   1.1532     351     1    100.0   15 
 4/05/25  12:45   21.8   21.9   21.7    67   15.4    4.8      S   1.21  12.9   ESE   21.8   21.9   21.9  1006.4   0.00    0.0    0.000   0.036   25.3    58   16.4   25.7   10.45   1.1536     351     1    100.0   15 
 4/05/25  13:00   22.1   22.4   21.8    64   14.9    4.8      S   1.21  14.5   ESE   22.1   22.1   22.1  1006.2   0.00    0.0    0.000   0.039   25.3    57   16.1   25.6   10.25   1.1538     350     1    100.0   15 
 4/05/25  13:15   22.2   22.3   22.2    64   15.1    4.8    SSE   1.21  11.3     S   22.2   22.3   22.3  1006.2   0.00    0.0    0.000   0.041   25.4    57   16.3   25.7   10.24   1.1533     352     1    100.0   15 
 4/05/25  13:30   22.2   22.2   22.1    65   15.3    3.2    OSO   0.80   9.7   SSE   22.2   22.3   22.3  1006.1   0.00    0.0    0.000   0.040   25.4    57   16.3   25.7   10.24   1.1531     351     1    100.0   15 
 4/05/25  13:45   22.3   22.8   22.2    64   15.2    3.2     SO   0.80   9.7   OSO   22.3   22.5   22.5  1006.0   0.00    0.0    0.000   0.042   25.4    57   16.3   25.8   10.24   1.1527     351     1    100.0   15 
 4/05/25  14:00   22.9   23.2   22.7    65   16.0    3.2    OSO   0.80  14.5    SO   22.9   23.3   23.3  1005.9   0.00    0.0    0.000   0.047   25.5    58   16.6   25.9   10.43   1.1519     351     1    100.0   15 
 4/05/25  14:15   23.5   23.6   23.3    65   16.5    6.4     SO   1.61  17.7    SO   23.5   24.2   24.2  1005.7   0.00    0.0    0.000   0.054   25.7    57   16.5   26.1   10.22   1.1512     351     1    100.0   15 
 4/05/25  14:30   23.7   23.8   23.6    61   15.7    4.8      S   1.21  16.1     O   23.7   24.2   24.2  1005.5   0.00    0.0    0.000   0.056   25.8    57   16.6   26.2   10.21   1.1504     352     1    100.0   15 
 4/05/25  14:45   23.1   23.6   22.3    64   15.9    4.8    OSO   1.21  19.3     S   23.1   23.6   23.6  1005.4   0.00    0.0    0.000   0.049   25.8    57   16.7   26.2   10.21   1.1499     351     1    100.0   15 
 4/05/25  15:00   21.9   22.3   21.4    65   15.0    6.4    SSO   1.61  17.7   SSO   21.9   21.9   21.9  1005.4   0.00    0.0    0.000   0.037   25.8    57   16.6   26.2   10.21   1.1502     351     1    100.0   15 
 4/05/25  15:15   21.1   21.4   20.9    67   14.7    8.0      S   2.01  20.9     S   21.1   21.1   21.1  1004.8   0.00    0.0    0.000   0.029   25.7    58   16.8   26.1   10.42   1.1498     351     1    100.0   15 
 4/05/25  15:30   20.8   21.0   20.7    71   15.4    6.4     SO   1.61  16.1   SSE   20.8   21.1   21.1  1004.7   0.00    0.0    0.000   0.026   25.6    58   16.7   26.1   10.43   1.1499     352     1    100.0   15 
 4/05/25  15:45   21.2   21.6   20.8    62   13.6    6.4    OSO   1.61  20.9   OSO   21.2   20.9   20.9  1004.7   0.00    0.0    0.000   0.030   25.7    58   16.8   26.1   10.42   1.1496     351     1    100.0   15 
 4/05/25  16:00   21.4   21.6   21.3    62   13.9    8.0    SSO   2.01  20.9   SSO   21.4   21.2   21.2  1005.0   0.00    0.0    0.000   0.032   25.7    57   16.6   26.1   10.22   1.1501     351     1    100.0   15 
 4/05/25  16:15   21.0   21.4   20.7    67   14.6    9.7     SO   2.41  25.7    SO   21.0   20.9   20.9  1004.9   0.00    0.0    0.000   0.028   25.7    57   16.5   26.1   10.22   1.1503     351     1    100.0   15 
 4/05/25  16:30   20.7   20.8   20.7    66   14.1    9.7     SO   2.41  20.9     E   20.7   20.7   20.7  1004.7   0.00    0.0    0.000   0.025   25.7    57   16.5   26.1   10.22   1.1501     352     1    100.0   15 
 4/05/25  16:45   20.9   21.1   20.7    66   14.4    8.0     SO   2.01  19.3    SO   20.9   20.8   20.8  1004.5   0.00    0.0    0.000   0.027   25.6    58   16.7   25.9   10.43   1.1500     351     1    100.0   15 
 4/05/25  17:00   21.4   21.6   21.1    65   14.5    4.8     SO   1.21  20.9    SO   21.4   21.3   21.3  1004.4   0.00    0.0    0.000   0.032   25.5    58   16.6   25.9   10.43   1.1502     351     1    100.0   15 
 4/05/25  17:15   21.4   21.6   21.3    63   14.1    4.8     SO   1.21  14.5   OSO   21.4   21.2   21.2  1004.3   0.00    0.0    0.000   0.032   25.4    58   16.6   25.8   10.44   1.1504     351     1    100.0   15 
 4/05/25  17:30   21.5   21.7   21.4    61   13.7    4.8    OSO   1.21  14.5    SO   21.5   21.2   21.2  1004.3   0.00    0.0    0.000   0.033   25.4    58   16.6   25.8   10.44   1.1504     351     1    100.0   15 
 4/05/25  17:45   21.2   21.4   20.9    61   13.3    6.4    OSO   1.61  16.1     O   21.2   20.8   20.8  1004.5   0.00    0.0    0.000   0.030   25.4    58   16.5   25.8   10.44   1.1508     352     1    100.0   15 
 4/05/25  18:00   20.6   20.9   20.1    60   12.5    6.4     SO   1.61  14.5   OSO   20.6   20.2   20.2  1004.6   0.00    0.0    0.000   0.023   25.3    58   16.5   25.7   10.45   1.1512     351     1    100.0   15 
 4/05/25  18:15   19.8   20.1   19.4    61   12.0    4.8    OSO   1.21  14.5     S   19.8   19.6   19.6  1004.7   0.00    0.0    0.000   0.015   25.3    59   16.7   25.7   10.65   1.1513     350     1    100.0   15 
 4/05/25  18:30   19.2   19.4   18.9    62   11.7    4.8     SO   1.21  14.5    SO   19.2   18.9   18.9  1004.7   0.00    0.0    0.000   0.009   25.2    59   16.6   25.6   10.65   1.1516     350     1    100.0   15 
 4/05/25  18:45   18.7   18.9   18.4    63   11.5    4.8     SO   1.21  11.3    SO   18.7   18.4   18.4  1004.8   0.00    0.0    0.000   0.003   25.2    60   16.9   25.7   10.85   1.1513     350     1    100.0   15 
 4/05/25  19:00   18.2   18.4   18.1    62   10.8    4.8    SSO   1.21  11.3   OSO   18.2   17.9   17.9  1004.8   0.00    0.0    0.001   0.000   25.3    60   17.0   25.8   10.85   1.1511     351     1    100.0   15 
 4/05/25  19:15   17.9   18.1   17.8    64   11.0    3.2    OSO   0.80   9.7     S   17.9   17.7   17.7  1005.2   0.00    0.0    0.004   0.000   25.3    59   16.7   25.7   10.65   1.1519     351     1    100.0   15 
 4/05/25  19:30   17.7   17.8   17.7    65   11.1    3.2     NO   0.80   9.7     O   17.7   17.4   17.4  1006.0   0.00    0.0    0.006   0.000   25.2    60   16.9   25.6   10.86   1.1530     351     1    100.0   15 
 4/05/25  19:45   17.8   17.9   17.7    65   11.1    6.4     NO   1.61  25.7     N   17.8   17.5   17.5  1006.2   0.00    0.0    0.006   0.000   25.0    60   16.7   25.4   10.87   1.1541     352     1    100.0   15 
 4/05/25  20:00   17.4   17.7   17.2    65   10.7    3.2    NNO   0.80  12.9    NO   17.4   17.1   17.1  1006.4   0.00    0.0    0.010   0.000   24.8    60   16.5   25.3   10.88   1.1552     351     1    100.0   15 
 4/05/25  20:15   17.0   17.2   16.7    66   10.6    1.6    NNO   0.40   8.0     E   17.0   16.7   16.7  1005.8   0.00    0.0    0.014   0.000   24.7    60   16.4   25.1   10.89   1.1554     351     1    100.0   15 
 4/05/25  20:30   16.3   16.7   16.1    69   10.6    0.0      E   0.00   4.8   ENE   16.3   15.9   15.9  1005.9   0.00    0.0    0.021   0.000   24.6    61   16.5   25.0   11.03   1.1557     351     1    100.0   15 
 4/05/25  20:45   16.2   16.3   16.1    68   10.3    1.6      E   0.40   9.7     E   16.2   15.8   15.8  1005.6   0.00    0.0    0.022   0.000   24.4    61   16.4   24.9   11.03   1.1560     351     1    100.0   15 
 4/05/25  21:00   16.2   16.4   16.0    70   10.7    0.0    SSO   0.00   3.2     S   16.2   15.8   15.8  1005.6   0.00    0.0    0.023   0.000   24.3    61   16.3   24.8   11.03   1.1565     352     1    100.0   15 
 4/05/25  21:15   16.0   16.1   15.9    71   10.7    0.0     NO   0.00   3.2    NO   16.0   15.7   15.7  1005.6   0.00    0.0    0.024   0.000   24.2    61   16.2   24.7   11.04   1.1570     350     1    100.0   15 
 4/05/25  21:30   15.7   15.9   15.3    75   11.2    1.6     NO   0.40   8.0     O   15.7   15.4   15.4  1005.7   0.00    0.0    0.028   0.000   24.1    61   16.1   24.6   11.04   1.1578     351     1    100.0   15 
 4/05/25  21:45   15.1   15.3   15.1    77   11.1    1.6    ONO   0.40   6.4     O   15.1   14.9   14.9  1005.7   0.00    0.0    0.034   0.000   24.0    61   16.0   24.5   11.05   1.1583     351     1    100.0   15 
 4/05/25  22:00   14.9   15.1   14.9    78   11.1    1.6     NO   0.40   6.4   NNO   14.9   14.8   14.8  1005.6   0.00    0.0    0.035   0.000   23.9    61   15.9   24.4   11.05   1.1588     352     1    100.0   15 
 4/05/25  22:15   14.8   14.9   14.7    80   11.4    1.6    OSO   0.40   4.8   NNO   14.8   14.7   14.7  1005.6   0.00    0.0    0.037   0.000   23.8    62   16.1   24.3   11.25   1.1590     351     1    100.0   15 
 4/05/25  22:30   14.4   14.7   14.3    82   11.4    1.6     NO   0.40   9.7   NNO   14.4   14.3   14.3  1005.6   0.00    0.0    0.041   0.000   23.7    62   16.0   24.2   11.26   1.1596     351     1    100.0   15 
 4/05/25  22:45   14.2   14.2   14.2    82   11.2    4.8     NO   1.21  11.3   OSO   14.2   14.1   14.1  1005.6   0.00    0.0    0.043   0.000   23.5    62   15.8   24.0   11.26   1.1604     350     1    100.0   15 
 4/05/25  23:00   14.3   14.4   14.2    80   10.9    4.8     NO   1.21  11.3     N   14.3   14.2   14.2  1005.7   0.00    0.0    0.042   0.000   23.4    62   15.7   23.9   11.27   1.1609     351     1    100.0   15 
 4/05/25  23:15   14.3   14.4   14.3    79   10.7    4.8     NO   1.21  11.3   NNO   14.3   14.2   14.2  1005.7   0.00    0.0    0.042   0.000   23.3    62   15.6   23.8   11.27   1.1615     352     1    100.0   15 
 4/05/25  23:30   14.3   14.3   14.2    79   10.7    3.2     NO   0.80   9.7   NNO   14.3   14.1   14.1  1005.7   0.00    0.0    0.042   0.000   23.2    62   15.5   23.7   11.27   1.1621     350     1    100.0   15 
 4/05/25  23:45   14.0   14.2   13.9    80   10.6    3.2     NO   0.80   9.7    NO   14.0   13.8   13.8  1005.7   0.00    0.0    0.045   0.000   23.1    62   15.4   23.5   11.28   1.1626     351     1    100.0   15 
 5/05/25  00:00   13.9   14.0   13.9    79   10.4    3.2     NO   0.80   6.4   NNO   13.9   13.8   13.8  1005.7   0.00    0.0    0.046   0.000   23.0    62   15.3   23.4   11.28   1.1631     350     1    100.0   15 
 5/05/25   0:15   14.2   14.3   14.0    78   10.4    1.6     NO   0.40   9.7   ONO   14.2   14.1   14.1  1005.7   0.00    0.0    0.043   0.000   22.9    63   15.5   23.3   11.48   1.1632     349     1    100.0   15 
 5/05/25   0:30   14.1   14.3   13.8    79   10.5    0.0      S   0.00   3.2     S   14.1   13.9   13.9  1005.8   0.00    0.0    0.044   0.000   22.8    63   15.4   23.2   11.49   1.1638     352     1    100.0   15 
 5/05/25   0:45   13.6   13.8   13.4    81   10.4    0.0      S   0.00   4.8     S   13.6   13.4   13.4  1005.8   0.00    0.0    0.050   0.000   22.7    63   15.3   23.0   11.49   1.1644     351     1    100.0   15 
 5/05/25   1:00   13.4   13.5   13.3    81   10.2    3.2     NO   0.80   8.0   NNO   13.4   13.3   13.3  1005.6   0.00    0.0    0.051   0.000   22.6    63   15.2   22.8   11.50   1.1648     351     1    100.0   15 
 5/05/25   1:15   13.6   13.7   13.5    80   10.2    3.2     NO   0.80   8.0   NNO   13.6   13.4   13.4  1005.5   0.00    0.0    0.050   0.000   22.6    63   15.2   22.8   11.50   1.1649     351     1    100.0   15 
 5/05/25   1:30   13.7   13.7   13.7    81   10.5    3.2     NO   0.80   8.0     O   13.7   13.5   13.5  1005.3   0.00    0.0    0.049   0.000   22.4    63   15.1   22.6   11.50   1.1653     351     1    100.0   15 
 5/05/25   1:45   13.6   13.7   13.4    81   10.4    1.6     NO   0.40   4.8     O   13.6   13.4   13.4  1005.2   0.00    0.0    0.049   0.000   22.3    63   14.9   22.4   11.51   1.1657     351     1    100.0   15 
 5/05/25   2:00   13.3   13.4   13.3    82   10.3    3.2     NO   0.80   4.8   ONO   13.3   13.2   13.2  1005.3   0.00    0.0    0.052   0.000   22.3    63   14.9   22.4   11.51   1.1661     351     1    100.0   15 
 5/05/25   2:15   13.3   13.4   13.3    82   10.3    1.6      O   0.40   6.4   ONO   13.3   13.2   13.2  1005.2   0.00    0.0    0.052   0.000   22.2    63   14.8   22.2   11.51   1.1666     351     1    100.0   15 
 5/05/25   2:30   13.4   13.4   13.3    82   10.4    1.6     NO   0.40   9.7     N   13.4   13.3   13.3  1005.2   0.00    0.0    0.052   0.000   22.1    63   14.7   22.2   11.51   1.1669     351     1    100.0   15 
 5/05/25   2:45   13.3   13.3   13.3    82   10.3    1.6    ONO   0.40   6.4    SO   13.3   13.2   13.2  1005.4   0.00    0.0    0.053   0.000   22.0    63   14.6   22.0   11.52   1.1677     351     1    100.0   15 
 5/05/25   3:00   13.3   13.3   13.2    82   10.3    1.6      E   0.40   8.0     E   13.3   13.2   13.2  1005.4   0.00    0.0    0.053   0.000   21.9    63   14.5   21.8   11.52   1.1683     351     1    100.0   15 
 5/05/25   3:15   13.1   13.2   13.1    83   10.3    0.0    NNO   0.00   3.2   NNO   13.1   13.0   13.0  1005.4   0.00    0.0    0.054   0.000   21.8    63   14.5   21.8   11.52   1.1685     351     1    100.0   15 
 5/05/25   3:30   13.0   13.1   12.9    83   10.2    0.0    NNO   0.00   3.2   NNO   13.0   12.9   12.9  1005.5   0.00    0.0    0.056   0.000   21.7    63   14.4   21.6   11.53   1.1692     351     1    100.0   15 
 5/05/25   3:45   12.8   12.9   12.7    84   10.2    1.6     NO   0.40   4.8   ONO   12.8   12.8   12.8  1005.5   0.00    0.0    0.057   0.000   21.7    63   14.3   21.5   11.53   1.1695     352     1    100.0   15 
 5/05/25   4:00   12.8   12.8   12.7    84   10.2    1.6     NO   0.40   4.8    NO   12.8   12.8   12.8  1005.7   0.00    0.0    0.057   0.000   21.6    63   14.2   21.4   11.53   1.1703     351     1    100.0   15 
 5/05/25   4:15   12.7   12.8   12.7    84   10.1    1.6     NO   0.40   8.0     O   12.7   12.7   12.7  1005.5   0.00    0.0    0.058   0.000   21.4    63   14.1   21.2   11.54   1.1706     350     1    100.0   15 
 5/05/25   4:30   12.5   12.7   12.4    86   10.2    1.6     NO   0.40   6.4     O   12.5   12.4   12.4  1005.6   0.00    0.0    0.061   0.000   21.4    64   14.3   21.2   11.65   1.1708     350     1    100.0   15 
 5/05/25   4:45   12.3   12.4   12.2    86   10.1    1.6     NO   0.40   6.4    NO   12.3   12.3   12.3  1005.8   0.00    0.0    0.062   0.000   21.3    64   14.2   21.1   11.65   1.1715     351     1    100.0   15 
 5/05/25   5:00   12.2   12.3   12.2    87   10.1    1.6     NO   0.40  11.3     O   12.2   12.2   12.2  1005.8   0.00    0.0    0.064   0.000   21.2    64   14.1   21.0   11.65   1.1719     352     1    100.0   15 
 5/05/25   5:15   12.3   12.4   12.2    86   10.1    1.6     NO   0.40   6.4   ONO   12.3   12.3   12.3  1006.0   0.00    0.0    0.062   0.000   21.1    64   14.0   20.9   11.65   1.1726     351     1    100.0   15 
 5/05/25   5:30   12.1   12.2   12.1    87   10.0    0.0     NO   0.00   3.2    NO   12.1   12.1   12.1  1006.0   0.00    0.0    0.065   0.000   21.1    64   14.0   20.8   11.65   1.1730     351     1    100.0   15 
 5/05/25   5:45   12.2   12.5   12.1    87   10.1    0.0     NO   0.00   8.0    NO   12.2   12.2   12.2  1006.1   0.00    0.0    0.064   0.000   21.1    64   14.0   20.8   11.65   1.1730     351     1    100.0   15 
 5/05/25   6:00   12.9   13.3   12.6    86   10.6    0.0     NO   0.00   3.2    NO   12.9   12.8   12.8  1006.2   0.00    0.0    0.057   0.000   21.5    63   14.2   21.3   11.54   1.1711     352     1    100.0   15 
 5/05/25   6:15   13.7   14.1   13.3    83   10.8    1.6     NO   0.40   4.8    NO   13.7   13.6   13.6  1006.1   0.00    0.0    0.049   0.000   22.2    62   14.6   22.3   11.31   1.1677     351     1    100.0   15 
 5/05/25   6:30   14.4   14.7   14.1    80   11.0    1.6     NO   0.40   6.4    NO   14.4   14.3   14.3  1006.2   0.00    0.0    0.041   0.000   22.9    60   14.8   23.2   10.98   1.1648     350     1    100.0   15 
 5/05/25   6:45   14.6   14.7   14.6    79   11.0    3.2     NO   0.80   6.4   ONO   14.6   14.4   14.4  1006.3   0.00    0.0    0.039   0.000   23.4    60   15.2   23.8   10.97   1.1622     351     1    100.0   15 
 5/05/25   7:00   14.7   14.9   14.6    79   11.1    1.6     NO   0.40   9.7   NNO   14.7   14.6   14.6  1006.2   0.00    0.0    0.038   0.000   23.7    60   15.4   24.1   10.96   1.1610     350     1    100.0   15 
 5/05/25   7:15   14.9   15.0   14.9    79   11.3    1.6     NO   0.40   9.7    NO   14.9   14.8   14.8  1006.3   0.00    0.0    0.035   0.000   24.0    60   15.8   24.5   10.94   1.1594     351     1    100.0   15 
 5/05/25   7:30   15.3   15.7   14.9    76   11.1    3.2     SO   0.80   8.0   OSO   15.3   15.1   15.1  1006.4   0.00    0.0    0.031   0.000   24.3    60   16.0   24.7   10.92   1.1581     351     1    100.0   15 
 5/05/25   7:45   15.8   15.9   15.7    75   11.4    3.2    ONO   0.80   9.7     N   15.8   15.7   15.7  1006.4   0.00    0.0    0.026   0.000   24.6    60   16.3   24.9   10.90   1.1567     351     1    100.0   15 
