                 Temp.  Temp.  Temp.  Hum.   Punt   Vel.   Dir.   Rec.  Vel.  Dir.  Sens.   Índ.   Índ.                  Int. Graus D.Graus D.  Temp.  Hum. Rosada  In.Cal.  EMC     Dens.    Mostr   Tx   Recep.  Int.
  Data    Hora    Ext.   Màx.   Mín.  Ext. Rosada   Vent   Vent   Vent  Màx.  Màx.  Tèrm.  Calor   THW    Bar    Pluja   Pluja  Calor    Fred    Int.  Int.   Int.   Int.    Int.  Int.Aire    Vent   Vent   ISS   Arc.
-------------------------------------------------------------------------------------------------------------------------------------------------------------------------------------------------------------------------
 9/05/25   0:15   13.1   13.1   13.0    93   11.9    0.0    ---   0.00   0.0   ---   13.1   13.2   13.2  1010.9   0.00    0.0    0.055   0.000   23.2    58   14.5   23.4   10.60   1.1695     348     1    100.0   15 
 9/05/25   0:30   12.9   13.0   12.8    93   11.8    0.0    ---   0.00   0.0   ---   12.9   13.1   13.1  1010.8   0.00    0.0    0.056   0.000   23.4    57   14.4   23.7   10.38   1.1686     351     1    100.0   15 
 9/05/25   0:45   12.7   12.9   12.7    93   11.6    0.0    ---   0.00   0.0   ---   12.7   12.8   12.8  1010.6   0.00    0.0    0.058   0.000   23.6    57   14.6   23.9   10.37   1.1675     350     1    100.0   15 
 9/05/25   1:00   12.9   12.9   12.7    93   11.8    0.0      E   0.00   1.6     E   12.9   13.0   13.0  1010.4   0.00    0.0    0.057   0.000   23.8    57   14.7   24.1   10.36   1.1664     350     1    100.0   15 
 9/05/25   1:15   12.8   12.9   12.8    93   11.7    0.0      E   0.00   3.2     E   12.8   12.9   12.9  1010.4   0.00    0.0    0.058   0.000   23.8    57   14.8   24.2   10.35   1.1661     352     1    100.0   15 
 9/05/25   1:30   12.8   12.8   12.7    93   11.7    0.0    ENE   0.00   8.0     E   12.8   12.9   12.9  1010.3   0.40    2.0    0.058   0.000   23.9    56   14.6   24.2   10.25   1.1661     351     1    100.0   15 
 9/05/25   1:45   12.6   12.7   12.6    94   11.6    0.0      E   0.00   3.2    NE   12.6   12.7   12.7  1010.2   0.60    5.2    0.060   0.000   23.8    57   14.8   24.2   10.35   1.1659     351     1    100.0   15 
 9/05/25   2:00   12.6   12.6   12.5    94   11.6    0.0     NE   0.00   3.2    NE   12.6   12.7   12.7  1010.2   0.20    5.2    0.060   0.000   23.6    57   14.6   23.9   10.37   1.1670     350     1    100.0   15 
 9/05/25   2:15   12.6   12.6   12.5    94   11.6    0.0     NE   0.00   1.6    NE   12.6   12.7   12.7  1010.1   0.20    1.4    0.060   0.000   23.3    57   14.3   23.6   10.39   1.1683     350     1    100.0   15 
 9/05/25   2:30   12.5   12.6   12.4    95   11.7    0.0     NE   0.00   1.6    NE   12.5   12.6   12.6  1010.1   0.20    1.0    0.061   0.000   23.1    58   14.3   23.3   10.61   1.1694     349     1    100.0   15 
 9/05/25   2:45   12.4   12.4   12.3    95   11.6    0.0    NNE   0.00   1.6   NNE   12.4   12.5   12.5  1010.1   0.40    1.2    0.062   0.000   22.8    58   14.1   23.0   10.63   1.1705     351     1    100.0   15 
 9/05/25   3:00   12.3   12.3   12.2    95   11.5    0.0    NNE   0.00   3.2   NNE   12.3   12.4   12.4  1010.1   0.60    2.8    0.063   0.000   22.6    58   13.9   22.7   10.64   1.1717     351     1    100.0   15 
 9/05/25   3:15   12.2   12.2   12.2    95   11.4    0.0      N   0.00   1.6     N   12.2   12.3   12.3  1010.0   0.40    2.8    0.064   0.000   22.4    59   14.0   22.4   10.85   1.1720     350     1    100.0   15 
 9/05/25   3:30   12.2   12.2   12.1    95   11.4    0.0      N   0.00   3.2     N   12.2   12.3   12.3  1009.9   0.40    1.6    0.064   0.000   22.3    59   13.9   22.2   10.87   1.1728     351     1    100.0   15 
 9/05/25   3:45   12.1   12.1   12.1    95   11.3    1.6    ENE   0.40   4.8   NNE   12.1   12.2   12.2  1009.9   0.20    1.8    0.065   0.000   22.1    59   13.7   21.9   10.88   1.1739     351     1    100.0   15 
 9/05/25   4:00   12.1   12.1   12.1    95   11.3    0.0    ENE   0.00   3.2   ENE   12.1   12.2   12.2  1010.1   0.40    1.0    0.065   0.000   21.9    60   13.8   21.7   11.02   1.1747     351     1    100.0   15 
 9/05/25   4:15   12.1   12.1   12.0    96   11.4    0.0    ENE   0.00   4.8   ENE   12.1   12.2   12.2  1010.0   0.60    2.4    0.065   0.000   21.7    60   13.6   21.4   11.03   1.1755     349     1    100.0   15 
 9/05/25   4:30   12.0   12.0   12.0    96   11.4    0.0      E   0.00   4.8     E   12.0   12.2   12.2  1010.1   0.20    1.8    0.066   0.000   21.6    60   13.5   21.2   11.03   1.1765     351     1    100.0   15 
 9/05/25   4:45   11.9   12.0   11.9    96   11.3    0.0      E   0.00   3.2     E   11.9   12.1   12.1  1010.3   0.00    0.0    0.067   0.000   21.4    60   13.4   21.1   11.04   1.1773     351     1    100.0   15 
 9/05/25   5:00   11.4   11.9   10.9    95   10.7    0.0    NNE   0.00   1.6   NNE   11.4   11.6   11.6  1010.4   0.00    0.0    0.072   0.000   21.3    60   13.2   20.9   11.04   1.1779     351     1    100.0   15 
 9/05/25   5:15   10.9   11.2   10.8    96   10.3    0.0    NNE   0.00   3.2   NNE   10.9   11.1   11.1  1010.4   0.00    0.0    0.078   0.000   21.7    60   13.6   21.4   11.03   1.1762     351     1    100.0   15 
 9/05/25   5:30   11.4   11.6   11.2    96   10.8    0.0     NO   0.00   6.4    NO   11.4   11.6   11.6  1010.4   0.00    0.0    0.072   0.000   22.2    59   13.8   22.1   10.87   1.1737     352     1    100.0   15 
 9/05/25   5:45   11.6   11.7   11.4    96   10.9    0.0    NNO   0.00   3.2    NO   11.6   11.7   11.7  1010.6   0.00    0.0    0.071   0.000   22.7    58   14.0   22.7   10.64   1.1719     351     1    100.0   15 
 9/05/25   6:00   11.8   11.9   11.7    96   11.2    0.0    ENE   0.00   6.4   ENE   11.8   12.0   12.0  1010.7   0.00    0.0    0.068   0.000   22.9    58   14.2   23.1   10.62   1.1710     351     1    100.0   15 
 9/05/25   6:15   11.7   11.9   11.6    96   11.1    0.0    NNE   0.00   4.8   NNO   11.7   11.9   11.9  1010.8   0.00    0.0    0.069   0.000   23.1    57   14.1   23.2   10.41   1.1706     349     1    100.0   15 
 9/05/25   6:30   12.1   12.4   11.9    97   11.6    0.0    NNO   0.00   3.2   NNO   12.1   12.3   12.3  1010.8   0.00    0.0    0.065   0.000   23.3    58   14.6   23.6   10.59   1.1688     351     1    100.0   15 
 9/05/25   6:45   12.8   13.1   12.4    97   12.4    1.6     NO   0.40   4.8    NO   12.8   13.0   13.0  1010.9   0.00    0.0    0.057   0.000   23.7    58   15.0   24.1   10.56   1.1669     352     1    100.0   15 
 9/05/25   7:00   13.3   13.4   13.1    97   12.8    0.0    NNO   0.00   4.8     E   13.3   13.4   13.4  1011.0   0.00    0.0    0.053   0.000   24.1    58   15.3   24.4   10.54   1.1653     350     1    100.0   15 
 9/05/25   7:15   13.1   13.4   12.8    96   12.4    1.6      E   0.40  11.3   ENE   13.1   13.2   13.2  1011.1   0.00    0.0    0.055   0.000   24.2    58   15.4   24.5   10.53   1.1649     351     1    100.0   15 
 9/05/25   7:30   13.2   13.4   13.1    96   12.6    0.0      E   0.00   4.8     E   13.2   13.3   13.3  1011.2   0.00    0.0    0.053   0.000   24.2    58   15.4   24.6   10.53   1.1647     349     1    100.0   15 
 9/05/25   7:45   13.6   13.8   13.4    96   13.0    3.2      E   0.80  12.9     E   13.6   13.7   13.7  1011.3   0.00    0.0    0.049   0.000   24.4    57   15.3   24.7   10.31   1.1643     352     1    100.0   15 
 9/05/25   8:00   13.2   13.4   13.1    96   12.6    4.8    ENE   1.21  11.3     E   13.2   13.3   13.3  1011.4   0.00    0.0    0.053   0.000   24.5    57   15.4   24.8   10.31   1.1639     351     1    100.0   15 
 9/05/25   8:15   13.6   13.8   13.4    95   12.8    3.2    ENE   0.80  12.9   ENE   13.6   13.7   13.7  1011.4   0.00    0.0    0.049   0.000   24.5    57   15.4   24.8   10.31   1.1639     351     1    100.0   15 
 9/05/25   8:30   14.4   14.8   13.8    93   13.3    4.8    ENE   1.21  12.9   ENE   14.4   14.5   14.5  1011.4   0.00    0.0    0.041   0.000   24.6    56   15.2   24.8   10.20   1.1640     350     1    100.0   15 
 9/05/25   8:45   14.9   15.3   14.8    89   13.1    3.2    ENE   0.80  12.9   ENE   14.9   14.9   14.9  1011.4   0.00    0.0    0.036   0.000   24.6    56   15.2   24.8   10.20   1.1636     350     1    100.0   15 
 9/05/25   9:00   15.8   16.2   15.3    83   12.9    4.8    ESE   1.21  11.3   ESE   15.8   15.9   15.9  1011.5   0.00    0.0    0.026   0.000   24.7    56   15.3   24.9   10.19   1.1635     352     1    100.0   15 
 9/05/25   9:15   16.4   16.7   16.2    80   12.9    4.8    ENE   1.21  14.5   ENE   16.4   16.4   16.4  1011.5   0.00    0.0    0.020   0.000   24.7    56   15.3   24.9   10.19   1.1635     351     1    100.0   15 
 9/05/25   9:30   16.8   17.1   16.7    77   12.8    3.2      E   0.80  12.9   ENE   16.8   16.8   16.8  1011.4   0.00    0.0    0.016   0.000   24.7    56   15.3   24.9   10.19   1.1634     351     1    100.0   15 
 9/05/25   9:45   17.3   17.6   17.1    75   12.9    4.8      E   1.21  14.5   ENE   17.3   17.3   17.3  1011.3   0.00    0.0    0.010   0.000   24.7    56   15.3   24.9   10.19   1.1633     350     1    100.0   15 
 9/05/25  10:00   17.5   17.7   17.3    77   13.4    3.2    ENE   0.80   9.7     E   17.5   17.6   17.6  1011.3   0.00    0.0    0.009   0.000   24.7    56   15.3   24.9   10.19   1.1633     352     1    100.0   15 
 9/05/25  10:15   16.9   17.3   16.8    77   12.9    3.2      E   0.80   9.7     E   16.9   16.9   16.9  1011.3   0.00    0.0    0.014   0.000   24.6    56   15.2   24.8   10.20   1.1639     351     1    100.0   15 
 9/05/25  10:30   17.4   18.2   16.8    73   12.5    1.6      E   0.40   8.0     E   17.4   17.3   17.3  1011.4   0.00    0.0    0.010   0.000   24.4    57   15.4   24.7   10.31   1.1641     351     1    100.0   15 
 9/05/25  10:45   18.6   18.7   18.2    70   13.0    3.2      E   0.80   9.7     E   18.6   18.7   18.7  1011.4   0.00    0.0    0.000   0.003   24.4    56   15.1   24.7   10.21   1.1645     351     1    100.0   15 
 9/05/25  11:00   18.0   18.5   17.5    74   13.3    4.8    ENE   1.21  12.9   ENE   18.0   18.1   18.1  1011.3   0.00    0.0    0.003   0.000   24.5    56   15.1   24.7   10.21   1.1642     351     1    100.0   15 
 9/05/25  11:15   17.6   17.9   17.4    74   12.9    6.4    ENE   1.61  19.3   ENE   17.6   17.6   17.6  1011.3   0.00    0.0    0.008   0.000   24.4    56   15.1   24.7   10.21   1.1644     350     1    100.0   15 
 9/05/25  11:30   17.9   18.1   17.8    74   13.2    4.8     NE   1.21  16.1     E   17.9   17.9   17.9  1011.3   0.00    0.0    0.005   0.000   24.4    56   15.0   24.6   10.21   1.1647     350     1    100.0   15 
 9/05/25  11:45   18.6   19.1   18.2    71   13.2    4.8      E   1.21  12.9   ESE   18.6   18.6   18.6  1011.2   0.00    0.0    0.000   0.002   24.4    56   15.0   24.6   10.21   1.1645     351     1    100.0   15 
 9/05/25  12:00   19.3   19.4   19.2    69   13.5    4.8      E   1.21  14.5     E   19.3   19.5   19.5  1011.2   0.00    0.0    0.000   0.010   24.4    56   15.1   24.7   10.21   1.1643     350     1    100.0   15 
 9/05/25  12:15   19.5   19.7   19.3    69   13.7    4.8      E   1.21  16.1    NE   19.5   19.7   19.7  1011.2   0.00    0.0    0.000   0.012   24.5    56   15.1   24.7   10.21   1.1640     352     1    100.0   15 
 9/05/25  12:30   19.4   19.6   19.3    68   13.4    6.4      E   1.61  17.7     E   19.4   19.6   19.6  1011.1   0.00    0.0    0.000   0.012   24.5    56   15.1   24.7   10.21   1.1639     350     1    100.0   15 
 9/05/25  12:45   19.0   19.4   18.6    70   13.4    6.4      E   1.61  17.7   ENE   19.0   19.1   19.1  1011.3   0.00    0.0    0.000   0.007   24.6    56   15.2   24.8   10.20   1.1638     351     1    100.0   15 
 9/05/25  13:00   18.1   18.6   17.8    71   12.8    6.4    ENE   1.61  20.9     E   18.1   18.1   18.1  1011.3   0.00    0.0    0.002   0.000   24.4    56   15.1   24.7   10.21   1.1644     351     1    100.0   15 
 9/05/25  13:15   17.6   17.8   17.3    73   12.7    4.8     SE   1.21  16.1   ENE   17.6   17.5   17.5  1011.4   0.00    0.0    0.008   0.000   24.4    56   15.0   24.6   10.21   1.1649     350     1    100.0   15 
 9/05/25  13:30   17.3   17.3   17.2    78   13.4    1.6    SSE   0.40   9.7     E   17.3   17.4   17.4  1011.8   0.20    0.0    0.011   0.000   24.3    56   14.9   24.5   10.22   1.1658     349     1    100.0   15 
 9/05/25  13:45   16.7   17.3   15.8    83   13.8    1.6    OSO   0.40   6.4    NO   16.7   16.8   16.8  1011.9   1.60   11.4    0.017   0.000   24.2    57   15.1   24.5   10.33   1.1661     349     1    100.0   15 
 9/05/25  14:00   15.6   15.8   15.1    86   13.2    3.2      E   0.80   9.7     E   15.6   15.6   15.6  1011.9   1.80   14.2    0.029   0.000   24.1    57   15.1   24.4   10.33   1.1665     351     1    100.0   15 
 9/05/25  14:15   14.9   15.1   14.7    90   13.3    1.6      O   0.40   4.8     O   14.9   15.0   15.0  1012.0   0.40   14.2    0.036   0.000   24.0    58   15.2   24.4   10.54   1.1667     351     1    100.0   15 
 9/05/25  14:30   14.7   14.8   14.6    91   13.2    0.0      O   0.00   3.2   SSE   14.7   14.8   14.8  1012.0   0.60    3.0    0.038   0.000   23.9    58   15.1   24.3   10.55   1.1673     350     1    100.0   15 
 9/05/25  14:45   14.4   14.6   14.3    92   13.2    0.0    OSO   0.00   3.2   OSO   14.4   14.6   14.6  1011.9   0.40    2.2    0.041   0.000   23.8    58   15.1   24.2   10.55   1.1676     350     1    100.0   15 
 9/05/25  15:00   14.7   14.8   14.5    92   13.4    0.0    ENE   0.00   4.8   ENE   14.7   14.8   14.8  1011.9   0.00    0.8    0.038   0.000   23.8    58   15.1   24.2   10.55   1.1675     351     1    100.0   15 
 9/05/25  15:15   15.3   16.0   14.8    93   14.2    0.0    ESE   0.00   3.2     E   15.3   15.4   15.4  1011.7   0.00    0.0    0.032   0.000   23.8    58   15.1   24.2   10.55   1.1672     351     1    100.0   15 
 9/05/25  15:30   16.2   16.3   16.1    90   14.5    3.2    ENE   0.80  11.3   ESE   16.2   16.4   16.4  1011.5   0.00    0.0    0.023   0.000   23.9    58   15.2   24.3   10.55   1.1665     350     1    100.0   15 
 9/05/25  15:45   16.2   16.3   16.1    89   14.4    3.2    ENE   0.80  11.3   ENE   16.2   16.4   16.4  1011.3   0.00    0.0    0.022   0.000   23.9    58   15.2   24.3   10.55   1.1663     351     1    100.0   15 
 9/05/25  16:00   16.1   16.2   16.1    89   14.3    3.2      E   0.80   8.0     E   16.1   16.3   16.3  1011.3   0.00    0.0    0.023   0.000   23.9    58   15.2   24.3   10.55   1.1663     349     1    100.0   15 
 9/05/25  16:15   16.3   16.6   16.1    89   14.5    1.6      E   0.40   4.8     E   16.3   16.6   16.6  1011.4   0.00    0.0    0.021   0.000   23.9    58   15.1   24.3   10.55   1.1667     351     1    100.0   15 
 9/05/25  16:30   16.4   16.6   16.2    85   13.9    3.2    ESE   0.80  11.3   ENE   16.4   16.6   16.6  1011.4   0.00    0.0    0.020   0.000   23.8    59   15.3   24.3   10.75   1.1667     352     1    100.0   15 
 9/05/25  16:45   16.4   16.9   16.1    82   13.4    3.2      E   0.80  11.3     E   16.4   16.6   16.6  1011.4   0.00    0.0    0.020   0.000   23.8    58   15.1   24.2   10.55   1.1670     351     1    100.0   15 
 9/05/25  17:00   17.3   17.5   16.9    76   13.0    4.8      E   1.21  16.1   ENE   17.3   17.3   17.3  1011.6   0.00    0.0    0.011   0.000   23.8    58   15.0   24.2   10.56   1.1675     350     1    100.0   15 
 9/05/25  17:15   17.6   17.7   17.4    75   13.1    4.8    ESE   1.21  12.9   ENE   17.6   17.6   17.6  1011.7   0.00    0.0    0.008   0.000   23.7    58   14.9   24.0   10.57   1.1681     351     1    100.0   15 
 9/05/25  17:30   17.2   17.4   16.8    76   13.0    4.8      E   1.21  14.5   ESE   17.2   17.2   17.2  1011.8   0.00    0.0    0.012   0.000   23.5    58   14.8   23.8   10.58   1.1691     349     1    100.0   15 
 9/05/25  17:45   16.6   16.8   16.3    77   12.5    3.2    ESE   0.80   9.7     E   16.6   16.5   16.5  1011.8   0.00    0.0    0.019   0.000   23.3    59   14.9   23.7   10.79   1.1697     350     1    100.0   15 
 9/05/25  18:00   16.1   16.3   16.0    79   12.5    3.2      E   0.80  11.3     E   16.1   16.1   16.1  1011.9   0.00    0.0    0.023   0.000   23.1    59   14.7   23.4   10.81   1.1708     350     1    100.0   15 
 9/05/25  18:15   15.8   16.0   15.6    80   12.3    3.2      E   0.80   9.7     E   15.8   15.7   15.7  1012.1   0.00    0.0    0.027   0.000   23.0    59   14.6   23.2   10.81   1.1717     350     1    100.0   15 
 9/05/25  18:30   15.2   15.6   15.1    82   12.2    3.2    ENE   0.80   9.7     E   15.2   15.2   15.2  1012.2   0.00    0.0    0.032   0.000   22.9    59   14.5   23.2   10.82   1.1721     351     1    100.0   15 
 9/05/25  18:45   15.0   15.1   14.9    84   12.3    1.6    ESE   0.40   8.0     E   15.0   15.0   15.0  1012.4   0.00    0.0    0.035   0.000   23.3    59   14.8   23.6   10.79   1.1706     352     1    100.0   15 
 9/05/25  19:00   14.9   15.0   14.9    86   12.6    3.2    ESE   0.80   9.7     E   14.9   14.9   14.9  1012.6   0.00    0.0    0.035   0.000   23.6    58   14.9   23.9   10.57   1.1695     351     1    100.0   15 
 9/05/25  19:15   15.0   15.1   15.0    86   12.7    3.2      E   0.80   9.7     E   15.0   15.0   15.0  1012.6   0.00    0.0    0.035   0.000   23.8    58   15.1   24.2   10.55   1.1683     350     1    100.0   15 
 9/05/25  19:30   14.7   15.0   14.6    87   12.6    1.6      E   0.40   8.0     E   14.7   14.7   14.7  1012.9   0.00    0.0    0.038   0.000   23.9    58   15.1   24.3   10.55   1.1684     350     1    100.0   15 
 9/05/25  19:45   14.6   14.6   14.6    88   12.6    1.6    ESE   0.40   4.8   ENE   14.6   14.6   14.6  1013.2   0.00    0.0    0.039   0.000   24.2    57   15.1   24.5   10.33   1.1677     352     1    100.0   15 
 9/05/25  20:00   14.4   14.6   14.2    88   12.5    1.6      E   0.40   4.8   ESE   14.4   14.4   14.4  1013.4   0.00    0.0    0.041   0.000   24.2    57   15.2   24.5   10.33   1.1676     350     1    100.0   15 
 9/05/25  20:15   14.3   14.3   14.2    90   12.7    1.6      E   0.40   8.0     E   14.3   14.3   14.3  1013.6   0.00    0.0    0.042   0.000   24.2    57   15.2   24.5   10.33   1.1679     349     1    100.0   15 
 9/05/25  20:30   14.3   14.3   14.3    90   12.7    0.0      E   0.00   4.8     E   14.3   14.3   14.3  1013.8   0.00    0.0    0.042   0.000   24.1    57   15.1   24.4   10.33   1.1687     349     1    100.0   15 
 9/05/25  20:45   14.3   14.4   14.3    91   12.9    0.0    ENE   0.00   6.4   ENE   14.3   14.4   14.4  1014.0   0.00    0.0    0.042   0.000   23.9    58   15.1   24.3   10.55   1.1697     350     1    100.0   15 
 9/05/25  21:00   14.4   14.4   14.4    91   13.0    0.0    ENE   0.00   4.8   ENE   14.4   14.5   14.5  1014.1   0.00    0.0    0.041   0.000   23.6    58   14.9   23.9   10.57   1.1713     350     1    100.0   15 
 9/05/25  21:15   14.4   14.4   14.4    91   13.0    0.0    ENE   0.00   1.6   ENE   14.4   14.5   14.5  1014.2   0.00    0.0    0.041   0.000   23.4    59   14.9   23.7   10.79   1.1722     351     1    100.0   15 
 9/05/25  21:30   14.4   14.4   14.4    91   13.0    0.0    ENE   0.00   8.0     E   14.4   14.5   14.5  1014.2   0.00    0.0    0.041   0.000   23.2    59   14.7   23.4   10.80   1.1733     351     1    100.0   15 
 9/05/25  21:45   14.3   14.4   14.2    92   13.0    1.6    ENE   0.40   8.0   ENE   14.3   14.4   14.4  1014.2   0.00    0.0    0.042   0.000   23.0    59   14.6   23.2   10.81   1.1741     351     1    100.0   15 
 9/05/25  22:00   14.2   14.2   14.1    92   12.9    1.6    ENE   0.40   6.4   ENE   14.2   14.3   14.3  1014.3   0.00    0.0    0.043   0.000   22.8    60   14.6   23.0   10.99   1.1751     352     1    100.0   15 
 9/05/25  22:15   14.1   14.1   14.1    92   12.8    1.6    ENE   0.40   9.7     E   14.1   14.2   14.2  1014.2   0.00    0.0    0.045   0.000   22.6    60   14.5   22.7   11.00   1.1758     351     1    100.0   15 
 9/05/25  22:30   14.1   14.1   14.0    92   12.8    1.6    ENE   0.40  11.3     E   14.1   14.2   14.2  1014.2   0.00    0.0    0.045   0.000   22.4    60   14.3   22.5   11.00   1.1767     350     1    100.0   15 
 9/05/25  22:45   14.0   14.0   13.9    92   12.7    0.0      E   0.00   4.8     E   14.0   14.1   14.1  1014.2   0.00    0.0    0.045   0.000   22.3    61   14.4   22.3   11.17   1.1772     350     1    100.0   15 
 9/05/25  23:00   13.9   14.0   13.9    92   12.7    0.0    ENE   0.00   4.8   ENE   13.9   14.0   14.0  1014.3   0.00    0.0    0.046   0.000   22.1    61   14.2   22.1   11.18   1.1783     352     1    100.0   15 
 9/05/25  23:15   13.9   13.9   13.9    92   12.6    0.0     NE   0.00   8.0    NE   13.9   13.9   13.9  1014.4   0.00    0.0    0.046   0.000   21.9    61   14.1   21.8   11.19   1.1792     351     1    100.0   15 
 9/05/25  23:30   13.9   13.9   13.9    92   12.7    0.0    ---   0.00   0.0   ---   13.9   14.0   14.0  1014.6   0.00    0.0    0.046   0.000   21.8    61   14.0   21.7   11.20   1.1800     351     1    100.0   15 
 9/05/25  23:45   14.0   14.1   13.9    92   12.7    0.0    ENE   0.00   4.8   ENE   14.0   14.1   14.1  1014.3   0.00    0.0    0.045   0.000   21.7    61   13.9   21.5   11.21   1.1802     351     1    100.0   15 
10/05/25  00:00   14.0   14.1   14.0    92   12.7    0.0    ENE   0.00   3.2   ENE   14.0   14.1   14.1  1014.3   0.00    0.0    0.045   0.000   21.6    62   14.0   21.4   11.33   1.1805     351     1    100.0   15 
10/05/25   0:15   14.0   14.1   14.0    91   12.6    0.0    ---   0.00   0.0   ---   14.0   14.1   14.1  1014.4   0.00    0.0    0.045   0.000   21.5    62   13.9   21.3   11.34   1.1811     304     1     88.9   15 
10/05/25   0:30   14.0   14.0   14.0    91   12.6    0.0    ---   0.00   0.0   ---   14.0   14.1   14.1  1014.3   0.00    0.0    0.045   0.000   21.4    62   13.8   21.1   11.34   1.1816     351     1    100.0   15 
10/05/25   0:45   14.0   14.1   14.0    91   12.6    0.0    ENE   0.00   1.6   ENE   14.0   14.1   14.1  1014.1   0.00    0.0    0.045   0.000   21.3    62   13.7   21.0   11.34   1.1819     351     1    100.0   15 
10/05/25   1:00   13.6   14.1   13.3    91   12.2    0.0      E   0.00   4.8   ENE   13.6   13.7   13.7  1014.1   0.00    0.0    0.049   0.000   21.2    62   13.6   20.9   11.35   1.1822     350     1    100.0   15 
10/05/25   1:15   13.4   13.6   13.3    91   11.9    3.2      E   0.80   9.7     E   13.4   13.4   13.4  1013.9   0.00    0.0    0.052   0.000   21.6    61   13.8   21.4   11.21   1.1803     350     1    100.0   15 
10/05/25   1:30   13.6   13.6   13.6    91   12.1    3.2    ENE   0.80  11.3   ENE   13.6   13.6   13.6  1013.9   0.00    0.0    0.050   0.000   22.1    60   14.0   22.0   11.01   1.1780     351     1    100.0   15 
10/05/25   1:45   13.6   13.7   13.6    91   12.2    1.6    ENE   0.40   6.4   ENE   13.6   13.7   13.7  1013.9   0.00    0.0    0.049   0.000   22.4    60   14.3   22.5   11.00   1.1764     350     1    100.0   15 
10/05/25   2:00   13.4   13.6   13.3    91   12.0    1.6    ENE   0.40   8.0   ENE   13.4   13.5   13.5  1013.9   0.00    0.0    0.051   0.000   22.7    59   14.2   22.8   10.84   1.1755     351     1    100.0   15 
10/05/25   2:15   13.3   13.3   13.2    92   12.0    1.6    ENE   0.40   4.8   ENE   13.3   13.3   13.3  1013.9   0.00    0.0    0.053   0.000   22.8    59   14.3   22.9   10.83   1.1749     351     1    100.0   15 
10/05/25   2:30   13.4   13.4   13.3    92   12.1    1.6    ENE   0.40   6.4   ENE   13.4   13.4   13.4  1013.8   0.00    0.0    0.052   0.000   22.9    59   14.5   23.2   10.82   1.1740     350     1    100.0   15 
10/05/25   2:45   13.4   13.5   13.4    92   12.2    0.0     NE   0.00   6.4    NE   13.4   13.5   13.5  1013.8   0.00    0.0    0.051   0.000   22.9    59   14.5   23.2   10.82   1.1740     352     1    100.0   15 
10/05/25   3:00   13.3   13.4   13.2    92   12.1    1.6    NNO   0.40   4.8     N   13.3   13.4   13.4  1013.9   0.00    0.0    0.052   0.000   22.8    59   14.4   23.0   10.83   1.1746     351     1    100.0   15 
10/05/25   3:15   13.2   13.2   13.1    92   11.9    1.6    NNO   0.40   6.4   NNO   13.2   13.2   13.2  1013.9   0.00    0.0    0.054   0.000   22.6    59   14.1   22.6   10.85   1.1760     351     1    100.0   15 
10/05/25   3:30   13.2   13.2   13.2    93   12.1    0.0    NNO   0.00   3.2   NNO   13.2   13.3   13.3  1013.8   0.00    0.0    0.054   0.000   22.3    60   14.1   22.3   11.01   1.1771     351     1    100.0   15 
10/05/25   3:45   13.2   13.3   13.2    93   12.1    0.0     NO   0.00   8.0    NO   13.2   13.3   13.3  1013.8   0.00    0.0    0.053   0.000   22.1    60   13.9   21.9   11.02   1.1783     352     1    100.0   15 
