                 Temp.  Temp.  Temp.  Hum.   Punt   Vel.   Dir.   Rec.  Vel.  Dir.  Sens.   Índ.   Índ.                  Int. Graus D.Graus D.  Temp.  Hum. Rosada  In.Cal.  EMC     Dens.    Mostr   Tx   Recep.  Int.
  Data    Hora    Ext.   Màx.   Mín.  Ext. Rosada   Vent   Vent   Vent  Màx.  Màx.  Tèrm.  Calor   THW    Bar    Pluja   Pluja  Calor    Fred    Int.  Int.   Int.   Int.    Int.  Int.Aire    Vent   Vent   ISS   Arc.
-------------------------------------------------------------------------------------------------------------------------------------------------------------------------------------------------------------------------
19/05/25   0:15   17.2   17.6   17.0    55    8.0    1.6     NO   0.40   4.8   ENE   17.2   16.4   16.4  1015.2   0.00    0.0    0.012   0.000   24.0    59   15.5   24.4   10.74   1.1702     348     1    100.0   15 
19/05/25   0:30   17.3   17.4   17.1    54    7.9    1.6     NO   0.40   6.4    NO   17.3   16.4   16.4  1014.9   0.00    0.0    0.011   0.000   23.9    59   15.4   24.4   10.75   1.1702     352     1    100.0   15 
19/05/25   0:45   17.1   17.4   16.7    57    8.5    1.6     NO   0.40   8.0    NO   17.1   16.3   16.3  1014.9   0.00    0.0    0.013   0.000   23.8    59   15.3   24.3   10.75   1.1707     351     1    100.0   15 
19/05/25   1:00   16.7   16.8   16.6    56    7.9    1.6    NNO   0.40   4.8   NNO   16.7   15.9   15.9  1014.4   0.00    0.0    0.017   0.000   23.8    59   15.3   24.2   10.76   1.1704     350     1    100.0   15 
19/05/25   1:15   16.7   16.8   16.4    60    8.9    3.2    ENE   0.80  11.3     E   16.7   16.0   16.0  1014.9   0.00    0.0    0.017   0.000   23.7    59   15.2   24.2   10.76   1.1712     350     1    100.0   15 
19/05/25   1:30   16.1   16.3   16.0    61    8.6    0.0    ENE   0.00   3.2   ENE   16.1   15.5   15.5  1014.8   0.00    0.0    0.023   0.000   23.6    59   15.1   24.0   10.77   1.1718     352     1    100.0   15 
19/05/25   1:45   15.9   16.1   15.9    61    8.4    1.6    ENE   0.40   4.8   ENE   15.9   15.3   15.3  1014.6   0.00    0.0    0.025   0.000   23.6    59   15.1   23.9   10.77   1.1718     351     1    100.0   15 
19/05/25   2:00   15.9   16.0   15.6    64    9.1    1.6    ENE   0.40   4.8   ENE   15.9   15.4   15.4  1014.6   0.00    0.0    0.025   0.000   23.5    59   15.0   23.9   10.78   1.1720     351     1    100.0   15 
19/05/25   2:15   15.5   15.6   15.4    64    8.7    1.6    NNO   0.40   6.4    NO   15.5   14.9   14.9  1014.5   0.00    0.0    0.030   0.000   23.4    59   14.9   23.7   10.79   1.1725     350     1    100.0   15 
19/05/25   2:30   15.3   15.6   15.2    65    8.8    1.6    NNO   0.40   4.8   NNO   15.3   14.8   14.8  1014.5   0.00    0.0    0.031   0.000   23.3    59   14.9   23.7   10.79   1.1728     352     1    100.0   15 
19/05/25   2:45   15.3   15.4   15.2    64    8.5    1.6    NNO   0.40   4.8   NNO   15.3   14.7   14.7  1014.2   0.00    0.0    0.032   0.000   23.2    60   15.0   23.6   10.97   1.1727     351     1    100.0   15 
19/05/25   3:00   15.4   15.5   15.4    63    8.4    3.2    NNO   0.80   6.4   NNO   15.4   14.8   14.8  1014.1   0.00    0.0    0.030   0.000   23.2    60   15.0   23.5   10.98   1.1729     350     1    100.0   15 
19/05/25   3:15   15.5   15.6   15.5    63    8.5    3.2    NNO   0.80   6.4   NNO   15.5   14.9   14.9  1014.2   0.00    0.0    0.030   0.000   23.1    60   14.9   23.4   10.98   1.1733     350     1    100.0   15 
19/05/25   3:30   15.6   15.7   15.5    61    8.1    3.2    NNO   0.80   6.4   NNO   15.6   14.9   14.9  1014.2   0.00    0.0    0.029   0.000   23.0    60   14.8   23.3   10.98   1.1739     351     1    100.0   15 
19/05/25   3:45   15.9   15.9   15.7    61    8.4    3.2     NO   0.80   4.8    NO   15.9   15.2   15.2  1014.0   0.00    0.0    0.025   0.000   22.9    60   14.8   23.2   10.98   1.1739     349     1    100.0   15 
19/05/25   4:00   15.9   15.9   15.8    62    8.6    0.0     NO   0.00   3.2    NO   15.9   15.3   15.3  1014.1   0.00    0.0    0.025   0.000   22.9    60   14.7   23.2   10.99   1.1743     351     1    100.0   15 
19/05/25   4:15   15.8   15.8   15.7    61    8.3    0.0     NO   0.00   3.2    NO   15.8   15.1   15.1  1014.1   0.00    0.0    0.027   0.000   22.8    60   14.7   23.1   10.99   1.1746     351     1    100.0   15 
19/05/25   4:30   15.7   15.8   15.6    64    8.9    1.6     NO   0.40   6.4   ENE   15.7   15.2   15.2  1014.1   0.00    0.0    0.027   0.000   22.8    60   14.6   23.0   10.99   1.1749     351     1    100.0   15 
19/05/25   4:45   15.3   15.6   15.2    65    8.7    3.2    ENE   0.80   6.4   ENE   15.3   14.7   14.7  1014.1   0.00    0.0    0.032   0.000   22.7    60   14.6   22.9   10.99   1.1751     352     1    100.0   15 
19/05/25   5:00   15.3   15.4   15.2    64    8.6    1.6    ENE   0.40   4.8   ENE   15.3   14.8   14.8  1014.1   0.00    0.0    0.031   0.000   22.6    60   14.5   22.7   11.00   1.1758     351     1    100.0   15 
19/05/25   5:15   15.4   15.4   15.3    64    8.6    1.6    ENE   0.40   4.8   ENE   15.4   14.8   14.8  1014.1   0.00    0.0    0.031   0.000   22.6    60   14.4   22.7   11.00   1.1760     350     1    100.0   15 
19/05/25   5:30   15.4   15.5   15.3    65    8.8    1.6     NO   0.40   4.8    NO   15.4   14.9   14.9  1014.1   0.00    0.0    0.031   0.000   22.6    60   14.5   22.7   11.00   1.1757     351     1    100.0   15 
19/05/25   5:45   15.6   15.8   15.5    65    9.1    1.6     NO   0.40   4.8    NO   15.6   15.1   15.1  1013.9   0.00    0.0    0.028   0.000   22.7    60   14.6   22.9   10.99   1.1749     351     1    100.0   15 
19/05/25   6:00   15.8   15.9   15.7    66    9.4    1.6     NO   0.40   4.8    NO   15.8   15.3   15.3  1014.0   0.00    0.0    0.027   0.000   23.0    59   14.6   23.2   10.81   1.1739     351     1    100.0   15 
19/05/25   6:15   16.1   16.4   15.9    63    9.0    1.6     NO   0.40   6.4    NO   16.1   15.5   15.5  1013.8   0.00    0.0    0.024   0.000   23.3    59   14.9   23.7   10.79   1.1720     350     1    100.0   15 
19/05/25   6:30   16.8   17.6   16.4    61    9.3    1.6     NO   0.40   6.4    NE   16.8   16.2   16.2  1013.9   0.00    0.0    0.016   0.000   23.7    58   15.0   24.1   10.56   1.1704     351     1    100.0   15 
19/05/25   6:45   18.1   18.7   17.6    63   11.0    1.6    ENE   0.40   3.2    NE   18.1   17.8   17.8  1013.9   0.00    0.0    0.002   0.000   24.2    58   15.4   24.5   10.53   1.1681     351     1    100.0   15 
19/05/25   7:00   18.8   19.1   18.6    62   11.3    1.6      S   0.40   4.8     S   18.8   18.5   18.5  1013.8   0.00    0.0    0.000   0.005   24.6    58   15.8   24.9   10.50   1.1658     352     1    100.0   15 
19/05/25   7:15   19.5   19.8   19.1    61   11.8    1.6    ESE   0.40   8.0     E   19.5   19.3   19.3  1013.7   0.00    0.0    0.000   0.012   25.0    57   15.9   25.3   10.27   1.1640     351     1    100.0   15 
19/05/25   7:30   20.1   20.3   19.8    58   11.6    3.2     NO   0.80   8.0    NO   20.1   19.8   19.8  1013.6   0.00    0.0    0.000   0.019   25.3    57   16.2   25.7   10.25   1.1622     351     1    100.0   15 
19/05/25   7:45   19.8   20.2   19.7    59   11.6    3.2     NO   0.80   8.0    NO   19.8   19.6   19.6  1013.8   0.00    0.0    0.000   0.016   25.5    56   16.1   25.8   10.13   1.1618     351     1    100.0   15 
19/05/25   8:00   20.0   20.3   19.8    59   11.7    1.6    NNO   0.40   4.8    NO   20.0   19.8   19.8  1013.5   0.00    0.0    0.000   0.017   25.7    56   16.2   26.0   10.12   1.1607     351     1    100.0   15 
19/05/25   8:15   21.1   21.8   20.3    53   11.1    1.6      S   0.40   4.8   SSE   21.1   20.3   20.3  1013.5   0.00    0.0    0.000   0.028   25.8    56   16.3   26.1   10.11   1.1601     351     1    100.0   15 
19/05/25   8:30   22.3   22.6   21.8    44    9.4    1.6    ENE   0.40   4.8   ENE   22.3   21.5   21.5  1013.3   0.00    0.0    0.000   0.041   25.9    56   16.4   26.3   10.11   1.1594     349     1    100.0   15 
19/05/25   8:45   22.4   22.7   22.2    46   10.2    3.2      S   0.80   9.7   OSO   22.4   21.8   21.8  1013.5   0.00    0.0    0.000   0.043   25.9    56   16.5   26.3   10.10   1.1593     350     1    100.0   15 
19/05/25   9:00   22.5   22.8   22.3    45   10.0    1.6    OSO   0.40   4.8    SO   22.5   21.8   21.8  1013.4   0.00    0.0    0.000   0.043   25.9    56   16.5   26.3   10.10   1.1592     350     1    100.0   15 
19/05/25   9:15   23.2   23.7   22.8    45   10.6    1.6    ONO   0.40   9.7   OSO   23.2   22.8   22.8  1013.5   0.00    0.0    0.000   0.051   25.9    56   16.5   26.3   10.10   1.1593     352     1    100.0   15 
19/05/25   9:30   23.7   23.9   23.7    45   11.1    1.6    SSO   0.40   9.7   OSO   23.7   23.5   23.5  1013.4   0.00    0.0    0.000   0.056   25.9    56   16.5   26.3   10.10   1.1592     351     1    100.0   15 
19/05/25   9:45   24.1   24.4   23.9    44   11.1    1.6    ONO   0.40   8.0     O   24.1   23.9   23.9  1013.2   0.00    0.0    0.000   0.060   26.0    56   16.5   26.4   10.10   1.1586     349     1    100.0   15 
19/05/25  10:00   24.4   24.6   24.4    43   11.0    3.2      S   0.80   8.0    SE   24.4   24.1   24.1  1013.2   0.00    0.0    0.000   0.064   26.1    55   16.3   26.4    9.89   1.1587     351     1    100.0   15 
19/05/25  10:15   24.7   24.9   24.5    41   10.6    1.6    SSE   0.40   8.0     E   24.7   24.3   24.3  1013.0   0.00    0.0    0.000   0.067   26.2    54   16.1   26.4    9.77   1.1584     351     1    100.0   15 
19/05/25  10:30   24.8   25.0   24.5    42   11.0    4.8    OSO   1.21  12.9   ENE   24.8   24.4   24.4  1012.9   0.00    0.0    0.000   0.068   26.2    52   15.6   26.4    9.47   1.1587     351     1    100.0   15 
19/05/25  10:45   24.4   24.5   24.3    43   11.0    3.2      S   0.80   9.7   SSO   24.4   24.1   24.1  1012.8   0.00    0.0    0.000   0.063   26.2    50   14.9   26.3    9.17   1.1596     350     1    100.0   15 
19/05/25  11:00   24.4   24.6   24.3    46   12.1    3.2     SO   0.80   9.7    SO   24.4   24.3   24.3  1012.4   0.00    0.0    0.000   0.064   26.2    51   15.2   26.3    9.35   1.1588     352     1    100.0   15 
19/05/25  11:15   24.3   24.4   24.2    47   12.2    1.6     SO   0.40   8.0     O   24.3   24.2   24.2  1012.4   0.00    0.0    0.000   0.062   26.6    51   15.6   26.7    9.35   1.1565     351     1    100.0   15 
19/05/25  11:30   24.4   24.6   24.3    46   12.0    3.2    OSO   0.80   8.0     E   24.4   24.2   24.2  1012.2   0.00    0.0    0.000   0.063   26.9    48   15.0   26.9    8.84   1.1559     351     1    100.0   15 
19/05/25  11:45   24.7   25.2   24.4    45   12.0    3.2     SO   0.80   8.0   SSE   24.7   24.5   24.5  1012.1   0.00    0.0    0.000   0.067   26.9    49   15.3   26.9    8.94   1.1556     351     1    100.0   15 
19/05/25  12:00   25.4   25.5   25.2    45   12.6    3.2     SO   0.80  11.3    SO   25.4   25.2   25.2  1012.1   0.00    0.0    0.000   0.073   26.8    50   15.5   26.8    9.15   1.1558     351     1    100.0   15 
19/05/25  12:15   25.6   25.8   25.4    44   12.4    3.2     SO   0.80  12.9   OSO   25.6   25.3   25.3  1012.0   0.00    0.0    0.000   0.076   26.7    50   15.4   26.8    9.15   1.1560     351     1    100.0   15 
19/05/25  12:30   25.7   25.9   25.4    43   12.1    4.8      S   1.21  12.9     S   25.7   25.3   25.3  1011.8   0.00    0.0    0.000   0.076   26.7    51   15.7   26.8    9.35   1.1553     352     1    100.0   15 
19/05/25  12:45   25.3   25.5   25.1    45   12.5    4.8     SO   1.21  16.1   OSO   25.3   25.1   25.1  1011.6   0.00    0.0    0.000   0.073   26.7    51   15.7   26.8    9.35   1.1554     351     1    100.0   15 
19/05/25  13:00   25.1   25.2   24.8    44   11.9    6.4     SO   1.61  17.7     S   25.1   24.7   24.7  1011.5   0.00    0.0    0.000   0.070   26.7    51   15.7   26.8    9.35   1.1550     351     1    100.0   15 
19/05/25  13:15   24.9   25.0   24.7    44   11.8    4.8     SO   1.21  12.9    SO   24.9   24.6   24.6  1011.2   0.00    0.0    0.000   0.068   26.8    51   15.8   26.9    9.35   1.1544     351     1    100.0   15 
19/05/25  13:30   25.3   25.6   25.0    43   11.8    4.8      S   1.21  11.3    SO   25.3   24.9   24.9  1010.7   0.00    0.0    0.000   0.072   26.9    51   15.9   27.1    9.34   1.1531     352     1    100.0   15 
19/05/25  13:45   25.6   25.8   25.3    43   12.1    3.2    OSO   0.80  11.3   OSO   25.6   25.3   25.3  1010.3   0.00    0.0    0.000   0.076   26.9    51   15.9   27.1    9.34   1.1524     350     1    100.0   15 
19/05/25  14:00   25.7   25.8   25.5    41   11.5    3.2    ESE   0.80  12.9   OSO   25.7   25.3   25.3  1009.8   0.00    0.0    0.000   0.077   26.9    51   15.9   27.1    9.34   1.1519     351     1    100.0   15 
19/05/25  14:15   25.8   25.9   25.7    40   11.2    3.2      S   0.80   8.0   ESE   25.8   25.3   25.3  1009.4   0.00    0.0    0.000   0.078   27.0    51   16.0   27.2    9.34   1.1511     351     1    100.0   15 
19/05/25  14:30   25.9   26.3   25.7    40   11.3    1.6    SSO   0.40   8.0   SSO   25.9   25.4   25.4  1009.4   0.00    0.0    0.000   0.079   27.0    51   16.0   27.2    9.34   1.1511     351     1    100.0   15 
19/05/25  14:45   26.4   26.6   25.9    41   12.1    3.2    SSE   0.80   9.7     E   26.4   25.9   25.9  1009.6   0.00    0.0    0.000   0.084   27.0    51   16.0   27.2    9.34   1.1513     350     1    100.0   15 
19/05/25  15:00   25.7   25.9   25.4    44   12.5    3.2    ESE   0.80  11.3   ESE   25.7   25.4   25.4  1009.4   0.00    0.0    0.000   0.076   27.0    51   16.0   27.2    9.34   1.1510     351     1    100.0   15 
19/05/25  15:15   25.6   25.7   25.4    42   11.7    4.8      S   1.21  12.9   ESE   25.6   25.2   25.2  1009.5   0.00    0.0    0.000   0.076   27.0    51   16.0   27.2    9.34   1.1511     351     1    100.0   15 
19/05/25  15:30   25.4   25.7   24.8    45   12.6    6.4    SSO   1.61  16.1   OSO   25.4   25.2   25.2  1009.7   0.00    0.0    0.000   0.073   26.9    51   15.9   27.1    9.34   1.1517     351     1    100.0   15 
19/05/25  15:45   24.2   24.7   23.6    47   12.2    6.4      S   1.61  17.7     S   24.2   24.1   24.1  1010.0   0.00    0.0    0.000   0.061   26.8    50   15.5   26.9    9.14   1.1531     351     1    100.0   15 
19/05/25  16:00   23.2   23.6   22.8    50   12.2    6.4      S   1.61  14.5   SSO   23.2   22.9   22.9  1009.9   0.00    0.0    0.000   0.050   26.7    49   15.1   26.7    8.95   1.1539     350     1    100.0   15 
19/05/25  16:15   22.6   22.8   22.4    52   12.2    4.8    SSO   1.21  16.1     S   22.6   22.3   22.3  1010.2   0.00    0.0    0.000   0.044   26.7    49   15.1   26.7    8.95   1.1546     351     1    100.0   15 
19/05/25  16:30   22.1   22.4   21.9    53   12.1    4.8      S   1.21  14.5   SSE   22.1   21.7   21.7  1010.2   0.00    0.0    0.000   0.039   26.6    50   15.3   26.7    9.15   1.1544     351     1    100.0   15 
19/05/25  16:45   21.7   21.9   21.4    55   12.2    4.8      S   1.21  12.9    SO   21.7   21.1   21.1  1009.9   0.00    0.0    0.000   0.035   26.6    51   15.6   26.7    9.35   1.1540     351     1    100.0   15 
19/05/25  17:00   21.2   21.4   21.1    56   12.1    4.8    SSO   1.21  14.5     S   21.2   20.6   20.6  1009.7   0.00    0.0    0.000   0.030   26.4    51   15.5   26.6    9.35   1.1542     351     1    100.0   15 
19/05/25  17:15   20.9   21.1   20.8    57   12.0    4.8      S   1.21  14.5     O   20.9   20.3   20.3  1009.5   0.00    0.0    0.000   0.027   26.4    51   15.4   26.6    9.35   1.1543     351     1    100.0   15 
19/05/25  17:30   20.5   20.7   20.3    60   12.5    3.2    OSO   0.80  11.3    SO   20.5   20.2   20.2  1009.9   0.00    0.0    0.000   0.023   26.3    52   15.7   26.6    9.46   1.1546     351     1    100.0   15 
19/05/25  17:45   20.1   20.3   19.9    61   12.3    6.4     SO   1.61  16.1     O   20.1   19.9   19.9  1010.4   0.00    0.0    0.000   0.018   26.3    52   15.7   26.6    9.46   1.1553     352     1    100.0   15 
19/05/25  18:00   19.8   19.9   19.7    66   13.2    3.2     SO   0.80   9.7   OSO   19.8   19.9   19.9  1010.7   0.00    0.0    0.000   0.015   26.3    52   15.6   26.5    9.46   1.1559     351     1    100.0   15 
19/05/25  18:15   19.6   19.7   19.6    68   13.5    3.2    OSO   0.80   9.7    NO   19.6   19.8   19.8  1011.1   0.00    0.0    0.000   0.013   26.3    52   15.6   26.5    9.46   1.1564     351     1    100.0   15 
19/05/25  18:30   19.5   19.7   19.1    71   14.1    6.4     NO   1.61  20.9     E   19.5   19.8   19.8  1011.4   0.00    0.0    0.000   0.012   26.3    52   15.6   26.5    9.46   1.1567     351     1    100.0   15 
19/05/25  18:45   18.3   19.1   17.7    76   14.0    6.4     NO   1.61  16.1    NO   18.3   18.6   18.6  1011.4   0.00    0.0    0.000   0.000   26.3    52   15.6   26.5    9.46   1.1567     351     1    100.0   15 
19/05/25  19:00   17.3   17.7   17.0    78   13.5    4.8     NO   1.21  12.9   OSO   17.3   17.4   17.4  1011.2   0.00    0.0    0.010   0.000   26.2    52   15.5   26.4    9.47   1.1571     352     1    100.0   15 
19/05/25  19:15   16.8   17.0   16.7    79   13.2    4.8     NO   1.21  11.3   OSO   16.8   16.9   16.9  1011.2   0.00    0.0    0.016   0.000   25.9    53   15.6   26.1    9.65   1.1581     350     1    100.0   15 
19/05/25  19:30   16.6   16.7   16.6    79   13.0    4.8     NO   1.21  11.3    SO   16.6   16.7   16.7  1011.4   0.00    0.0    0.018   0.000   25.8    53   15.5   26.0    9.65   1.1589     351     1    100.0   15 
19/05/25  19:45   16.6   16.6   16.6    79   12.9    3.2     NO   0.80  11.3    NO   16.6   16.6   16.6  1011.5   0.00    0.0    0.019   0.000   25.8    54   15.8   26.0    9.78   1.1585     351     1    100.0   15 
19/05/25  20:00   16.4   16.6   16.4    79   12.8    3.2    ONO   0.80   9.7    NO   16.4   16.4   16.4  1011.4   0.00    0.0    0.020   0.000   25.7    55   15.9   25.9    9.92   1.1586     351     1    100.0   15 
19/05/25  20:15   16.3   16.4   16.1    79   12.6    3.2     NO   0.80   8.0   OSO   16.3   16.3   16.3  1011.7   0.00    0.0    0.021   0.000   25.6    55   15.8   25.8    9.93   1.1595     351     1    100.0   15 
19/05/25  20:30   16.1   16.2   15.9    79   12.4    1.6     NO   0.40   6.4     O   16.1   16.0   16.0  1012.1   0.00    0.0    0.024   0.000   25.4    56   16.0   25.7   10.14   1.1602     351     1    100.0   15 
19/05/25  20:45   15.9   16.0   15.8    80   12.4    4.8     NO   1.21  14.5   ONO   15.9   15.9   15.9  1012.3   0.00    0.0    0.025   0.000   25.3    56   15.9   25.6   10.15   1.1610     351     1    100.0   15 
19/05/25  21:00   15.7   15.8   15.6    79   12.0    3.2     NO   0.80   9.7   OSO   15.7   15.6   15.6  1012.6   0.00    0.0    0.028   0.000   25.2    56   15.8   25.5   10.15   1.1620     351     1    100.0   15 
19/05/25  21:15   15.5   15.6   15.4    78   11.7    3.2     NO   0.80  12.9    NO   15.5   15.4   15.4  1012.7   0.00    0.0    0.030   0.000   25.1    57   16.0   25.4   10.26   1.1623     352     1    100.0   15 
19/05/25  21:30   15.4   15.4   15.3    77   11.4    1.6     NO   0.40   6.4    SO   15.4   15.2   15.2  1012.7   0.00    0.0    0.031   0.000   25.0    57   15.9   25.3   10.27   1.1628     351     1    100.0   15 
19/05/25  21:45   15.2   15.3   15.1    75   10.8    3.2     NO   0.80   9.7   NNO   15.2   14.9   14.9  1012.6   0.00    0.0    0.032   0.000   24.9    57   15.8   25.2   10.28   1.1633     351     1    100.0   15 
19/05/25  22:00   15.2   15.3   15.1    73   10.4    6.4     NO   1.61  20.9     O   15.2   14.9   14.9  1012.5   0.00    0.0    0.032   0.000   24.8    57   15.7   25.1   10.29   1.1637     351     1    100.0   15 
19/05/25  22:15   15.4   15.4   15.3    71   10.2    6.4     NO   1.61  20.9   OSO   15.4   15.1   15.1  1012.5   0.00    0.0    0.031   0.000   24.7    58   15.8   25.0   10.49   1.1639     351     1    100.0   15 
19/05/25  22:30   15.3   15.3   15.2    71   10.0    6.4     NO   1.61  14.5    NO   15.3   14.9   14.9  1012.5   0.00    0.0    0.032   0.000   24.6    58   15.7   24.9   10.50   1.1645     351     1    100.0   15 
19/05/25  22:45   15.1   15.2   15.0    72   10.1    4.8    NNO   1.21  16.1    NO   15.1   14.8   14.8  1012.5   0.00    0.0    0.034   0.000   24.5    58   15.7   24.8   10.51   1.1648     350     1    100.0   15 
19/05/25  23:00   15.0   15.1   15.0    72   10.0    4.8     NO   1.21  19.3   NNO   15.0   14.7   14.7  1012.7   0.00    0.0    0.035   0.000   24.5    58   15.7   24.8   10.51   1.1651     351     1    100.0   15 
19/05/25  23:15   14.9   15.0   14.8    72    9.9    1.6    ENE   0.40  11.3     E   14.9   14.6   14.6  1013.1   0.00    0.0    0.035   0.000   24.4    58   15.6   24.7   10.51   1.1660     351     1    100.0   15 
19/05/25  23:30   14.7   14.8   14.7    73    9.9    1.6    ONO   0.40   9.7    NO   14.7   14.4   14.4  1012.8   0.00    0.0    0.038   0.000   24.2    59   15.7   24.6   10.73   1.1662     351     1    100.0   15 
19/05/25  23:45   14.4   14.7   14.2    75   10.0    3.2     NO   0.80   9.7   OSO   14.4   14.1   14.1  1012.8   0.00    0.0    0.041   0.000   24.1    59   15.6   24.5   10.73   1.1668     351     1    100.0   15 
20/05/25  00:00   14.1   14.2   14.0    76    9.9    4.8     NO   1.21  12.9   NNO   14.1   13.8   13.8  1012.8   0.00    0.0    0.044   0.000   24.0    59   15.5   24.4   10.74   1.1674     351     1    100.0   15 
20/05/25   0:15   13.9   14.0   13.8    77   10.0    4.8     NO   1.21  14.5    NO   13.9   13.7   13.7  1012.6   0.00    0.0    0.046   0.000   23.9    59   15.4   24.3   10.75   1.1677     349     1    100.0   15 
20/05/25   0:30   13.7   13.8   13.7    77    9.8    4.8     NO   1.21  12.9    SO   13.7   13.5   13.5  1012.5   0.00    0.0    0.048   0.000   23.8    59   15.3   24.2   10.76   1.1682     351     1    100.0   15 
20/05/25   0:45   13.7   13.7   13.7    77    9.7    3.2     NO   0.80  11.3    NO   13.7   13.4   13.4  1012.7   0.00    0.0    0.049   0.000   23.7    59   15.2   24.1   10.77   1.1689     352     1    100.0   15 
20/05/25   1:00   13.6   13.7   13.5    78    9.8    3.2    ONO   0.80   9.7   ONO   13.6   13.3   13.3  1012.7   0.00    0.0    0.050   0.000   23.6    59   15.1   23.9   10.77   1.1696     351     1    100.0   15 
20/05/25   1:15   13.5   13.5   13.4    79    9.9    3.2     NO   0.80  12.9   NNO   13.5   13.3   13.3  1012.7   0.00    0.0    0.050   0.000   23.4    60   15.2   23.8   10.97   1.1698     350     1    100.0   15 
20/05/25   1:30   13.3   13.4   13.2    80    9.9    3.2     NO   0.80   6.4    NO   13.3   13.1   13.1  1012.6   0.00    0.0    0.053   0.000   23.3    60   15.1   23.7   10.97   1.1703     349     1    100.0   15 
20/05/25   1:45   13.1   13.2   13.0    81    9.9    3.2     NO   0.80   9.7    SO   13.1   12.9   12.9  1012.5   0.00    0.0    0.055   0.000   23.2    60   15.0   23.6   10.97   1.1707     352     1    100.0   15 
20/05/25   2:00   13.0   13.1   12.9    82   10.0    3.2     NO   0.80   9.7   NNO   13.0   12.9   12.9  1012.7   0.00    0.0    0.056   0.000   23.1    60   14.9   23.4   10.98   1.1715     351     1    100.0   15 
20/05/25   2:15   12.9   12.9   12.9    82    9.9    3.2     NO   0.80  11.3    NO   12.9   12.8   12.8  1012.9   0.00    0.0    0.056   0.000   23.0    60   14.8   23.3   10.98   1.1723     351     1    100.0   15 
20/05/25   2:30   13.0   13.0   12.9    82   10.0    3.2     NO   0.80   9.7   ONO   13.0   12.9   12.9  1012.9   0.00    0.0    0.056   0.000   22.9    60   14.7   23.2   10.99   1.1729     351     1    100.0   15 
20/05/25   2:45   13.1   13.1   13.0    82   10.1    1.6     NO   0.40   6.4    NO   13.1   12.9   12.9  1012.9   0.00    0.0    0.055   0.000   22.8    60   14.6   23.0   10.99   1.1735     351     1    100.0   15 
20/05/25   3:00   12.9   13.0   12.8    83   10.1    1.6     NO   0.40   4.8     O   12.9   12.8   12.8  1013.0   0.00    0.0    0.057   0.000   22.7    60   14.6   22.9   10.99   1.1739     352     1    100.0   15 
20/05/25   3:15   12.7   12.8   12.6    84   10.0    1.6     NO   0.40   4.8    NO   12.7   12.6   12.6  1012.9   0.00    0.0    0.059   0.000   22.6    60   14.5   22.7   11.00   1.1744     350     1    100.0   15 
20/05/25   3:30   12.6   12.6   12.5    85   10.1    3.2    ONO   0.80   8.0     O   12.6   12.5   12.5  1013.0   0.00    0.0    0.060   0.000   22.5    60   14.3   22.6   11.00   1.1751     351     1    100.0   15 
20/05/25   3:45   12.6   12.6   12.5    85   10.1    1.6      O   0.40   4.8   ONO   12.6   12.5   12.5  1013.1   0.00    0.0    0.060   0.000   22.4    61   14.5   22.6   11.15   1.1751     351     1    100.0   15 
