                 Temp.  Temp.  Temp.  Hum.   Punt   Vel.   Dir.   Rec.  Vel.  Dir.  Sens.   Índ.   Índ.                  Int. Graus D.Graus D.  Temp.  Hum. Rosada  In.Cal.  EMC     Dens.    Mostr   Tx   Recep.  Int.
  Data    Hora    Ext.   Màx.   Mín.  Ext. Rosada   Vent   Vent   Vent  Màx.  Màx.  Tèrm.  Calor   THW    Bar    Pluja   Pluja  Calor    Fred    Int.  Int.   Int.   Int.    Int.  Int.Aire    Vent   Vent   ISS   Arc.
-------------------------------------------------------------------------------------------------------------------------------------------------------------------------------------------------------------------------
29/04/24   0:15   12.0   12.0   11.9    96   11.4    3.2    ENE   0.80   4.8   ENE   12.0   12.2   12.2  1015.3   0.00    0.0    0.066   0.000   20.4    61   12.7   20.2   11.25   1.1880     349     1    100.0   15 
29/04/24   0:30   11.9   11.9   11.8    96   11.3    3.2    ENE   0.80   6.4   ENE   11.9   12.1   12.1  1015.1   0.00    0.0    0.067   0.000   20.3    61   12.6   20.1   11.25   1.1883     350     1    100.0   15 
29/04/24   0:45   11.8   11.9   11.8    96   11.2    3.2    ENE   0.80   8.0   ENE   11.8   12.0   12.0  1015.1   0.00    0.0    0.068   0.000   20.2    61   12.5   20.1   11.25   1.1889     351     1    100.0   15 
29/04/24   1:00   11.7   11.8   11.6    96   11.1    4.8    ENE   1.21   8.0   ENE   11.7   11.8   11.8  1014.9   0.20    0.0    0.069   0.000   20.1    61   12.4   19.9   11.25   1.1892     351     1    100.0   15 
29/04/24   1:15   11.6   11.7   11.6    96   11.0    3.2    ENE   0.80  11.3   ENE   11.6   11.8   11.8  1014.9   0.00    0.0    0.070   0.000   20.1    61   12.3   19.9   11.25   1.1894     351     1    100.0   15 
29/04/24   1:30   11.6   11.6   11.5    96   10.9    1.6    ENE   0.40   4.8   ENE   11.6   11.7   11.7  1014.8   0.00    0.0    0.071   0.000   19.9    61   12.2   19.8   11.25   1.1899     351     1    100.0   15 
29/04/24   1:45   11.6   11.6   11.5    96   10.9    0.0    ENE   0.00   3.2   ENE   11.6   11.7   11.7  1014.7   0.20    0.0    0.071   0.000   19.9    61   12.1   19.8   11.25   1.1901     350     1    100.0   15 
29/04/24   2:00   11.6   11.6   11.6    96   11.0    0.0    ENE   0.00   1.6   ENE   11.6   11.8   11.8  1014.4   0.00    0.0    0.070   0.000   19.8    61   12.1   19.7   11.25   1.1900     351     1    100.0   15 
29/04/24   2:15   11.6   11.7   11.6    96   11.0    0.0    ENE   0.00   4.8   ENE   11.6   11.8   11.8  1014.7   0.00    0.0    0.070   0.000   19.7    61   12.0   19.6   11.25   1.1910     351     1    100.0   15 
29/04/24   2:30   11.6   11.6   11.4    96   10.9    3.2    ENE   0.80   8.0     E   11.6   11.7   11.7  1014.9   0.00    0.0    0.071   0.000   19.7    61   11.9   19.5   11.25   1.1915     351     1    100.0   15 
29/04/24   2:45   11.4   11.4   11.4    96   10.8    4.8     SE   1.21  11.3   ESE   11.4   11.6   11.6  1014.9   0.00    0.0    0.072   0.000   19.6    61   11.9   19.4   11.25   1.1918     351     1    100.0   15 
29/04/24   3:00   11.3   11.4   11.3    97   10.9    4.8      E   1.21  11.3   ESE   11.3   11.6   11.5  1014.8   0.00    0.0    0.073   0.000   19.6    61   11.8   19.3   11.25   1.1919     351     1    100.0   15 
29/04/24   3:15   11.4   11.4   11.3    97   10.9    4.8      E   1.21  12.9   ESE   11.4   11.6   11.6  1014.8   0.00    0.0    0.072   0.000   19.4    61   11.7   19.2   11.25   1.1925     351     1    100.0   15 
29/04/24   3:30   11.4   11.4   11.4    97   10.9    4.8    ENE   1.21  12.9     E   11.4   11.6   11.6  1014.6   0.00    0.0    0.072   0.000   19.4    61   11.7   19.2   11.25   1.1925     350     1    100.0   15 
29/04/24   3:45   11.4   11.4   11.3    97   10.9    6.4    ENE   1.61  14.5   ENE   11.0   11.6   11.2  1014.1   0.00    0.0    0.072   0.000   19.3    61   11.6   19.1   11.25   1.1922     351     1    100.0   15 
29/04/24   4:00   11.3   11.3   11.3    97   10.9    6.4    ENE   1.61  17.7   ENE   10.9   11.6   11.1  1014.2   0.20    0.0    0.073   0.000   19.3    61   11.6   19.1   11.25   1.1923     350     1    100.0   15 
29/04/24   4:15   11.3   11.3   11.3    97   10.9    4.8    ENE   1.21  12.9   ENE   11.3   11.6   11.5  1014.0   0.00    0.0    0.073   0.000   19.6    61   11.8   19.3   11.25   1.1910     351     1    100.0   15 
29/04/24   4:30   11.3   11.3   11.3    97   10.9    4.8    ENE   1.21  12.9   ENE   11.3   11.6   11.5  1013.9   0.20    0.0    0.073   0.000   19.9    60   11.9   19.7   11.05   1.1894     351     1    100.0   15 
29/04/24   4:45   11.3   11.3   11.3    97   10.9    3.2    ENE   0.80   6.4   ENE   11.3   11.6   11.6  1013.7   0.00    0.0    0.073   0.000   20.2    60   12.2   20.0   11.05   1.1874     349     1    100.0   15 
29/04/24   5:00   11.3   11.3   11.3    97   10.9    3.2    ENE   0.80   8.0   ENE   11.3   11.6   11.6  1013.5   0.20    0.0    0.073   0.000   20.6    59   12.3   20.2   10.95   1.1859     351     1    100.0   15 
29/04/24   5:15   11.3   11.3   11.3    97   10.8    3.2    ENE   0.80   8.0   ENE   11.3   11.5   11.5  1013.5   0.00    0.0    0.073   0.000   20.8    59   12.5   20.3   10.95   1.1847     351     1    100.0   15 
29/04/24   5:30   11.3   11.3   11.3    97   10.8    1.6    ENE   0.40   4.8   ENE   11.3   11.5   11.5  1013.5   0.20    0.0    0.073   0.000   20.9    58   12.4   20.4   10.75   1.1842     351     1    100.0   15 
29/04/24   5:45   11.3   11.3   11.3    97   10.8    1.6    ENE   0.40   4.8   ENE   11.3   11.5   11.5  1013.7   0.00    0.0    0.073   0.000   21.1    58   12.5   20.6   10.75   1.1835     352     1    100.0   15 
29/04/24   6:00   11.3   11.4   11.3    97   10.9    3.2    ENE   0.80   4.8   ENE   11.3   11.6   11.6  1013.7   0.00    0.0    0.073   0.000   21.2    58   12.6   20.7   10.74   1.1830     350     1    100.0   15 
29/04/24   6:15   11.3   11.4   11.3    97   10.9    3.2    ENE   0.80   6.4    NE   11.3   11.6   11.6  1013.7   0.00    0.0    0.073   0.000   21.3    58   12.7   20.8   10.73   1.1824     348     1    100.0   15 
29/04/24   6:30   11.4   11.4   11.3    97   10.9    1.6    ENE   0.40   4.8   ENE   11.4   11.6   11.6  1013.9   0.00    0.0    0.072   0.000   21.4    58   12.8   21.0   10.73   1.1821     351     1    100.0   15 
29/04/24   6:45   11.4   11.4   11.4    97   11.0    4.8    ENE   1.21  11.3   ENE   11.4   11.7   11.7  1013.9   0.20    0.0    0.072   0.000   21.6    58   13.0   21.2   10.71   1.1812     350     1    100.0   15 
29/04/24   7:00   11.5   11.6   11.4    97   11.0    3.2      E   0.80   8.0     E   11.5   11.7   11.7  1014.0   0.00    0.0    0.071   0.000   21.9    58   13.3   21.7   10.69   1.1797     351     1    100.0   15 
29/04/24   7:15   11.6   11.6   11.6    97   11.1    3.2      E   0.80  12.9   ENE   11.6   11.7   11.7  1014.2   0.00    0.0    0.071   0.000   22.2    58   13.6   22.1   10.67   1.1785     350     1    100.0   15 
29/04/24   7:30   11.6   11.6   11.6    97   11.1    3.2     NE   0.80   8.0     E   11.6   11.7   11.7  1014.2   0.20    1.2    0.071   0.000   22.4    58   13.7   22.3   10.66   1.1777     351     1    100.0   15 
29/04/24   7:45   11.6   11.7   11.6    97   11.2    4.8    ENE   1.21   8.0    NE   11.6   11.8   11.8  1014.3   0.60    2.0    0.070   0.000   22.6    57   13.6   22.6   10.45   1.1772     350     1    100.0   15 
29/04/24   8:00   11.7   11.7   11.6    97   11.2    3.2    ENE   0.80   6.4    NE   11.7   11.8   11.8  1014.3   1.00    5.0    0.069   0.000   22.7    57   13.7   22.7   10.44   1.1766     350     1    100.0   15 
29/04/24   8:15   11.7   11.7   11.6    97   11.2    1.6    ENE   0.40   6.4   ENE   11.7   11.8   11.8  1014.3   0.80    5.0    0.069   0.000   22.8    57   13.8   22.9   10.43   1.1761     351     1    100.0   15 
29/04/24   8:30   11.7   11.8   11.7    97   11.3    1.6      E   0.40   4.8   ENE   11.7   11.9   11.9  1014.6   0.40    5.0    0.069   0.000   22.8    57   13.9   22.9   10.43   1.1761     351     1    100.0   15 
29/04/24   8:45   11.8   11.8   11.7    97   11.3    3.2    ENE   0.80   6.4   ESE   11.8   11.9   11.9  1014.4   1.00    9.2    0.068   0.000   22.8    56   13.5   22.8   10.29   1.1766     351     1    100.0   15 
29/04/24   9:00   11.8   11.8   11.8    97   11.3    1.6     NE   0.40   4.8    NE   11.8   11.9   11.9  1014.6   0.40    2.6    0.068   0.000   22.6    57   13.7   22.6   10.44   1.1773     350     1    100.0   15 
29/04/24   9:15   11.8   11.9   11.8    97   11.4    0.0      E   0.00   3.2     E   11.8   12.0   12.0  1014.7   0.60    3.0    0.068   0.000   22.5    57   13.6   22.4   10.45   1.1779     350     1    100.0   15 
29/04/24   9:30   11.9   12.0   11.8    97   11.5    0.0      E   0.00   3.2     E   11.9   12.1   12.1  1014.7   0.40    2.6    0.067   0.000   22.4    57   13.5   22.3   10.46   1.1786     351     1    100.0   15 
29/04/24   9:45   12.1   12.2   11.9    97   11.6    0.0      E   0.00   3.2     E   12.1   12.2   12.2  1014.9   0.40    1.8    0.065   0.000   22.3    57   13.3   22.1   10.47   1.1793     351     1    100.0   15 
29/04/24  10:00   12.2   12.2   12.2    97   11.8    0.0      E   0.00   1.6     E   12.2   12.4   12.4  1014.9   0.60    3.0    0.064   0.000   22.2    57   13.3   22.1   10.47   1.1797     351     1    100.0   15 
29/04/24  10:15   12.3   12.3   12.2    98   12.0    0.0      E   0.00   1.6     E   12.3   12.4   12.4  1014.8   1.00    5.0    0.063   0.000   22.2    57   13.3   22.1   10.47   1.1795     350     1    100.0   15 
29/04/24  10:30   12.4   12.5   12.3    97   11.9    0.0    NNE   0.00   4.8   NNE   12.4   12.6   12.6  1014.8   0.80    4.0    0.062   0.000   22.2    57   13.3   22.1   10.47   1.1795     351     1    100.0   15 
29/04/24  10:45   12.2   12.3   12.1    97   11.8    0.0    NNE   0.00   3.2   NNE   12.2   12.4   12.4  1014.7   0.60    5.4    0.064   0.000   22.2    57   13.3   22.1   10.47   1.1793     351     1    100.0   15 
29/04/24  11:00   12.2   12.3   12.2    98   11.9    0.0    NNE   0.00   4.8   NNE   12.2   12.4   12.4  1014.6   0.20    1.8    0.064   0.000   22.2    57   13.3   22.1   10.47   1.1793     351     1    100.0   15 
29/04/24  11:15   12.3   12.4   12.2    97   11.8    1.6    NNE   0.40   4.8   NNE   12.3   12.4   12.4  1014.6   0.20    1.2    0.063   0.000   22.2    57   13.3   22.1   10.47   1.1793     351     1    100.0   15 
29/04/24  11:30   12.4   12.7   12.3    98   12.1    1.6     NE   0.40   4.8   NNE   12.4   12.6   12.6  1014.4   0.40    1.8    0.061   0.000   22.2    57   13.2   21.9   10.47   1.1793     350     1    100.0   15 
29/04/24  11:45   12.8   12.9   12.7    97   12.4    1.6     NE   0.40   6.4   NNE   12.8   13.0   13.0  1014.0   0.40    1.6    0.057   0.000   22.2    57   13.2   21.9   10.47   1.1789     351     1    100.0   15 
29/04/24  12:00   12.6   12.8   12.5    97   12.1    0.0     NO   0.00   3.2    NO   12.6   12.8   12.8  1013.8   0.40    2.4    0.060   0.000   22.1    57   13.2   21.9   10.48   1.1788     350     1    100.0   15 
29/04/24  12:15   12.7   12.8   12.7    97   12.3    0.0     NO   0.00   4.8    NO   12.7   12.9   12.9  1013.6   0.40    2.0    0.058   0.000   22.2    57   13.2   21.9   10.47   1.1784     350     1    100.0   15 
29/04/24  12:30   12.8   12.8   12.8    97   12.4    0.0     NO   0.00   1.6    NO   12.8   13.0   13.0  1013.5   1.00   12.0    0.057   0.000   22.3    57   13.3   22.1   10.47   1.1777     351     1    100.0   15 
29/04/24  12:45   12.9   13.0   12.8    97   12.4    1.6     NO   0.40   4.8    NO   12.9   13.1   13.1  1013.6   3.00   21.4    0.057   0.000   22.3    57   13.4   22.2   10.46   1.1775     350     1    100.0   15 
29/04/24  13:00   12.7   12.8   12.6    97   12.2    1.6     NO   0.40   6.4     S   12.7   12.8   12.8  1013.9   4.40   49.4    0.059   0.000   22.4    57   13.5   22.3   10.46   1.1776     350     1    100.0   15 
29/04/24  13:15   12.4   12.6   12.3    97   12.0    3.2    SSE   0.80   9.7     E   12.4   12.6   12.6  1013.8   3.60   21.6    0.061   0.000   22.5    57   13.6   22.4   10.45   1.1769     351     1    100.0   15 
29/04/24  13:30   12.3   12.4   12.2    97   11.8    0.0    ENE   0.00   3.2   ENE   12.3   12.4   12.4  1013.9   2.80   16.6    0.063   0.000   22.6    57   13.7   22.6   10.44   1.1765     352     1    100.0   15 
29/04/24  13:45   12.2   12.3   12.2    97   11.8    1.6     NO   0.40   6.4   ENE   12.2   12.4   12.4  1013.9   2.20   15.0    0.064   0.000   22.7    57   13.7   22.7   10.44   1.1762     351     1    100.0   15 
29/04/24  14:00   12.2   12.3   12.2    97   11.8    1.6     NO   0.40   6.4   ONO   12.2   12.4   12.4  1013.7   2.40   16.6    0.064   0.000   22.8    57   13.8   22.9   10.43   1.1754     351     1    100.0   15 
29/04/24  14:15   12.2   12.3   12.2    97   11.8    0.0    NNE   0.00   4.8   ONO   12.2   12.4   12.4  1013.6   2.20   11.4    0.064   0.000   22.9    57   14.0   23.1   10.42   1.1744     351     1    100.0   15 
29/04/24  14:30   12.3   12.4   12.2    97   11.8    0.0      S   0.00   4.8    NO   12.3   12.4   12.4  1013.2   1.00    6.4    0.063   0.000   23.1    56   13.8   23.2   10.28   1.1738     350     1    100.0   15 
29/04/24  14:45   12.4   12.5   12.3    97   12.0    1.6    ENE   0.40   8.0     E   12.4   12.6   12.6  1013.0   0.60    5.4    0.061   0.000   23.3    56   14.0   23.4   10.27   1.1723     351     1    100.0   15 
29/04/24  15:00   12.2   12.3   12.1    97   11.7    1.6     NO   0.40   6.4    NO   12.2   12.3   12.3  1013.0   1.00    6.2    0.064   0.000   23.3    56   14.0   23.4   10.27   1.1723     351     1    100.0   15 
29/04/24  15:15   12.1   12.2   12.0    97   11.6    0.0     NO   0.00   6.4    NO   12.1   12.2   12.2  1012.8   3.20   29.4    0.065   0.000   23.3    56   14.0   23.4   10.27   1.1721     350     1    100.0   15 
29/04/24  15:30   12.2   12.2   12.1    97   11.7    1.6     NO   0.40   4.8   NNO   12.2   12.3   12.3  1012.6   1.80   13.4    0.064   0.000   23.3    56   14.1   23.5   10.27   1.1716     349     1    100.0   15 
29/04/24  15:45   12.1   12.2   11.9    97   11.6    0.0     NO   0.00   4.8    NO   12.1   12.3   12.3  1012.6   2.20   17.8    0.065   0.000   23.3    56   14.0   23.4   10.27   1.1718     352     1    100.0   15 
29/04/24  16:00   12.1   12.1   11.9    97   11.6    1.6     NO   0.40   6.4    NO   12.1   12.2   12.2  1012.5   4.60   37.6    0.065   0.000   23.3    56   14.0   23.4   10.27   1.1718     351     1    100.0   15 
29/04/24  16:15   12.1   12.1   12.0    97   11.6    0.0     NO   0.00   4.8    NO   12.1   12.2   12.2  1012.8   4.40   29.6    0.065   0.000   23.3    56   14.0   23.4   10.27   1.1721     351     1    100.0   15 
29/04/24  16:30   12.0   12.1   11.9    97   11.5    4.8     NE   1.21  19.3    NE   12.0   12.2   12.2  1012.3   3.40   33.4    0.066   0.000   23.4    56   14.1   23.6   10.27   1.1709     351     1    100.0   15 
29/04/24  16:45   11.8   11.9   11.7    97   11.3    8.0      E   2.01  19.3    NE   11.1   11.9   11.2  1012.3   1.40    9.0    0.068   0.000   23.5    55   13.9   23.7   10.06   1.1707     345     1    100.0   15 
29/04/24  17:00   11.7   11.7   11.6    97   11.2    4.8     NE   1.21  14.5   NNE   11.7   11.8   11.8  1012.2   1.40    7.2    0.069   0.000   23.5    55   13.9   23.7   10.06   1.1706     348     1    100.0   15 
29/04/24  17:15   11.7   11.7   11.6    97   11.2    3.2    ONO   0.80  16.1   ESE   11.7   11.8   11.8  1012.2   0.80    7.2    0.069   0.000   23.6    55   14.0   23.7   10.06   1.1704     347     1    100.0   15 
29/04/24  17:30   11.7   11.7   11.6    97   11.2    3.2    ENE   0.80  11.3   ENE   11.7   11.8   11.8  1012.0   0.40   10.2    0.069   0.000   23.6    55   14.0   23.8   10.06   1.1698     350     1    100.0   15 
29/04/24  17:45   11.5   11.6   11.5    97   11.0    3.2    ENE   0.80  12.9   ESE   11.5   11.7   11.7  1012.3   0.40    2.2    0.071   0.000   23.6    55   14.0   23.7   10.06   1.1704     351     1    100.0   15 
29/04/24  18:00   11.4   11.6   11.4    97   11.0    3.2      E   0.80  17.7    NE   11.4   11.7   11.7  1012.3   0.80    4.8    0.072   0.000   23.6    55   14.0   23.7   10.06   1.1704     351     1    100.0   15 
29/04/24  18:15   11.4   11.4   11.3    97   10.9    3.2    ESE   0.80  16.1    NE   11.4   11.6   11.6  1012.3   1.20   25.0    0.072   0.000   23.6    55   14.0   23.7   10.06   1.1705     348     1    100.0   15 
29/04/24  18:30   11.3   11.3   11.3    97   10.8    6.4    ENE   1.61  14.5   ENE   10.8   11.5   11.1  1012.6   0.40    5.4    0.073   0.000   23.5    55   13.9   23.7   10.06   1.1710     350     1    100.0   15 
29/04/24  18:45   11.3   11.3   11.3    97   10.8    6.4    ENE   1.61  16.1   ENE   10.8   11.5   11.1  1012.7   0.40    2.2    0.073   0.000   23.5    55   13.9   23.7   10.06   1.1712     351     1    100.0   15 
29/04/24  19:00   11.3   11.3   11.3    97   10.9    6.4     NE   1.61  16.1   ENE   10.9   11.6   11.1  1013.0   0.20    1.2    0.073   0.000   23.5    55   13.9   23.7   10.06   1.1716     351     1    100.0   15 
29/04/24  19:15   11.4   11.4   11.3    97   10.9    6.4     NE   1.61  14.5   ENE   11.0   11.6   11.2  1013.0   0.00    0.0    0.072   0.000   23.4    55   13.9   23.6   10.07   1.1718     351     1    100.0   15 
29/04/24  19:30   11.4   11.4   11.3    97   10.9    6.4     NE   1.61  12.9    NE   11.0   11.6   11.2  1013.3   0.40    1.0    0.072   0.000   23.5    55   13.9   23.7   10.06   1.1719     350     1    100.0   15 
29/04/24  19:45   11.4   11.4   11.3    97   10.9    8.0    ENE   2.01  19.3   ENE   10.7   11.6   10.9  1013.3   0.20    1.2    0.072   0.000   23.5    55   13.9   23.7   10.06   1.1719     350     1    100.0   15 
29/04/24  20:00   11.3   11.4   11.3    97   10.9    9.7    ENE   2.41  16.1   ENE   10.3   11.6   10.5  1013.3   0.20    1.2    0.073   0.000   23.4    55   13.9   23.6   10.07   1.1722     348     1    100.0   15 
29/04/24  20:15   11.3   11.3   11.3    97   10.8    8.0    ENE   2.01  16.1   ENE   10.5   11.5   10.7  1013.4   0.20    1.0    0.073   0.000   23.4    55   13.9   23.6   10.07   1.1723     350     1    100.0   15 
29/04/24  20:30   11.3   11.3   11.2    97   10.8    4.8     NE   1.21  12.9     E   11.2   11.5   11.4  1013.6   0.00    0.0    0.073   0.000   23.4    55   13.9   23.6   10.07   1.1725     346     1    100.0   15 
29/04/24  20:45   11.3   11.3   11.3    97   10.9    6.4     NE   1.61  16.1   ENE   10.9   11.6   11.1  1013.6   0.20    0.0    0.073   0.000   23.4    55   13.9   23.6   10.07   1.1725     350     1    100.0   15 
29/04/24  21:00   11.3   11.3   11.3    97   10.9    8.0     NE   2.01  17.7    NE   10.6   11.6   10.8  1013.7   0.20    0.0    0.073   0.000   23.4    55   13.9   23.6   10.07   1.1726     350     1    100.0   15 
29/04/24  21:15   11.3   11.4   11.3    97   10.9    6.4    ENE   1.61  12.9   ENE   10.9   11.6   11.1  1013.7   0.20    0.8    0.073   0.000   23.4    55   13.8   23.5   10.07   1.1730     351     1    100.0   15 
29/04/24  21:30   11.3   11.4   11.3    97   10.9    3.2     NE   0.80  11.3   ENE   11.3   11.6   11.6  1013.7   0.20    0.8    0.073   0.000   23.3    55   13.8   23.4   10.07   1.1732     346     1    100.0   15 
29/04/24  21:45   11.4   11.4   11.4    97   10.9    1.6     NE   0.40   4.8    NE   11.4   11.6   11.6  1013.9   0.20    0.0    0.072   0.000   23.4    55   13.9   23.6   10.07   1.1729     347     1    100.0   15 
29/04/24  22:00   11.4   11.5   11.4    97   11.0    1.6     NE   0.40   4.8    NE   11.4   11.7   11.7  1014.1   0.00    0.0    0.072   0.000   23.6    55   14.0   23.7   10.06   1.1725     349     1    100.0   15 
29/04/24  22:15   11.5   11.6   11.4    97   11.0    3.2     NE   0.80  12.9   ENE   11.5   11.7   11.7  1014.0   0.40    1.0    0.071   0.000   23.6    55   14.0   23.8   10.06   1.1722     350     1    100.0   15 
29/04/24  22:30   11.6   11.6   11.6    97   11.1    1.6     NE   0.40   6.4    NE   11.6   11.7   11.7  1014.0   0.00    0.0    0.071   0.000   23.6    55   14.0   23.8   10.06   1.1722     345     1    100.0   15 
29/04/24  22:45   11.6   11.6   11.6    97   11.1    4.8     NE   1.21  11.3   ENE   11.6   11.7   11.7  1014.0   0.20    0.0    0.071   0.000   23.4    55   13.8   23.5   10.07   1.1733     340     1     99.4   15 
29/04/24  23:00   11.6   11.6   11.6    97   11.2    3.2    ENE   0.80   8.0   ENE   11.6   11.8   11.8  1014.1   0.00    0.0    0.070   0.000   23.1    55   13.5   23.1   10.08   1.1750     334     1     97.7   15 
29/04/24  23:15   11.6   11.6   11.6    97   11.2    1.6    ENE   0.40   4.8   ENE   11.6   11.8   11.8  1014.0   0.00    0.0    0.070   0.000   22.8    56   13.5   22.8   10.29   1.1761     348     1    100.0   15 
29/04/24  23:30   11.6   11.6   11.6    97   11.2    3.2    ENE   0.80   8.0   ENE   11.6   11.8   11.8  1014.0   0.20    0.0    0.070   0.000   22.4    56   13.2   22.3   10.30   1.1777     347     1    100.0   15 
29/04/24  23:45   11.6   11.6   11.6    97   11.2    3.2     NE   0.80   8.0    NE   11.6   11.8   11.8  1013.9   0.00    0.0    0.070   0.000   22.2    56   13.0   22.0   10.31   1.1787     350     1    100.0   15 
30/04/24  00:00   11.6   11.6   11.6    97   11.2    1.6    ENE   0.40   6.4   ENE   11.6   11.8   11.8  1013.7   0.00    0.0    0.070   0.000   21.9    57   13.0   21.6   10.49   1.1796     350     1    100.0   15 
30/04/24   0:15   11.6   11.6   11.5    97   11.1    1.6    ENE   0.40   8.0   ENE   11.6   11.7   11.7  1013.5   0.20    0.0    0.071   0.000   21.7    57   12.8   21.3   10.51   1.1805     345     1    100.0   15 
30/04/24   0:30   11.5   11.6   11.5    97   11.0    1.6     NE   0.40   8.0     E   11.5   11.7   11.7  1013.3   0.20    0.0    0.071   0.000   21.5    57   12.6   21.0   10.52   1.1814     350     1    100.0   15 
30/04/24   0:45   11.5   11.5   11.5    97   11.0    3.2     NE   0.80  12.9   ENE   11.5   11.7   11.7  1013.3   0.00    0.0    0.071   0.000   21.3    57   12.4   20.7   10.54   1.1825     348     1    100.0   15 
30/04/24   1:00   11.5   11.6   11.5    97   11.0    3.2     NE   0.80  12.9   ENE   11.5   11.7   11.7  1013.2   0.00    0.0    0.071   0.000   21.1    58   12.5   20.5   10.75   1.1833     350     1    100.0   15 
30/04/24   1:15   11.5   11.5   11.5    97   11.0    4.8    ENE   1.21  11.3   ENE   11.5   11.7   11.7  1013.2   0.00    0.0    0.071   0.000   20.9    58   12.3   20.4   10.75   1.1841     351     1    100.0   15 
30/04/24   1:30   11.5   11.5   11.5    97   11.0    3.2    ENE   0.80   6.4   ENE   11.5   11.7   11.7  1013.0   0.00    0.0    0.071   0.000   20.7    58   12.2   20.3   10.75   1.1847     351     1    100.0   15 
30/04/24   1:45   11.5   11.6   11.5    97   11.0    3.2     NE   0.80   9.7    NE   11.5   11.7   11.7  1012.7   0.00    0.0    0.071   0.000   20.6    58   12.0   20.1   10.75   1.1852     351     1    100.0   15 
30/04/24   2:00   11.5   11.5   11.4    97   11.0    6.4     NE   1.61  12.9   ENE   11.1   11.7   11.3  1012.7   0.00    0.0    0.071   0.000   20.4    58   11.8   20.0   10.75   1.1860     352     1    100.0   15 
30/04/24   2:15   11.5   11.5   11.4    97   11.0    4.8    ENE   1.21   9.7     E   11.5   11.7   11.7  1012.7   0.00    0.0    0.071   0.000   20.3    59   12.0   20.0   10.95   1.1863     351     1    100.0   15 
30/04/24   2:30   11.5   11.5   11.4    97   11.0    1.6     NE   0.40   6.4    NE   11.5   11.7   11.7  1012.7   0.00    0.0    0.071   0.000   20.1    59   11.8   19.8   10.95   1.1871     349     1    100.0   15 
30/04/24   2:45   11.5   11.5   11.5    97   11.0    0.0     NE   0.00   4.8    NE   11.5   11.7   11.7  1012.7   0.00    0.0    0.071   0.000   20.0    59   11.7   19.8   10.95   1.1877     351     1    100.0   15 
30/04/24   3:00   11.5   11.5   11.4    97   11.0    1.6     NE   0.40   6.4    NE   11.5   11.7   11.7  1012.6   0.00    0.0    0.071   0.000   19.9    59   11.6   19.7   10.95   1.1882     352     1    100.0   15 
30/04/24   3:15   11.5   11.5   11.5    97   11.0    0.0     NE   0.00   3.2    NE   11.5   11.7   11.7  1012.8   0.00    0.0    0.071   0.000   19.8    59   11.5   19.5   10.95   1.1889     351     1    100.0   15 
