                 Temp.  Temp.  Temp.  Hum.   Punt   Vel.   Dir.   Rec.  Vel.  Dir.  Sens.   Índ.   Índ.                  Int. Graus D.Graus D.  Temp.  Hum. Rosada  In.Cal.  EMC     Dens.    Mostr   Tx   Recep.  Int.
  Data    Hora    Ext.   Màx.   Mín.  Ext. Rosada   Vent   Vent   Vent  Màx.  Màx.  Tèrm.  Calor   THW    Bar    Pluja   Pluja  Calor    Fred    Int.  Int.   Int.   Int.    Int.  Int.Aire    Vent   Vent   ISS   Arc.
-------------------------------------------------------------------------------------------------------------------------------------------------------------------------------------------------------------------------
10/04/24   0:15    8.7    8.9    8.3    87    6.6    3.2    SSE   0.80   8.0     O    8.7    8.7    8.7  1027.2   0.00    0.0    0.101   0.000   20.6    54   11.0   20.0    9.99   1.2033     348     1    100.0   15 
10/04/24   0:30    8.1    8.3    8.0    82    5.2    3.2    ONO   0.80   6.4     O    8.1    8.1    8.1  1027.1   0.00    0.0    0.106   0.000   20.4    55   11.0   19.9   10.18   1.2039     351     1    100.0   15 
10/04/24   0:45    8.2    8.6    8.0    84    5.6    4.8    ONO   1.21   9.7   ONO    7.8    8.2    7.8  1026.8   0.00    0.0    0.106   0.000   20.2    55   10.9   19.7   10.18   1.2045     352     1    100.0   15 
10/04/24   1:00    8.6    8.7    8.4    80    5.4    3.2    ONO   0.80   8.0    NO    8.6    8.5    8.5  1026.6   0.00    0.0    0.101   0.000   20.1    55   10.7   19.6   10.19   1.2050     350     1    100.0   15 
10/04/24   1:15    8.3    8.4    8.2    73    3.8    3.2    ONO   0.80   9.7   ONO    8.3    8.1    8.1  1026.8   0.00    0.0    0.104   0.000   19.9    55   10.6   19.4   10.19   1.2061     351     1    100.0   15 
10/04/24   1:30    8.1    8.2    8.1    69    2.8    3.2      O   0.80   9.7     O    8.1    7.8    7.8  1026.6   0.00    0.0    0.106   0.000   19.8    55   10.5   19.3   10.20   1.2064     351     1    100.0   15 
10/04/24   1:45    7.9    8.0    7.8    69    2.5    4.8    ONO   1.21  14.5     O    7.4    7.6    7.2  1026.7   0.00    0.0    0.109   0.000   19.6    55   10.3   19.1   10.20   1.2074     348     1    100.0   15 
10/04/24   2:00    7.8    7.8    7.7    68    2.2    3.2    ONO   0.80  11.3   OSO    7.8    7.4    7.4  1026.6   0.00    0.0    0.110   0.000   19.4    56   10.4   19.0   10.41   1.2078     350     1    100.0   15 
10/04/24   2:15    7.8    7.9    7.8    67    2.1    3.2     NO   0.80   8.0   OSO    7.8    7.5    7.5  1026.6   0.00    0.0    0.109   0.000   19.3    56   10.3   18.8   10.41   1.2084     350     1    100.0   15 
10/04/24   2:30    7.8    7.9    7.8    66    1.9    3.2     NO   0.80   9.7   ONO    7.8    7.4    7.4  1026.6   0.00    0.0    0.109   0.000   19.2    56   10.2   18.7   10.42   1.2093     350     1    100.0   15 
10/04/24   2:45    8.0    8.1    7.9    66    2.0    4.8    ONO   1.21  14.5     O    7.6    7.6    7.2  1026.2   0.00    0.0    0.108   0.000   19.1    56   10.1   18.5   10.42   1.2094     351     1    100.0   15 
10/04/24   3:00    8.0    8.1    7.9    66    2.0    6.4    ONO   1.61  12.9   ONO    7.1    7.6    6.7  1026.2   0.00    0.0    0.108   0.000   18.9    56    9.9   18.3   10.43   1.2102     352     1    100.0   15 
10/04/24   3:15    7.8    8.1    7.6    67    2.1    4.8    ONO   1.21  14.5   NNO    7.4    7.5    7.1  1026.4   0.00    0.0    0.109   0.000   18.8    56    9.8   18.2   10.43   1.2110     349     1    100.0   15 
10/04/24   3:30    7.3    7.6    7.2    69    2.0    4.8    ONO   1.21  11.3   OSO    6.8    7.1    6.5  1026.2   0.00    0.0    0.115   0.000   18.7    56    9.8   18.2   10.44   1.2111     350     1    100.0   15 
10/04/24   3:45    7.2    7.3    7.1    69    1.9    4.8    ONO   1.21  17.7     O    6.6    6.9    6.3  1026.3   0.00    0.0    0.116   0.000   18.9    56   10.0   18.4   10.43   1.2100     351     1    100.0   15 
10/04/24   4:00    7.3    7.3    7.2    69    2.0    3.2     NO   0.80   8.0   ONO    7.3    7.0    7.0  1026.4   0.00    0.0    0.115   0.000   19.3    55   10.0   18.7   10.22   1.2087     351     1    100.0   15 
10/04/24   4:15    7.2    7.2    7.2    69    1.9    4.8     NO   1.21   9.7     O    6.7    6.9    6.4  1026.1   0.00    0.0    0.116   0.000   19.6    55   10.3   19.1   10.20   1.2068     352     1    100.0   15 
10/04/24   4:30    7.1    7.2    7.1    70    2.0    3.2      O   0.80   8.0   ONO    7.1    6.8    6.8  1026.2   0.00    0.0    0.117   0.000   19.9    54   10.4   19.4   10.03   1.2055     351     1    100.0   15 
10/04/24   4:45    7.0    7.1    6.8    70    1.9    3.2      O   0.80   6.4    NO    7.0    6.7    6.7  1026.2   0.00    0.0    0.118   0.000   20.3    54   10.7   19.7   10.01   1.2037     351     1    100.0   15 
10/04/24   5:00    6.8    6.8    6.7    72    2.1    3.2    ONO   0.80   8.0     O    6.8    6.5    6.5  1026.2   0.00    0.0    0.120   0.000   20.6    53   10.6   19.9    9.87   1.2026     351     1    100.0   15 
10/04/24   5:15    6.7    6.8    6.7    72    2.0    3.2    ONO   0.80   9.7   ONO    6.7    6.4    6.4  1026.6   0.00    0.0    0.121   0.000   20.7    53   10.8   20.1    9.86   1.2022     351     1    100.0   15 
10/04/24   5:30    6.9    6.9    6.8    71    2.0    3.2      O   0.80   8.0    NO    6.9    6.6    6.6  1026.6   0.00    0.0    0.119   0.000   20.9    52   10.7   20.2    9.66   1.2015     351     1    100.0   15 
10/04/24   5:45    7.0    7.0    6.9    71    2.1    1.6    ONO   0.40   6.4     O    7.0    6.7    6.7  1026.8   0.00    0.0    0.118   0.000   21.1    52   10.9   20.3    9.65   1.2009     350     1    100.0   15 
10/04/24   6:00    7.2    7.4    6.9    71    2.3    3.2    ONO   0.80   6.4   ONO    7.2    6.9    6.9  1026.9   0.00    0.0    0.116   0.000   21.4    52   11.1   20.6    9.64   1.1995     351     1    100.0   15 
10/04/24   6:15    7.8    8.1    7.4    68    2.2    1.6     NO   0.40   6.4    NO    7.8    7.4    7.4  1026.9   0.00    0.0    0.110   0.000   21.9    51   11.3   21.3    9.42   1.1973     351     1    100.0   15 
10/04/24   6:30    8.3    8.4    8.1    68    2.7    3.2     NO   0.80   8.0    NO    8.3    7.9    7.9  1026.8   0.00    0.0    0.105   0.000   22.6    50   11.6   22.2    9.25   1.1942     352     1    100.0   15 
10/04/24   6:45    8.7    9.0    8.4    67    2.9    1.6    ONO   0.40   4.8    NO    8.7    8.4    8.4  1026.7   0.00    0.0    0.100   0.000   23.1    50   12.1   22.9    9.25   1.1912     351     1    100.0   15 
10/04/24   7:00    9.2    9.3    9.0    66    3.1    3.2    ONO   0.80   8.0   ONO    9.2    8.8    8.8  1026.7   0.00    0.0    0.095   0.000   23.3    50   12.3   23.1    9.25   1.1904     351     1    100.0   15 
10/04/24   7:15    9.3    9.4    9.3    66    3.3    4.8      O   1.21  11.3    NO    9.1    9.0    8.7  1026.7   0.00    0.0    0.094   0.000   23.3    50   12.3   23.1    9.25   1.1904     350     1    100.0   15 
10/04/24   7:30    9.4    9.5    9.4    65    3.2    4.8     NO   1.21   9.7   OSO    9.2    9.1    8.8  1026.7   0.00    0.0    0.093   0.000   23.2    50   12.2   23.1    9.25   1.1908     352     1    100.0   15 
10/04/24   7:45    9.6    9.8    9.4    65    3.3    3.2     NE   0.80   8.0   ENE    9.6    9.2    9.2  1026.7   0.00    0.0    0.091   0.000   23.2    50   12.2   22.9    9.25   1.1910     350     1    100.0   15 
10/04/24   8:00    9.9   10.2    9.8    65    3.7    1.6    ENE   0.40   6.4   ENE    9.9    9.6    9.6  1026.6   0.00    0.0    0.087   0.000   23.1    50   12.1   22.9    9.25   1.1912     350     1    100.0   15 
10/04/24   8:15   10.6   11.0   10.3    62    3.6    1.6    ENE   0.40   6.4    NO   10.6   10.1   10.1  1026.7   0.00    0.0    0.081   0.000   23.1    50   12.1   22.9    9.25   1.1913     350     1    100.0   15 
10/04/24   8:30   11.1   11.2   10.9    60    3.6    3.2     NO   0.80   8.0    NO   11.1   10.5   10.5  1026.7   0.00    0.0    0.076   0.000   23.3    50   12.3   23.1    9.25   1.1904     352     1    100.0   15 
10/04/24   8:45   11.2   11.4   11.1    58    3.3    3.2     NO   0.80   9.7    NO   11.2   10.6   10.6  1026.7   0.00    0.0    0.074   0.000   23.3    50   12.3   23.1    9.25   1.1904     351     1    100.0   15 
10/04/24   9:00   11.7   12.3   11.4    56    3.2    6.4     NO   1.61  19.3     O   11.3   11.0   10.6  1026.5   0.00    0.0    0.069   0.000   23.3    50   12.3   23.1    9.25   1.1902     351     1    100.0   15 
10/04/24   9:15   12.8   13.2   12.3    52    3.2    6.4    ONO   1.61  17.7   OSO   12.6   11.8   11.6  1026.5   0.00    0.0    0.058   0.000   23.3    50   12.3   23.1    9.25   1.1902     351     1    100.0   15 
10/04/24   9:30   13.6   14.2   13.2    49    3.0    4.8     NO   1.21  14.5     O   13.6   12.4   12.4  1026.4   0.00    0.0    0.050   0.000   23.3    48   11.6   23.1    8.93   1.1908     350     1    100.0   15 
10/04/24   9:45   14.4   14.6   14.2    47    3.3    4.8     NO   1.21   9.7   ONO   14.4   13.2   13.2  1026.5   0.00    0.0    0.041   0.000   23.3    46   11.0   22.9    8.57   1.1915     352     1    100.0   15 
10/04/24  10:00   15.2   15.6   14.6    45    3.3    3.2     NO   0.80  19.3   OSO   15.2   13.9   13.9  1026.4   0.00    0.0    0.033   0.000   23.3    46   11.0   22.9    8.57   1.1914     351     1    100.0   15 
10/04/24  10:15   15.4   15.6   15.3    42    2.6    8.0      O   2.01  22.5   OSO   15.4   14.1   14.1  1026.1   0.00    0.0    0.030   0.000   23.3    45   10.7   23.0    8.45   1.1911     349     1    100.0   15 
10/04/24  10:30   15.3   15.5   15.3    43    2.8    8.0    ONO   2.01  22.5     O   15.3   13.9   13.9  1026.0   0.00    0.0    0.031   0.000   23.3    46   11.1   23.1    8.57   1.1907     351     1    100.0   15 
10/04/24  10:45   15.8   15.9   15.5    40    2.2    9.7      O   2.41  25.7   OSO   15.6   14.3   14.1  1025.8   0.00    0.0    0.027   0.000   23.4    46   11.1   23.1    8.57   1.1902     351     1    100.0   15 
10/04/24  11:00   16.0   16.2   15.7    38    1.7    8.0      O   2.01  25.7   OSO   16.0   14.4   14.4  1025.6   0.00    0.0    0.024   0.000   23.4    46   11.1   23.1    8.57   1.1900     351     1    100.0   15 
10/04/24  11:15   16.3   16.4   16.2    37    1.5   11.3      O   2.82  29.0     O   16.0   14.6   14.3  1025.5   0.00    0.0    0.021   0.000   23.3    46   11.1   23.1    8.57   1.1901     351     1    100.0   15 
10/04/24  11:30   16.8   17.0   16.4    37    2.0    8.0      O   2.01  20.9   ONO   16.8   15.2   15.2  1025.3   0.00    0.0    0.016   0.000   23.4    46   11.1   23.1    8.57   1.1896     345     1    100.0   15 
10/04/24  11:45   17.1   17.3   16.9    35    1.5    9.7      O   2.41  20.9     O   17.1   15.3   15.3  1025.0   0.00    0.0    0.013   0.000   23.4    46   11.1   23.1    8.57   1.1892     351     1    100.0   15 
10/04/24  12:00   17.3   17.7   16.9    34    1.3    8.0      O   2.01  16.1   ONO   17.3   15.5   15.5  1024.8   0.00    0.0    0.010   0.000   23.4    47   11.5   23.2    8.75   1.1884     351     1    100.0   15 
10/04/24  12:15   17.7   17.8   17.6    35    2.1    8.0      O   2.01  20.9     O   17.7   15.9   15.9  1024.8   0.00    0.0    0.006   0.000   23.5    47   11.5   23.3    8.75   1.1882     350     1    100.0   15 
10/04/24  12:30   18.1   18.2   17.8    33    1.6    8.0      O   2.01  24.1   OSO   18.1   16.2   16.2  1024.8   0.00    0.0    0.002   0.000   23.5    47   11.5   23.3    8.75   1.1881     351     1    100.0   15 
10/04/24  12:45   18.4   18.9   18.2    34    2.3    6.4      O   1.61  16.1   OSO   18.4   16.6   16.6  1024.5   0.00    0.0    0.000   0.001   23.6    47   11.6   23.4    8.75   1.1875     349     1    100.0   15 
10/04/24  13:00   18.9   19.2   18.7    33    2.3    6.4      O   1.61  16.1   OSO   18.9   17.1   17.1  1024.3   0.00    0.0    0.000   0.006   23.7    47   11.7   23.6    8.75   1.1865     351     1    100.0   15 
10/04/24  13:15   19.2   19.3   19.0    31    1.7    8.0      O   2.01  27.4   OSO   19.2   17.3   17.3  1024.1   0.00    0.0    0.000   0.009   23.9    46   11.6   23.8    8.55   1.1854     351     1    100.0   15 
10/04/24  13:30   19.2   19.4   19.0    31    1.6    8.0      O   2.01  24.1   OSO   19.2   17.2   17.2  1023.7   0.00    0.0    0.000   0.009   24.1    45   11.4   23.9    8.44   1.1846     351     1    100.0   15 
10/04/24  13:45   19.4   19.7   19.3    31    1.9    8.0      O   2.01  19.3    NO   19.4   17.5   17.5  1023.5   0.00    0.0    0.000   0.012   24.2    45   11.5   23.9    8.44   1.1840     351     1    100.0   15 
10/04/24  14:00   20.0   20.4   19.4    33    3.2    6.4      O   1.61  19.3   OSO   20.0   18.2   18.2  1023.4   0.00    0.0    0.000   0.017   24.3    45   11.6   24.1    8.44   1.1834     352     1    100.0   15 
10/04/24  14:15   19.9   20.2   19.6    38    5.2    8.0    SSO   2.01  19.3     S   19.9   18.5   18.5  1023.3   0.00    0.0    0.000   0.017   24.4    45   11.7   24.2    8.43   1.1824     351     1    100.0   15 
10/04/24  14:30   19.5   19.8   19.3    38    4.8    6.4    SSO   1.61  16.1    SO   19.5   18.0   18.0  1023.1   0.00    0.0    0.000   0.012   24.5    45   11.8   24.3    8.43   1.1819     351     1    100.0   15 
10/04/24  14:45   19.9   20.1   19.8    38    5.1    6.4      O   1.61  16.1    SO   19.9   18.4   18.4  1022.9   0.00    0.0    0.000   0.016   24.6    46   12.2   24.4    8.52   1.1808     351     1    100.0   15 
10/04/24  15:00   19.7   19.8   19.6    39    5.4    4.8    SSO   1.21  14.5    SO   19.7   18.3   18.3  1023.0   0.00    0.0    0.000   0.014   24.7    46   12.3   24.4    8.52   1.1805     350     1    100.0   15 
10/04/24  15:15   18.7   19.6   17.7    47    7.1   11.3      E   2.82  22.5     E   18.7   17.6   17.6  1023.0   0.00    0.0    0.000   0.003   24.7    46   12.3   24.4    8.52   1.1805     352     1    100.0   15 
10/04/24  15:30   17.3   17.7   17.1    48    6.2   12.9      E   3.22  24.1     E   16.8   16.1   15.6  1023.0   0.00    0.0    0.011   0.000   24.6    46   12.2   24.4    8.52   1.1808     350     1    100.0   15 
10/04/24  15:45   17.1   17.3   16.9    47    5.7    9.7    ENE   2.41  22.5     E   17.1   15.9   15.9  1023.2   0.00    0.0    0.013   0.000   24.6    46   12.2   24.4    8.53   1.1813     347     1    100.0   15 
10/04/24  16:00   16.9   16.9   16.8    49    6.1    8.0      E   2.01  16.1     E   16.9   15.8   15.8  1023.1   0.00    0.0    0.015   0.000   24.5    46   12.1   24.3    8.53   1.1815     351     1    100.0   15 
10/04/24  16:15   16.9   17.0   16.8    49    6.1    6.4      E   1.61  14.5     E   16.9   15.8   15.8  1023.1   0.00    0.0    0.015   0.000   24.5    46   12.1   24.3    8.53   1.1815     350     1    100.0   15 
10/04/24  16:30   17.3   17.8   17.0    42    4.2    4.8     SE   1.21  12.9   SSO   17.3   15.9   15.9  1022.9   0.00    0.0    0.011   0.000   24.4    47   12.4   24.3    8.73   1.1812     350     1    100.0   15 
10/04/24  16:45   18.3   18.4   17.8    41    4.8    6.4    SSO   1.61  14.5    SO   18.3   16.9   16.9  1023.0   0.00    0.0    0.001   0.000   24.4    46   12.1   24.3    8.53   1.1817     351     1    100.0   15 
10/04/24  17:00   18.4   18.4   18.3    42    5.2    6.4    SSO   1.61  19.3   OSO   18.4   17.1   17.1  1022.9   0.00    0.0    0.000   0.001   24.3    45   11.6   24.1    8.43   1.1825     349     1    100.0   15 
10/04/24  17:15   17.9   18.3   17.6    45    5.8    8.0    SSO   2.01  19.3   SSO   17.9   16.7   16.7  1022.9   0.00    0.0    0.004   0.000   24.3    45   11.6   24.1    8.44   1.1827     352     1    100.0   15 
10/04/24  17:30   17.4   17.6   16.9    49    6.6    8.0    SSO   2.01  24.1   SSO   17.4   16.3   16.3  1023.1   0.00    0.0    0.010   0.000   24.2    45   11.5   23.9    8.44   1.1835     350     1    100.0   15 
10/04/24  17:45   16.7   16.9   16.4    53    7.0    6.4    OSO   1.61  20.9   OSO   16.7   15.7   15.7  1023.1   0.00    0.0    0.017   0.000   24.1    45   11.4   23.9    8.44   1.1840     349     1    100.0   15 
10/04/24  18:00   16.2   16.4   15.9    56    7.4    4.8    OSO   1.21  14.5     O   16.2   15.4   15.4  1023.1   0.00    0.0    0.022   0.000   23.9    46   11.6   23.8    8.55   1.1843     351     1    100.0   15 
10/04/24  18:15   15.4   15.9   15.0    59    7.5    6.4    SSO   1.61  16.1   SSO   15.4   14.7   14.7  1023.3   0.00    0.0    0.030   0.000   23.8    47   11.8   23.7    8.75   1.1849     348     1    100.0   15 
10/04/24  18:30   14.7   15.0   14.4    63    7.7    6.4    SSO   1.61  12.9   OSO   14.7   14.1   14.1  1023.2   0.00    0.0    0.038   0.000   23.6    47   11.6   23.4    8.75   1.1857     351     1    100.0   15 
10/04/24  18:45   14.3   14.4   14.1    65    7.8    4.8    SSO   1.21  11.3    SO   14.3   13.7   13.7  1023.4   0.00    0.0    0.042   0.000   23.5    48   11.9   23.3    8.94   1.1861     344     1    100.0   15 
10/04/24  19:00   13.9   14.1   13.8    66    7.7    3.2    SSO   0.80   8.0    SE   13.9   13.4   13.4  1023.7   0.00    0.0    0.046   0.000   23.3    48   11.7   23.1    8.93   1.1873     346     1    100.0   15 
10/04/24  19:15   13.7   13.8   13.4    68    7.9    3.2    SSO   0.80   8.0   SSO   13.7   13.2   13.2  1023.6   0.00    0.0    0.049   0.000   23.2    48   11.5   22.9    8.92   1.1880     350     1    100.0   15 
10/04/24  19:30   13.1   13.4   12.8    71    7.9    1.6    OSO   0.40   6.4   OSO   13.1   12.7   12.7  1023.8   0.00    0.0    0.055   0.000   23.0    49   11.7   22.7    9.05   1.1887     351     1    100.0   15 
10/04/24  19:45   12.7   12.8   12.6    72    7.8    1.6    NNE   0.40   4.8   NNE   12.7   12.3   12.3  1024.1   0.00    0.0    0.058   0.000   23.0    49   11.7   22.7    9.05   1.1891     350     1    100.0   15 
10/04/24  20:00   12.4   12.6   12.2    75    8.1    1.6      O   0.40   8.0     O   12.4   12.1   12.1  1024.2   0.00    0.0    0.062   0.000   23.1    49   11.8   22.9    9.05   1.1887     351     1    100.0   15 
10/04/24  20:15   12.2   12.3   12.2    76    8.1    1.6    ESE   0.40   4.8   ESE   12.2   11.9   11.9  1024.6   0.00    0.0    0.064   0.000   23.3    49   12.0   23.1    9.05   1.1884     351     1    100.0   15 
10/04/24  20:30   12.1   12.2   11.9    75    7.8    3.2    ENE   0.80  12.9   ENE   12.1   11.8   11.8  1025.0   0.00    0.0    0.065   0.000   23.4    49   12.1   23.3    9.05   1.1879     351     1    100.0   15 
10/04/24  20:45   11.6   11.8   11.4    78    7.9    8.0      E   2.01  14.5   ENE   10.9   11.4   10.7  1025.0   0.00    0.0    0.070   0.000   23.5    49   12.2   23.4    9.05   1.1877     349     1    100.0   15 
10/04/24  21:00   11.3   11.4   11.2    79    7.8    6.4    ENE   1.61  12.9     E   10.9   11.2   10.7  1025.2   0.00    0.0    0.073   0.000   23.6    49   12.2   23.4    9.05   1.1876     351     1    100.0   15 
10/04/24  21:15   11.3   11.3   11.2    77    7.4    6.4    ENE   1.61  12.9     E   10.8   11.1   10.7  1025.4   0.00    0.0    0.073   0.000   23.7    49   12.3   23.6    9.05   1.1873     351     1    100.0   15 
10/04/24  21:30   11.3   11.3   11.3    75    7.0    3.2     NE   0.80   8.0    NE   11.3   11.1   11.1  1025.8   0.00    0.0    0.073   0.000   23.6    49   12.3   23.5    9.05   1.1881     351     1    100.0   15 
10/04/24  21:45   11.2   11.3   11.1    76    7.1    6.4     NE   1.61  12.9   ENE   10.7   10.9   10.5  1025.8   0.00    0.0    0.075   0.000   23.4    49   12.1   23.3    9.05   1.1890     351     1    100.0   15 
10/04/24  22:00   11.1   11.2   11.1    78    7.4    6.4     NE   1.61  14.5     E   10.7   10.9   10.5  1026.2   0.00    0.0    0.075   0.000   23.3    49   12.0   23.1    9.05   1.1902     350     1    100.0   15 
10/04/24  22:15   11.2   11.2   11.1    79    7.7    4.8     NE   1.21   9.7    NE   11.1   11.0   10.9  1026.2   0.00    0.0    0.075   0.000   23.2    49   11.9   22.9    9.05   1.1908     351     1    100.0   15 
10/04/24  22:30   11.2   11.2   11.1    80    7.8    4.8     NE   1.21   8.0    NE   11.1   11.1   11.0  1026.5   0.00    0.0    0.075   0.000   23.0    50   12.0   22.8    9.25   1.1916     351     1    100.0   15 
10/04/24  22:45   10.9   11.2   10.7    80    7.6    3.2     NE   0.80   6.4    NE   10.9   10.8   10.8  1026.5   0.00    0.0    0.077   0.000   22.8    50   11.9   22.6    9.25   1.1925     350     1    100.0   15 
10/04/24  23:00   10.6   10.7   10.6    80    7.3    3.2     NE   0.80   6.4    NO   10.6   10.6   10.6  1026.5   0.00    0.0    0.080   0.000   22.6    51   12.0   22.3    9.40   1.1932     350     1    100.0   15 
10/04/24  23:15   10.7   10.7   10.6    80    7.4    1.6     NO   0.40   4.8    NO   10.7   10.6   10.6  1026.6   0.00    0.0    0.080   0.000   22.4    51   11.8   22.0    9.40   1.1944     351     1    100.0   15 
10/04/24  23:30   10.7   10.8   10.6    82    7.7    1.6     NE   0.40   4.8    NE   10.7   10.6   10.6  1026.7   0.00    0.0    0.080   0.000   22.2    51   11.5   21.7    9.41   1.1957     350     1    100.0   15 
10/04/24  23:45   10.8   10.9   10.8    82    7.9    1.6     NE   0.40   6.4   ENE   10.8   10.8   10.8  1026.6   0.00    0.0    0.078   0.000   21.9    52   11.6   21.4    9.62   1.1964     350     1    100.0   15 
11/04/24  00:00   10.8   10.9   10.8    83    8.1    1.6     NE   0.40   4.8    NE   10.8   10.8   10.8  1026.6   0.00    0.0    0.078   0.000   21.7    52   11.4   21.1    9.63   1.1975     352     1    100.0   15 
11/04/24   0:15   10.7   10.9   10.6    83    7.9    1.6     NE   0.40   4.8    NE   10.7   10.7   10.7  1026.5   0.00    0.0    0.080   0.000   21.6    52   11.3   20.8    9.63   1.1983     350     1    100.0   15 
11/04/24   0:30   10.6   10.6   10.5    84    8.0    1.6     NE   0.40   4.8    NE   10.6   10.6   10.6  1026.4   0.00    0.0    0.081   0.000   21.4    53   11.4   20.7    9.83   1.1987     351     1    100.0   15 
11/04/24   0:45   10.4   10.4   10.3    84    7.8    0.0     NE   0.00   3.2    NE   10.4   10.4   10.4  1026.5   0.00    0.0    0.083   0.000   21.2    53   11.3   20.4    9.84   1.1996     350     1    100.0   15 
11/04/24   1:00   10.3   10.4   10.3    86    8.1    1.6     NE   0.40   3.2    NE   10.3   10.4   10.4  1026.5   0.00    0.0    0.083   0.000   21.1    53   11.1   20.3    9.85   1.2005     349     1    100.0   15 
11/04/24   1:15   10.4   10.4   10.4    86    8.1    1.6     NE   0.40   4.8    NE   10.4   10.4   10.4  1026.5   0.00    0.0    0.083   0.000   20.9    54   11.2   20.2    9.97   1.2010     351     1    100.0   15 
11/04/24   1:30   10.3   10.4   10.1    85    7.9    1.6     NO   0.40   4.8    NE   10.3   10.3   10.3  1026.4   0.00    0.0    0.084   0.000   20.8    54   11.1   20.1    9.97   1.2014     350     1    100.0   15 
11/04/24   1:45   10.1   10.2   10.0    83    7.4    1.6     NO   0.40   4.8    NO   10.1   10.1   10.1  1026.4   0.00    0.0    0.086   0.000   20.6    54   11.0   20.0    9.99   1.2023     350     1    100.0   15 
11/04/24   2:00   10.0   10.0    9.9    80    6.7    1.6    NNO   0.40   6.4   NNO   10.0   10.0   10.0  1026.2   0.00    0.0    0.087   0.000   20.4    54   10.8   19.9   10.00   1.2030     351     1    100.0   15 
11/04/24   2:15   10.2   10.4   10.0    76    6.2    3.2    NNO   0.80   8.0    NO   10.2   10.1   10.1  1026.3   0.00    0.0    0.084   0.000   20.3    55   11.0   19.8   10.18   1.2033     352     1    100.0   15 
11/04/24   2:30   10.4   10.4   10.3    75    6.1    1.6    NNO   0.40   4.8   NNO   10.4   10.2   10.2  1026.1   0.00    0.0    0.083   0.000   20.2    55   10.9   19.7   10.18   1.2037     351     1    100.0   15 
11/04/24   2:45    9.9   10.3    9.6    76    5.9    1.6    NNO   0.40  11.3   ESE    9.9    9.8    9.8  1026.2   0.00    0.0    0.088   0.000   20.1    55   10.7   19.6   10.19   1.2046     351     1    100.0   15 
11/04/24   3:00    9.1    9.6    8.8    80    5.8    1.6      E   0.40   9.7     E    9.1    9.0    9.0  1026.1   0.00    0.0    0.097   0.000   19.9    55   10.6   19.5   10.19   1.2050     351     1    100.0   15 
11/04/24   3:15    8.8    9.2    8.8    82    5.9    1.6      E   0.40   8.0     E    8.8    8.8    8.8  1026.3   0.00    0.0    0.099   0.000   19.8    55   10.5   19.4   10.20   1.2058     349     1    100.0   15 
