                 Temp.  Temp.  Temp.  Hum.   Punt   Vel.   Dir.   Rec.  Vel.  Dir.  Sens.   Índ.   Índ.                  Int. Graus D.Graus D.  Temp.  Hum. Rosada  In.Cal.  EMC     Dens.    Mostr   Tx   Recep.  Int.
  Data    Hora    Ext.   Màx.   Mín.  Ext. Rosada   Vent   Vent   Vent  Màx.  Màx.  Tèrm.  Calor   THW    Bar    Pluja   Pluja  Calor    Fred    Int.  Int.   Int.   Int.    Int.  Int.Aire    Vent   Vent   ISS   Arc.
-------------------------------------------------------------------------------------------------------------------------------------------------------------------------------------------------------------------------
 2/04/24   0:15   10.4   10.4   10.3    66    4.3    6.4    ONO   1.61  16.1   ONO    9.8   10.1    9.5  1016.2   0.00    0.0    0.083   0.000   21.1    53   11.2   20.3    9.85   1.1880     350     1    100.0   15 
 2/04/24   0:30   10.2   10.3   10.1    67    4.4    6.4      O   1.61  14.5     O    9.6    9.9    9.3  1016.4   0.00    0.0    0.084   0.000   20.9    53   11.0   20.2    9.86   1.1890     351     1    100.0   15 
 2/04/24   0:45   10.1   10.1   10.0    67    4.2    6.4    ONO   1.61  16.1   OSO    9.4    9.8    9.2  1016.5   0.00    0.0    0.086   0.000   20.7    53   10.8   20.1    9.86   1.1902     350     1    100.0   15 
 2/04/24   1:00   10.0   10.1    9.9    67    4.1    6.4      O   1.61  19.3   ONO    9.4    9.7    9.1  1016.4   0.00    0.0    0.087   0.000   20.4    54   10.8   19.9   10.00   1.1912     350     1    100.0   15 
 2/04/24   1:15   10.2   10.3    9.9    66    4.1    8.0      O   2.01  22.5   ONO    9.3    9.9    8.9  1016.5   0.00    0.0    0.084   0.000   20.2    54   10.6   19.7   10.01   1.1925     351     1    100.0   15 
 2/04/24   1:30   10.3   10.3   10.2    66    4.2    6.4    ONO   1.61  17.7    NO    9.7    9.9    9.4  1016.5   0.00    0.0    0.084   0.000   20.0    54   10.4   19.5   10.03   1.1936     351     1    100.0   15 
 2/04/24   1:45   10.2   10.3   10.1    67    4.4    6.4    ONO   1.61  20.9     O    9.6    9.9    9.3  1016.7   0.00    0.0    0.084   0.000   19.8    55   10.5   19.4   10.20   1.1944     351     1    100.0   15 
 2/04/24   2:00   10.1   10.1   10.1    67    4.3    6.4      O   1.61  20.9     O    9.5    9.8    9.2  1016.7   0.00    0.0    0.086   0.000   19.7    55   10.4   19.2   10.20   1.1953     352     1    100.0   15 
 2/04/24   2:15   10.1   10.1   10.0    67    4.2    9.7      O   2.41  25.7     O    8.8    9.8    8.5  1016.9   0.00    0.0    0.086   0.000   19.5    55   10.2   19.0   10.21   1.1963     349     1    100.0   15 
 2/04/24   2:30   10.2   10.3   10.2    67    4.4   11.3    ONO   2.82  25.7   OSO    8.7    9.9    8.4  1016.9   0.00    0.0    0.084   0.000   19.3    55   10.1   18.8   10.21   1.1971     351     1    100.0   15 
 2/04/24   2:45   10.1   10.2   10.1    67    4.3   14.5      O   3.62  30.6   ONO    7.8    9.8    7.6  1016.8   0.00    0.0    0.086   0.000   19.2    56   10.2   18.7   10.42   1.1973     351     1    100.0   15 
 2/04/24   3:00   10.1   10.2   10.1    68    4.5   12.9    ONO   3.22  27.4   OSO    8.2    9.8    7.9  1016.8   0.00    0.0    0.086   0.000   19.3    55   10.1   18.8   10.21   1.1970     351     1    100.0   15 
 2/04/24   3:15   10.1   10.2   10.0    68    4.5    9.7      O   2.41  24.1   ONO    8.8    9.8    8.6  1016.8   0.00    0.0    0.086   0.000   19.6    55   10.3   19.1   10.20   1.1956     351     1    100.0   15 
 2/04/24   3:30    9.8   10.0    9.7    69    4.4    6.4      O   1.61  19.3   OSO    9.2    9.6    8.9  1017.0   0.00    0.0    0.089   0.000   19.9    54   10.4   19.4   10.03   1.1945     351     1    100.0   15 
 2/04/24   3:45    9.6    9.7    9.5    70    4.4    3.2     NO   0.80  12.9   ONO    9.6    9.4    9.4  1017.5   0.00    0.0    0.091   0.000   20.2    54   10.6   19.6   10.02   1.1939     351     1    100.0   15 
 2/04/24   4:00    9.3    9.4    9.0    71    4.3    1.6    ESE   0.40   8.0     E    9.3    9.1    9.1  1017.7   0.00    0.0    0.094   0.000   20.4    54   10.8   19.8   10.00   1.1931     350     1    100.0   15 
 2/04/24   4:15    9.0    9.0    8.9    72    4.2    1.6    ESE   0.40   6.4    SE    9.0    8.8    8.8  1017.7   0.00    0.0    0.097   0.000   20.5    53   10.6   19.9    9.87   1.1928     349     1    100.0   15 
 2/04/24   4:30    9.1    9.1    9.0    71    4.1    1.6    SSE   0.40   6.4   SSE    9.1    8.8    8.8  1017.7   0.00    0.0    0.097   0.000   20.6    53   10.6   19.9    9.87   1.1926     351     1    100.0   15 
 2/04/24   4:45    9.1    9.1    8.9    71    4.1    1.6    SSE   0.40   6.4   ESE    9.1    8.8    8.8  1018.0   0.00    0.0    0.097   0.000   20.7    53   10.8   20.1    9.86   1.1920     351     1    100.0   15 
 2/04/24   5:00    8.8    8.9    8.8    71    3.9    1.6      O   0.40   9.7    SO    8.8    8.6    8.6  1017.7   0.00    0.0    0.099   0.000   20.9    53   10.9   20.2    9.86   1.1909     349     1    100.0   15 
 2/04/24   5:15    8.8    8.9    8.8    70    3.7    1.6    ONO   0.40   9.7     E    8.8    8.6    8.6  1017.4   0.00    0.0    0.099   0.000   21.1    52   10.8   20.2    9.65   1.1900     351     1    100.0   15 
 2/04/24   5:30    8.8    8.9    8.6    72    4.0    3.2      E   0.80  11.3   ENE    8.8    8.6    8.6  1017.5   0.00    0.0    0.100   0.000   21.2    52   10.9   20.3    9.65   1.1896     352     1    100.0   15 
 2/04/24   5:45    8.3    8.6    8.1    74    3.9    3.2      E   0.80   9.7     E    8.3    8.1    8.1  1017.7   0.00    0.0    0.105   0.000   21.2    52   11.0   20.4    9.65   1.1895     350     1    100.0   15 
 2/04/24   6:00    8.1    8.1    8.1    74    3.8    3.2    ENE   0.80  12.9   ENE    8.1    7.9    7.9  1018.1   0.00    0.0    0.106   0.000   21.3    52   11.1   20.6    9.64   1.1894     351     1    100.0   15 
 2/04/24   6:15    8.2    8.4    8.1    74    3.9    3.2    ENE   0.80   8.0   ENE    8.2    8.0    8.0  1018.3   0.00    0.0    0.105   0.000   21.6    51   11.0   20.9    9.43   1.1885     350     1    100.0   15 
 2/04/24   6:30    8.8    9.1    8.4    72    4.1    3.2     SO   0.80   8.0   OSO    8.8    8.6    8.6  1018.6   0.00    0.0    0.099   0.000   22.1    51   11.5   21.6    9.41   1.1864     352     1    100.0   15 
 2/04/24   6:45    8.9    9.3    8.6    72    4.2    3.2      O   0.80  11.3   ENE    8.9    8.7    8.7  1018.7   0.00    0.0    0.098   0.000   22.6    51   11.9   22.2    9.40   1.1843     351     1    100.0   15 
 2/04/24   7:00    9.3    9.6    9.2    71    4.3    6.4    ENE   1.61  12.9     E    8.6    9.1    8.4  1019.0   0.00    0.0    0.094   0.000   22.8    51   12.2   22.6    9.39   1.1833     351     1    100.0   15 
 2/04/24   7:15    9.6    9.9    9.5    70    4.4    4.8    ENE   1.21  11.3     E    9.4    9.4    9.2  1019.3   0.00    0.0    0.091   0.000   22.9    51   12.3   22.8    9.38   1.1831     350     1    100.0   15 
 2/04/24   7:30   10.2   10.7    9.9    69    4.7    3.2    ENE   0.80  11.3   ESE   10.2    9.9    9.9  1019.6   0.00    0.0    0.085   0.000   23.0    52   12.6   22.9    9.58   1.1829     352     1    100.0   15 
 2/04/24   7:45   10.9   11.1   10.7    66    4.8    3.2     NE   0.80   9.7     E   10.9   10.6   10.6  1019.6   0.00    0.0    0.077   0.000   23.1    52   12.7   23.0    9.58   1.1823     350     1    100.0   15 
 2/04/24   8:00   11.3   11.4   11.1    65    4.9    4.8     SE   1.21  11.3   ESE   11.2   10.8   10.8  1019.8   0.00    0.0    0.073   0.000   23.2    51   12.5   23.0    9.38   1.1825     351     1    100.0   15 
 2/04/24   8:15   11.2   11.3   11.1    66    5.1    8.0    ENE   2.01  14.5     E   10.4   10.8   10.0  1020.0   0.00    0.0    0.074   0.000   23.2    51   12.5   23.0    9.38   1.1828     351     1    100.0   15 
 2/04/24   8:30   11.9   12.6   11.3    62    4.8    1.6      E   0.40   8.0     E   11.9   11.3   11.3  1020.0   0.00    0.0    0.067   0.000   23.2    51   12.5   23.0    9.38   1.1828     351     1    100.0   15 
 2/04/24   8:45   13.1   13.5   12.6    58    5.0    3.2    SSE   0.80   9.7    SO   13.1   12.3   12.3  1020.2   0.00    0.0    0.055   0.000   23.2    51   12.5   23.0    9.38   1.1831     352     1    100.0   15 
 2/04/24   9:00   13.4   13.6   13.3    55    4.5    3.2    SSE   0.80   9.7    SE   13.4   12.5   12.5  1020.4   0.00    0.0    0.052   0.000   23.2    51   12.5   23.0    9.38   1.1833     351     1    100.0   15 
 2/04/24   9:15   13.9   14.2   13.6    55    5.0    3.2      E   0.80   9.7   OSO   13.9   13.1   13.1  1020.3   0.00    0.0    0.046   0.000   23.2    51   12.5   23.1    9.37   1.1828     351     1    100.0   15 
 2/04/24   9:30   13.9   14.3   13.8    54    4.8    3.2      O   0.80   8.0     O   13.9   13.0   13.0  1020.3   0.00    0.0    0.046   0.000   23.2    51   12.5   23.1    9.37   1.1829     350     1    100.0   15 
 2/04/24   9:45   14.6   14.8   14.3    51    4.5    3.2    OSO   0.80   9.7   SSO   14.6   13.5   13.5  1020.3   0.00    0.0    0.039   0.000   23.2    50   12.2   23.1    9.25   1.1832     352     1    100.0   15 
 2/04/24  10:00   14.7   14.9   14.6    50    4.4    3.2      O   0.80   9.7   ONO   14.7   13.6   13.6  1020.2   0.00    0.0    0.038   0.000   23.2    50   12.2   23.1    9.25   1.1831     351     1    100.0   15 
 2/04/24  10:15   15.1   15.6   14.6    48    4.2    3.2     NE   0.80  11.3     E   15.1   13.9   13.9  1020.2   0.00    0.0    0.034   0.000   23.3    49   12.0   23.1    9.05   1.1829     350     1    100.0   15 
 2/04/24  10:30   15.9   16.0   15.6    45    4.0    4.8    SSE   1.21  14.5   SSE   15.9   14.6   14.6  1019.9   0.00    0.0    0.025   0.000   23.3    48   11.7   23.1    8.93   1.1829     351     1    100.0   15 
 2/04/24  10:45   15.9   16.2   15.7    45    4.0    4.8    OSO   1.21   9.7     O   15.9   14.7   14.7  1019.9   0.00    0.0    0.025   0.000   23.3    47   11.4   23.1    8.75   1.1832     351     1    100.0   15 
 2/04/24  11:00   16.4   16.6   16.2    43    3.8    4.8    OSO   1.21  14.5    SO   16.4   15.1   15.1  1019.7   0.00    0.0    0.020   0.000   23.3    46   11.1   23.1    8.57   1.1833     352     1    100.0   15 
 2/04/24  11:15   16.6   16.9   16.3    43    3.9    3.2     SO   0.80  12.9   ENE   16.6   15.2   15.2  1019.6   0.00    0.0    0.019   0.000   23.3    45   10.7   23.0    8.45   1.1836     351     1    100.0   15 
 2/04/24  11:30   16.6   16.9   16.3    46    4.9    6.4    ENE   1.61  17.7   ENE   16.6   15.4   15.4  1019.6   0.00    0.0    0.018   0.000   23.3    40    9.0   22.8    7.67   1.1852     350     1    100.0   15 
 2/04/24  11:45   16.6   16.8   16.5    47    5.2    4.8      S   1.21  14.5     S   16.6   15.4   15.4  1019.4   0.00    0.0    0.019   0.000   23.2    40    8.8   22.6    7.68   1.1858     351     1    100.0   15 
 2/04/24  12:00   16.8   16.9   16.8    45    4.8    4.8    ESE   1.21  14.5   ESE   16.8   15.6   15.6  1019.1   0.00    0.0    0.016   0.000   23.2    41    9.2   22.6    7.80   1.1851     352     1    100.0   15 
 2/04/24  12:15   16.9   17.1   16.8    46    5.2    4.8    SSE   1.21  12.9   SSE   16.9   15.7   15.7  1018.7   0.00    0.0    0.015   0.000   23.2    41    9.2   22.7    7.80   1.1844     351     1    100.0   15 
 2/04/24  12:30   17.3   17.6   17.1    43    4.6    6.4    SSO   1.61  17.7    SO   17.3   15.9   15.9  1018.7   0.00    0.0    0.011   0.000   23.2    41    9.2   22.7    7.80   1.1843     351     1    100.0   15 
 2/04/24  12:45   17.5   17.6   17.4    44    5.1    8.0      S   2.01  22.5   SSE   17.5   16.2   16.2  1018.4   0.00    0.0    0.009   0.000   23.3    41    9.3   22.8    7.79   1.1837     351     1    100.0   15 
 2/04/24  13:00   17.7   17.8   17.5    42    4.6    6.4     SE   1.61  19.3    SO   17.7   16.3   16.3  1018.3   0.00    0.0    0.007   0.000   23.4    41    9.4   22.9    7.79   1.1830     352     1    100.0   15 
 2/04/24  13:15   17.3   17.6   17.1    41    3.9    8.0    SSO   2.01  20.9     S   17.3   15.8   15.8  1018.1   0.00    0.0    0.011   0.000   23.6    40    9.2   23.1    7.66   1.1820     351     1    100.0   15 
 2/04/24  13:30   17.4   17.6   17.1    41    4.0    4.8      S   1.21  16.1   OSO   17.4   15.9   15.9  1017.8   0.00    0.0    0.010   0.000   23.8    40    9.4   23.3    7.65   1.1810     349     1    100.0   15 
 2/04/24  13:45   17.8   18.2   17.6    39    3.7    4.8      S   1.21  17.7     S   17.8   16.3   16.3  1017.5   0.00    0.0    0.005   0.000   23.9    40    9.5   23.4    7.65   1.1800     351     1    100.0   15 
 2/04/24  14:00   17.9   18.2   17.7    41    4.4    4.8    SSO   1.21  16.1   SSO   17.9   16.4   16.4  1017.4   0.00    0.0    0.005   0.000   24.0    40    9.6   23.6    7.65   1.1795     351     1    100.0   15 
 2/04/24  14:15   17.6   17.7   17.4    44    5.2    6.4    SSO   1.61  19.3     S   17.6   16.3   16.3  1017.5   0.00    0.0    0.008   0.000   24.1    40    9.6   23.6    7.64   1.1793     352     1    100.0   15 
 2/04/24  14:30   17.4   17.6   17.2    44    5.1    8.0      S   2.01  22.5     S   17.4   16.2   16.2  1017.2   0.00    0.0    0.009   0.000   24.2    40    9.7   23.7    7.64   1.1784     351     1    100.0   15 
 2/04/24  14:45   17.0   17.2   16.8    48    5.9    8.0    SSO   2.01  17.7    SO   17.0   15.8   15.8  1017.2   0.00    0.0    0.014   0.000   24.2    40    9.7   23.7    7.64   1.1783     350     1    100.0   15 
 2/04/24  15:00   16.6   17.1   16.1    50    6.1    8.0    SSO   2.01  24.1    SO   16.6   15.6   15.6  1017.1   0.00    0.0    0.018   0.000   24.2    40    9.7   23.7    7.64   1.1783     351     1    100.0   15 
 2/04/24  15:15   15.9   16.1   15.7    53    6.4    8.0    SSO   2.01  22.5     S   15.9   14.9   14.9  1017.1   0.00    0.0    0.025   0.000   24.1    40    9.6   23.6    7.64   1.1788     351     1    100.0   15 
 2/04/24  15:30   15.6   15.7   15.4    54    6.3    9.7    SSO   2.41  25.7     S   15.3   14.6   14.4  1017.1   0.00    0.0    0.029   0.000   24.1    41   10.0   23.7    7.75   1.1785     351     1    100.0   15 
 2/04/24  15:45   15.2   15.4   14.7    57    6.7    8.0    SSO   2.01  22.5     S   15.1   14.3   14.3  1017.1   0.00    0.0    0.033   0.000   24.0    42   10.3   23.7    7.95   1.1783     351     1    100.0   15 
 2/04/24  16:00   14.5   14.7   14.4    58    6.3    8.0    SSO   2.01  22.5   SSO   14.3   13.7   13.5  1016.7   0.00    0.0    0.040   0.000   23.9    41    9.8   23.5    7.75   1.1788     351     1    100.0   15 
 2/04/24  16:15   14.6   14.7   14.5    57    6.2    6.4    SSO   1.61  19.3    SO   14.6   13.8   13.8  1016.7   0.00    0.0    0.039   0.000   23.7    42   10.0   23.3    7.96   1.1793     352     1    100.0   15 
 2/04/24  16:30   14.8   14.9   14.6    53    5.3    8.0      S   2.01  22.5     O   14.6   13.8   13.6  1016.7   0.00    0.0    0.037   0.000   23.6    43   10.3   23.3    8.07   1.1794     350     1    100.0   15 
 2/04/24  16:45   14.3   14.7   14.1    57    5.9    6.4    SSO   1.61  20.9     S   14.3   13.5   13.5  1016.6   0.00    0.0    0.042   0.000   23.4    43   10.1   23.1    8.08   1.1802     350     1    100.0   15 
 2/04/24  17:00   13.9   14.1   13.9    61    6.5    6.4    SSO   1.61  20.9   SSO   13.9   13.3   13.3  1016.5   0.00    0.0    0.046   0.000   23.3    43   10.0   22.8    8.09   1.1808     351     1    100.0   15 
 2/04/24  17:15   13.8   13.9   13.7    64    7.1    4.8    SSO   1.21  20.9   ESE   13.8   13.2   13.2  1016.6   0.00    0.0    0.047   0.000   23.2    44   10.2   22.7    8.28   1.1812     349     1    100.0   15 
 2/04/24  17:30   13.6   13.7   13.4    68    7.8    8.0    SSO   2.01  20.9     S   13.2   13.1   12.7  1016.7   0.00    0.0    0.050   0.000   23.1    45   10.5   22.7    8.45   1.1815     351     1    100.0   15 
 2/04/24  17:45   13.2   13.4   12.9    69    7.6    4.8    OSO   1.21  12.9   SSO   13.2   12.7   12.7  1016.5   0.00    0.0    0.054   0.000   22.9    45   10.4   22.5    8.45   1.1818     351     1    100.0   15 
 2/04/24  18:00   12.9   13.0   12.8    70    7.5    4.8    OSO   1.21  14.5     S   12.9   12.4   12.4  1016.5   0.00    0.0    0.057   0.000   22.9    46   10.7   22.6    8.58   1.1814     351     1    100.0   15 
 2/04/24  18:15   12.7   12.8   12.7    71    7.6    4.8    OSO   1.21  14.5   SSE   12.7   12.3   12.3  1016.4   0.00    0.0    0.058   0.000   23.1    46   10.9   22.7    8.58   1.1805     351     1    100.0   15 
 2/04/24  18:30   12.7   12.7   12.7    71    7.5    4.8    OSO   1.21  12.9   OSO   12.7   12.3   12.3  1016.4   0.00    0.0    0.059   0.000   23.3    46   11.1   23.1    8.57   1.1794     352     1    100.0   15 
 2/04/24  18:45   12.6   12.7   12.4    73    7.8    4.8    OSO   1.21  11.3   SSO   12.6   12.2   12.2  1016.2   0.00    0.0    0.060   0.000   23.4    46   11.2   23.2    8.57   1.1786     351     1    100.0   15 
 2/04/24  19:00   12.3   12.4   12.3    74    7.8    3.2      O   0.80  11.3    SO   12.3   12.1   12.1  1016.3   0.00    0.0    0.062   0.000   23.6    46   11.3   23.3    8.56   1.1782     351     1    100.0   15 
 2/04/24  19:15   12.3   12.4   12.3    75    8.0    3.2    SSO   0.80  11.3    SO   12.3   12.1   12.1  1016.0   0.00    0.0    0.062   0.000   23.7    46   11.4   23.5    8.56   1.1773     351     1    100.0   15 
 2/04/24  19:30   12.2   12.3   12.1    76    8.1    3.2    OSO   0.80   6.4   OSO   12.2   11.9   11.9  1016.1   0.00    0.0    0.064   0.000   23.7    47   11.7   23.5    8.75   1.1771     350     1    100.0   15 
 2/04/24  19:45   12.1   12.1   12.0    78    8.3    3.2    OSO   0.80   8.0   OSO   12.1   11.8   11.8  1016.3   0.00    0.0    0.065   0.000   23.7    47   11.7   23.5    8.75   1.1773     352     1    100.0   15 
 2/04/24  20:00   12.1   12.1   11.9    79    8.5    3.2     SO   0.80  11.3    SO   12.1   11.9   11.9  1016.4   0.00    0.0    0.065   0.000   23.7    47   11.7   23.6    8.75   1.1772     351     1    100.0   15 
 2/04/24  20:15   11.8   11.9   11.8    79    8.3    4.8      O   1.21  14.5    SO   11.8   11.7   11.7  1016.7   0.00    0.0    0.068   0.000   23.7    47   11.7   23.5    8.75   1.1777     349     1    100.0   15 
 2/04/24  20:30   11.8   11.8   11.8    78    8.1    3.2    OSO   0.80   9.7     O   11.8   11.6   11.6  1016.6   0.00    0.0    0.068   0.000   23.7    47   11.7   23.5    8.75   1.1777     351     1    100.0   15 
 2/04/24  20:45   11.8   11.8   11.7    77    7.9    1.6      O   0.40   6.4     O   11.8   11.6   11.6  1016.4   0.00    0.0    0.068   0.000   23.7    48   12.0   23.6    8.94   1.1771     352     1    100.0   15 
 2/04/24  21:00   11.5   11.7   11.4    77    7.6    1.6     SO   0.40   6.4   OSO   11.5   11.3   11.3  1016.2   0.00    0.0    0.071   0.000   23.6    48   11.9   23.4    8.94   1.1774     350     1    100.0   15 
 2/04/24  21:15   11.3   11.4   11.2    77    7.4    1.6     SO   0.40   4.8    SO   11.3   11.1   11.1  1016.2   0.00    0.0    0.073   0.000   23.3    48   11.7   23.1    8.93   1.1785     351     1    100.0   15 
 2/04/24  21:30   11.2   11.3   11.2    78    7.5    1.6     SO   0.40   6.4   SSO   11.2   11.1   11.1  1016.3   0.00    0.0    0.074   0.000   23.1    49   11.8   22.9    9.05   1.1793     351     1    100.0   15 
 2/04/24  21:45   11.2   11.3   11.1    79    7.7    1.6    OSO   0.40   8.0   SSO   11.2   11.1   11.1  1016.4   0.00    0.0    0.074   0.000   22.9    49   11.6   22.6    9.05   1.1806     351     1    100.0   15 
 2/04/24  22:00   11.1   11.1   11.1    79    7.6    1.6    ONO   0.40   6.4   ONO   11.1   11.0   11.0  1016.5   0.00    0.0    0.075   0.000   22.7    49   11.5   22.4    9.05   1.1815     351     1    100.0   15 
 2/04/24  22:15   11.2   11.2   11.1    79    7.7    1.6    OSO   0.40   6.4   OSO   11.2   11.0   11.0  1016.4   0.00    0.0    0.075   0.000   22.5    49   11.2   22.1    9.05   1.1825     350     1    100.0   15 
 2/04/24  22:30   11.1   11.1   11.0    78    7.4    1.6    OSO   0.40   4.8   OSO   11.1   10.9   10.9  1016.3   0.00    0.0    0.076   0.000   22.3    50   11.4   21.9    9.25   1.1830     351     1    100.0   15 
 2/04/24  22:45   11.0   11.1   10.9    78    7.3    1.6    OSO   0.40   4.8   OSO   11.0   10.8   10.8  1016.4   0.00    0.0    0.076   0.000   22.2    50   11.2   21.6    9.25   1.1838     350     1    100.0   15 
 2/04/24  23:00   10.9   10.9   10.8    78    7.2    1.6    OSO   0.40   4.8   OSO   10.9   10.8   10.8  1016.1   0.00    0.0    0.078   0.000   22.0    50   11.1   21.4    9.25   1.1843     352     1    100.0   15 
 2/04/24  23:15   10.7   10.8   10.7    78    7.0    1.6    OSO   0.40   4.8   OSO   10.7   10.6   10.6  1015.9   0.00    0.0    0.079   0.000   21.8    51   11.2   21.2    9.42   1.1846     351     1    100.0   15 
 2/04/24  23:30   10.7   10.7   10.6    78    7.0    3.2    OSO   0.80   4.8   OSO   10.7   10.6   10.6  1015.8   0.00    0.0    0.080   0.000   21.7    51   11.1   20.9    9.43   1.1854     349     1    100.0   15 
 2/04/24  23:45   10.4   10.6   10.3    78    6.8    3.2    OSO   0.80   6.4   OSO   10.4   10.3   10.3  1015.5   0.00    0.0    0.082   0.000   21.4    51   10.9   20.7    9.44   1.1861     350     1    100.0   15 
 3/04/24  00:00   10.2   10.3   10.0    79    6.7    3.2      O   0.80   6.4   OSO   10.2   10.1   10.1  1015.4   0.00    0.0    0.085   0.000   21.3    51   10.7   20.4    9.44   1.1868     352     1    100.0   15 
 3/04/24   0:15   10.0   10.0    9.9    78    6.3    3.2    OSO   0.80   6.4   OSO   10.0    9.9    9.9  1015.3   0.00    0.0    0.087   0.000   21.1    52   10.9   20.3    9.65   1.1873     350     1    100.0   15 
 3/04/24   0:30    9.8   10.0    9.8    79    6.4    3.2      O   0.80   6.4     O    9.8    9.8    9.8  1015.3   0.00    0.0    0.089   0.000   21.0    52   10.8   20.2    9.65   1.1878     351     1    100.0   15 
 3/04/24   0:45    9.8    9.8    9.7    79    6.3    3.2      O   0.80   8.0     O    9.8    9.7    9.7  1015.2   0.00    0.0    0.089   0.000   20.8    52   10.6   20.1    9.66   1.1885     351     1    100.0   15 
 3/04/24   1:00    9.8    9.8    9.8    78    6.1    3.2    OSO   0.80   8.0   ONO    9.8    9.7    9.7  1015.3   0.00    0.0    0.089   0.000   20.7    52   10.5   19.9    9.67   1.1895     350     1    100.0   15 
 3/04/24   1:15    9.7    9.8    9.7    78    6.1    3.2      O   0.80   6.4     O    9.7    9.7    9.7  1015.4   0.00    0.0    0.090   0.000   20.5    52   10.3   19.8    9.67   1.1904     350     1    100.0   15 
 3/04/24   1:30    9.7    9.8    9.7    76    5.7    3.2    OSO   0.80   6.4   OSO    9.7    9.6    9.6  1015.4   0.00    0.0    0.090   0.000   20.4    53   10.5   19.8    9.88   1.1907     352     1    100.0   15 
 3/04/24   1:45    9.6    9.7    9.5    75    5.3    3.2      O   0.80   6.4   OSO    9.6    9.4    9.4  1015.2   0.00    0.0    0.091   0.000   20.3    53   10.4   19.7    9.88   1.1909     350     1    100.0   15 
 3/04/24   2:00    9.5    9.6    9.4    76    5.5    3.2      O   0.80   8.0   OSO    9.5    9.3    9.3  1015.1   0.00    0.0    0.092   0.000   20.2    53   10.3   19.6    9.88   1.1914     351     1    100.0   15 
 3/04/24   2:15    9.6    9.6    9.5    76    5.5    3.2      O   0.80   9.7     O    9.6    9.4    9.4  1014.9   0.00    0.0    0.091   0.000   20.0    53   10.1   19.4    9.89   1.1920     351     1    100.0   15 
 3/04/24   2:30    9.6    9.6    9.6    76    5.5    3.2      O   0.80   8.0   ONO    9.6    9.4    9.4  1014.8   0.00    0.0    0.091   0.000   19.9    53   10.0   19.3    9.89   1.1924     352     1    100.0   15 
 3/04/24   2:45    9.7    9.7    9.6    75    5.4    3.2    ONO   0.80   8.0   ONO    9.7    9.5    9.5  1014.9   0.00    0.0    0.090   0.000   19.8    53    9.9   19.2    9.90   1.1931     351     1    100.0   15 
 3/04/24   3:00    9.8    9.8    9.7    72    5.0    3.2    ONO   0.80  11.3     O    9.8    9.6    9.6  1014.9   0.00    0.0    0.089   0.000   19.7    54   10.1   19.1   10.05   1.1933     350     1    100.0   15 
 3/04/24   3:15    9.4    9.7    9.1    72    4.6    3.2      O   0.80   6.4   OSO    9.4    9.2    9.2  1014.9   0.00    0.0    0.093   0.000   19.6    54   10.0   19.0   10.06   1.1939     351     1    100.0   15 
