                 Temp.  Temp.  Temp.  Hum.   Punt   Vel.   Dir.   Rec.  Vel.  Dir.  Sens.   Índ.   Índ.                  Int. Graus D.Graus D.  Temp.  Hum. Rosada  In.Cal.  EMC     Dens.    Mostr   Tx   Recep.  Int.
  Data    Hora    Ext.   Màx.   Mín.  Ext. Rosada   Vent   Vent   Vent  Màx.  Màx.  Tèrm.  Calor   THW    Bar    Pluja   Pluja  Calor    Fred    Int.  Int.   Int.   Int.    Int.  Int.Aire    Vent   Vent   ISS   Arc.
-------------------------------------------------------------------------------------------------------------------------------------------------------------------------------------------------------------------------
 3/04/24   0:15   10.0   10.0    9.9    78    6.3    3.2    OSO   0.80   6.4   OSO   10.0    9.9    9.9  1015.3   0.00    0.0    0.087   0.000   21.1    52   10.9   20.3    9.65   1.1873     350     1    100.0   15 
 3/04/24   0:30    9.8   10.0    9.8    79    6.4    3.2      O   0.80   6.4     O    9.8    9.8    9.8  1015.3   0.00    0.0    0.089   0.000   21.0    52   10.8   20.2    9.65   1.1878     351     1    100.0   15 
 3/04/24   0:45    9.8    9.8    9.7    79    6.3    3.2      O   0.80   8.0     O    9.8    9.7    9.7  1015.2   0.00    0.0    0.089   0.000   20.8    52   10.6   20.1    9.66   1.1885     351     1    100.0   15 
 3/04/24   1:00    9.8    9.8    9.8    78    6.1    3.2    OSO   0.80   8.0   ONO    9.8    9.7    9.7  1015.3   0.00    0.0    0.089   0.000   20.7    52   10.5   19.9    9.67   1.1895     350     1    100.0   15 
 3/04/24   1:15    9.7    9.8    9.7    78    6.1    3.2      O   0.80   6.4     O    9.7    9.7    9.7  1015.4   0.00    0.0    0.090   0.000   20.5    52   10.3   19.8    9.67   1.1904     350     1    100.0   15 
 3/04/24   1:30    9.7    9.8    9.7    76    5.7    3.2    OSO   0.80   6.4   OSO    9.7    9.6    9.6  1015.4   0.00    0.0    0.090   0.000   20.4    53   10.5   19.8    9.88   1.1907     352     1    100.0   15 
 3/04/24   1:45    9.6    9.7    9.5    75    5.3    3.2      O   0.80   6.4   OSO    9.6    9.4    9.4  1015.2   0.00    0.0    0.091   0.000   20.3    53   10.4   19.7    9.88   1.1909     350     1    100.0   15 
 3/04/24   2:00    9.5    9.6    9.4    76    5.5    3.2      O   0.80   8.0   OSO    9.5    9.3    9.3  1015.1   0.00    0.0    0.092   0.000   20.2    53   10.3   19.6    9.88   1.1914     351     1    100.0   15 
 3/04/24   2:15    9.6    9.6    9.5    76    5.5    3.2      O   0.80   9.7     O    9.6    9.4    9.4  1014.9   0.00    0.0    0.091   0.000   20.0    53   10.1   19.4    9.89   1.1920     351     1    100.0   15 
 3/04/24   2:30    9.6    9.6    9.6    76    5.5    3.2      O   0.80   8.0   ONO    9.6    9.4    9.4  1014.8   0.00    0.0    0.091   0.000   19.9    53   10.0   19.3    9.89   1.1924     352     1    100.0   15 
 3/04/24   2:45    9.7    9.7    9.6    75    5.4    3.2    ONO   0.80   8.0   ONO    9.7    9.5    9.5  1014.9   0.00    0.0    0.090   0.000   19.8    53    9.9   19.2    9.90   1.1931     351     1    100.0   15 
 3/04/24   3:00    9.8    9.8    9.7    72    5.0    3.2    ONO   0.80  11.3     O    9.8    9.6    9.6  1014.9   0.00    0.0    0.089   0.000   19.7    54   10.1   19.1   10.05   1.1933     350     1    100.0   15 
 3/04/24   3:15    9.4    9.7    9.1    72    4.6    3.2      O   0.80   6.4   OSO    9.4    9.2    9.2  1014.9   0.00    0.0    0.093   0.000   19.6    54   10.0   19.0   10.06   1.1939     351     1    100.0   15 
 3/04/24   3:30    8.6    9.1    8.3    73    4.0    4.8    ONO   1.21  12.9   OSO    8.2    8.4    8.0  1014.9   0.00    0.0    0.101   0.000   19.4    54    9.9   18.9   10.07   1.1945     351     1    100.0   15 
 3/04/24   3:45    9.3    9.6    8.4    68    3.7    4.8    ONO   1.21  12.9   OSO    9.1    9.1    8.8  1014.9   0.00    0.0    0.094   0.000   19.5    54    9.9   18.9   10.07   1.1942     351     1    100.0   15 
 3/04/24   4:00    9.2    9.3    9.1    69    3.8    3.2    ONO   0.80   8.0     O    9.2    8.9    8.9  1015.0   0.00    0.0    0.095   0.000   19.7    54   10.1   19.2   10.05   1.1932     351     1    100.0   15 
 3/04/24   4:15    9.1    9.9    8.8    67    3.3    6.4    ONO   1.61  20.9   OSO    8.3    8.8    8.0  1015.0   0.00    0.0    0.096   0.000   20.1    53   10.2   19.5    9.89   1.1919     350     1    100.0   15 
 3/04/24   4:30   10.4   10.7    9.9    62    3.5    8.0      O   2.01  17.7   OSO    9.6   10.0    9.1  1015.0   0.00    0.0    0.082   0.000   20.2    53   10.3   19.6    9.88   1.1910     350     1    100.0   15 
 3/04/24   4:45   10.3   10.6    9.9    65    4.0    6.4      O   1.61  17.7   ONO    9.7    9.9    9.3  1014.8   0.00    0.0    0.084   0.000   20.4    53   10.5   19.8    9.87   1.1897     352     1    100.0   15 
 3/04/24   5:00    9.7    9.9    9.5    67    3.8    6.4      O   1.61  14.5     O    9.0    9.4    8.7  1014.8   0.00    0.0    0.090   0.000   20.8    52   10.6   20.0    9.66   1.1883     350     1    100.0   15 
 3/04/24   5:15    9.5    9.6    9.4    67    3.7    4.8    ONO   1.21  11.3   OSO    9.2    9.2    8.9  1014.9   0.00    0.0    0.092   0.000   21.0    52   10.8   20.2    9.65   1.1873     349     1    100.0   15 
 3/04/24   5:30    9.2    9.5    8.7    69    3.8    3.2      O   0.80   8.0   OSO    9.2    8.9    8.9  1015.1   0.00    0.0    0.095   0.000   21.2    51   10.6   20.3    9.45   1.1870     350     1    100.0   15 
 3/04/24   5:45    8.2    8.7    7.9    74    3.8    3.2      O   0.80   6.4   ONO    8.2    7.9    7.9  1015.2   0.00    0.0    0.106   0.000   21.3    51   10.8   20.5    9.44   1.1863     352     1    100.0   15 
 3/04/24   6:00    7.9    8.1    7.8    75    3.7    3.2      O   0.80   6.4   OSO    7.9    7.7    7.7  1015.4   0.00    0.0    0.109   0.000   21.4    51   10.9   20.7    9.44   1.1860     351     1    100.0   15 
 3/04/24   6:15    8.4    9.2    8.1    71    3.5    4.8    ONO   1.21  16.1     O    8.1    8.2    7.8  1015.3   0.00    0.0    0.103   0.000   21.7    51   11.1   20.9    9.43   1.1848     351     1    100.0   15 
 3/04/24   6:30   10.0   10.6    9.3    66    3.9    4.8      O   1.21  17.7     O    9.8    9.7    9.5  1015.4   0.00    0.0    0.087   0.000   22.1    50   11.1   21.4    9.25   1.1833     351     1    100.0   15 
 3/04/24   6:45   11.0   11.3   10.7    64    4.4    3.2      O   0.80  11.3   OSO   11.0   10.6   10.6  1015.7   0.00    0.0    0.076   0.000   22.4    50   11.5   21.9    9.25   1.1820     350     1    100.0   15 
 3/04/24   7:00   11.4   11.7   11.3    63    4.6    4.8      O   1.21  16.1     O   11.4   10.9   10.9  1015.9   0.00    0.0    0.072   0.000   22.7    50   11.8   22.4    9.25   1.1805     352     1    100.0   15 
 3/04/24   7:15   11.9   12.3   11.7    61    4.7    6.4      O   1.61  17.7   OSO   11.6   11.3   11.0  1015.9   0.00    0.0    0.067   0.000   23.1    50   12.1   22.9    9.25   1.1786     351     1    100.0   15 
 3/04/24   7:30   12.6   12.9   12.3    60    5.0    4.8      O   1.21  12.9   ONO   12.6   11.9   11.9  1016.0   0.00    0.0    0.060   0.000   23.3    49   12.0   23.1    9.05   1.1780     351     1    100.0   15 
 3/04/24   7:45   13.5   14.0   12.9    58    5.4    3.2     NO   0.80  16.1    SO   13.5   12.7   12.7  1016.3   0.00    0.0    0.050   0.000   23.5    49   12.2   23.4    9.05   1.1775     351     1    100.0   15 
 3/04/24   8:00   14.3   14.6   14.0    56    5.7    3.2    OSO   0.80  16.1   ONO   14.3   13.5   13.5  1016.3   0.00    0.0    0.042   0.000   23.6    49   12.2   23.4    9.05   1.1772     352     1    100.0   15 
 3/04/24   8:15   14.9   15.2   14.6    55    5.9    4.8    ONO   1.21  14.5    SO   14.9   14.0   14.0  1016.4   0.00    0.0    0.036   0.000   23.7    49   12.3   23.6    9.05   1.1767     351     1    100.0   15 
 3/04/24   8:30   15.6   16.0   15.2    54    6.3    4.8    OSO   1.21  12.9    SO   15.6   14.7   14.7  1016.5   0.00    0.0    0.028   0.000   23.7    49   12.3   23.6    9.05   1.1768     351     1    100.0   15 
 3/04/24   8:45   16.5   16.7   16.1    52    6.6    4.8    OSO   1.21  14.5     O   16.5   15.5   15.5  1016.8   0.00    0.0    0.019   0.000   23.7    49   12.3   23.6    9.05   1.1773     350     1    100.0   15 
 3/04/24   9:00   16.8   16.9   16.7    52    6.9    6.4      O   1.61  19.3   ONO   16.8   15.8   15.8  1016.8   0.00    0.0    0.016   0.000   23.7    49   12.3   23.6    9.05   1.1772     351     1    100.0   15 
 3/04/24   9:15   17.2   17.4   16.9    50    6.7    6.4      O   1.61  25.7   OSO   17.2   16.2   16.2  1016.9   0.00    0.0    0.012   0.000   23.8    49   12.4   23.7    9.05   1.1768     352     1    100.0   15 
 3/04/24   9:30   17.9   18.2   17.4    49    7.0    6.4      O   1.61  20.9   OSO   17.9   16.8   16.8  1017.0   0.00    0.0    0.005   0.000   23.8    49   12.5   23.8    9.05   1.1766     351     1    100.0   15 
 3/04/24   9:45   18.2   18.4   18.0    49    7.3    6.4      O   1.61  19.3     O   18.2   17.2   17.2  1017.2   0.00    0.0    0.001   0.000   23.9    49   12.5   23.9    9.05   1.1766     350     1    100.0   15 
 3/04/24  10:00   18.6   18.8   18.4    48    7.4    8.0      O   2.01  22.5    SO   18.6   17.6   17.6  1017.3   0.00    0.0    0.000   0.003   23.9    48   12.3   23.9    8.95   1.1767     350     1    100.0   15 
 3/04/24  10:15   18.6   18.8   18.4    49    7.6    9.7      O   2.41  24.1   OSO   18.6   17.6   17.6  1017.4   0.00    0.0    0.000   0.002   23.9    48   12.3   23.9    8.95   1.1769     351     1    100.0   15 
 3/04/24  10:30   18.9   19.2   18.7    48    7.7    4.8      O   1.21  14.5   ONO   18.9   17.9   17.9  1017.5   0.00    0.0    0.000   0.006   24.0    47   12.0   23.9    8.75   1.1771     351     1    100.0   15 
 3/04/24  10:45   19.2   19.3   18.9    48    7.9    8.0      O   2.01  20.9   OSO   19.2   18.3   18.3  1017.5   0.00    0.0    0.000   0.009   24.1    47   12.0   23.9    8.74   1.1768     351     1    100.0   15 
 3/04/24  11:00   19.1   19.2   18.9    47    7.5    6.4      O   1.61  20.9     O   19.1   18.1   18.1  1017.6   0.00    0.0    0.000   0.008   24.1    47   12.1   24.0    8.74   1.1767     351     1    100.0   15 
 3/04/24  11:15   19.4   19.7   19.2    47    7.8    6.4      O   1.61  17.7   OSO   19.4   18.4   18.4  1017.7   0.00    0.0    0.000   0.011   24.1    46   11.8   23.9    8.54   1.1771     351     1    100.0   15 
 3/04/24  11:30   19.2   19.4   19.1    47    7.6    6.4      O   1.61  20.9   OSO   19.2   18.2   18.2  1017.7   0.00    0.0    0.000   0.009   24.2    46   11.8   24.0    8.54   1.1769     351     1    100.0   15 
 3/04/24  11:45   19.3   19.8   19.0    48    8.0    4.8      O   1.21  12.9     O   19.3   18.4   18.4  1017.6   0.00    0.0    0.000   0.010   24.3    47   12.2   24.2    8.74   1.1758     350     1    100.0   15 
 3/04/24  12:00   19.9   20.0   19.8    45    7.6    6.4      O   1.61  17.7   OSO   19.9   18.9   18.9  1017.7   0.00    0.0    0.000   0.016   24.4    47   12.3   24.3    8.73   1.1754     351     1    100.0   15 
 3/04/24  12:15   19.9   20.1   19.8    45    7.6    8.0      O   2.01  20.9   OSO   19.9   18.9   18.9  1017.6   0.00    0.0    0.000   0.017   24.4    47   12.4   24.3    8.73   1.1751     350     1    100.0   15 
 3/04/24  12:30   20.1   20.6   19.9    45    7.8    6.4      O   1.61  16.1     O   20.1   19.1   19.1  1017.7   0.00    0.0    0.000   0.019   24.5    47   12.4   24.3    8.73   1.1749     352     1    100.0   15 
 3/04/24  12:45   20.2   20.6   19.9    45    7.9    6.4      O   1.61  17.7     O   20.2   19.2   19.2  1017.5   0.00    0.0    0.000   0.020   24.6    47   12.5   24.4    8.73   1.1744     351     1    100.0   15 
 3/04/24  13:00   20.3   20.4   19.9    45    8.0    3.2      O   0.80  11.3   OSO   20.3   19.2   19.2  1017.4   0.00    0.0    0.000   0.020   24.6    47   12.5   24.4    8.73   1.1742     351     1    100.0   15 
 3/04/24  13:15   20.7   21.0   20.3    45    8.4    4.8      O   1.21  14.5     O   20.7   19.6   19.6  1017.3   0.00    0.0    0.000   0.025   24.6    47   12.5   24.4    8.73   1.1741     351     1    100.0   15 
 3/04/24  13:30   20.4   21.0   20.0    45    8.1    4.8    ONO   1.21  14.5     O   20.4   19.3   19.3  1017.2   0.00    0.0    0.000   0.021   24.7    47   12.6   24.5    8.72   1.1735     351     1    100.0   15 
 3/04/24  13:45   20.7   21.2   20.2    43    7.6    4.8      O   1.21  14.5     O   20.7   19.4   19.4  1017.2   0.00    0.0    0.000   0.024   24.7    46   12.3   24.5    8.52   1.1735     351     1    100.0   15 
 3/04/24  14:00   21.4   21.8   21.1    39    6.9    4.8      O   1.21  11.3   OSO   21.4   20.0   20.0  1017.4   0.00    0.0    0.000   0.032   24.8    46   12.4   24.6    8.52   1.1732     348     1    100.0   15 
 3/04/24  14:15   21.4   21.7   20.8    44    8.6    3.2     NO   0.80  12.9    SE   21.4   20.2   20.2  1017.3   0.00    0.0    0.000   0.032   24.9    46   12.5   24.7    8.51   1.1728     350     1    100.0   15 
 3/04/24  14:30   19.7   20.8   19.0    51    9.2   14.5      E   3.62  22.5   ENE   18.9   18.9   18.2  1017.0   0.00    0.0    0.000   0.014   24.9    46   12.5   24.7    8.51   1.1725     351     1    100.0   15 
 3/04/24  14:45   19.2   19.4   18.8    50    8.5   11.3      E   2.82  22.5     E   19.2   18.3   18.3  1016.9   0.00    0.0    0.000   0.009   24.9    46   12.5   24.7    8.51   1.1724     350     1    100.0   15 
 3/04/24  15:00   19.1   19.4   18.8    50    8.4    9.7      E   2.41  19.3   ENE   19.1   18.3   18.3  1017.0   0.00    0.0    0.000   0.008   24.8    46   12.4   24.6    8.52   1.1727     351     1    100.0   15 
 3/04/24  15:15   18.7   18.8   18.4    49    7.7   11.3      E   2.82  27.4     E   18.7   17.7   17.7  1017.1   0.00    0.0    0.000   0.003   24.7    46   12.3   24.5    8.52   1.1734     351     1    100.0   15 
 3/04/24  15:30   18.3   18.4   18.2    50    7.7    9.7      E   2.41  22.5     E   18.3   17.4   17.4  1017.3   0.00    0.0    0.000   0.000   24.6    46   12.2   24.4    8.52   1.1741     351     1    100.0   15 
 3/04/24  15:45   18.2   18.2   18.1    50    7.6   11.3      E   2.82  20.9     E   18.2   17.2   17.2  1017.3   0.00    0.0    0.002   0.000   24.5    46   12.1   24.3    8.53   1.1747     352     1    100.0   15 
 3/04/24  16:00   18.2   18.3   17.9    50    7.6    9.7      E   2.41  20.9     E   18.2   17.2   17.2  1017.4   0.00    0.0    0.002   0.000   24.4    46   12.0   24.2    8.53   1.1754     351     1    100.0   15 
 3/04/24  16:15   17.7   17.9   17.6    52    7.7    9.7      E   2.41  17.7     E   17.7   16.8   16.8  1017.4   0.00    0.0    0.006   0.000   24.3    46   12.0   24.2    8.53   1.1757     351     1    100.0   15 
 3/04/24  16:30   17.7   17.8   17.7    53    8.0    8.0      E   2.01  16.1   ENE   17.7   16.9   16.9  1017.5   0.00    0.0    0.006   0.000   24.3    46   11.9   24.1    8.54   1.1761     351     1    100.0   15 
 3/04/24  16:45   17.6   17.7   17.5    56    8.7    8.0      E   2.01  14.5   ESE   17.6   16.8   16.8  1017.7   0.00    0.0    0.008   0.000   24.2    47   12.2   24.1    8.74   1.1762     352     1    100.0   15 
 3/04/24  17:00   17.3   17.5   17.2    59    9.2    8.0      E   2.01  16.1   ESE   17.3   16.7   16.7  1017.5   0.00    0.0    0.010   0.000   24.2    47   12.1   24.1    8.74   1.1763     351     1    100.0   15 
 3/04/24  17:15   17.0   17.2   16.9    61    9.4    8.0      E   2.01  14.5   ENE   17.0   16.4   16.4  1017.6   0.00    0.0    0.014   0.000   24.1    47   12.1   24.0    8.74   1.1767     351     1    100.0   15 
 3/04/24  17:30   17.0   17.1   17.0    62    9.7    4.8      E   1.21  11.3   ENE   17.0   16.5   16.5  1017.7   0.00    0.0    0.014   0.000   24.1    48   12.4   24.0    8.94   1.1767     351     1    100.0   15 
 3/04/24  17:45   17.1   17.2   17.1    62    9.8    1.6      E   0.40   8.0     E   17.1   16.6   16.6  1017.8   0.00    0.0    0.013   0.000   24.0    48   12.3   23.9    8.95   1.1771     352     1    100.0   15 
 3/04/24  18:00   16.8   17.1   16.6    64    9.9    4.8      E   1.21  11.3     E   16.8   16.3   16.3  1018.0   0.00    0.0    0.016   0.000   23.9    48   12.2   23.8    8.95   1.1779     351     1    100.0   15 
 3/04/24  18:15   16.6   16.7   16.6    62    9.3    3.2    SSO   0.80  11.3   SSO   16.6   16.1   16.1  1018.1   0.00    0.0    0.018   0.000   23.8    49   12.4   23.7    9.05   1.1781     351     1    100.0   15 
 3/04/24  18:30   16.4   16.6   16.2    64    9.6    3.2      S   0.80   8.0   SSO   16.4   15.9   15.9  1018.2   0.00    0.0    0.020   0.000   23.6    49   12.3   23.5    9.05   1.1791     322     1     94.2   15 
 3/04/24  18:45   15.9   16.2   15.7    62    8.6    1.6      S   0.40   6.4   SSO   15.9   15.3   15.3  1018.3   0.00    0.0    0.025   0.000   23.5    49   12.2   23.4    9.05   1.1798     351     1    100.0   15 
 3/04/24  19:00   15.6   15.7   15.5    61    8.1    1.6      S   0.40   3.2     S   15.6   14.9   14.9  1018.5   0.00    0.0    0.028   0.000   23.4    49   12.1   23.2    9.05   1.1806     351     1    100.0   15 
 3/04/24  19:15   15.5   15.6   15.5    60    7.8    0.0      S   0.00   3.2     S   15.5   14.8   14.8  1018.8   0.00    0.0    0.030   0.000   23.2    50   12.2   23.1    9.25   1.1814     350     1    100.0   15 
 3/04/24  19:30   15.5   15.6   15.4    60    7.8    0.0      S   0.00   1.6     S   15.5   14.8   14.8  1019.1   0.00    0.0    0.030   0.000   23.1    50   12.1   22.9    9.25   1.1823     350     1    100.0   15 
 3/04/24  19:45   15.4   15.4   15.3    63    8.4    1.6     SO   0.40   4.8    SO   15.4   14.8   14.8  1019.4   0.00    0.0    0.031   0.000   23.1    50   12.1   22.8    9.25   1.1830     350     1    100.0   15 
 3/04/24  20:00   15.2   15.2   15.1    64    8.4    3.2     NO   0.80   4.8    SO   15.2   14.6   14.6  1019.3   0.00    0.0    0.033   0.000   22.9    51   12.3   22.8    9.38   1.1831     351     1    100.0   15 
 3/04/24  20:15   15.0   15.1   14.9    63    8.0    1.6     NO   0.40   4.8    NO   15.0   14.4   14.4  1019.4   0.00    0.0    0.035   0.000   22.8    51   12.2   22.6    9.39   1.1838     350     1    100.0   15 
 3/04/24  20:30   14.6   14.9   14.2    65    8.0    1.6     NO   0.40   4.8    NO   14.6   14.0   14.0  1019.4   0.00    0.0    0.039   0.000   22.7    51   12.1   22.5    9.39   1.1844     351     1    100.0   15 
 3/04/24  20:45   14.1   14.3   14.0    67    8.1    1.6      O   0.40   4.8     O   14.1   13.6   13.6  1019.5   0.00    0.0    0.044   0.000   22.7    52   12.4   22.6    9.59   1.1841     351     1    100.0   15 
 3/04/24  21:00   13.9   14.0   13.8    68    8.1    1.6    OSO   0.40   4.8     O   13.9   13.4   13.4  1019.4   0.00    0.0    0.046   0.000   22.9    51   12.3   22.8    9.38   1.1833     350     1    100.0   15 
 3/04/24  21:15   13.8   13.8   13.7    68    8.0    1.6      O   0.40   4.8     O   13.8   13.3   13.3  1019.5   0.00    0.0    0.047   0.000   23.1    51   12.4   22.9    9.38   1.1825     352     1    100.0   15 
 3/04/24  21:30   13.8   13.9   13.7    68    8.0    3.2    OSO   0.80   4.8   OSO   13.8   13.3   13.3  1019.6   0.00    0.0    0.047   0.000   23.3    51   12.6   23.2    9.37   1.1818     351     1    100.0   15 
 3/04/24  21:45   13.6   13.7   13.4    69    8.0    3.2    OSO   0.80   4.8   OSO   13.6   13.1   13.1  1019.6   0.00    0.0    0.050   0.000   23.3    51   12.6   23.2    9.37   1.1815     351     1    100.0   15 
 3/04/24  22:00   13.5   13.5   13.4    69    7.9    1.6    OSO   0.40   3.2   OSO   13.5   13.1   13.1  1019.7   0.00    0.0    0.050   0.000   23.4    51   12.7   23.4    9.37   1.1811     351     1    100.0   15 
 3/04/24  22:15   13.3   13.5   13.2    71    8.2    1.6    OSO   0.40   6.4     O   13.3   12.9   12.9  1019.6   0.00    0.0    0.052   0.000   23.5    51   12.8   23.4    9.36   1.1807     350     1    100.0   15 
 3/04/24  22:30   13.2   13.3   13.2    70    7.9    1.6    OSO   0.40   4.8   OSO   13.2   12.8   12.8  1019.6   0.00    0.0    0.053   0.000   23.5    51   12.8   23.4    9.36   1.1807     350     1    100.0   15 
 3/04/24  22:45   13.3   13.3   13.3    70    7.9    1.6    OSO   0.40   6.4   OSO   13.3   12.8   12.8  1019.7   0.00    0.0    0.053   0.000   23.4    51   12.7   23.3    9.37   1.1814     351     1    100.0   15 
 3/04/24  23:00   13.3   13.3   13.3    70    8.0    1.6    OSO   0.40   4.8   OSO   13.3   12.9   12.9  1019.8   0.00    0.0    0.052   0.000   23.2    52   12.8   23.2    9.57   1.1819     351     1    100.0   15 
 3/04/24  23:15   13.2   13.3   13.1    71    8.0    1.6    OSO   0.40   3.2   OSO   13.2   12.7   12.7  1019.8   0.00    0.0    0.054   0.000   23.1    52   12.7   22.9    9.58   1.1829     351     1    100.0   15 
 3/04/24  23:30   13.0   13.1   12.9    71    7.9    1.6    OSO   0.40   6.4   OSO   13.0   12.6   12.6  1019.8   0.00    0.0    0.056   0.000   22.9    52   12.5   22.7    9.59   1.1837     350     1    100.0   15 
 3/04/24  23:45   12.8   12.9   12.7    72    7.9    1.6    OSO   0.40   3.2   OSO   12.8   12.4   12.4  1019.8   0.00    0.0    0.057   0.000   22.7    52   12.4   22.6    9.59   1.1844     351     1    100.0   15 
 4/04/24  00:00   12.7   12.7   12.6    73    7.9    1.6    OSO   0.40   3.2   OSO   12.7   12.3   12.3  1019.7   0.00    0.0    0.059   0.000   22.6    52   12.2   22.3    9.60   1.1852     351     1    100.0   15 
 4/04/24   0:15   12.6   12.6   12.5    73    7.8    1.6    OSO   0.40   4.8   OSO   12.6   12.2   12.2  1019.6   0.00    0.0    0.060   0.000   22.4    53   12.4   22.2    9.75   1.1853     349     1    100.0   15 
 4/04/24   0:30   12.7   12.7   12.6    73    7.9    1.6    OSO   0.40   3.2   OSO   12.7   12.3   12.3  1019.5   0.00    0.0    0.059   0.000   22.3    53   12.2   21.9    9.77   1.1860     350     1    100.0   15 
 4/04/24   0:45   12.6   12.6   12.4    74    8.0    1.6    OSO   0.40   4.8   OSO   12.6   12.2   12.2  1019.5   0.00    0.0    0.060   0.000   22.1    53   12.1   21.7    9.78   1.1869     352     1    100.0   15 
 4/04/24   1:00   12.4   12.5   12.4    74    7.9    3.2    OSO   0.80   6.4   OSO   12.4   12.2   12.2  1019.3   0.00    0.0    0.061   0.000   21.9    53   11.9   21.4    9.79   1.1874     351     1    100.0   15 
 4/04/24   1:15   12.2   12.4   11.7    75    7.9    4.8     NO   1.21   8.0    NO   12.2   11.9   11.9  1019.1   0.00    0.0    0.064   0.000   21.8    53   11.8   21.3    9.80   1.1878     351     1    100.0   15 
 4/04/24   1:30   11.9   12.1   11.7    75    7.6    3.2     NO   0.80   6.4   NNO   11.9   11.6   11.6  1018.9   0.00    0.0    0.067   0.000   21.7    54   12.0   21.1    9.93   1.1881     351     1    100.0   15 
 4/04/24   1:45   12.3   12.3   12.1    73    7.6    3.2     NO   0.80   6.4    NO   12.3   11.9   11.9  1018.7   0.00    0.0    0.063   0.000   21.6    54   11.8   20.9    9.93   1.1885     352     1    100.0   15 
 4/04/24   2:00   12.3   12.3   12.3    72    7.4    3.2     NO   0.80   6.4    NO   12.3   11.9   11.9  1018.7   0.00    0.0    0.063   0.000   21.4    54   11.7   20.7    9.94   1.1892     351     1    100.0   15 
 4/04/24   2:15   12.2   12.3   12.0    72    7.3    1.6     NO   0.40   4.8    NO   12.2   11.8   11.8  1018.7   0.00    0.0    0.064   0.000   21.3    54   11.6   20.6    9.94   1.1898     351     1    100.0   15 
 4/04/24   2:30   11.7   12.0   11.3    75    7.4    1.6     NO   0.40   4.8    NE   11.7   11.4   11.4  1018.7   0.00    0.0    0.069   0.000   21.2    54   11.5   20.4    9.95   1.1903     351     1    100.0   15 
 4/04/24   2:45   11.0   11.3   10.8    79    7.5    1.6    ENE   0.40   4.8    NE   11.0   10.9   10.9  1018.6   0.00    0.0    0.076   0.000   21.0    55   11.6   20.3   10.15   1.1908     351     1    100.0   15 
 4/04/24   3:00   10.8   10.8   10.7    80    7.5    0.0    ENE   0.00   3.2   ENE   10.8   10.7   10.7  1018.7   0.00    0.0    0.078   0.000   20.9    55   11.5   20.2   10.16   1.1914     352     1    100.0   15 
 4/04/24   3:15   10.7   10.8   10.7    80    7.4    1.6     NO   0.40   6.4    NO   10.7   10.7   10.7  1018.6   0.00    0.0    0.079   0.000   20.8    55   11.4   20.2   10.16   1.1919     351     1    100.0   15 
