                 Temp.  Temp.  Temp.  Hum.   Punt   Vel.   Dir.   Rec.  Vel.  Dir.  Sens.   Índ.   Índ.                  Int. Graus D.Graus D.  Temp.  Hum. Rosada  In.Cal.  EMC     Dens.    Mostr   Tx   Recep.  Int.
  Data    Hora    Ext.   Màx.   Mín.  Ext. Rosada   Vent   Vent   Vent  Màx.  Màx.  Tèrm.  Calor   THW    Bar    Pluja   Pluja  Calor    Fred    Int.  Int.   Int.   Int.    Int.  Int.Aire    Vent   Vent   ISS   Arc.
-------------------------------------------------------------------------------------------------------------------------------------------------------------------------------------------------------------------------
11/05/22   0:15   15.9   16.0   15.9    63    8.9    1.6      O   0.40   3.2     O   15.9   15.4   15.4  1020.4   0.00    0.0    0.025   0.000   24.1    48   12.4   24.1    8.94   1.1796     349     1    100.0   15 
11/05/22   0:30   15.9   15.9   15.9    64    9.1    1.6      O   0.40   3.2     O   15.9   15.4   15.4  1020.2   0.00    0.0    0.025   0.000   24.0    48   12.3   23.9    8.95   1.1798     350     1    100.0   15 
11/05/22   0:45   15.8   15.9   15.8    65    9.3    1.6      O   0.40   4.8     O   15.8   15.4   15.4  1020.1   0.00    0.0    0.026   0.000   23.9    48   12.3   23.9    8.95   1.1800     351     1    100.0   15 
11/05/22   1:00   15.7   15.8   15.6    65    9.2    3.2      O   0.80   4.8     O   15.7   15.2   15.2  1019.9   0.00    0.0    0.027   0.000   23.8    48   12.2   23.8    8.95   1.1804     352     1    100.0   15 
11/05/22   1:15   15.6   15.6   15.5    67    9.4    3.2      O   0.80   4.8     O   15.6   15.1   15.1  1019.8   0.00    0.0    0.029   0.000   23.7    48   12.1   23.6    8.94   1.1808     351     1    100.0   15 
11/05/22   1:30   15.4   15.5   15.3    68    9.5    3.2      O   0.80   4.8     O   15.4   15.0   15.0  1019.7   0.00    0.0    0.031   0.000   23.6    49   12.3   23.5    9.05   1.1809     351     1    100.0   15 
11/05/22   1:45   15.2   15.3   15.1    69    9.5    3.2      O   0.80   4.8     O   15.2   14.8   14.8  1019.7   0.00    0.0    0.033   0.000   23.5    49   12.2   23.4    9.05   1.1814     351     1    100.0   15 
11/05/22   2:00   14.9   15.1   14.9    69    9.3    3.2    OSO   0.80   6.4     O   14.9   14.5   14.5  1019.6   0.00    0.0    0.035   0.000   23.4    49   12.1   23.2    9.05   1.1819     351     1    100.0   15 
11/05/22   2:15   14.9   14.9   14.9    67    8.8    3.2      O   0.80   6.4     O   14.9   14.4   14.4  1019.7   0.00    0.0    0.036   0.000   23.3    49   12.0   23.1    9.05   1.1826     352     1    100.0   15 
11/05/22   2:30   14.9   14.9   14.9    67    8.8    3.2    OSO   0.80   8.0     O   14.9   14.4   14.4  1019.7   0.00    0.0    0.036   0.000   23.2    49   11.9   23.0    9.05   1.1828     351     1    100.0   15 
11/05/22   2:45   14.8   14.9   14.8    70    9.4    3.2    ONO   0.80   8.0   ONO   14.8   14.4   14.4  1019.6   0.00    0.0    0.036   0.000   23.1    49   11.8   22.9    9.05   1.1833     351     1    100.0   15 
11/05/22   3:00   14.6   14.8   14.5    70    9.2    1.6    ONO   0.40   6.4   OSO   14.6   14.2   14.2  1019.6   0.00    0.0    0.039   0.000   23.0    50   12.0   22.8    9.25   1.1835     350     1    100.0   15 
11/05/22   3:15   14.4   14.5   14.4    69    8.8    1.6    ONO   0.40   6.4   OSO   14.4   14.0   14.0  1019.4   0.00    0.0    0.041   0.000   22.9    50   11.9   22.6    9.25   1.1838     350     1    100.0   15 
11/05/22   3:30   14.4   14.4   14.3    69    8.8    1.6      O   0.40   8.0   OSO   14.4   13.9   13.9  1019.3   0.00    0.0    0.041   0.000   22.8    50   11.9   22.6    9.25   1.1840     350     1    100.0   15 
11/05/22   3:45   14.2   14.3   14.2    70    8.8    3.2      O   0.80   6.4     O   14.2   13.8   13.8  1019.4   0.00    0.0    0.043   0.000   22.7    50   11.8   22.4    9.25   1.1846     350     1    100.0   15 
11/05/22   4:00   14.1   14.2   14.0    73    9.3    3.2      O   0.80   8.0     O   14.1   13.8   13.8  1019.4   0.00    0.0    0.044   0.000   22.6    50   11.7   22.3    9.25   1.1852     351     1    100.0   15 
11/05/22   4:15   13.8   14.1   13.6    71    8.7    1.6      O   0.40   4.8     O   13.8   13.4   13.4  1019.5   0.00    0.0    0.047   0.000   22.6    50   11.6   22.2    9.25   1.1856     351     1    100.0   15 
11/05/22   4:30   13.1   13.6   12.5    72    8.2    1.6      O   0.40   4.8     O   13.1   12.7   12.7  1019.5   0.00    0.0    0.054   0.000   22.4    51   11.8   22.1    9.40   1.1858     350     1    100.0   15 
11/05/22   4:45   12.3   12.5   12.1    72    7.4    3.2      O   0.80   6.4   OSO   12.3   11.9   11.9  1019.5   0.00    0.0    0.063   0.000   22.3    51   11.7   21.9    9.41   1.1864     350     1    100.0   15 
11/05/22   5:00   12.8   12.9   12.4    71    7.6    3.2      O   0.80   6.4     O   12.8   12.4   12.4  1019.5   0.00    0.0    0.058   0.000   22.3    51   11.7   21.8    9.41   1.1866     351     1    100.0   15 
11/05/22   5:15   13.0   13.1   12.9    70    7.7    3.2      O   0.80   6.4    SO   13.0   12.6   12.6  1019.6   0.00    0.0    0.056   0.000   22.2    51   11.6   21.8    9.41   1.1871     351     1    100.0   15 
11/05/22   5:30   13.3   13.5   13.1    68    7.5    3.2    OSO   0.80   6.4   OSO   13.3   12.8   12.8  1019.7   0.00    0.0    0.053   0.000   22.3    51   11.7   21.9    9.41   1.1866     351     1    100.0   15 
11/05/22   5:45   13.7   13.8   13.5    72    8.7    3.2      O   0.80   6.4   ONO   13.7   13.3   13.3  1019.8   0.00    0.0    0.049   0.000   22.6    51   11.9   22.2    9.40   1.1856     350     1    100.0   15 
11/05/22   6:00   14.1   14.3   13.8    76    9.9    3.2      O   0.80   8.0     O   14.1   13.8   13.8  1019.8   0.00    0.0    0.045   0.000   23.0    51   12.3   22.8    9.38   1.1835     351     1    100.0   15 
11/05/22   6:15   14.6   14.8   14.3    78   10.8    3.2      O   0.80   8.0   ONO   14.6   14.4   14.4  1019.8   0.00    0.0    0.039   0.000   23.4    51   12.7   23.4    9.37   1.1812     350     1    100.0   15 
11/05/22   6:30   15.1   15.3   14.8    77   11.1    1.6      O   0.40   6.4     O   15.1   14.8   14.8  1019.8   0.00    0.0    0.034   0.000   23.8    50   12.8   23.9    9.25   1.1796     352     1    100.0   15 
11/05/22   6:45   15.6   15.8   15.3    76   11.3    1.6      O   0.40   4.8     O   15.6   15.4   15.4  1019.7   0.00    0.0    0.029   0.000   24.1    50   13.0   24.2    9.24   1.1781     349     1    100.0   15 
11/05/22   7:00   16.1   16.4   15.8    76   11.8    1.6    OSO   0.40   4.8     O   16.1   15.9   15.9  1019.7   0.00    0.0    0.024   0.000   24.4    49   13.0   24.3    9.03   1.1771     350     1    100.0   15 
11/05/22   7:15   16.9   17.4   16.4    72   11.8    1.6     SO   0.40   6.4    SO   16.9   16.7   16.7  1019.7   0.00    0.0    0.015   0.000   24.6    49   13.2   24.6    9.02   1.1759     349     1    100.0   15 
11/05/22   7:30   18.0   18.4   17.4    70   12.4    0.0     SO   0.00   3.2    SO   18.0   17.9   17.9  1019.7   0.00    0.0    0.003   0.000   24.8    49   13.4   24.7    9.02   1.1748     352     1    100.0   15 
11/05/22   7:45   18.6   18.8   18.4    67   12.4    1.6     SO   0.40   9.7   SSO   18.6   18.6   18.6  1019.7   0.00    0.0    0.000   0.003   25.0    49   13.5   24.8    9.01   1.1739     351     1    100.0   15 
11/05/22   8:00   19.1   19.3   18.8    63   11.8    4.8      S   1.21  11.3   ESE   19.1   18.9   18.9  1019.7   0.00    0.0    0.000   0.008   25.1    47   13.0   24.8    8.71   1.1744     351     1    100.0   15 
11/05/22   8:15   19.6   20.1   19.3    61   11.9    4.8    SSO   1.21  16.1     S   19.6   19.4   19.4  1019.8   0.00    0.0    0.000   0.013   24.8    47   12.8   24.7    8.72   1.1756     351     1    100.0   15 
11/05/22   8:30   20.6   21.0   20.1    55   11.2    4.8    SSO   1.21  14.5     S   20.6   20.0   20.0  1019.8   0.00    0.0    0.000   0.023   24.8    46   12.4   24.6    8.52   1.1763     351     1    100.0   15 
11/05/22   8:45   21.3   21.4   21.0    50   10.5    6.4      S   1.61  22.5   SSE   21.3   20.4   20.4  1019.9   0.00    0.0    0.000   0.031   24.8    44   11.7   24.5    8.22   1.1771     351     1    100.0   15 
11/05/22   9:00   21.4   21.6   21.3    49   10.2    8.0      S   2.01  17.7     S   21.4   20.5   20.5  1019.9   0.00    0.0    0.000   0.032   24.8    43   11.4   24.5    8.05   1.1772     351     1    100.0   15 
11/05/22   9:15   21.7   21.8   21.6    47    9.9    8.0    SSO   2.01  24.1     S   21.7   20.7   20.7  1020.1   0.00    0.0    0.000   0.035   24.9    42   11.1   24.5    7.91   1.1775     351     1    100.0   15 
11/05/22   9:30   22.1   22.3   21.8    46    9.9    8.0    SSO   2.01  22.5     S   22.1   21.2   21.2  1020.0   0.00    0.0    0.000   0.039   24.9    41   10.8   24.6    7.75   1.1776     351     1    100.0   15 
11/05/22   9:45   22.3   22.6   22.2    47   10.5    8.0    SSO   2.01  22.5   SSO   22.3   21.7   21.7  1020.1   0.00    0.0    0.000   0.042   25.0    41   10.8   24.6    7.75   1.1774     352     1    100.0   15 
11/05/22  10:00   22.6   22.7   22.4    45   10.0    9.7    SSO   2.41  24.1     S   22.6   21.9   21.9  1020.0   0.00    0.0    0.000   0.044   25.1    40   10.6   24.7    7.61   1.1771     351     1    100.0   15 
11/05/22  10:15   22.8   23.1   22.5    41    8.9    9.7    SSO   2.41  27.4   SSE   22.8   22.2   22.2  1020.2   0.00    0.0    0.000   0.047   25.2    40   10.6   24.7    7.60   1.1770     351     1    100.0   15 
11/05/22  10:30   22.9   23.0   22.7    41    8.9   11.3    SSO   2.82  24.1    SO   22.9   22.3   22.3  1020.1   0.00    0.0    0.000   0.047   25.3    38    9.9   24.7    7.30   1.1771     351     1    100.0   15 
11/05/22  10:45   22.9   23.1   22.8    39    8.2   12.9     SO   3.22  30.6   OSO   22.7   22.2   21.9  1020.0   0.00    0.0    0.000   0.048   25.4    37    9.6   24.8    7.20   1.1769     351     1    100.0   15 
11/05/22  11:00   23.1   23.2   22.9    41    9.1   11.3     SO   2.82  29.0     S   23.1   22.5   22.5  1020.0   0.00    0.0    0.000   0.049   25.6    37    9.8   24.9    7.19   1.1761     351     1    100.0   15 
11/05/22  11:15   23.3   23.4   23.2    39    8.6   12.9    SSO   3.22  30.6   SSO   23.1   22.8   22.5  1019.9   0.00    0.0    0.000   0.052   25.7    37    9.9   25.1    7.18   1.1752     351     1    100.0   15 
11/05/22  11:30   23.7   23.8   23.4    38    8.5   11.3    SSO   2.82  24.1   SSO   23.7   23.1   23.1  1019.8   0.00    0.0    0.000   0.056   25.8    36    9.6   25.2    6.98   1.1750     351     1    100.0   15 
11/05/22  11:45   23.7   23.9   23.5    37    8.1   12.9    SSO   3.22  35.4    SO   23.4   23.1   22.8  1019.8   0.00    0.0    0.000   0.056   26.0    36    9.8   25.4    6.97   1.1741     351     1    100.0   15 
11/05/22  12:00   23.7   23.9   23.6    36    7.8   12.9    SSO   3.22  29.0     S   23.4   23.1   22.8  1019.7   0.00    0.0    0.000   0.056   26.1    37   10.2   25.4    7.17   1.1734     352     1    100.0   15 
11/05/22  12:15   23.7   23.8   23.6    38    8.6   14.5    SSO   3.62  32.2     S   23.0   23.2   22.4  1019.5   0.00    0.0    0.000   0.056   26.1    37   10.2   25.4    7.17   1.1731     350     1    100.0   15 
11/05/22  12:30   23.9   24.3   23.6    40    9.5    9.7    SSO   2.41  30.6   SSO   23.9   23.5   23.5  1019.4   0.00    0.0    0.000   0.058   26.2    37   10.4   25.6    7.17   1.1722     351     1    100.0   15 
11/05/22  12:45   24.2   24.5   23.8    42   10.5   11.3    SSO   2.82  27.4     S   24.2   23.8   23.8  1019.4   0.00    0.0    0.000   0.061   26.4    38   10.9   25.8    7.26   1.1710     350     1    100.0   15 
11/05/22  13:00   24.1   24.4   23.8    43   10.7    9.7    SSO   2.41  25.7     S   24.1   23.8   23.8  1019.4   0.00    0.0    0.000   0.060   26.5    38   11.0   25.9    7.26   1.1705     351     1    100.0   15 
11/05/22  13:15   24.4   24.6   24.2    43   11.0    9.7    SSO   2.41  24.1     S   24.4   24.1   24.1  1019.4   0.00    0.0    0.000   0.064   26.6    39   11.5   26.0    7.45   1.1695     349     1    100.0   15 
11/05/22  13:30   24.3   24.6   24.1    45   11.6    8.0    SSO   2.01  19.3    SO   24.3   24.1   24.1  1019.2   0.00    0.0    0.000   0.063   26.7    39   11.6   26.1    7.45   1.1687     351     1    100.0   15 
11/05/22  13:45   24.4   24.6   24.1    42   10.6    9.7    SSO   2.41  24.1    SO   24.4   24.0   24.0  1019.2   0.00    0.0    0.000   0.063   26.8    40   12.1   26.3    7.55   1.1678     351     1    100.0   15 
11/05/22  14:00   24.1   24.4   23.7    43   10.7   11.3    SSO   2.82  24.1     S   24.1   23.8   23.8  1019.2   0.00    0.0    0.000   0.060   26.9    39   11.8   26.3    7.44   1.1680     352     1    100.0   15 
11/05/22  14:15   23.9   24.2   23.7    42   10.2    8.0    SSO   2.01  22.5     S   23.9   23.6   23.6  1019.1   0.00    0.0    0.000   0.058   26.8    39   11.7   26.2    7.44   1.1682     351     1    100.0   15 
11/05/22  14:30   24.2   24.6   23.8    44   11.2    8.0      S   2.01  22.5    SO   24.2   23.9   23.9  1019.1   0.00    0.0    0.000   0.061   26.9    39   11.8   26.3    7.44   1.1678     351     1    100.0   15 
11/05/22  14:45   23.4   23.8   23.1    46   11.1   11.3      S   2.82  27.4     S   23.4   23.1   23.1  1019.0   0.00    0.0    0.000   0.053   26.9    39   11.8   26.3    7.44   1.1677     351     1    100.0   15 
11/05/22  15:00   23.6   23.8   23.4    47   11.6    9.7      S   2.41  22.5   SSO   23.6   23.4   23.4  1019.0   0.00    0.0    0.000   0.055   26.9    40   12.1   26.3    7.55   1.1673     351     1    100.0   15 
11/05/22  15:15   23.7   23.8   23.6    47   11.7    8.0    SSO   2.01  22.5     S   23.7   23.6   23.6  1019.0   0.00    0.0    0.000   0.056   26.9    40   12.1   26.3    7.55   1.1673     351     1    100.0   15 
11/05/22  15:30   23.6   23.8   23.3    49   12.3    8.0    SSO   2.01  22.5    SO   23.6   23.5   23.5  1018.9   0.00    0.0    0.000   0.055   26.9    41   12.5   26.4    7.74   1.1668     351     1    100.0   15 
11/05/22  15:45   22.8   23.3   22.6    49   11.6   11.3    SSO   2.82  24.1   OSO   22.8   22.5   22.5  1019.0   0.00    0.0    0.000   0.047   26.8    41   12.5   26.3    7.74   1.1671     348     1    100.0   15 
11/05/22  16:00   22.8   23.0   22.7    48   11.2    9.7    SSO   2.41  22.5     S   22.8   22.5   22.5  1019.0   0.00    0.0    0.000   0.047   26.8    41   12.4   26.3    7.75   1.1674     350     1    100.0   15 
11/05/22  16:15   22.7   22.8   22.4    46   10.5    9.7    SSO   2.41  22.5    SO   22.7   22.2   22.2  1019.2   0.00    0.0    0.000   0.045   26.7    41   12.4   26.2    7.75   1.1679     352     1    100.0   15 
11/05/22  16:30   22.3   22.4   22.2    44    9.4    9.7    SSO   2.41  24.1     S   22.3   21.5   21.5  1019.3   0.00    0.0    0.000   0.041   26.7    40   11.9   26.1    7.55   1.1688     351     1    100.0   15 
11/05/22  16:45   22.0   22.3   21.7    44    9.2    9.7    SSO   2.41  27.4     S   22.0   21.1   21.1  1019.3   0.00    0.0    0.000   0.038   26.6    39   11.5   25.9    7.45   1.1697     351     1    100.0   15 
11/05/22  17:00   21.6   21.7   21.4    45    9.1   11.3     SO   2.82  24.1     S   21.6   20.4   20.4  1019.3   0.00    0.0    0.000   0.034   26.4    38   11.0   25.8    7.26   1.1706     349     1    100.0   15 
11/05/22  17:15   21.2   21.4   21.1    45    8.8   11.3    SSO   2.82  25.7    SO   21.2   20.1   20.1  1019.3   0.00    0.0    0.000   0.030   26.3    38   10.9   25.7    7.26   1.1712     351     1    100.0   15 
11/05/22  17:30   21.1   21.2   20.8    48    9.6    9.7    SSO   2.41  22.5   SSO   21.1   20.0   20.0  1019.4   0.00    0.0    0.000   0.028   26.2    38   10.8   25.7    7.27   1.1719     352     1    100.0   15 
11/05/22  17:45   20.6   20.8   20.5    49    9.5    9.7      S   2.41  24.1     S   20.6   19.8   19.8  1019.4   0.00    0.0    0.000   0.024   26.1    39   11.1   25.6    7.47   1.1720     350     1    100.0   15 
11/05/22  18:00   20.5   20.6   20.3    49    9.4    8.0      S   2.01  17.7     S   20.5   19.7   19.7  1019.4   0.00    0.0    0.000   0.023   26.0    39   11.0   25.5    7.47   1.1725     351     1    100.0   15 
11/05/22  18:15   20.1   20.3   20.0    50    9.4    6.4    SSO   1.61  16.1    SO   20.1   19.4   19.4  1019.5   0.00    0.0    0.000   0.019   25.9    39   10.9   25.4    7.48   1.1732     351     1    100.0   15 
11/05/22  18:30   19.8   20.0   19.6    51    9.4    6.4    SSO   1.61  12.9   SSO   19.8   19.2   19.2  1019.6   0.00    0.0    0.000   0.016   25.8    39   10.8   25.3    7.48   1.1738     352     1    100.0   15 
11/05/22  18:45   19.4   19.6   19.1    54    9.8    6.4    SSO   1.61  19.3   OSO   19.4   18.8   18.8  1019.7   0.00    0.0    0.000   0.011   25.6    39   10.6   25.1    7.49   1.1748     351     1    100.0   15 
11/05/22  19:00   18.8   19.1   18.6    57   10.1    4.8     SO   1.21  14.5   SSO   18.8   18.2   18.2  1020.0   0.00    0.0    0.000   0.005   25.4    40   10.9   24.9    7.59   1.1755     351     1    100.0   15 
11/05/22  19:15   18.3   18.5   18.1    59   10.1    3.2    OSO   0.80  11.3    SO   18.3   17.8   17.8  1020.2   0.00    0.0    0.001   0.000   25.3    40   10.8   24.8    7.60   1.1762     351     1    100.0   15 
11/05/22  19:30   17.9   18.1   17.7    60   10.0    3.2     SO   0.80  12.9    SO   17.9   17.4   17.4  1020.3   0.00    0.0    0.005   0.000   25.2    41   11.0   24.7    7.75   1.1768     352     1    100.0   15 
11/05/22  19:45   17.6   17.7   17.5    61   10.0    3.2    SSO   0.80   8.0   SSO   17.6   17.1   17.1  1020.4   0.00    0.0    0.008   0.000   25.1    41   10.9   24.7    7.75   1.1772     349     1    100.0   15 
11/05/22  20:00   17.4   17.5   17.3    62   10.0    1.6     SO   0.40   6.4    SO   17.4   16.9   16.9  1020.4   0.00    0.0    0.010   0.000   25.1    42   11.2   24.7    7.91   1.1771     351     1    100.0   15 
11/05/22  20:15   17.2   17.3   17.0    63   10.1    1.6     SO   0.40   4.8    SO   17.2   16.7   16.7  1020.5   0.00    0.0    0.012   0.000   25.1    43   11.6   24.7    8.05   1.1769     350     1    100.0   15 
11/05/22  20:30   16.8   17.0   16.7    65   10.2    0.0     SO   0.00   3.2    SO   16.8   16.4   16.4  1020.7   0.00    0.0    0.016   0.000   25.1    44   11.9   24.7    8.21   1.1767     351     1    100.0   15 
11/05/22  20:45   16.4   16.7   16.3    68   10.5    1.6     SO   0.40   3.2    SO   16.4   16.1   16.1  1020.9   0.00    0.0    0.020   0.000   25.0    44   11.9   24.7    8.21   1.1772     352     1    100.0   15 
11/05/22  21:00   16.3   16.4   16.2    69   10.6    1.6     SO   0.40   3.2    SO   16.3   15.9   15.9  1021.0   0.00    0.0    0.021   0.000   25.1    44   11.9   24.7    8.21   1.1770     351     1    100.0   15 
11/05/22  21:15   16.2   16.2   16.1    70   10.7    1.6     SO   0.40   3.2    SO   16.2   15.8   15.8  1021.0   0.00    0.0    0.023   0.000   25.1    45   12.3   24.8    8.41   1.1764     351     1    100.0   15 
11/05/22  21:30   15.9   16.1   15.9    71   10.7    1.6      O   0.40   4.8     O   15.9   15.7   15.7  1021.1   0.00    0.0    0.025   0.000   25.2    45   12.4   24.9    8.40   1.1763     351     1    100.0   15 
11/05/22  21:45   15.8   15.9   15.7    71   10.6    1.6      O   0.40   4.8   OSO   15.8   15.6   15.6  1021.2   0.00    0.0    0.026   0.000   25.2    45   12.4   24.9    8.40   1.1764     351     1    100.0   15 
11/05/22  22:00   15.7   15.7   15.7    71   10.5    1.6      O   0.40   6.4     O   15.7   15.4   15.4  1021.2   0.00    0.0    0.027   0.000   25.0    45   12.2   24.7    8.41   1.1772     351     1    100.0   15 
11/05/22  22:15   15.7   15.7   15.6    71   10.4    1.6      O   0.40   4.8     O   15.7   15.3   15.3  1021.2   0.00    0.0    0.028   0.000   24.8    46   12.4   24.6    8.52   1.1776     351     1    100.0   15 
11/05/22  22:30   15.5   15.6   15.5    73   10.7    1.6      O   0.40   4.8     O   15.5   15.2   15.2  1021.1   0.00    0.0    0.030   0.000   24.7    46   12.3   24.5    8.52   1.1781     351     1    100.0   15 
11/05/22  22:45   15.4   15.5   15.4    74   10.8    1.6      O   0.40   3.2     O   15.4   15.2   15.2  1021.1   0.00    0.0    0.030   0.000   24.6    46   12.2   24.4    8.53   1.1789     352     1    100.0   15 
11/05/22  23:00   15.4   15.4   15.4    74   10.8    0.0      O   0.00   1.6     O   15.4   15.2   15.2  1021.1   0.00    0.0    0.030   0.000   24.4    46   12.1   24.3    8.53   1.1794     349     1    100.0   15 
11/05/22  23:15   15.3   15.4   15.2    75   10.9    1.6      O   0.40   3.2     O   15.3   15.0   15.0  1021.0   0.00    0.0    0.032   0.000   24.3    47   12.2   24.2    8.74   1.1798     351     1    100.0   15 
11/05/22  23:30   15.1   15.2   15.0    78   11.2    1.6      O   0.40   4.8     O   15.1   14.9   14.9  1021.0   0.00    0.0    0.034   0.000   24.2    47   12.1   24.1    8.74   1.1804     350     1    100.0   15 
11/05/22  23:45   14.9   15.0   14.9    81   11.7    1.6      O   0.40   3.2     O   14.9   14.8   14.8  1020.9   0.00    0.0    0.035   0.000   24.1    47   12.0   23.9    8.74   1.1808     350     1    100.0   15 
12/05/22  00:00   14.8   14.9   14.7    83   11.9    1.6      O   0.40   4.8     O   14.8   14.7   14.7  1020.8   0.00    0.0    0.037   0.000   23.9    48   12.3   23.9    8.95   1.1809     352     1    100.0   15 
12/05/22   0:15   14.7   14.7   14.7    85   12.2    1.6      O   0.40   4.8     O   14.7   14.6   14.6  1020.8   0.00    0.0    0.038   0.000   23.8    48   12.2   23.8    8.95   1.1814     348     1    100.0   15 
12/05/22   0:30   14.6   14.7   14.4    86   12.2    1.6      O   0.40   4.8     O   14.6   14.6   14.6  1020.7   0.00    0.0    0.039   0.000   23.7    48   12.1   23.6    8.94   1.1819     350     1    100.0   15 
12/05/22   0:45   14.3   14.4   14.2    87   12.1    1.6      O   0.40   4.8     O   14.3   14.3   14.3  1020.7   0.00    0.0    0.042   0.000   23.6    48   12.0   23.5    8.94   1.1824     350     1    100.0   15 
12/05/22   1:00   14.2   14.2   14.1    88   12.2    3.2    ONO   0.80   4.8   ONO   14.2   14.2   14.2  1020.7   0.00    0.0    0.043   0.000   23.4    49   12.1   23.3    9.05   1.1829     351     1    100.0   15 
12/05/22   1:15   14.1   14.2   14.1    88   12.2    3.2    ONO   0.80   4.8   ONO   14.1   14.1   14.1  1020.7   0.00    0.0    0.044   0.000   23.3    49   12.0   23.1    9.05   1.1835     351     1    100.0   15 
12/05/22   1:30   14.2   14.3   14.1    88   12.2    1.6    ONO   0.40   3.2   ONO   14.2   14.2   14.2  1020.6   0.00    0.0    0.043   0.000   23.3    49   12.0   23.1    9.05   1.1836     351     1    100.0   15 
12/05/22   1:45   14.3   14.3   14.3    89   12.5    3.2    ONO   0.80   4.8   ONO   14.3   14.3   14.3  1020.6   0.00    0.0    0.042   0.000   23.2    49   11.9   22.9    9.05   1.1842     351     1    100.0   15 
12/05/22   2:00   14.0   14.3   13.8    87   11.9    3.2    ONO   0.80   4.8   ONO   14.0   14.0   14.0  1020.6   0.00    0.0    0.045   0.000   23.1    49   11.8   22.8    9.05   1.1847     350     1    100.0   15 
12/05/22   2:15   14.1   14.2   14.0    87   12.0    1.6    ONO   0.40   4.8   ONO   14.1   14.1   14.1  1020.6   0.00    0.0    0.044   0.000   22.9    50   12.0   22.7    9.25   1.1849     351     1    100.0   15 
12/05/22   2:30   14.1   14.2   14.0    88   12.1    1.6    ONO   0.40   3.2   ONO   14.1   14.1   14.1  1020.6   0.00    0.0    0.045   0.000   22.9    50   11.9   22.6    9.25   1.1852     352     1    100.0   15 
12/05/22   2:45   14.0   14.1   14.0    89   12.2    1.6    ONO   0.40   3.2   ONO   14.0   14.1   14.1  1020.6   0.00    0.0    0.045   0.000   22.8    50   11.8   22.5    9.25   1.1858     351     1    100.0   15 
12/05/22   3:00   14.0   14.1   14.0    88   12.0    1.6    ONO   0.40   3.2   ONO   14.0   14.0   14.0  1020.6   0.00    0.0    0.045   0.000   22.7    50   11.7   22.3    9.25   1.1863     351     1    100.0   15 
12/05/22   3:15   13.9   14.0   13.8    86   11.6    0.0    ONO   0.00   1.6   ONO   13.9   13.8   13.8  1020.5   0.00    0.0    0.046   0.000   22.6    50   11.6   22.2    9.25   1.1868     351     1    100.0   15 
12/05/22   3:30   13.6   13.7   13.3    86   11.3    0.0    ONO   0.00   1.6   ONO   13.6   13.5   13.5  1020.6   0.00    0.0    0.050   0.000   22.5    51   11.9   22.2    9.40   1.1868     352     1    100.0   15 
12/05/22   3:45   13.1   13.3   13.0    82   10.1    0.0    ONO   0.00   3.2   ONO   13.1   13.0   13.0  1020.6   0.00    0.0    0.054   0.000   22.4    51   11.8   22.0    9.40   1.1874     350     1    100.0   15 
