                 Temp.  Temp.  Temp.  Hum.   Punt   Vel.   Dir.   Rec.  Vel.  Dir.  Sens.   ═nd.   ═nd.                  Int. Graus D.Graus D.  Temp.  Hum. Rosada  In.Cal.  EMC     Dens.    Mostr   Tx   Recep.  Int.
  Data    Hora    Ext.   MÓx.   Mÿn.  Ext. Rosada   Vent   Vent   Vent  MÓx.  MÓx.  T×rm.  Calor   THW    Bar    Pluja   Pluja  Calor    Fred    Int.  Int.   Int.   Int.    Int.  Int.Aire    Vent   Vent   ISS   Arc.
-------------------------------------------------------------------------------------------------------------------------------------------------------------------------------------------------------------------------
 7/06/26   0:15   18.3   18.4   18.3    94   17.4    0.0    ---   0.00   0.0   ---   18.3   19.0   19.0  1021.3   0.00    0.0    0.000   0.000   25.2    62   17.4   25.8   11.20   1.1698     349     1    100.0   15 
 7/06/26   0:30   18.4   18.4   18.4    94   17.5    0.0    ---   0.00   0.0   ---   18.4   19.1   19.1  1021.2   0.00    0.0    0.000   0.001   25.2    62   17.4   25.7   11.20   1.1700     351     1    100.0   15 
 7/06/26   0:45   18.3   18.4   18.3    94   17.4    0.0    ---   0.00   0.0   ---   18.3   19.0   19.0  1021.4   0.00    0.0    0.000   0.000   25.1    62   17.3   25.7   11.21   1.1706     351     1    100.0   15 
 7/06/26   1:00   18.2   18.3   18.1    94   17.2    0.0    ---   0.00   0.0   ---   18.2   18.8   18.8  1021.4   0.00    0.0    0.002   0.000   25.1    62   17.3   25.6   11.21   1.1708     352     1    100.0   15 
 7/06/26   1:15   18.0   18.1   17.8    94   17.0    0.0    ---   0.00   0.0   ---   18.0   18.6   18.6  1021.4   0.00    0.0    0.003   0.000   25.0    62   17.2   25.6   11.21   1.1712     351     1    100.0   15 
 7/06/26   1:30   17.8   17.8   17.7    94   16.8    0.0    ---   0.00   0.0   ---   17.8   18.3   18.3  1021.4   0.00    0.0    0.006   0.000   24.9    61   16.9   25.4   11.01   1.1718     351     1    100.0   15 
 7/06/26   1:45   17.8   17.8   17.7    94   16.8    0.0    ---   0.00   0.0   ---   17.8   18.3   18.3  1021.4   0.00    0.0    0.006   0.000   24.9    61   16.9   25.4   11.01   1.1721     351     1    100.0   15 
 7/06/26   2:00   17.7   17.7   17.6    95   16.9    0.0    ---   0.00   0.0   ---   17.7   18.2   18.2  1021.4   0.00    0.0    0.007   0.000   24.8    61   16.8   25.3   11.02   1.1724     351     1    100.0   15 
 7/06/26   2:15   17.5   17.6   17.3    94   16.5    0.0    ---   0.00   0.0   ---   17.5   18.0   18.0  1021.4   0.00    0.0    0.009   0.000   24.8    61   16.8   25.3   11.02   1.1724     350     1    100.0   15 
 7/06/26   2:30   17.1   17.3   16.9    94   16.1    0.0    ---   0.00   0.0   ---   17.1   17.4   17.4  1021.4   0.00    0.0    0.013   0.000   24.7    61   16.7   25.2   11.02   1.1730     350     1    100.0   15 
 7/06/26   2:45   16.9   16.9   16.9    95   16.1    0.0    ---   0.00   0.0   ---   16.9   17.3   17.3  1021.3   0.00    0.0    0.015   0.000   24.7    61   16.6   25.1   11.02   1.1732     350     1    100.0   15 
 7/06/26   3:00   16.9   16.9   16.8    95   16.1    0.0      N   0.00   1.6     N   16.9   17.3   17.3  1021.3   0.00    0.0    0.015   0.000   24.6    61   16.6   25.1   11.02   1.1734     351     1    100.0   15 
 7/06/26   3:15   16.7   16.8   16.6    95   15.9    0.0    ---   0.00   0.0   ---   16.7   17.1   17.1  1021.2   0.00    0.0    0.017   0.000   24.6    61   16.5   25.0   11.03   1.1736     352     1    100.0   15 
 7/06/26   3:30   16.7   16.8   16.6    96   16.1    0.0    ---   0.00   0.0   ---   16.7   17.1   17.1  1021.4   0.00    0.0    0.017   0.000   24.5    61   16.5   24.9   11.03   1.1741     351     1    100.0   15 
 7/06/26   3:45   16.8   16.8   16.8    96   16.1    0.0    ---   0.00   0.0   ---   16.8   17.2   17.2  1021.3   0.00    0.0    0.016   0.000   24.4    61   16.4   24.9   11.03   1.1744     351     1    100.0   15 
 7/06/26   4:00   16.8   16.9   16.8    96   16.2    0.0    ---   0.00   0.0   ---   16.8   17.3   17.3  1021.5   0.00    0.0    0.016   0.000   24.4    61   16.4   24.8   11.03   1.1748     351     1    100.0   15 
 7/06/26   4:15   16.8   16.9   16.7    96   16.1    0.0    ---   0.00   0.0   ---   16.8   17.2   17.2  1021.6   0.00    0.0    0.016   0.000   24.3    61   16.3   24.8   11.03   1.1753     352     1    100.0   15 
 7/06/26   4:30   16.6   16.7   16.5    96   16.0    0.0    ---   0.00   0.0   ---   16.6   17.0   17.0  1021.7   0.00    0.0    0.018   0.000   24.3    61   16.3   24.8   11.04   1.1756     351     1    100.0   15 
 7/06/26   4:45   16.4   16.5   16.4    96   15.8    0.0    ---   0.00   0.0   ---   16.4   16.8   16.8  1021.8   0.00    0.0    0.020   0.000   24.2    61   16.2   24.7   11.04   1.1760     351     1    100.0   15 
 7/06/26   5:00   16.7   16.9   16.5    96   16.0    0.0    ---   0.00   0.0   ---   16.7   17.1   17.1  1022.0   0.00    0.0    0.017   0.000   24.2    61   16.2   24.7   11.04   1.1763     350     1    100.0   15 
 7/06/26   5:15   17.0   17.2   16.9    96   16.4    0.0    ---   0.00   0.0   ---   17.0   17.4   17.4  1022.1   0.00    0.0    0.014   0.000   24.4    61   16.4   24.8   11.03   1.1756     350     1    100.0   15 
 7/06/26   5:30   17.2   17.3   17.1    96   16.5    0.0    ---   0.00   0.0   ---   17.2   17.6   17.6  1022.3   0.00    0.0    0.012   0.000   24.7    60   16.4   25.1   10.89   1.1747     350     1    100.0   15 
 7/06/26   5:45   17.1   17.1   17.1    96   16.5    0.0    SSE   0.00   1.6   SSE   17.1   17.6   17.6  1022.4   0.00    0.0    0.013   0.000   25.0    60   16.7   25.4   10.87   1.1730     351     1    100.0   15 
 7/06/26   6:00   16.9   17.1   16.8    96   16.3    0.0    ---   0.00   0.0   ---   16.9   17.4   17.4  1022.4   0.00    0.0    0.014   0.000   25.2    59   16.6   25.6   10.66   1.1725     351     1    100.0   15 
 7/06/26   6:15   16.8   16.9   16.8    96   16.2    0.0      O   0.00   1.6     O   16.8   17.3   17.3  1022.4   0.00    0.0    0.016   0.000   25.4    59   16.8   25.9   10.64   1.1711     350     1    100.0   15 
 7/06/26   6:30   16.9   17.0   16.9    96   16.3    0.0      O   0.00   3.2     O   16.9   17.4   17.4  1022.5   0.00    0.0    0.014   0.000   25.8    59   17.2   26.3   10.61   1.1695     351     1    100.0   15 
 7/06/26   6:45   17.2   17.4   17.0    96   16.5    1.6    OSO   0.40   4.8     O   17.2   17.6   17.6  1022.6   0.00    0.0    0.012   0.000   26.2    59   17.5   26.7   10.59   1.1675     351     1    100.0   15 
 7/06/26   7:00   17.7   17.8   17.4    95   16.9    0.0     NO   0.00   4.8    NO   17.7   18.3   18.3  1022.8   0.00    0.0    0.006   0.000   26.4    58   17.5   27.0   10.37   1.1667     350     1    100.0   15 
 7/06/26   7:15   18.2   18.8   17.7    91   16.7    1.6     NO   0.40   4.8    NO   18.2   18.7   18.7  1022.7   0.00    0.0    0.002   0.000   26.7    58   17.7   27.3   10.35   1.1654     350     1    100.0   15 
 7/06/26   7:30   19.8   20.6   18.9    82   16.7    1.6      E   0.40   4.8    NE   19.8   20.6   20.6  1022.9   0.00    0.0    0.000   0.016   26.9    57   17.7   27.5   10.16   1.1649     352     1    100.0   15 
 7/06/26   7:45   21.3   21.8   20.7    74   16.5    1.6      E   0.40   4.8     E   21.3   21.7   21.7  1023.0   0.00    0.0    0.000   0.031   27.1    57   17.9   27.8   10.17   1.1638     351     1    100.0   15 
 7/06/26   8:00   22.2   22.4   21.8    70   16.4    1.6    ENE   0.40   8.0     E   22.2   22.6   22.6  1023.0   0.00    0.0    0.000   0.040   27.2    56   17.7   27.8   10.05   1.1636     351     1    100.0   15 
 7/06/26   8:15   22.4   22.6   22.2    70   16.6    0.0    SSE   0.00   4.8    SE   22.4   22.8   22.8  1023.0   0.00    0.0    0.000   0.042   27.4    56   17.8   28.1   10.05   1.1627     351     1    100.0   15 
 7/06/26   8:30   22.9   23.3   22.6    66   16.3    1.6    SSE   0.40   4.8   ENE   22.9   23.4   23.4  1023.0   0.00    0.0    0.000   0.048   27.5    56   17.9   28.2   10.05   1.1622     351     1    100.0   15 
 7/06/26   8:45   23.7   23.9   23.3    64   16.5    1.6    ESE   0.40   9.7     E   23.7   24.3   24.3  1023.1   0.00    0.0    0.000   0.056   27.6    56   18.0   28.3   10.05   1.1620     352     1    100.0   15 
 7/06/26   9:00   24.0   24.1   23.9    63   16.5    1.6     SO   0.40   8.0   SSE   24.0   24.6   24.6  1023.1   0.00    0.0    0.000   0.059   27.4    54   17.3   28.0    9.75   1.1635     351     1    100.0   15 
 7/06/26   9:15   24.1   24.5   23.9    64   16.9    1.6      S   0.40   8.0   OSO   24.1   24.8   24.8  1023.1   0.00    0.0    0.000   0.060   27.3    54   17.2   27.8    9.75   1.1640     351     1    100.0   15 
 7/06/26   9:30   24.6   24.8   24.5    60   16.3    1.6    SSE   0.40  11.3   SSE   24.6   25.0   25.0  1023.0   0.00    0.0    0.000   0.065   27.4    53   17.0   27.8    9.62   1.1641     351     1    100.0   15 
 7/06/26   9:45   25.0   25.1   24.8    56   15.6    3.2    OSO   0.80  11.3    SO   25.0   25.2   25.2  1023.0   0.00    0.0    0.000   0.069   27.4    53   17.0   27.9    9.62   1.1638     351     1    100.0   15 
 7/06/26  10:00   25.2   25.4   25.1    56   15.8    4.8      S   1.21  12.9   SSE   25.2   25.5   25.5  1023.1   0.00    0.0    0.000   0.072   27.5    52   16.8   27.9    9.42   1.1640     351     1    100.0   15 
 7/06/26  10:15   25.2   25.3   25.1    56   15.8    4.8    OSO   1.21  17.7   OSO   25.2   25.5   25.5  1023.1   0.00    0.0    0.000   0.072   27.5    51   16.5   27.8    9.32   1.1645     351     1    100.0   15 
 7/06/26  10:30   25.3   25.3   25.1    55   15.6    6.4     SO   1.61  14.5   OSO   25.3   25.5   25.5  1023.1   0.00    0.0    0.000   0.072   27.5    51   16.5   27.8    9.32   1.1644     351     1    100.0   15 
 7/06/26  10:45   25.4   25.7   25.2    54   15.4    4.8      S   1.21  12.9   SSE   25.4   25.6   25.6  1022.9   0.00    0.0    0.000   0.073   27.5    50   16.1   27.7    9.12   1.1647     351     1    100.0   15 
 7/06/26  11:00   25.6   25.8   25.3    56   16.1    6.4    OSO   1.61  16.1    SO   25.6   25.9   25.9  1022.8   0.00    0.0    0.000   0.075   27.6    50   16.2   27.8    9.12   1.1643     350     1    100.0   15 
 7/06/26  11:15   25.6   25.7   25.4    55   15.8    6.4      S   1.61  16.1     S   25.6   25.8   25.8  1022.7   0.00    0.0    0.000   0.075   27.7    48   15.7   27.8    8.81   1.1643     351     1    100.0   15 
 7/06/26  11:30   25.8   26.1   25.6    54   15.8    3.2     SO   0.80  12.9   OSO   25.8   26.1   26.1  1022.5   0.00    0.0    0.000   0.078   27.8    49   16.1   28.1    8.91   1.1631     350     1    100.0   15 
 7/06/26  11:45   26.2   26.4   25.9    53   15.8    4.8      S   1.21  12.9   SSE   26.2   26.4   26.4  1022.3   0.00    0.0    0.000   0.082   27.9    49   16.2   28.2    8.91   1.1623     351     1    100.0   15 
 7/06/26  12:00   26.3   26.4   26.2    53   16.0    4.8    OSO   1.21  12.9    SO   26.3   26.6   26.6  1022.0   0.00    0.0    0.000   0.083   27.9    48   15.9   28.2    8.80   1.1622     350     1    100.0   15 
 7/06/26  12:15   26.6   27.0   26.2    50   15.3    3.2    SSE   0.80   9.7    SO   26.6   26.6   26.6  1021.7   0.00    0.0    0.000   0.086   28.0    48   16.0   28.3    8.80   1.1616     351     1    100.0   15 
 7/06/26  12:30   27.2   27.4   27.0    48   15.3    1.6    SSO   0.40   9.7    SO   27.2   27.2   27.2  1021.5   0.00    0.0    0.000   0.093   28.1    48   16.1   28.5    8.80   1.1608     351     1    100.0   15 
 7/06/26  12:45   27.4   27.7   27.2    47   15.1    1.6    ENE   0.40  11.3     S   27.4   27.3   27.3  1021.4   0.00    0.0    0.000   0.094   28.2    47   15.8   28.6    8.59   1.1605     350     1    100.0   15 
 7/06/26  13:00   27.6   27.7   27.5    48   15.6    3.2    SSO   0.80  11.3     E   27.6   27.7   27.7  1021.2   0.00    0.0    0.000   0.096   28.3    47   15.9   28.7    8.59   1.1600     352     1    100.0   15 
 7/06/26  13:15   27.8   27.8   27.6    47   15.4    3.2    SSE   0.80  11.3   OSO   27.8   27.9   27.9  1021.1   0.00    0.0    0.000   0.098   28.4    47   16.0   28.8    8.59   1.1593     350     1    100.0   15 
 7/06/26  13:30   27.9   28.2   27.8    47   15.5    3.2      S   0.80   9.7     S   27.9   28.1   28.1  1021.0   0.00    0.0    0.000   0.100   28.5    47   16.1   29.1    8.58   1.1586     351     1    100.0   15 
 7/06/26  13:45   28.4   28.6   28.2    46   15.7    3.2    SSO   0.80  16.1   OSO   28.4   28.8   28.8  1020.8   0.00    0.0    0.000   0.105   28.6    47   16.1   29.1    8.58   1.1581     351     1    100.0   15 
 7/06/26  14:00   28.6   28.7   28.5    47   16.1    1.6      S   0.40   9.7     S   28.6   29.1   29.1  1020.6   0.00    0.0    0.000   0.106   28.6    47   16.2   29.2    8.58   1.1576     351     1    100.0   15 
 7/06/26  14:15   28.4   28.8   27.9    50   17.0    6.4      S   1.61  16.1    SE   28.4   29.1   29.1  1020.6   0.00    0.0    0.000   0.105   28.7    47   16.3   29.4    8.58   1.1570     348     1    100.0   15 
 7/06/26  14:30   27.8   28.0   27.7    52   17.0    4.8      S   1.21  16.1    SO   27.8   28.3   28.3  1020.4   0.00    0.0    0.000   0.098   28.8    48   16.7   29.6    8.77   1.1560     351     1    100.0   15 
 7/06/26  14:45   27.6   28.0   27.3    53   17.1    4.8      S   1.21  19.3   OSO   27.6   28.1   28.1  1020.3   0.00    0.0    0.000   0.096   28.9    48   16.8   29.7    8.77   1.1554     350     1    100.0   15 
 7/06/26  15:00   27.6   27.7   27.4    53   17.1    4.8    OSO   1.21  14.5   OSO   27.6   28.1   28.1  1020.2   0.00    0.0    0.000   0.096   28.8    48   16.7   29.7    8.77   1.1556     351     1    100.0   15 
 7/06/26  15:15   27.3   27.5   27.2    53   16.9    4.8      S   1.21  14.5     S   27.3   27.7   27.7  1020.3   0.00    0.0    0.000   0.093   28.8    48   16.7   29.7    8.77   1.1557     352     1    100.0   15 
 7/06/26  15:30   27.4   27.6   27.3    52   16.7    4.8    SSO   1.21  17.7   OSO   27.4   27.8   27.8  1020.4   0.00    0.0    0.000   0.095   28.8    48   16.7   29.7    8.77   1.1558     350     1    100.0   15 
 7/06/26  15:45   27.5   27.6   27.2    53   17.1    4.8    SSO   1.21  12.9     S   27.5   28.0   28.0  1020.3   0.00    0.0    0.000   0.095   28.9    48   16.8   29.7    8.77   1.1554     351     1    100.0   15 
 7/06/26  16:00   26.9   27.2   26.6    53   16.5    6.4    SSO   1.61  19.3   SSO   26.9   27.2   27.2  1020.1   0.00    0.0    0.000   0.089   28.8    48   16.7   29.7    8.77   1.1555     351     1    100.0   15 
 7/06/26  16:15   26.4   26.6   26.4    54   16.4    4.8    SSO   1.21  16.1   ESE   26.4   26.8   26.8  1020.2   0.00    0.0    0.000   0.084   28.7    48   16.6   29.4    8.78   1.1561     352     1    100.0   15 
 7/06/26  16:30   26.2   26.6   25.9    53   15.9    6.4     SO   1.61  14.5    SO   26.2   26.4   26.4  1020.1   0.00    0.0    0.000   0.082   28.7    48   16.6   29.4    8.78   1.1563     351     1    100.0   15 
 7/06/26  16:45   25.9   25.9   25.8    52   15.3    4.8      S   1.21  12.9   ONO   25.9   26.1   26.1  1019.9   0.00    0.0    0.000   0.079   28.6    47   16.2   29.2    8.58   1.1569     351     1    100.0   15 
 7/06/26  17:00   25.5   25.8   25.3    54   15.5    4.8    SSO   1.21  17.7     S   25.5   25.7   25.7  1020.0   0.00    0.0    0.000   0.075   28.4    47   16.0   28.9    8.59   1.1577     350     1    100.0   15 
 7/06/26  17:15   25.5   25.7   25.2    54   15.5    4.8     SO   1.21  14.5   OSO   25.5   25.7   25.7  1019.9   0.00    0.0    0.000   0.075   28.4    47   16.0   28.9    8.59   1.1577     351     1    100.0   15 
 7/06/26  17:30   25.1   25.2   24.6    54   15.1    6.4     SO   1.61  16.1   SSE   25.1   25.2   25.2  1019.8   0.00    0.0    0.000   0.070   28.3    46   15.6   28.7    8.45   1.1586     351     1    100.0   15 
 7/06/26  17:45   24.3   24.6   24.3    56   15.0    4.8    SSO   1.21  12.9   SSE   24.3   24.6   24.6  1019.8   0.00    0.0    0.000   0.063   28.2    46   15.5   28.5    8.45   1.1591     351     1    100.0   15 
 7/06/26  18:00   24.2   24.4   23.8    57   15.1    4.8      S   1.21  14.5     S   24.2   24.5   24.5  1019.7   0.00    0.0    0.000   0.061   28.1    46   15.4   28.2    8.45   1.1598     351     1    100.0   15 
 7/06/26  18:15   23.4   23.8   23.1    60   15.2    6.4      S   1.61  12.9     S   23.4   23.8   23.8  1019.8   0.00    0.0    0.000   0.053   27.9    46   15.2   28.0    8.45   1.1608     350     1    100.0   15 
 7/06/26  18:30   22.9   23.1   22.8    60   14.7    1.6     SO   0.40  12.9   OSO   22.9   23.2   23.2  1019.9   0.00    0.0    0.000   0.047   27.7    47   15.3   27.7    8.61   1.1616     352     1    100.0   15 
 7/06/26  18:45   22.6   22.8   22.4    61   14.7    0.0    OSO   0.00   4.8    SO   22.6   22.7   22.7  1019.9   0.00    0.0    0.000   0.044   27.6    47   15.2   27.6    8.62   1.1621     351     1    100.0   15 
 7/06/26  19:00   22.2   22.4   22.0    61   14.3    0.0      S   0.00   4.8    SO   22.2   22.1   22.1  1020.0   0.00    0.0    0.000   0.040   27.4    47   15.1   27.4    8.62   1.1628     351     1    100.0   15 
 7/06/26  19:15   21.8   22.0   21.6    62   14.2    0.0     SO   0.00   6.4    SO   21.8   21.7   21.7  1020.0   0.00    0.0    0.000   0.036   27.3    47   15.0   27.2    8.63   1.1637     351     1    100.0   15 
 7/06/26  19:30   21.4   21.6   21.2    63   14.1    0.0    ---   0.00   0.0   ---   21.4   21.2   21.2  1020.1   0.00    0.0    0.000   0.032   27.2    47   14.9   27.1    8.63   1.1643     350     1    100.0   15 
 7/06/26  19:45   21.0   21.2   20.8    64   13.9    0.0    ---   0.00   0.0   ---   21.0   20.8   20.8  1020.2   0.00    0.0    0.000   0.028   27.0    48   15.1   26.9    8.84   1.1648     351     1    100.0   15 
 7/06/26  20:00   20.6   20.8   20.3    66   14.0    0.0     SO   0.00   1.6    SO   20.6   20.6   20.6  1020.2   0.00    0.0    0.000   0.024   26.8    48   14.9   26.8    8.84   1.1657     350     1    100.0   15 
 7/06/26  20:15   20.2   20.3   20.0    67   13.8    0.0    ---   0.00   0.0   ---   20.2   20.3   20.3  1020.3   0.00    0.0    0.000   0.019   26.7    48   14.7   26.6    8.85   1.1667     351     1    100.0   15 
 7/06/26  20:30   19.8   20.0   19.7    68   13.7    0.0    ---   0.00   0.0   ---   19.8   20.0   20.0  1020.4   0.00    0.0    0.000   0.015   26.5    48   14.6   26.4    8.86   1.1676     352     1    100.0   15 
 7/06/26  20:45   19.7   19.7   19.6    68   13.6    0.0     SO   0.00   1.6    SO   19.7   19.8   19.8  1020.5   0.00    0.0    0.000   0.014   26.4    49   14.8   26.4    8.96   1.1679     351     1    100.0   15 
 7/06/26  21:00   19.6   19.7   19.5    69   13.7    0.0    ---   0.00   0.0   ---   19.6   19.8   19.8  1020.5   0.00    0.0    0.000   0.013   26.3    49   14.8   26.4    8.96   1.1682     351     1    100.0   15 
 7/06/26  21:15   19.4   19.5   19.4    69   13.6    0.0    ---   0.00   0.0   ---   19.4   19.6   19.6  1020.5   0.00    0.0    0.000   0.012   26.2    50   15.0   26.3    9.17   1.1684     351     1    100.0   15 
 7/06/26  21:30   19.3   19.4   19.2    71   13.9    0.0    ---   0.00   0.0   ---   19.3   19.6   19.6  1020.6   0.00    0.0    0.000   0.010   26.1    50   14.9   26.2    9.17   1.1690     350     1    100.0   15 
 7/06/26  21:45   19.1   19.2   19.1    72   13.9    0.0    ---   0.00   0.0   ---   19.1   19.3   19.3  1020.5   0.00    0.0    0.000   0.008   26.0    51   15.1   26.1    9.35   1.1691     351     1    100.0   15 
 7/06/26  22:00   19.0   19.1   18.9    73   14.0    0.0    ---   0.00   0.0   ---   19.0   19.2   19.2  1020.4   0.00    0.0    0.000   0.007   25.9    51   15.0   26.1    9.35   1.1693     350     1    100.0   15 
 7/06/26  22:15   18.9   19.0   18.9    74   14.2    0.0    ---   0.00   0.0   ---   18.9   19.2   19.2  1020.4   0.00    0.0    0.000   0.006   25.8    52   15.2   26.0    9.48   1.1694     351     1    100.0   15 
 7/06/26  22:30   18.9   18.9   18.8    74   14.2    0.0    ---   0.00   0.0   ---   18.9   19.1   19.1  1020.4   0.00    0.0    0.000   0.006   25.9    52   15.3   26.1    9.48   1.1691     351     1    100.0   15 
 7/06/26  22:45   18.8   18.8   18.7    74   14.0    0.0    ---   0.00   0.0   ---   18.8   19.0   19.0  1020.3   0.00    0.0    0.000   0.005   25.9    52   15.3   26.1    9.48   1.1690     352     1    100.0   15 
 7/06/26  23:00   18.8   18.8   18.7    74   14.0    0.0     SO   0.00   3.2    SO   18.8   19.0   19.0  1020.3   0.00    0.0    0.000   0.005   25.9    52   15.3   26.1    9.48   1.1690     351     1    100.0   15 
 7/06/26  23:15   18.8   18.8   18.7    74   14.0    0.0    ---   0.00   0.0   ---   18.8   19.0   19.0  1020.3   0.00    0.0    0.000   0.005   25.8    53   15.5   26.1    9.65   1.1689     351     1    100.0   15 
 7/06/26  23:30   18.7   18.7   18.4    74   13.9    0.0    ---   0.00   0.0   ---   18.7   18.9   18.9  1020.3   0.00    0.0    0.000   0.003   25.8    53   15.5   26.1    9.65   1.1689     351     1    100.0   15 
 7/06/26  23:45   18.4   18.6   18.4    74   13.7    0.0    ---   0.00   0.0   ---   18.4   18.6   18.6  1020.2   0.00    0.0    0.000   0.001   25.8    53   15.5   26.0    9.65   1.1691     351     1    100.0   15 
 8/06/26  00:00   18.6   18.6   18.4    75   14.0    0.0    ---   0.00   0.0   ---   18.6   18.8   18.8  1020.2   0.00    0.0    0.000   0.002   25.8    53   15.5   26.0    9.65   1.1690     350     1    100.0   15 
 8/06/26   0:15   18.3   18.5   18.2    75   13.8    0.0    ---   0.00   0.0   ---   18.3   18.5   18.5  1020.0   0.00    0.0    0.000   0.000   25.7    53   15.4   25.9    9.65   1.1692     350     1    100.0   15 
 8/06/26   0:30   18.2   18.3   18.2    75   13.7    0.0    ---   0.00   0.0   ---   18.2   18.4   18.4  1019.9   0.00    0.0    0.001   0.000   25.7    53   15.4   25.8    9.65   1.1694     351     1    100.0   15 
 8/06/26   0:45   18.2   18.3   18.1    76   13.9    0.0      O   0.00   4.8    SO   18.2   18.3   18.3  1019.8   0.00    0.0    0.002   0.000   25.6    54   15.6   25.8    9.79   1.1691     350     1    100.0   15 
 8/06/26   1:00   17.8   18.1   17.8    77   13.7    0.0    ---   0.00   0.0   ---   17.8   18.0   18.0  1019.8   0.00    0.0    0.005   0.000   25.6    54   15.6   25.8    9.79   1.1694     350     1    100.0   15 
 8/06/26   1:15   17.9   17.9   17.8    76   13.6    0.0    ---   0.00   0.0   ---   17.9   18.0   18.0  1019.7   0.00    0.0    0.005   0.000   25.5    54   15.5   25.7    9.79   1.1695     350     1    100.0   15 
 8/06/26   1:30   18.0   18.1   17.9    75   13.5    0.0    ONO   0.00   3.2   ONO   18.0   18.1   18.1  1019.4   0.00    0.0    0.003   0.000   25.4    54   15.5   25.7    9.79   1.1695     351     1    100.0   15 
 8/06/26   1:45   17.6   18.0   17.3    78   13.7    0.0     NO   0.00   1.6    NO   17.6   17.7   17.7  1019.4   0.00    0.0    0.008   0.000   25.4    54   15.4   25.6    9.80   1.1698     349     1    100.0   15 
 8/06/26   2:00   17.5   17.7   17.3    77   13.4    0.0    ---   0.00   0.0   ---   17.5   17.6   17.6  1019.3   0.00    0.0    0.009   0.000   25.3    54   15.4   25.5    9.80   1.1699     351     1    100.0   15 
 8/06/26   2:15   17.8   17.8   17.7    76   13.5    0.0    ---   0.00   0.0   ---   17.8   17.9   17.9  1019.1   0.00    0.0    0.006   0.000   25.3    54   15.3   25.4    9.80   1.1699     351     1    100.0   15 
 8/06/26   2:30   17.8   17.9   17.7    76   13.5    0.0     NO   0.00   1.6    NO   17.8   17.9   17.9  1019.0   0.00    0.0    0.006   0.000   25.2    55   15.5   25.4    9.95   1.1697     351     1    100.0   15 
 8/06/26   2:45   17.3   17.7   16.8    78   13.5    0.0    ---   0.00   0.0   ---   17.3   17.4   17.4  1018.9   0.00    0.0    0.010   0.000   25.2    55   15.5   25.4    9.96   1.1699     351     1    100.0   15 
 8/06/26   3:00   16.8   16.8   16.8    78   12.9    0.0    ---   0.00   0.0   ---   16.8   16.8   16.8  1018.8   0.00    0.0    0.016   0.000   25.1    55   15.4   25.3    9.96   1.1701     351     1    100.0   15 
 8/06/26   3:15   16.9   17.0   16.8    78   13.1    0.0    ---   0.00   0.0   ---   16.9   17.0   17.0  1018.7   0.00    0.0    0.014   0.000   25.0    55   15.3   25.2    9.97   1.1705     350     1    100.0   15 
 8/06/26   3:30   17.0   17.1   17.0    78   13.1    0.0    ---   0.00   0.0   ---   17.0   17.1   17.1  1018.5   0.00    0.0    0.014   0.000   24.9    55   15.3   25.1    9.97   1.1707     352     1    100.0   15 
 8/06/26   3:45   16.9   17.0   16.8    79   13.2    0.0    ---   0.00   0.0   ---   16.9   17.0   17.0  1018.4   0.00    0.0    0.015   0.000   24.9    55   15.2   25.1    9.98   1.1708     351     1    100.0   15 
 8/06/26   4:00   16.7   16.8   16.7    80   13.3    0.0    ---   0.00   0.0   ---   16.7   16.8   16.8  1018.4   0.00    0.0    0.017   0.000   24.8    55   15.2   25.0    9.98   1.1711     351     1    100.0   15 
 8/06/26   4:15   16.5   16.7   16.4    80   13.0    0.0    ---   0.00   0.0   ---   16.5   16.6   16.6  1018.4   0.00    0.0    0.019   0.000   24.8    55   15.1   24.9    9.99   1.1713     351     1    100.0   15 
 8/06/26   4:30   16.4   16.4   16.3    81   13.1    0.0    ---   0.00   0.0   ---   16.4   16.4   16.4  1018.2   0.00    0.0    0.020   0.000   24.7    55   15.0   24.8    9.99   1.1716     352     1    100.0   15 
 8/06/26   4:45   16.4   16.5   16.3    81   13.2    0.0    ---   0.00   0.0   ---   16.4   16.5   16.5  1018.1   0.00    0.0    0.020   0.000   24.6    55   15.0   24.8   10.00   1.1718     351     1    100.0   15 
 8/06/26   5:00   16.4   16.5   16.3    81   13.1    0.0    ---   0.00   0.0   ---   16.4   16.4   16.4  1018.0   0.00    0.0    0.020   0.000   24.6    55   15.0   24.8   10.00   1.1718     350     1    100.0   15 
 8/06/26   5:15   16.5   16.6   16.4    80   13.0    0.0    ---   0.00   0.0   ---   16.5   16.6   16.6  1018.1   0.00    0.0    0.019   0.000   24.7    55   15.1   24.9    9.99   1.1713     350     1    100.0   15 
 8/06/26   5:30   16.9   17.3   16.7    77   12.9    0.0    ---   0.00   0.0   ---   16.9   16.9   16.9  1018.2   0.00    0.0    0.014   0.000   25.0    55   15.3   25.2    9.97   1.1700     350     1    100.0   15 
 8/06/26   5:45   17.4   17.7   17.3    76   13.2    0.0    ---   0.00   0.0   ---   17.4   17.5   17.5  1018.2   0.00    0.0    0.009   0.000   25.3    54   15.4   25.5    9.80   1.1686     352     1    100.0   15 
 8/06/26   6:00   17.9   18.1   17.7    73   13.0    0.0    ---   0.00   0.0   ---   17.9   17.9   17.9  1018.2   0.00    0.0    0.005   0.000   25.7    54   15.7   25.9    9.79   1.1669     351     1    100.0   15 
 8/06/26   6:15   18.3   18.4   18.1    73   13.4    0.0    ---   0.00   0.0   ---   18.3   18.4   18.4  1018.2   0.00    0.0    0.001   0.000   26.0    54   16.0   26.3    9.77   1.1652     351     1    100.0   15 
 8/06/26   6:30   18.7   19.0   18.4    72   13.6    0.0    ---   0.00   0.0   ---   18.7   18.9   18.9  1018.2   0.00    0.0    0.000   0.004   26.3    53   15.9   26.5    9.65   1.1642     351     1    100.0   15 
 8/06/26   6:45   19.1   19.3   18.9    71   13.7    0.0    ---   0.00   0.0   ---   19.1   19.2   19.2  1018.2   0.00    0.0    0.000   0.008   26.5    51   15.5   26.6    9.35   1.1638     351     1    100.0   15 
 8/06/26   7:00   19.7   19.9   19.3    68   13.6    0.0    ---   0.00   0.0   ---   19.7   19.8   19.8  1018.1   0.00    0.0    0.000   0.014   26.7    50   15.4   26.8    9.15   1.1630     350     1    100.0   15 
 8/06/26   7:15   20.4   20.9   19.9    67   14.1    0.0    ---   0.00   0.0   ---   20.4   20.5   20.5  1018.2   0.00    0.0    0.000   0.021   26.8    50   15.5   26.8    9.15   1.1628     350     1    100.0   15 
 8/06/26   7:30   21.4   21.8   20.9    65   14.5    0.0    ---   0.00   0.0   ---   21.4   21.3   21.3  1018.2   0.00    0.0    0.000   0.032   26.7    50   15.4   26.8    9.15   1.1631     351     1    100.0   15 
 8/06/26   7:45   22.2   22.5   21.8    62   14.6    0.0    ---   0.00   0.0   ---   22.2   22.3   22.3  1018.3   0.00    0.0    0.000   0.041   26.8    50   15.5   26.9    9.14   1.1627     351     1    100.0   15 
 8/06/26   8:00   22.9   23.4   22.5    58   14.2    0.0    ---   0.00   0.0   ---   22.9   23.1   23.1  1018.3   0.00    0.0    0.000   0.048   26.9    49   15.3   26.9    8.94   1.1626     351     1    100.0   15 
 8/06/26   8:15   23.9   24.2   23.4    52   13.4    0.0    ---   0.00   0.0   ---   23.9   24.1   24.1  1018.3   0.00    0.0    0.000   0.058   27.1    49   15.4   27.1    8.94   1.1620     351     1    100.0   15 
