                 Temp.  Temp.  Temp.  Hum.   Punt   Vel.   Dir.   Rec.  Vel.  Dir.  Sens.   ═nd.   ═nd.                  Int. Graus D.Graus D.  Temp.  Hum. Rosada  In.Cal.  EMC     Dens.    Mostr   Tx   Recep.  Int.
  Data    Hora    Ext.   MÓx.   Mÿn.  Ext. Rosada   Vent   Vent   Vent  MÓx.  MÓx.  T×rm.  Calor   THW    Bar    Pluja   Pluja  Calor    Fred    Int.  Int.   Int.   Int.    Int.  Int.Aire    Vent   Vent   ISS   Arc.
-------------------------------------------------------------------------------------------------------------------------------------------------------------------------------------------------------------------------
 2/06/26   0:15   20.3   20.4   20.3    88   18.3    0.0    ---   0.00   0.0   ---   20.3   21.3   21.3  1012.8   0.00    0.0    0.000   0.021   27.2    57   18.0   27.9   10.17   1.1514     349     1    100.0   15 
 2/06/26   0:30   20.3   20.4   20.2    88   18.3    0.0    ---   0.00   0.0   ---   20.3   21.3   21.3  1012.7   0.00    0.0    0.000   0.021   27.2    57   18.0   27.9   10.17   1.1512     351     1    100.0   15 
 2/06/26   0:45   20.2   20.3   20.1    88   18.1    0.0    ---   0.00   0.0   ---   20.2   21.1   21.1  1012.4   0.00    0.0    0.000   0.019   27.2    57   17.9   27.8   10.17   1.1513     350     1    100.0   15 
 2/06/26   1:00   20.0   20.1   19.9    88   18.0    0.0    ---   0.00   0.0   ---   20.0   20.9   20.9  1012.3   0.00    0.0    0.000   0.017   27.1    57   17.9   27.8   10.17   1.1514     351     1    100.0   15 
 2/06/26   1:15   19.8   19.9   19.8    89   18.0    0.0    ---   0.00   0.0   ---   19.8   20.7   20.7  1012.1   0.00    0.0    0.000   0.016   27.1    57   17.8   27.7   10.16   1.1514     351     1    100.0   15 
 2/06/26   1:30   19.7   19.8   19.6    89   17.9    0.0    ---   0.00   0.0   ---   19.7   20.6   20.6  1012.2   0.00    0.0    0.000   0.014   27.0    57   17.8   27.6   10.16   1.1518     351     1    100.0   15 
 2/06/26   1:45   19.6   19.6   19.6    90   17.9    0.0    ---   0.00   0.0   ---   19.6   20.5   20.5  1012.0   0.00    0.0    0.000   0.013   26.9    57   17.7   27.6   10.16   1.1519     352     1    100.0   15 
 2/06/26   2:00   19.5   19.6   19.4    90   17.8    0.0    ---   0.00   0.0   ---   19.5   20.3   20.3  1011.9   0.00    0.0    0.000   0.012   26.9    57   17.7   27.6   10.16   1.1518     351     1    100.0   15 
 2/06/26   2:15   19.3   19.4   19.2    90   17.6    0.0    ---   0.00   0.0   ---   19.3   20.1   20.1  1011.8   0.00    0.0    0.000   0.010   26.9    57   17.7   27.5   10.16   1.1520     351     1    100.0   15 
 2/06/26   2:30   19.2   19.2   19.1    90   17.5    0.0    ---   0.00   0.0   ---   19.2   19.9   19.9  1011.7   0.00    0.0    0.000   0.009   26.8    57   17.5   27.3   10.15   1.1524     350     1    100.0   15 
 2/06/26   2:45   19.0   19.1   18.9    90   17.3    0.0    ---   0.00   0.0   ---   19.0   19.7   19.7  1011.5   0.00    0.0    0.000   0.007   26.7    57   17.5   27.3   10.15   1.1525     351     1    100.0   15 
 2/06/26   3:00   18.8   18.9   18.8    90   17.2    0.0    ---   0.00   0.0   ---   18.8   19.6   19.6  1011.3   0.00    0.0    0.000   0.005   26.7    57   17.4   27.2   10.15   1.1526     349     1    100.0   15 
 2/06/26   3:15   18.8   18.8   18.7    91   17.3    0.0    ---   0.00   0.0   ---   18.8   19.5   19.5  1011.2   0.00    0.0    0.000   0.005   26.6    57   17.4   27.1   10.15   1.1528     351     1    100.0   15 
 2/06/26   3:30   18.7   18.7   18.7    91   17.2    0.0    ---   0.00   0.0   ---   18.7   19.3   19.3  1011.3   0.00    0.0    0.000   0.003   26.6    57   17.3   27.1   10.16   1.1531     351     1    100.0   15 
 2/06/26   3:45   18.6   18.7   18.6    90   16.9    0.0    ---   0.00   0.0   ---   18.6   19.3   19.3  1011.1   0.00    0.0    0.000   0.003   26.5    57   17.3   27.0   10.16   1.1532     351     1    100.0   15 
 2/06/26   4:00   18.6   18.6   18.5    89   16.7    0.0    ---   0.00   0.0   ---   18.6   19.2   19.2  1011.2   0.00    0.0    0.000   0.002   26.4    57   17.2   26.9   10.17   1.1536     350     1    100.0   15 
 2/06/26   4:15   18.5   18.6   18.4    90   16.8    0.0    ---   0.00   0.0   ---   18.5   19.1   19.1  1011.3   0.00    0.0    0.000   0.002   26.4    57   17.2   26.9   10.17   1.1541     351     1    100.0   15 
 2/06/26   4:30   18.6   18.7   18.6    90   16.9    0.0    ---   0.00   0.0   ---   18.6   19.3   19.3  1011.2   0.00    0.0    0.000   0.003   26.3    57   17.1   26.8   10.17   1.1542     350     1    100.0   15 
 2/06/26   4:45   18.7   18.8   18.7    89   16.9    0.0    ---   0.00   0.0   ---   18.7   19.4   19.4  1011.1   0.00    0.0    0.000   0.004   26.3    57   17.1   26.7   10.18   1.1543     349     1    100.0   15 
 2/06/26   5:00   18.8   18.8   18.7    88   16.7    0.0    ---   0.00   0.0   ---   18.8   19.4   19.4  1011.2   0.00    0.0    0.000   0.005   26.2    57   17.0   26.7   10.18   1.1548     351     1    100.0   15 
 2/06/26   5:15   18.8   18.8   18.7    88   16.7    0.0    ---   0.00   0.0   ---   18.8   19.4   19.4  1011.3   0.00    0.0    0.000   0.005   26.2    57   17.0   26.6   10.19   1.1552     351     1    100.0   15 
 2/06/26   5:30   18.6   18.7   18.6    88   16.6    0.0    ---   0.00   0.0   ---   18.6   19.2   19.2  1011.1   0.00    0.0    0.000   0.003   26.2    57   17.0   26.6   10.19   1.1550     351     1    100.0   15 
 2/06/26   5:45   18.7   18.8   18.6    88   16.7    0.0    ---   0.00   0.0   ---   18.7   19.3   19.3  1011.3   0.00    0.0    0.000   0.004   26.2    57   17.0   26.7   10.18   1.1548     351     1    100.0   15 
 2/06/26   6:00   19.1   19.4   18.8    88   17.1    0.0    ---   0.00   0.0   ---   19.1   19.8   19.8  1011.4   0.00    0.0    0.000   0.008   26.4    56   16.9   26.8   10.07   1.1546     352     1    100.0   15 
 2/06/26   6:15   19.7   19.9   19.4    87   17.4    0.0    ---   0.00   0.0   ---   19.7   20.5   20.5  1011.4   0.00    0.0    0.000   0.014   26.7    56   17.2   27.1   10.05   1.1531     350     1    100.0   15 
 2/06/26   6:30   20.0   20.2   19.8    87   17.8    0.0     SO   0.00   4.8     O   20.0   20.9   20.9  1011.4   0.00    0.0    0.000   0.017   26.7    58   17.8   27.3   10.35   1.1520     351     1    100.0   15 
 2/06/26   6:45   20.3   20.4   20.2    87   18.1    0.0    OSO   0.00   4.8   OSO   20.3   21.3   21.3  1011.3   0.00    0.0    0.000   0.021   26.8    59   18.1   27.5   10.55   1.1512     351     1    100.0   15 
 2/06/26   7:00   20.6   20.8   20.4    86   18.2    1.6      O   0.40   4.8     O   20.6   21.6   21.6  1011.3   0.00    0.0    0.000   0.024   26.9    59   18.2   27.6   10.55   1.1506     352     1    100.0   15 
 2/06/26   7:15   21.1   21.4   20.8    85   18.5    1.6      O   0.40   6.4     S   21.1   21.9   21.9  1011.4   0.00    0.0    0.000   0.029   26.9    60   18.5   27.8   10.75   1.1500     351     1    100.0   15 
 2/06/26   7:30   21.5   21.6   21.4    83   18.5    1.6     SO   0.40   4.8   OSO   21.5   22.3   22.3  1011.4   0.00    0.0    0.000   0.033   26.9    60   18.5   27.7   10.75   1.1503     351     1    100.0   15 
 2/06/26   7:45   21.7   21.9   21.6    83   18.7    1.6     SO   0.40   4.8     S   21.7   22.6   22.6  1011.6   0.00    0.0    0.000   0.035   26.8    61   18.7   27.7   10.95   1.1503     351     1    100.0   15 
 2/06/26   8:00   22.1   22.2   21.9    81   18.6    1.6    OSO   0.40   4.8   ONO   22.1   22.9   22.9  1011.3   0.00    0.0    0.000   0.039   26.7    61   18.6   27.6   10.95   1.1507     350     1    100.0   15 
 2/06/26   8:15   21.9   22.1   21.9    81   18.5    3.2      S   0.80   8.0     O   21.9   22.7   22.7  1011.3   0.00    0.0    0.000   0.038   26.8    61   18.6   27.6   10.95   1.1503     352     1    100.0   15 
 2/06/26   8:30   22.3   22.6   22.1    79   18.5    1.6    SSO   0.40   6.4   SSO   22.3   23.1   23.1  1011.2   0.00    0.0    0.000   0.041   26.8    60   18.4   27.6   10.75   1.1506     351     1    100.0   15 
 2/06/26   8:45   22.8   23.1   22.6    77   18.6    1.6    OSO   0.40   6.4   OSO   22.8   23.8   23.8  1011.1   0.00    0.0    0.000   0.047   26.8    60   18.4   27.6   10.75   1.1505     349     1    100.0   15 
 2/06/26   9:00   23.4   23.6   23.1    73   18.3    1.6    OSO   0.40   6.4    SO   23.4   24.4   24.4  1011.1   0.00    0.0    0.000   0.053   26.9    59   18.2   27.6   10.55   1.1504     351     1    100.0   15 
 2/06/26   9:15   23.9   24.2   23.5    71   18.4    0.0    OSO   0.00   6.4     O   23.9   24.9   24.9  1011.1   0.00    0.0    0.000   0.058   27.0    59   18.3   27.8   10.55   1.1498     352     1    100.0   15 
 2/06/26   9:30   24.5   24.7   24.3    69   18.4    1.6      S   0.40   6.4   SSO   24.5   25.4   25.4  1011.0   0.00    0.0    0.000   0.064   27.1    58   18.1   27.8   10.35   1.1495     350     1    100.0   15 
 2/06/26   9:45   24.9   25.2   24.7    68   18.6    1.6    OSO   0.40   8.0    SO   24.9   25.9   25.9  1010.9   0.00    0.0    0.000   0.069   27.2    58   18.2   27.9   10.35   1.1491     350     1    100.0   15 
 2/06/26  10:00   25.8   26.3   25.3    64   18.5    1.6    ENE   0.40   6.4     S   25.8   26.6   26.6  1011.1   0.00    0.0    0.000   0.078   27.3    58   18.3   28.2   10.35   1.1484     350     1    100.0   15 
 2/06/26  10:15   26.5   26.7   26.3    64   19.1    3.2      S   0.80   9.7     S   26.5   27.5   27.5  1011.1   0.00    0.0    0.000   0.085   27.6    57   18.3   28.4   10.18   1.1477     351     1    100.0   15 
 2/06/26  10:30   26.9   27.0   26.7    62   19.0    1.6    SSE   0.40   9.7     E   26.9   27.9   27.9  1011.0   0.00    0.0    0.000   0.089   27.9    57   18.6   28.9   10.19   1.1458     350     1    100.0   15 
 2/06/26  10:45   27.1   27.2   26.9    61   18.9    1.6      E   0.40   9.7   OSO   27.1   28.0   28.0  1010.8   0.00    0.0    0.000   0.091   28.2    56   18.6   29.2   10.05   1.1446     350     1    100.0   15 
 2/06/26  11:00   27.6   27.8   27.2    60   19.1    1.6    ESE   0.40   8.0     S   27.6   28.7   28.7  1010.8   0.00    0.0    0.000   0.096   28.4    56   18.8   29.6   10.05   1.1434     351     1    100.0   15 
 2/06/26  11:15   28.0   28.1   27.8    59   19.2    3.2      E   0.80  14.5     E   28.0   29.2   29.2  1010.6   0.00    0.0    0.000   0.101   28.6    55   18.6   29.8    9.85   1.1428     351     1    100.0   15 
 2/06/26  11:30   28.1   28.2   28.1    58   19.1    4.8    SSE   1.21  14.5     E   28.1   29.3   29.3  1010.5   0.00    0.0    0.000   0.102   28.7    55   18.7   29.9    9.85   1.1420     352     1    100.0   15 
 2/06/26  11:45   28.5   28.7   28.2    57   19.2    4.8    ESE   1.21  16.1     E   28.5   29.9   29.9  1010.4   0.00    0.0    0.000   0.106   28.9    55   18.9   30.3    9.85   1.1407     350     1    100.0   15 
 2/06/26  12:00   28.7   28.9   28.5    57   19.4    3.2    ESE   0.80  14.5   ENE   28.7   30.3   30.3  1010.3   0.00    0.0    0.000   0.108   29.1    54   18.9   30.5    9.75   1.1400     351     1    100.0   15 
 2/06/26  12:15   29.3   29.4   28.9    54   19.0    1.6      E   0.40   9.7    SE   29.3   30.7   30.7  1010.2   0.00    0.0    0.000   0.114   29.2    53   18.7   30.6    9.56   1.1397     351     1    100.0   15 
 2/06/26  12:30   29.1   29.4   28.9    55   19.1    1.6      S   0.40   8.0   SSE   29.1   30.6   30.6  1010.1   0.00    0.0    0.000   0.112   29.4    53   18.8   30.7    9.55   1.1387     352     1    100.0   15 
 2/06/26  12:45   29.1   29.1   28.9    57   19.7    4.8    ENE   1.21  16.1     E   29.1   30.8   30.8  1010.0   0.00    0.0    0.000   0.112   29.5    54   19.2   31.1    9.75   1.1376     351     1    100.0   15 
 2/06/26  13:00   28.7   28.9   28.4    59   19.9    6.4    ENE   1.61  20.9     E   28.7   30.4   30.4  1009.9   0.00    0.0    0.000   0.108   29.6    54   19.3   31.1    9.75   1.1371     350     1    100.0   15 
 2/06/26  13:15   28.3   28.4   28.0    60   19.8    8.0    ENE   2.01  24.1     E   28.3   29.8   29.8  1009.9   0.00    0.0    0.000   0.104   29.6    54   19.3   31.1    9.75   1.1372     351     1    100.0   15 
 2/06/26  13:30   27.6   27.9   27.4    62   19.7    6.4      E   1.61  16.1   ENE   27.6   28.9   28.9  1009.9   0.00    0.0    0.000   0.097   29.4    54   19.2   30.9    9.75   1.1378     351     1    100.0   15 
 2/06/26  13:45   27.3   27.4   26.9    64   19.9    8.0      E   2.01  22.5     E   27.3   28.6   28.6  1010.2   0.00    0.0    0.000   0.093   29.3    55   19.3   30.8    9.85   1.1385     352     1    100.0   15 
 2/06/26  14:00   26.7   26.9   26.5    66   19.8    8.0      E   2.01  25.7   ENE   26.7   27.8   27.8  1010.2   0.00    0.0    0.000   0.087   29.2    56   19.5   30.8   10.05   1.1387     351     1    100.0   15 
 2/06/26  14:15   26.2   26.5   25.9    68   19.8    8.0      E   2.01  25.7   ENE   26.2   27.3   27.3  1010.3   0.00    0.0    0.000   0.082   29.1    56   19.4   30.7   10.05   1.1393     351     1    100.0   15 
 2/06/26  14:30   26.0   26.1   25.9    69   19.9    6.4      E   1.61  17.7   ENE   26.0   27.2   27.2  1010.3   0.00    0.0    0.000   0.080   29.1    57   19.7   30.8   10.24   1.1389     350     1    100.0   15 
 2/06/26  14:45   26.1   26.3   26.1    69   20.0    8.0      E   2.01  22.5     E   26.1   27.3   27.3  1010.3   0.00    0.0    0.000   0.081   29.1    57   19.7   30.8   10.24   1.1389     351     1    100.0   15 
 2/06/26  15:00   26.2   26.4   26.1    67   19.6    8.0      E   2.01  19.3   ENE   26.2   27.3   27.3  1010.4   0.00    0.0    0.000   0.082   29.0    57   19.6   30.7   10.23   1.1393     350     1    100.0   15 
 2/06/26  15:15   25.9   26.3   25.7    67   19.3    8.0    ENE   2.01  22.5     E   25.9   26.9   26.9  1010.5   0.00    0.0    0.000   0.079   28.9    56   19.3   30.6   10.05   1.1401     351     1    100.0   15 
 2/06/26  15:30   25.7   25.8   25.7    64   18.4    9.7      E   2.41  25.7     E   25.7   26.5   26.5  1010.6   0.00    0.0    0.000   0.077   28.8    55   18.8   30.2    9.85   1.1416     351     1    100.0   15 
 2/06/26  15:45   25.4   25.8   25.1    65   18.3    9.7      E   2.41  22.5   ESE   25.4   26.2   26.2  1010.8   0.00    0.0    0.000   0.073   28.6    54   18.3   29.7    9.75   1.1434     351     1    100.0   15 
 2/06/26  16:00   24.8   25.1   24.6    66   18.0    8.0    ENE   2.01  24.1   ESE   24.8   25.6   25.6  1010.8   0.00    0.0    0.000   0.067   28.3    54   18.1   29.2    9.75   1.1449     349     1    100.0   15 
 2/06/26  16:15   24.4   24.6   24.1    66   17.6    9.7      E   2.41  22.5     E   24.4   25.1   25.1  1011.2   0.00    0.0    0.000   0.063   28.1    54   17.9   29.0    9.75   1.1462     351     1    100.0   15 
 2/06/26  16:30   24.1   24.1   24.1    66   17.3    8.0      E   2.01  25.7     E   24.1   24.8   24.8  1011.1   0.00    0.0    0.000   0.060   28.0    53   17.5   28.7    9.60   1.1471     351     1    100.0   15 
 2/06/26  16:45   24.0   24.1   23.9    68   17.7    8.0    ENE   2.01  29.0     E   24.0   24.8   24.8  1011.3   0.00    0.0    0.000   0.059   27.9    54   17.7   28.6    9.75   1.1474     351     1    100.0   15 
 2/06/26  17:00   23.7   23.9   23.6    69   17.7    8.0    ENE   2.01  29.0   ENE   23.7   24.6   24.6  1011.3   0.00    0.0    0.000   0.056   27.9    54   17.8   28.7    9.75   1.1472     352     1    100.0   15 
 2/06/26  17:15   23.4   23.6   23.3    71   17.9    9.7      E   2.41  22.5   ENE   23.4   24.4   24.4  1011.3   0.00    0.0    0.000   0.053   27.9    55   18.1   28.8    9.85   1.1468     351     1    100.0   15 
 2/06/26  17:30   23.1   23.3   23.1    73   18.0    8.0      E   2.01  24.1     E   23.1   24.0   24.0  1011.5   0.00    0.0    0.000   0.050   27.7    56   18.1   28.6   10.05   1.1477     351     1    100.0   15 
 2/06/26  17:45   23.1   23.1   22.9    73   18.0    6.4      E   1.61  22.5     E   23.1   23.9   23.9  1011.6   0.00    0.0    0.000   0.049   27.7    56   18.1   28.5   10.05   1.1480     351     1    100.0   15 
 2/06/26  18:00   22.9   22.9   22.8    72   17.6    6.4    ENE   1.61  22.5     E   22.9   23.7   23.7  1011.7   0.00    0.0    0.000   0.047   27.7    55   17.8   28.4    9.85   1.1486     352     1    100.0   15 
 2/06/26  18:15   22.8   22.8   22.8    73   17.7    4.8    ENE   1.21  20.9     E   22.8   23.5   23.5  1011.8   0.00    0.0    0.000   0.046   27.8    55   17.9   28.6    9.85   1.1482     351     1    100.0   15 
 2/06/26  18:30   22.6   22.7   22.3    76   18.1    6.4    ENE   1.61  20.9     E   22.6   23.3   23.3  1011.8   0.00    0.0    0.000   0.044   27.7    56   18.1   28.5   10.05   1.1483     351     1    100.0   15 
 2/06/26  18:45   22.2   22.3   22.1    76   17.7    4.8    ENE   1.21  16.1     E   22.2   22.8   22.8  1011.9   0.00    0.0    0.000   0.040   27.4    57   18.2   28.2   10.18   1.1492     350     1    100.0   15 
 2/06/26  19:00   22.0   22.1   21.9    77   17.8    3.2      E   0.80  16.1     E   22.0   22.6   22.6  1012.1   0.00    0.0    0.000   0.038   27.3    57   18.0   28.0   10.17   1.1503     351     1    100.0   15 
 2/06/26  19:15   21.7   21.9   21.5    77   17.5    3.2    ENE   0.80  17.7   ENE   21.7   22.2   22.2  1012.2   0.00    0.0    0.000   0.035   27.2    57   17.9   27.8   10.17   1.1510     351     1    100.0   15 
 2/06/26  19:30   21.4   21.5   21.3    78   17.4    1.6    ENE   0.40   8.0     E   21.4   21.9   21.9  1012.3   0.00    0.0    0.000   0.032   26.9    57   17.7   27.6   10.16   1.1523     351     1    100.0   15 
 2/06/26  19:45   21.3   21.3   21.2    79   17.5    1.6      E   0.40  11.3     E   21.3   21.9   21.9  1012.6   0.00    0.0    0.000   0.031   26.9    58   17.9   27.6   10.35   1.1525     351     1    100.0   15 
 2/06/26  20:00   21.1   21.2   21.0    80   17.5    0.0      E   0.00   4.8     E   21.1   21.7   21.7  1012.8   0.00    0.0    0.000   0.029   26.9    58   17.9   27.6   10.35   1.1527     351     1    100.0   15 
 2/06/26  20:15   20.9   21.0   20.8    80   17.3    0.0    ENE   0.00   6.4   ENE   20.9   21.6   21.6  1013.2   0.00    0.0    0.000   0.027   26.9    58   18.0   27.6   10.35   1.1529     352     1    100.0   15 
 2/06/26  20:30   20.7   20.8   20.6    81   17.3    0.0    ---   0.00   0.0   ---   20.7   21.5   21.5  1013.7   0.00    0.0    0.000   0.025   26.9    58   17.9   27.6   10.35   1.1537     351     1    100.0   15 
 2/06/26  20:45   20.6   20.6   20.4    81   17.2    0.0    ---   0.00   0.0   ---   20.6   21.4   21.4  1013.9   0.00    0.0    0.000   0.023   26.9    58   17.9   27.6   10.35   1.1540     350     1    100.0   15 
 2/06/26  21:00   20.1   20.4   19.9    82   16.9    0.0    ---   0.00   0.0   ---   20.1   20.9   20.9  1014.0   0.00    0.0    0.000   0.019   26.8    58   17.9   27.5   10.35   1.1544     351     1    100.0   15 
 2/06/26  21:15   19.8   19.9   19.7    83   16.9    0.0     SO   0.00   4.8   OSO   19.8   20.6   20.6  1014.1   0.00    0.0    0.000   0.016   26.8    58   17.9   27.5   10.35   1.1546     351     1    100.0   15 
 2/06/26  21:30   19.7   19.7   19.7    84   16.9    0.0    OSO   0.00   3.2    NO   19.7   20.5   20.5  1014.4   0.00    0.0    0.000   0.014   26.8    58   17.8   27.4   10.35   1.1552     351     1    100.0   15 
 2/06/26  21:45   19.7   19.8   19.7    85   17.1    0.0    ---   0.00   0.0   ---   19.7   20.5   20.5  1014.4   0.00    0.0    0.000   0.014   26.7    58   17.8   27.3   10.35   1.1555     351     1    100.0   15 
 2/06/26  22:00   19.7   19.8   19.6    85   17.1    0.0    OSO   0.00   6.4    SO   19.7   20.5   20.5  1014.4   0.00    0.0    0.000   0.014   26.7    58   17.8   27.3   10.35   1.1555     351     1    100.0   15 
 2/06/26  22:15   19.4   19.6   19.3    86   17.0    0.0    SSO   0.00   4.8   OSO   19.4   20.2   20.2  1014.4   0.00    0.0    0.000   0.012   26.7    58   17.7   27.3   10.35   1.1558     351     1    100.0   15 
 2/06/26  22:30   19.3   19.3   19.2    87   17.1    0.0     SO   0.00   9.7   OSO   19.3   20.0   20.0  1014.4   0.00    0.0    0.000   0.010   26.6    58   17.7   27.2   10.35   1.1560     350     1    100.0   15 
 2/06/26  22:45   19.2   19.2   19.1    88   17.1    0.0    OSO   0.00   1.6   OSO   19.2   19.9   19.9  1014.5   0.00    0.0    0.000   0.009   26.6    58   17.6   27.1   10.36   1.1564     350     1    100.0   15 
 2/06/26  23:00   19.1   19.2   19.0    88   17.0    0.0    OSO   0.00   6.4   OSO   19.1   19.8   19.8  1014.4   0.00    0.0    0.000   0.008   26.5    58   17.6   27.1   10.36   1.1567     351     1    100.0   15 
 2/06/26  23:15   18.9   19.0   18.8    89   17.0    0.0    ---   0.00   0.0   ---   18.9   19.6   19.6  1014.4   0.00    0.0    0.000   0.006   26.4    58   17.5   27.0   10.37   1.1569     350     1    100.0   15 
 2/06/26  23:30   18.8   18.8   18.8    90   17.2    0.0    ---   0.00   0.0   ---   18.8   19.6   19.6  1014.5   0.00    0.0    0.000   0.005   26.3    58   17.4   26.9   10.37   1.1576     352     1    100.0   15 
 2/06/26  23:45   18.8   18.8   18.7    89   17.0    0.0    ---   0.00   0.0   ---   18.8   19.5   19.5  1014.4   0.00    0.0    0.000   0.005   26.3    58   17.4   26.8   10.38   1.1578     350     1    100.0   15 
 3/06/26  00:00   18.7   18.8   18.7    90   17.0    0.0     SO   0.00   1.6    SO   18.7   19.4   19.4  1014.5   0.00    0.0    0.000   0.004   26.2    58   17.3   26.7   10.38   1.1582     350     1    100.0   15 
 3/06/26   0:15   18.8   18.9   18.8    90   17.2    0.0     SO   0.00   6.4    SO   18.8   19.6   19.6  1014.4   0.00    0.0    0.000   0.005   26.2    58   17.3   26.7   10.39   1.1584     348     1    100.0   15 
 3/06/26   0:30   18.9   19.0   18.9    89   17.1    0.0     SO   0.00   8.0   SSO   18.9   19.7   19.7  1014.5   0.00    0.0    0.000   0.006   26.1    58   17.2   26.6   10.39   1.1588     351     1    100.0   15 
 3/06/26   0:45   19.1   19.1   19.0    89   17.2    0.0    ---   0.00   8.0   SSO   19.1   19.8   19.8  1014.6   0.00    0.0    0.000   0.008   26.1    58   17.2   26.6   10.39   1.1588     351     1    100.0   15 
 3/06/26   1:00   19.1   19.1   19.0    89   17.2    0.0    ---   0.00   0.0   ---   19.1   19.8   19.8  1014.6   0.00    0.0    0.000   0.008   26.1    58   17.1   26.6   10.39   1.1591     351     1    100.0   15 
 3/06/26   1:15   19.0   19.1   19.0    90   17.3    0.0     SO   0.00   4.8    SO   19.0   19.7   19.7  1014.5   0.00    0.0    0.000   0.007   26.0    58   17.1   26.5   10.40   1.1594     351     1    100.0   15 
 3/06/26   1:30   19.1   19.1   19.0    90   17.4    0.0    OSO   0.00   4.8     S   19.1   19.8   19.8  1014.6   0.00    0.0    0.000   0.008   26.0    58   17.1   26.5   10.40   1.1595     351     1    100.0   15 
 3/06/26   1:45   18.9   19.0   18.8    90   17.2    0.0    ONO   0.00   6.4    SO   18.9   19.6   19.6  1014.8   0.00    0.0    0.000   0.006   25.9    58   17.0   26.4   10.40   1.1600     351     1    100.0   15 
 3/06/26   2:00   18.8   18.8   18.7    89   16.9    0.0    OSO   0.00   1.6   NNO   18.8   19.4   19.4  1014.8   0.00    0.0    0.000   0.005   25.9    58   17.0   26.3   10.41   1.1602     351     1    100.0   15 
 3/06/26   2:15   18.1   18.7   17.9    71   12.7    1.6    ONO   0.40   8.0   NNO   18.1   18.1   18.1  1014.7   0.00    0.0    0.003   0.000   25.8    58   16.9   26.3   10.41   1.1604     350     1    100.0   15 
 3/06/26   2:30   17.9   17.9   17.7    61   10.3    3.2     NO   0.80  14.5   NNO   17.9   17.4   17.4  1014.8   0.00    0.0    0.005   0.000   25.8    57   16.6   26.2   10.21   1.1612     351     1    100.0   15 
 3/06/26   2:45   17.5   17.7   17.3    59    9.4    1.6     NO   0.40  12.9   NNO   17.5   16.9   16.9  1014.9   0.00    0.0    0.009   0.000   25.7    57   16.6   26.1   10.22   1.1616     350     1    100.0   15 
 3/06/26   3:00   17.2   17.3   17.0    60    9.3    1.6     NO   0.40  11.3    NO   17.2   16.6   16.6  1015.0   0.00    0.0    0.012   0.000   25.7    57   16.5   26.1   10.22   1.1620     352     1    100.0   15 
 3/06/26   3:15   16.8   17.0   16.6    60    9.0    0.0     NO   0.00  14.5    NO   16.8   16.1   16.1  1015.0   0.00    0.0    0.016   0.000   25.6    57   16.4   25.9   10.23   1.1627     351     1    100.0   15 
 3/06/26   3:30   16.4   16.6   16.3    61    8.9    1.6     NO   0.40   8.0    NO   16.4   15.8   15.8  1015.0   0.00    0.0    0.020   0.000   25.4    57   16.3   25.8   10.24   1.1632     351     1    100.0   15 
 3/06/26   3:45   16.2   16.3   16.0    62    8.9    3.2     NO   0.80  19.3    NO   16.2   15.6   15.6  1015.2   0.00    0.0    0.023   0.000   25.3    57   16.2   25.7   10.25   1.1640     351     1    100.0   15 
 3/06/26   4:00   15.9   16.0   15.8    62    8.6    3.2     NO   0.80  16.1   NNO   15.9   15.3   15.3  1015.2   0.00    0.0    0.025   0.000   25.2    57   16.1   25.6   10.25   1.1646     351     1    100.0   15 
 3/06/26   4:15   15.7   15.8   15.6    62    8.5    1.6     NO   0.40  11.3    NO   15.7   15.1   15.1  1015.2   0.00    0.0    0.027   0.000   25.1    57   16.0   25.4   10.26   1.1651     352     1    100.0   15 
 3/06/26   4:30   15.5   15.6   15.4    63    8.5    4.8     NO   1.21  14.5    NO   15.5   14.9   14.9  1015.3   0.00    0.0    0.030   0.000   25.0    57   15.9   25.3   10.27   1.1659     351     1    100.0   15 
 3/06/26   4:45   15.4   15.4   15.4    63    8.4    1.6     NO   0.40  12.9    NO   15.4   14.8   14.8  1015.4   0.00    0.0    0.030   0.000   24.9    57   15.8   25.2   10.28   1.1666     351     1    100.0   15 
 3/06/26   5:00   15.4   15.5   15.4    63    8.4    1.6     NO   0.40  20.9   NNO   15.4   14.8   14.8  1015.6   0.00    0.0    0.030   0.000   24.9    56   15.5   25.1   10.18   1.1672     352     1    100.0   15 
 3/06/26   5:15   15.6   15.6   15.5    63    8.5    1.6     NO   0.40  12.9   OSO   15.6   14.9   14.9  1015.7   0.00    0.0    0.029   0.000   25.2    56   15.8   25.4   10.16   1.1658     351     1    100.0   15 
 3/06/26   5:30   15.7   15.7   15.6    63    8.6    0.0     NO   0.00   4.8    SO   15.7   15.1   15.1  1015.8   0.00    0.0    0.028   0.000   25.7    55   15.9   25.9    9.92   1.1637     351     1    100.0   15 
 3/06/26   5:45   15.8   15.9   15.7    62    8.5    1.6    ONO   0.40  11.3   ONO   15.8   15.2   15.2  1015.7   0.00    0.0    0.027   0.000   26.2    54   16.2   26.5    9.77   1.1612     350     1    100.0   15 
 3/06/26   6:00   16.1   16.3   15.9    62    8.8    0.0     NO   0.00  11.3     O   16.1   15.6   15.6  1015.8   0.00    0.0    0.023   0.000   26.8    53   16.4   27.1    9.65   1.1588     350     1    100.0   15 
 3/06/26   6:15   16.3   16.3   16.3    61    8.7    3.2    OSO   0.80  17.7   OSO   16.3   15.7   15.7  1015.6   0.00    0.0    0.021   0.000   27.4    52   16.7   27.7    9.42   1.1559     351     1    100.0   15 
 3/06/26   6:30   16.5   16.7   16.3    61    8.9    3.2    NNO   0.80  17.7    NO   16.5   15.9   15.9  1015.9   0.00    0.0    0.019   0.000   27.9    50   16.5   28.3    9.11   1.1545     350     1    100.0   15 
 3/06/26   6:45   16.9   17.2   16.7    60    9.1    0.0    NNO   0.00   6.4   NNO   16.9   16.3   16.3  1015.9   0.00    0.0    0.014   0.000   28.1    48   16.0   28.4    8.80   1.1545     350     1    100.0   15 
 3/06/26   7:00   17.3   17.5   17.2    59    9.2    0.0    OSO   0.00  12.9    NO   17.3   16.7   16.7  1015.9   0.00    0.0    0.010   0.000   28.0    48   16.0   28.3    8.80   1.1549     351     1    100.0   15 
 3/06/26   7:15   17.7   18.0   17.5    59    9.6    1.6     NO   0.40  12.9    NO   17.7   17.2   17.2  1016.0   0.00    0.0    0.006   0.000   28.0    47   15.6   28.2    8.60   1.1554     351     1    100.0   15 
 3/06/26   7:30   18.4   18.7   18.0    57    9.7    0.0    NNO   0.00  11.3     O   18.4   17.8   17.8  1016.2   0.00    0.0    0.000   0.001   28.0    47   15.6   28.2    8.60   1.1556     352     1    100.0   15 
 3/06/26   7:45   19.1   19.4   18.7    55    9.8    0.0    ---   0.00   0.0   ---   19.1   18.5   18.5  1016.2   0.00    0.0    0.000   0.008   28.0    47   15.6   28.2    8.60   1.1556     351     1    100.0   15 
 3/06/26   8:00   19.7   19.9   19.4    53    9.9    0.0    OSO   0.00   6.4    SO   19.7   19.1   19.1  1016.2   0.00    0.0    0.000   0.014   27.9    43   14.2   27.8    8.01   1.1579     351     1    100.0   15 
 3/06/26   8:15   19.8   19.8   19.7    54   10.2    1.6    OSO   0.40  11.3   OSO   19.8   19.3   19.3  1016.3   0.00    0.0    0.000   0.015   27.7    42   13.6   27.4    7.85   1.1596     351     1    100.0   15 
