                 Temp.  Temp.  Temp.  Hum.   Punt   Vel.   Dir.   Rec.  Vel.  Dir.  Sens.   Índ.   Índ.                  Int. Graus D.Graus D.  Temp.  Hum. Rosada  In.Cal.  EMC     Dens.    Mostr   Tx   Recep.  Int.
  Data    Hora    Ext.   Màx.   Mín.  Ext. Rosada   Vent   Vent   Vent  Màx.  Màx.  Tèrm.  Calor   THW    Bar    Pluja   Pluja  Calor    Fred    Int.  Int.   Int.   Int.    Int.  Int.Aire    Vent   Vent   ISS   Arc.
-------------------------------------------------------------------------------------------------------------------------------------------------------------------------------------------------------------------------
 9/10/25   0:15   18.0   18.1   17.9    91   16.5    3.2     SE   0.80   4.8    SE   18.0   18.5   18.5  1019.0   0.00    0.0    0.003   0.000   24.8    64   17.5   25.4   11.62   1.1688     349     1    100.0   15 
 9/10/25   0:30   17.9   17.9   17.9    91   16.4    1.6    ESE   0.40   3.2   ESE   17.9   18.4   18.4  1019.1   0.00    0.0    0.005   0.000   24.7    64   17.5   25.4   11.62   1.1692     351     1    100.0   15 
 9/10/25   0:45   17.8   17.9   17.8    91   16.3    1.6      E   0.40   4.8     E   17.8   18.3   18.3  1019.1   0.00    0.0    0.005   0.000   24.7    64   17.4   25.3   11.62   1.1695     351     1    100.0   15 
 9/10/25   1:00   17.8   17.8   17.8    91   16.3    3.2      E   0.80   8.0     E   17.8   18.3   18.3  1019.0   0.00    0.0    0.005   0.000   24.6    64   17.3   25.2   11.62   1.1697     351     1    100.0   15 
 9/10/25   1:15   17.8   17.8   17.8    91   16.3    1.6     NE   0.40   6.4    NE   17.8   18.3   18.3  1018.9   0.00    0.0    0.005   0.000   24.6    64   17.3   25.2   11.63   1.1699     351     1    100.0   15 
 9/10/25   1:30   17.8   17.8   17.8    91   16.3    1.6     NE   0.40   8.0     E   17.8   18.2   18.2  1018.9   0.00    0.0    0.006   0.000   24.5    64   17.2   25.1   11.63   1.1701     351     1    100.0   15 
 9/10/25   1:45   17.7   17.8   17.6    90   16.1    0.0      E   0.00   3.2     E   17.7   18.2   18.2  1018.8   0.00    0.0    0.006   0.000   24.4    63   16.9   25.0   11.43   1.1707     350     1    100.0   15 
 9/10/25   2:00   17.6   17.7   17.6    91   16.1    1.6      E   0.40   4.8     E   17.6   18.1   18.1  1018.7   0.00    0.0    0.008   0.000   24.4    63   16.9   24.9   11.43   1.1708     351     1    100.0   15 
 9/10/25   2:15   17.6   17.7   17.6    91   16.1    1.6      E   0.40   4.8     E   17.6   18.1   18.1  1018.5   0.00    0.0    0.008   0.000   24.3    63   16.8   24.9   11.43   1.1709     351     1    100.0   15 
 9/10/25   2:30   17.6   17.6   17.5    91   16.1    1.6    NNO   0.40   4.8   NNO   17.6   18.0   18.0  1018.4   0.00    0.0    0.008   0.000   24.3    63   16.8   24.8   11.44   1.1711     350     1    100.0   15 
 9/10/25   2:45   17.4   17.5   17.3    92   16.1    1.6    NNO   0.40   4.8   NNO   17.4   17.8   17.8  1018.4   0.00    0.0    0.010   0.000   24.2    63   16.7   24.8   11.44   1.1714     350     1    100.0   15 
 9/10/25   3:00   17.2   17.3   17.2    92   15.9    0.0    NNO   0.00   1.6   NNO   17.2   17.6   17.6  1018.3   0.00    0.0    0.012   0.000   24.2    63   16.7   24.8   11.44   1.1716     351     1    100.0   15 
 9/10/25   3:15   17.1   17.2   16.9    92   15.7    0.0    NNO   0.00   1.6   NNO   17.1   17.4   17.4  1018.3   0.00    0.0    0.013   0.000   24.1    63   16.6   24.7   11.44   1.1718     350     1    100.0   15 
 9/10/25   3:30   16.8   16.9   16.7    93   15.6    0.0    NNO   0.00   3.2   NNO   16.8   17.1   17.1  1018.2   0.00    0.0    0.016   0.000   24.0    63   16.5   24.6   11.45   1.1723     352     1    100.0   15 
 9/10/25   3:45   16.7   16.8   16.6    93   15.5    1.6    NNO   0.40   3.2   NNO   16.7   17.0   17.0  1018.1   0.00    0.0    0.017   0.000   23.9    63   16.5   24.6   11.45   1.1724     350     1    100.0   15 
 9/10/25   4:00   16.6   16.7   16.6    94   15.6    0.0    NNO   0.00   3.2   NNO   16.6   16.9   16.9  1018.1   0.00    0.0    0.018   0.000   23.9    63   16.4   24.5   11.45   1.1727     351     1    100.0   15 
 9/10/25   4:15   16.6   16.6   16.4    93   15.4    0.0    NNO   0.00   3.2   NNO   16.6   16.9   16.9  1018.1   0.00    0.0    0.019   0.000   23.8    63   16.4   24.4   11.45   1.1730     351     1    100.0   15 
 9/10/25   4:30   16.4   16.4   16.3    94   15.4    0.0    NNO   0.00   3.2   NNO   16.4   16.7   16.7  1018.1   0.00    0.0    0.020   0.000   23.8    64   16.6   24.4   11.65   1.1730     352     1    100.0   15 
 9/10/25   4:45   16.3   16.3   16.2    94   15.3    0.0    NNO   0.00   3.2   NNO   16.3   16.6   16.6  1018.3   0.00    0.0    0.021   0.000   23.7    64   16.5   24.4   11.65   1.1735     351     1    100.0   15 
 9/10/25   5:00   16.3   16.3   16.2    94   15.3    0.0    NNO   0.00   1.6   NNO   16.3   16.6   16.6  1018.4   0.00    0.0    0.021   0.000   23.7    64   16.5   24.3   11.65   1.1739     351     1    100.0   15 
 9/10/25   5:15   16.2   16.3   16.2    95   15.4    0.0    ---   0.00   0.0   ---   16.2   16.5   16.5  1018.4   0.00    0.0    0.022   0.000   23.6    64   16.4   24.3   11.65   1.1743     351     1    100.0   15 
 9/10/25   5:30   16.3   16.3   16.2    95   15.5    0.0    NNO   0.00   3.2   NNO   16.3   16.6   16.6  1018.5   0.00    0.0    0.021   0.000   23.6    64   16.3   24.2   11.65   1.1747     351     1    100.0   15 
 9/10/25   5:45   16.4   16.4   16.3    95   15.6    0.0    NNO   0.00   3.2   NNO   16.4   16.7   16.7  1018.6   0.00    0.0    0.020   0.000   23.5    64   16.3   24.1   11.65   1.1751     351     1    100.0   15 
 9/10/25   6:00   16.4   16.4   16.4    95   15.6    0.0    NNO   0.00   1.6   NNO   16.4   16.8   16.8  1018.5   0.00    0.0    0.020   0.000   23.4    64   16.2   24.1   11.65   1.1753     350     1    100.0   15 
 9/10/25   6:15   16.3   16.4   16.3    95   15.5    0.0    NNO   0.00   3.2   NNO   16.3   16.7   16.7  1018.6   0.00    0.0    0.021   0.000   23.4    64   16.2   24.0   11.65   1.1757     350     1    100.0   15 
 9/10/25   6:30   16.3   16.3   16.3    95   15.5    0.0    NNO   0.00   3.2   NNO   16.3   16.7   16.7  1018.7   0.00    0.0    0.021   0.000   23.4    66   16.7   24.2   12.07   1.1748     350     1    100.0   15 
 9/10/25   6:45   16.3   16.4   16.3    95   15.5    0.0    NNO   0.00   1.6   NNO   16.3   16.7   16.7  1018.9   0.00    0.0    0.021   0.000   23.6    66   16.9   24.3   12.06   1.1742     352     1    100.0   15 
 9/10/25   7:00   16.3   16.4   16.3    95   15.5    1.6    NNO   0.40   3.2   NNO   16.3   16.7   16.7  1019.0   0.00    0.0    0.021   0.000   23.8    65   16.9   24.6   11.85   1.1734     350     1    100.0   15 
 9/10/25   7:15   16.3   16.4   16.3    95   15.5    0.0    NNO   0.00   3.2   NNO   16.3   16.7   16.7  1019.3   0.00    0.0    0.021   0.000   23.9    66   17.2   24.7   12.05   1.1728     351     1    100.0   15 
 9/10/25   7:30   16.5   16.6   16.4    95   15.7    0.0    NNO   0.00   1.6   NNO   16.5   16.8   16.8  1019.3   0.00    0.0    0.019   0.000   24.1    66   17.3   24.8   12.04   1.1723     351     1    100.0   15 
 9/10/25   7:45   16.6   16.7   16.6    95   15.8    0.0    NNO   0.00   3.2   NNO   16.6   17.0   17.0  1019.6   0.00    0.0    0.018   0.000   24.2    66   17.4   24.9   12.04   1.1720     352     1    100.0   15 
 9/10/25   8:00   16.9   17.2   16.7    95   16.1    0.0    NNO   0.00   3.2   NNO   16.9   17.4   17.4  1019.6   0.00    0.0    0.014   0.000   24.3    65   17.3   25.0   11.83   1.1715     351     1    100.0   15 
 9/10/25   8:15   17.3   17.5   17.2    95   16.5    1.6    NNO   0.40   4.8   NNO   17.3   17.8   17.8  1019.7   0.00    0.0    0.010   0.000   24.4    65   17.4   25.1   11.83   1.1710     351     1    100.0   15 
 9/10/25   8:30   17.6   17.8   17.5    93   16.5    1.6    NNO   0.40   8.0     E   17.6   18.1   18.1  1019.8   0.00    0.0    0.008   0.000   24.5    65   17.5   25.2   11.83   1.1708     351     1    100.0   15 
 9/10/25   8:45   17.9   18.1   17.8    93   16.8    1.6    ESE   0.40   4.8   ESE   17.9   18.5   18.5  1019.9   0.00    0.0    0.004   0.000   24.6    64   17.3   25.2   11.63   1.1710     351     1    100.0   15 
 9/10/25   9:00   18.1   18.2   18.1    90   16.4    3.2      E   0.80   9.7     E   18.1   18.6   18.6  1019.9   0.00    0.0    0.003   0.000   24.6    64   17.3   25.2   11.62   1.1707     351     1    100.0   15 
 9/10/25   9:15   18.3   18.5   18.2    89   16.5    1.6    NNO   0.40   6.4    NO   18.3   18.9   18.9  1019.9   0.00    0.0    0.000   0.000   24.7    64   17.4   25.3   11.62   1.1704     351     1    100.0   15 
 9/10/25   9:30   18.7   19.0   18.5    87   16.5    1.6    ENE   0.40   8.0     E   18.7   19.3   19.3  1020.0   0.00    0.0    0.000   0.004   24.7    64   17.5   25.4   11.62   1.1702     350     1    100.0   15 
 9/10/25   9:45   19.2   19.3   19.1    85   16.6    3.2    ENE   0.80  11.3   ENE   19.2   19.8   19.8  1020.2   0.00    0.0    0.000   0.009   24.8    63   17.3   25.4   11.42   1.1705     351     1    100.0   15 
 9/10/25  10:00   19.6   19.9   19.3    83   16.6    1.6      E   0.40   8.0     E   19.6   20.3   20.3  1020.1   0.00    0.0    0.000   0.013   24.9    64   17.6   25.6   11.61   1.1695     352     1    100.0   15 
 9/10/25  10:15   20.2   20.2   20.0    81   16.8    3.2      E   0.80   9.7     E   20.2   20.9   20.9  1020.2   0.00    0.0    0.000   0.019   25.1    63   17.5   25.7   11.41   1.1691     350     1    100.0   15 
 9/10/25  10:30   20.3   20.3   20.1    82   17.1    4.8      E   1.21  12.9   ENE   20.3   21.1   21.1  1020.2   0.00    0.0    0.000   0.020   25.2    63   17.6   25.8   11.40   1.1685     350     1    100.0   15 
 9/10/25  10:45   20.0   20.1   19.9    82   16.8    1.6      S   0.40   6.4     S   20.0   20.8   20.8  1020.3   0.00    0.0    0.000   0.017   25.2    63   17.7   25.8   11.40   1.1683     350     1    100.0   15 
 9/10/25  11:00   19.9   19.9   19.9    81   16.6    1.6      E   0.40   8.0     E   19.9   20.7   20.7  1020.0   0.00    0.0    0.000   0.017   25.2    62   17.4   25.8   11.20   1.1683     352     1    100.0   15 
 9/10/25  11:15   20.1   20.2   19.9    82   16.9    1.6      E   0.40   4.8     E   20.1   20.8   20.8  1019.8   0.00    0.0    0.000   0.018   25.3    62   17.5   25.9   11.20   1.1679     351     1    100.0   15 
 9/10/25  11:30   20.3   20.3   20.2    80   16.7    1.6      E   0.40   4.8     E   20.3   21.1   21.1  1019.7   0.00    0.0    0.000   0.020   25.2    62   17.4   25.8   11.20   1.1680     351     1    100.0   15 
 9/10/25  11:45   20.4   20.4   20.3    81   17.0    0.0      E   0.00   3.2     E   20.4   21.2   21.2  1019.7   0.00    0.0    0.000   0.021   25.2    62   17.4   25.8   11.20   1.1680     351     1    100.0   15 
 9/10/25  12:00   20.5   20.6   20.4    80   16.9    1.6      E   0.40   8.0     E   20.5   21.3   21.3  1019.6   0.00    0.0    0.000   0.023   25.2    62   17.4   25.8   11.20   1.1679     352     1    100.0   15 
 9/10/25  12:15   20.6   20.6   20.5    81   17.2    1.6      E   0.40   8.0     E   20.6   21.4   21.4  1019.4   0.00    0.0    0.000   0.023   25.3    62   17.5   25.9   11.20   1.1674     351     1    100.0   15 
 9/10/25  12:30   20.6   20.9   20.5    80   17.0    1.6    ENE   0.40   8.0     E   20.6   21.4   21.4  1019.3   0.00    0.0    0.000   0.024   25.3    63   17.7   25.9   11.40   1.1668     350     1    100.0   15 
 9/10/25  12:45   21.5   21.9   21.0    73   16.5    1.6    ENE   0.40   8.0     E   21.5   21.8   21.8  1019.1   0.00    0.0    0.000   0.033   25.3    62   17.5   25.9   11.20   1.1667     351     1    100.0   15 
 9/10/25  13:00   22.1   22.5   21.9    72   16.8    3.2      E   0.80  11.3     E   22.1   22.6   22.6  1018.9   0.00    0.0    0.000   0.039   25.4    62   17.6   26.0   11.20   1.1662     350     1    100.0   15 
 9/10/25  13:15   22.6   22.7   22.5    71   17.1    4.8    ESE   1.21  11.3   ENE   22.6   23.2   23.2  1018.8   0.00    0.0    0.000   0.045   25.5    62   17.7   26.1   11.19   1.1655     352     1    100.0   15 
 9/10/25  13:30   22.3   22.5   22.2    73   17.3    4.8    ENE   1.21  14.5     E   22.3   22.9   22.9  1018.8   0.00    0.0    0.000   0.042   25.5    62   17.7   26.1   11.19   1.1655     351     1    100.0   15 
 9/10/25  13:45   22.3   22.5   22.1    73   17.3    4.8    ESE   1.21  12.9   ENE   22.3   22.9   22.9  1018.9   0.00    0.0    0.000   0.042   25.6    62   17.7   26.2   11.19   1.1652     350     1    100.0   15 
 9/10/25  14:00   22.1   22.2   22.1    74   17.3    4.8      E   1.21  14.5   ENE   22.1   22.6   22.6  1019.0   0.00    0.0    0.000   0.039   25.6    62   17.8   26.2   11.19   1.1651     351     1    100.0   15 
 9/10/25  14:15   22.2   22.3   22.0    74   17.4    3.2      S   0.80   8.0   ESE   22.2   22.7   22.7  1019.0   0.00    0.0    0.000   0.041   25.7    62   17.8   26.3   11.19   1.1648     351     1    100.0   15 
 9/10/25  14:30   22.5   22.8   22.1    69   16.5    4.8     SO   1.21  12.9   ENE   22.5   22.9   22.9  1019.0   0.00    0.0    0.000   0.043   25.7    62   17.9   26.4   11.18   1.1645     351     1    100.0   15 
 9/10/25  14:45   22.8   22.9   22.7    67   16.4    4.8    SSO   1.21  12.9     S   22.8   23.3   23.3  1018.9   0.00    0.0    0.000   0.047   25.9    62   18.0   26.6   11.18   1.1635     351     1    100.0   15 
 9/10/25  15:00   22.6   22.8   22.4    67   16.2    4.8    SSE   1.21  14.5   ESE   22.6   23.0   23.0  1018.9   0.00    0.0    0.000   0.045   25.9    62   18.1   26.7   11.18   1.1632     351     1    100.0   15 
 9/10/25  15:15   22.3   22.4   22.3    70   16.6    3.2    SSE   0.80  12.9    SO   22.3   22.8   22.8  1018.8   0.00    0.0    0.000   0.042   25.9    62   18.1   26.7   11.18   1.1631     351     1    100.0   15 
 9/10/25  15:30   22.3   22.6   22.2    71   16.8    3.2    SSO   0.80  11.3     S   22.3   22.8   22.8  1018.9   0.00    0.0    0.000   0.042   25.9    62   18.1   26.7   11.18   1.1632     352     1    100.0   15 
 9/10/25  15:45   22.4   22.6   22.1    72   17.1    3.2      S   0.80   9.7     S   22.4   23.0   23.0  1019.1   0.00    0.0    0.000   0.043   25.9    62   18.1   26.7   11.18   1.1635     351     1    100.0   15 
 9/10/25  16:00   21.9   22.1   21.7    74   17.0    3.2      S   0.80  11.3   SSE   21.9   22.3   22.3  1019.2   0.00    0.0    0.000   0.037   25.9    62   18.0   26.6   11.18   1.1639     351     1    100.0   15 
 9/10/25  16:15   21.4   21.7   21.3    75   16.8    4.8     SO   1.21  12.9   SSO   21.4   21.8   21.8  1019.3   0.00    0.0    0.000   0.032   25.9    63   18.3   26.7   11.38   1.1636     350     1    100.0   15 
 9/10/25  16:30   21.1   21.3   21.0    76   16.7    4.8     SO   1.21  11.3   SSO   21.1   21.5   21.5  1019.5   0.00    0.0    0.000   0.029   25.8    63   18.3   26.6   11.38   1.1642     351     1    100.0   15 
 9/10/25  16:45   21.0   21.1   21.0    76   16.6    3.2    SSO   0.80   8.0    SO   21.0   21.4   21.4  1019.7   0.00    0.0    0.000   0.028   25.8    63   18.2   26.5   11.38   1.1647     350     1    100.0   15 
 9/10/25  17:00   20.8   21.0   20.5    78   16.8    3.2    SSO   0.80   9.7   SSO   20.8   21.4   21.4  1019.8   0.00    0.0    0.000   0.025   25.7    63   18.1   26.4   11.39   1.1654     351     1    100.0   15 
 9/10/25  17:15   20.3   20.4   20.2    80   16.7    3.2    SSO   0.80   6.4     S   20.3   21.1   21.1  1020.1   0.00    0.0    0.000   0.020   25.6    63   18.0   26.2   11.39   1.1662     351     1    100.0   15 
 9/10/25  17:30   20.0   20.2   19.8    83   17.0    1.6    SSO   0.40   6.4    SO   20.0   20.8   20.8  1020.3   0.00    0.0    0.000   0.017   25.4    63   17.9   26.1   11.39   1.1671     352     1    100.0   15 
 9/10/25  17:45   19.6   19.8   19.4    85   17.0    3.2     SO   0.80   8.0   SSO   19.6   20.3   20.3  1020.4   0.00    0.0    0.000   0.013   25.3    63   17.8   26.0   11.40   1.1678     351     1    100.0   15 
 9/10/25  18:00   19.3   19.4   19.3    86   16.9    1.6     SO   0.40   4.8    SO   19.3   20.1   20.1  1020.6   0.00    0.0    0.000   0.010   25.3    63   17.7   25.9   11.40   1.1683     351     1    100.0   15 
 9/10/25  18:15   19.2   19.3   19.0    87   16.9    1.6     SO   0.40   6.4   OSO   19.2   19.9   19.9  1020.6   0.00    0.0    0.000   0.009   25.3    64   18.0   26.0   11.60   1.1679     351     1    100.0   15 
 9/10/25  18:30   18.8   19.0   18.7    88   16.8    1.6     SO   0.40   6.4   SSO   18.8   19.5   19.5  1020.8   0.00    0.0    0.000   0.005   25.3    64   18.0   26.0   11.60   1.1682     351     1    100.0   15 
 9/10/25  18:45   18.6   18.7   18.3    89   16.7    1.6      O   0.40   4.8     O   18.6   19.2   19.2  1020.8   0.00    0.0    0.000   0.002   25.3    64   18.0   26.0   11.60   1.1682     352     1    100.0   15 
 9/10/25  19:00   18.2   18.3   18.1    90   16.6    0.0      O   0.00   3.2     O   18.2   18.8   18.8  1021.1   0.00    0.0    0.001   0.000   25.3    64   18.0   26.1   11.60   1.1682     350     1    100.0   15 
 9/10/25  19:15   18.1   18.1   18.0    90   16.4    0.0      O   0.00   3.2     O   18.1   18.6   18.6  1021.1   0.00    0.0    0.003   0.000   25.3    64   18.0   26.1   11.60   1.1682     351     1    100.0   15 
 9/10/25  19:30   18.1   18.1   18.0    90   16.4    1.6      O   0.40   3.2     O   18.1   18.6   18.6  1021.2   0.00    0.0    0.003   0.000   25.3    64   18.0   26.0   11.60   1.1686     351     1    100.0   15 
 9/10/25  19:45   18.1   18.1   18.0    90   16.4    0.0      O   0.00   3.2     O   18.1   18.6   18.6  1021.1   0.00    0.0    0.003   0.000   25.2    64   17.9   25.8   11.60   1.1692     352     1    100.0   15 
 9/10/25  20:00   18.1   18.1   18.0    90   16.4    0.0      O   0.00   1.6     O   18.1   18.6   18.6  1021.4   0.00    0.0    0.003   0.000   25.0    65   18.0   25.7   11.81   1.1700     351     1    100.0   15 
 9/10/25  20:15   18.1   18.2   18.1    90   16.4    0.0      O   0.00   1.6     O   18.1   18.6   18.6  1021.6   0.00    0.0    0.002   0.000   24.9    65   17.9   25.7   11.81   1.1705     350     1    100.0   15 
 9/10/25  20:30   18.2   18.2   18.1    90   16.5    0.0      O   0.00   3.2     O   18.2   18.7   18.7  1021.4   0.00    0.0    0.002   0.000   24.8    65   17.8   25.6   11.82   1.1709     351     1    100.0   15 
 9/10/25  20:45   18.1   18.1   18.1    91   16.6    0.0      O   0.00   3.2     O   18.1   18.6   18.6  1021.5   0.00    0.0    0.003   0.000   24.8    65   17.8   25.5   11.82   1.1713     351     1    100.0   15 
 9/10/25  21:00   18.1   18.1   17.9    91   16.6    0.0      O   0.00   3.2     O   18.1   18.6   18.6  1021.7   0.00    0.0    0.003   0.000   24.7    65   17.7   25.4   11.82   1.1718     351     1    100.0   15 
 9/10/25  21:15   17.9   18.0   17.9    91   16.5    0.0      O   0.00   3.2     O   17.9   18.4   18.4  1022.0   0.00    0.0    0.004   0.000   24.6    66   17.8   25.4   12.02   1.1725     351     1    100.0   15 
 9/10/25  21:30   17.9   17.9   17.8    91   16.4    0.0    ESE   0.00   3.2   ESE   17.9   18.4   18.4  1022.2   0.00    0.0    0.005   0.000   24.6    66   17.8   25.3   12.03   1.1730     351     1    100.0   15 
 9/10/25  21:45   17.9   17.9   17.8    91   16.4    0.0    ESE   0.00   3.2   ESE   17.9   18.4   18.4  1022.1   0.00    0.0    0.005   0.000   24.4    66   17.7   25.2   12.03   1.1735     351     1    100.0   15 
 9/10/25  22:00   17.8   17.9   17.8    92   16.5    0.0    SSO   0.00   4.8   SSO   17.8   18.3   18.3  1022.4   0.00    0.0    0.005   0.000   24.4    66   17.6   25.1   12.03   1.1741     352     1    100.0   15 
 9/10/25  22:15   17.7   17.8   17.7    92   16.4    0.0    SSO   0.00   3.2   SSO   17.7   18.2   18.2  1022.3   0.00    0.0    0.006   0.000   24.4    66   17.6   25.1   12.03   1.1740     350     1    100.0   15 
 9/10/25  22:30   17.7   17.7   17.7    92   16.4    0.0    SSO   0.00   1.6   SSO   17.7   18.2   18.2  1022.2   0.00    0.0    0.006   0.000   24.5    66   17.7   25.2   12.03   1.1732     349     1    100.0   15 
 9/10/25  22:45   17.7   17.7   17.6    92   16.4    0.0    SSO   0.00   1.6   SSO   17.7   18.2   18.2  1021.9   0.00    0.0    0.007   0.000   24.4    67   17.9   25.2   12.23   1.1729     351     1    100.0   15 
 9/10/25  23:00   17.6   17.6   17.5    92   16.2    0.0    SSO   0.00   3.2   SSO   17.6   18.0   18.0  1022.0   0.00    0.0    0.008   0.000   24.4    67   17.9   25.2   12.23   1.1730     351     1    100.0   15 
 9/10/25  23:15   17.4   17.6   17.3    93   16.3    0.0    SSO   0.00   1.6   SSO   17.4   17.9   17.9  1022.0   0.00    0.0    0.009   0.000   24.3    67   17.8   25.1   12.23   1.1736     351     1    100.0   15 
 9/10/25  23:30   17.4   17.4   17.3    93   16.2    0.0    SSO   0.00   3.2   SSO   17.4   17.8   17.8  1022.0   0.00    0.0    0.010   0.000   24.2    67   17.7   25.0   12.24   1.1742     351     1    100.0   15 
 9/10/25  23:45   17.3   17.4   17.3    93   16.2    0.0    SSO   0.00   1.6   SSO   17.3   17.8   17.8  1022.0   0.00    0.0    0.010   0.000   24.2    67   17.7   24.9   12.24   1.1745     351     1    100.0   15 
10/10/25  00:00   17.3   17.4   17.3    93   16.2    0.0    SSO   0.00   1.6   SSO   17.3   17.8   17.8  1022.0   0.00    0.0    0.010   0.000   24.1    67   17.5   24.9   12.24   1.1751     352     1    100.0   15 
10/10/25   0:15   17.3   17.4   17.3    93   16.2    0.0    SSO   0.00   1.6   SSO   17.3   17.8   17.8  1022.0   0.00    0.0    0.010   0.000   24.0    67   17.5   24.8   12.25   1.1754     349     1    100.0   15 
10/10/25   0:30   17.3   17.3   17.2    93   16.1    0.0    SSO   0.00   1.6   SSO   17.3   17.7   17.7  1021.9   0.00    0.0    0.011   0.000   23.9    67   17.4   24.8   12.25   1.1755     352     1    100.0   15 
10/10/25   0:45   17.2   17.3   17.2    93   16.1    0.0    SSO   0.00   1.6   SSO   17.2   17.7   17.7  1021.9   0.00    0.0    0.012   0.000   23.9    67   17.4   24.7   12.25   1.1759     351     1    100.0   15 
10/10/25   1:00   17.2   17.2   17.1    93   16.1    0.0    ---   0.00   0.0   ---   17.2   17.7   17.7  1022.0   0.00    0.0    0.012   0.000   23.8    67   17.3   24.6   12.25   1.1762     351     1    100.0   15 
10/10/25   1:15   17.1   17.2   16.9    93   15.9    0.0    SSO   0.00   3.2   SSO   17.1   17.4   17.4  1021.9   0.00    0.0    0.013   0.000   23.8    67   17.3   24.6   12.25   1.1765     350     1    100.0   15 
10/10/25   1:30   16.9   17.0   16.8    93   15.8    1.6    SSO   0.40   4.8    NO   16.9   17.3   17.3  1021.9   0.00    0.0    0.014   0.000   23.7    67   17.2   24.5   12.26   1.1767     352     1    100.0   15 
10/10/25   1:45   16.8   16.8   16.7    94   15.9    1.6     NO   0.40   4.8    NO   16.8   17.2   17.2  1021.8   0.00    0.0    0.016   0.000   23.7    67   17.2   24.4   12.26   1.1770     350     1    100.0   15 
10/10/25   2:00   16.7   16.8   16.6    94   15.7    0.0    ---   0.00   0.0   ---   16.7   17.1   17.1  1021.8   0.00    0.0    0.017   0.000   23.6    67   17.1   24.3   12.26   1.1775     351     1    100.0   15 
10/10/25   2:15   16.6   16.6   16.6    94   15.6    0.0    ---   0.00   0.0   ---   16.6   16.9   16.9  1021.8   0.00    0.0    0.019   0.000   23.6    68   17.3   24.4   12.55   1.1772     351     1    100.0   15 
10/10/25   2:30   16.6   16.6   16.5    94   15.6    0.0     NO   0.00   3.2    NO   16.6   16.9   16.9  1021.9   0.00    0.0    0.019   0.000   23.6    68   17.3   24.4   12.55   1.1773     352     1    100.0   15 
10/10/25   2:45   16.6   16.7   16.5    95   15.8    1.6     NE   0.40   4.8    NE   16.6   16.9   16.9  1021.9   0.00    0.0    0.019   0.000   23.6    68   17.3   24.4   12.55   1.1773     351     1    100.0   15 
10/10/25   3:00   16.7   16.8   16.7    95   15.9    0.0     NE   0.00   3.2     N   16.7   17.1   17.1  1021.9   0.00    0.0    0.017   0.000   23.5    68   17.3   24.3   12.55   1.1776     351     1    100.0   15 
10/10/25   3:15   16.7   16.7   16.7    95   15.9    0.0      N   0.00   1.6     N   16.7   17.1   17.1  1021.9   0.00    0.0    0.017   0.000   23.4    68   17.2   24.3   12.55   1.1779     351     1    100.0   15 
10/10/25   3:30   16.8   16.8   16.7    95   16.0    0.0      N   0.00   3.2     N   16.8   17.2   17.2  1022.0   0.00    0.0    0.016   0.000   23.4    68   17.2   24.3   12.55   1.1781     351     1    100.0   15 
