                 Temp.  Temp.  Temp.  Hum.   Punt   Vel.   Dir.   Rec.  Vel.  Dir.  Sens.   Índ.   Índ.                  Int. Graus D.Graus D.  Temp.  Hum. Rosada  In.Cal.  EMC     Dens.    Mostr   Tx   Recep.  Int.
  Data    Hora    Ext.   Màx.   Mín.  Ext. Rosada   Vent   Vent   Vent  Màx.  Màx.  Tèrm.  Calor   THW    Bar    Pluja   Pluja  Calor    Fred    Int.  Int.   Int.   Int.    Int.  Int.Aire    Vent   Vent   ISS   Arc.
-------------------------------------------------------------------------------------------------------------------------------------------------------------------------------------------------------------------------
 4/10/25   0:15   17.7   17.8   17.7    93   16.5    1.6    OSO   0.40   3.2   OSO   17.7   18.2   18.2  1018.9   0.00    0.0    0.007   0.000   24.4    65   17.4   25.1   11.83   1.1700     348     1    100.0   15 
 4/10/25   0:30   17.6   17.7   17.6    93   16.5    0.0    OSO   0.00   3.2   OSO   17.6   18.1   18.1  1018.9   0.00    0.0    0.008   0.000   24.4    65   17.4   25.1   11.83   1.1704     352     1    100.0   15 
 4/10/25   0:45   17.6   17.7   17.3    93   16.4    0.0    OSO   0.00   3.2   OSO   17.6   18.1   18.1  1018.9   0.00    0.0    0.008   0.000   24.3    65   17.3   25.0   11.83   1.1707     351     1    100.0   15 
 4/10/25   1:00   17.3   17.3   17.2    92   16.0    1.6    ONO   0.40   4.8   ONO   17.3   17.7   17.7  1018.7   0.00    0.0    0.011   0.000   24.3    65   17.3   24.9   11.84   1.1707     351     1    100.0   15 
 4/10/25   1:15   17.2   17.3   17.2    92   15.9    0.0    ONO   0.00   1.6   ONO   17.2   17.6   17.6  1018.4   0.00    0.0    0.012   0.000   24.2    65   17.2   24.9   11.84   1.1707     351     1    100.0   15 
 4/10/25   1:30   17.1   17.2   17.0    91   15.6    1.6    ONO   0.40   3.2   ONO   17.1   17.5   17.5  1018.4   0.00    0.0    0.013   0.000   24.2    65   17.2   24.9   11.84   1.1709     351     1    100.0   15 
 4/10/25   1:45   17.0   17.0   16.9    91   15.5    1.6    ONO   0.40   4.8   ONO   17.0   17.3   17.3  1018.4   0.00    0.0    0.014   0.000   24.1    65   17.1   24.8   11.84   1.1712     352     1    100.0   15 
 4/10/25   2:00   16.9   16.9   16.8    91   15.4    1.6    ONO   0.40   4.8   ONO   16.9   17.2   17.2  1018.3   0.00    0.0    0.015   0.000   24.0    65   17.0   24.7   11.85   1.1717     351     1    100.0   15 
 4/10/25   2:15   17.1   17.2   16.9    91   15.6    1.6    ONO   0.40   3.2   ONO   17.1   17.5   17.5  1018.0   0.00    0.0    0.013   0.000   23.9    65   17.0   24.7   11.85   1.1717     351     1    100.0   15 
 4/10/25   2:30   17.3   17.4   17.2    90   15.7    1.6    ONO   0.40   4.8   ONO   17.3   17.7   17.7  1017.9   0.00    0.0    0.010   0.000   23.9    65   16.9   24.6   11.85   1.1718     351     1    100.0   15 
 4/10/25   2:45   17.3   17.4   17.2    90   15.7    1.6    ONO   0.40   6.4   ONO   17.3   17.7   17.7  1017.6   0.00    0.0    0.010   0.000   23.8    65   16.9   24.6   11.85   1.1718     352     1    100.0   15 
 4/10/25   3:00   17.1   17.2   17.0    90   15.5    0.0    ONO   0.00   1.6   ONO   17.1   17.5   17.5  1017.6   0.00    0.0    0.013   0.000   23.8    65   16.8   24.5   11.85   1.1721     350     1    100.0   15 
 4/10/25   3:15   16.9   17.0   16.8    91   15.4    1.6    ONO   0.40   4.8   ONO   16.9   17.2   17.2  1017.8   0.00    0.0    0.015   0.000   23.7    65   16.7   24.4   11.85   1.1726     351     1    100.0   15 
 4/10/25   3:30   16.6   16.8   16.3    91   15.1    4.8     NO   1.21   8.0    NO   16.6   16.8   16.8  1017.8   0.00    0.0    0.019   0.000   23.7    65   16.7   24.4   11.85   1.1729     351     1    100.0   15 
 4/10/25   3:45   16.3   16.3   16.2    91   14.8    3.2     NO   0.80   6.4    NO   16.3   16.6   16.6  1017.7   0.00    0.0    0.021   0.000   23.6    65   16.6   24.3   11.85   1.1731     352     1    100.0   15 
 4/10/25   4:00   16.2   16.3   16.1    91   14.8    1.6     NO   0.40   4.8     S   16.2   16.4   16.4  1017.9   0.00    0.0    0.022   0.000   23.6    65   16.6   24.2   11.85   1.1736     351     1    100.0   15 
 4/10/25   4:15   15.9   16.1   15.8    92   14.6    0.0      S   0.00   3.2     S   15.9   16.2   16.2  1017.7   0.00    0.0    0.025   0.000   23.5    65   16.5   24.2   11.85   1.1737     351     1    100.0   15 
 4/10/25   4:30   15.7   15.8   15.6    92   14.4    0.0      S   0.00   3.2     S   15.7   15.9   15.9  1017.6   0.00    0.0    0.028   0.000   23.4    65   16.5   24.1   11.85   1.1739     351     1    100.0   15 
 4/10/25   4:45   15.7   15.7   15.6    92   14.4    1.6      O   0.40   3.2     S   15.7   15.9   15.9  1017.7   0.00    0.0    0.028   0.000   23.3    66   16.6   24.1   12.07   1.1742     351     1    100.0   15 
 4/10/25   5:00   15.7   15.8   15.7    92   14.4    1.6      O   0.40   6.4    NO   15.7   15.9   15.9  1017.6   0.00    0.0    0.027   0.000   23.3    66   16.6   23.9   12.07   1.1744     352     1    100.0   15 
 4/10/25   5:15   15.7   15.7   15.6    92   14.4    1.6     NO   0.40   3.2    NO   15.7   15.9   15.9  1017.5   0.00    0.0    0.028   0.000   23.2    66   16.5   23.9   12.07   1.1746     350     1    100.0   15 
 4/10/25   5:30   15.8   15.9   15.7    93   14.7    0.0     NO   0.00   3.2    NO   15.8   16.1   16.1  1017.5   0.00    0.0    0.026   0.000   23.2    66   16.5   23.8   12.08   1.1749     350     1    100.0   15 
 4/10/25   5:45   15.9   15.9   15.9    92   14.6    0.0     NO   0.00   1.6    NO   15.9   16.2   16.2  1017.6   0.00    0.0    0.025   0.000   23.1    66   16.4   23.7   12.08   1.1753     351     1    100.0   15 
 4/10/25   6:00   15.8   15.9   15.8    93   14.7    0.0    ---   0.00   0.0   ---   15.8   16.1   16.1  1017.6   0.00    0.0    0.026   0.000   23.1    66   16.4   23.6   12.08   1.1755     352     1    100.0   15 
 4/10/25   6:15   15.8   15.8   15.6    92   14.5    1.6     NO   0.40   4.8    NO   15.8   16.0   16.0  1017.8   0.00    0.0    0.027   0.000   23.0    66   16.3   23.6   12.08   1.1761     351     1    100.0   15 
 4/10/25   6:30   15.3   15.6   15.2    92   14.0    1.6     NO   0.40   6.4    NO   15.3   15.5   15.5  1017.8   0.00    0.0    0.031   0.000   22.9    66   16.3   23.4   12.08   1.1764     351     1    100.0   15 
 4/10/25   6:45   15.4   15.8   15.2    93   14.3    1.6    ENE   0.40   4.8    NO   15.4   15.6   15.6  1017.9   0.00    0.0    0.031   0.000   23.1    67   16.6   23.8   12.28   1.1753     350     1    100.0   15 
 4/10/25   7:00   15.9   16.1   15.8    92   14.6    0.0    ENE   0.00   4.8   ENE   15.9   16.2   16.2  1018.0   0.00    0.0    0.025   0.000   23.4    67   16.9   24.2   12.27   1.1739     350     1    100.0   15 
 4/10/25   7:15   16.1   16.1   16.0    92   14.8    0.0    ENE   0.00   3.2   ENE   16.1   16.3   16.3  1018.2   0.00    0.0    0.024   0.000   23.7    66   16.9   24.4   12.06   1.1731     352     1    100.0   15 
 4/10/25   7:30   16.1   16.1   16.0    92   14.8    0.0    ENE   0.00   1.6   ENE   16.1   16.3   16.3  1018.1   0.00    0.0    0.024   0.000   23.9    66   17.2   24.7   12.05   1.1715     351     1    100.0   15 
 4/10/25   7:45   16.3   16.4   16.1    92   15.0    1.6      E   0.40   4.8   ENE   16.3   16.6   16.6  1018.2   0.00    0.0    0.021   0.000   24.1    65   17.1   24.8   11.84   1.1710     351     1    100.0   15 
 4/10/25   8:00   16.5   16.6   16.4    92   15.2    1.6      E   0.40   4.8     E   16.5   16.8   16.8  1018.3   0.00    0.0    0.019   0.000   24.2    65   17.2   24.9   11.84   1.1705     351     1    100.0   15 
 4/10/25   8:15   16.7   16.8   16.5    92   15.4    3.2     NO   0.80   6.4   NNO   16.7   17.0   17.0  1018.2   0.00    0.0    0.017   0.000   24.3    65   17.3   25.0   11.83   1.1699     351     1    100.0   15 
 4/10/25   8:30   16.7   16.8   16.6    90   15.1    3.2     NO   0.80   8.0    NO   16.7   17.0   17.0  1018.1   0.00    0.0    0.017   0.000   24.4    65   17.4   25.1   11.83   1.1694     351     1    100.0   15 
 4/10/25   8:45   16.9   17.6   16.6    91   15.5    0.0     NO   0.00   4.8   SSO   16.9   17.3   17.3  1018.0   0.00    0.0    0.014   0.000   24.4    64   17.1   25.0   11.63   1.1697     351     1    100.0   15 
 4/10/25   9:00   18.3   18.7   17.6    87   16.1    1.6    SSO   0.40   4.8   SSO   18.3   18.8   18.8  1017.9   0.00    0.0    0.001   0.000   24.6    64   17.3   25.2   11.63   1.1686     351     1    100.0   15 
 4/10/25   9:15   19.1   19.3   18.7    85   16.5    1.6     SO   0.40   3.2    SO   19.1   19.7   19.7  1018.0   0.00    0.0    0.000   0.008   24.7    64   17.4   25.3   11.62   1.1682     352     1    100.0   15 
 4/10/25   9:30   19.3   19.4   19.3    83   16.4    1.6    ONO   0.40   4.8    SO   19.3   20.0   20.0  1018.1   0.00    0.0    0.000   0.010   24.7    63   17.2   25.3   11.42   1.1684     351     1    100.0   15 
 4/10/25   9:45   19.6   19.8   19.3    83   16.6    1.6     NO   0.40   6.4    NO   19.6   20.3   20.3  1018.1   0.00    0.0    0.000   0.013   24.8    63   17.3   25.4   11.42   1.1678     351     1    100.0   15 
 4/10/25  10:00   20.4   21.0   19.8    78   16.5    1.6      O   0.40   4.8   SSO   20.4   21.2   21.2  1018.0   0.00    0.0    0.000   0.022   24.9    63   17.4   25.6   11.41   1.1671     351     1    100.0   15 
 4/10/25  10:15   21.7   22.3   21.0    70   16.0    1.6    SSO   0.40   3.2   SSO   21.7   21.9   21.9  1017.7   0.00    0.0    0.000   0.035   25.1    63   17.5   25.7   11.41   1.1662     351     1    100.0   15 
 4/10/25  10:30   22.7   23.1   22.3    73   17.6    1.6    SSO   0.40   4.8     E   22.7   23.3   23.3  1017.6   0.00    0.0    0.000   0.045   25.1    63   17.6   25.7   11.41   1.1657     351     1    100.0   15 
 4/10/25  10:45   23.0   23.2   22.8    72   17.7    3.2      S   0.80   6.4     O   23.0   23.8   23.8  1017.4   0.00    0.0    0.000   0.049   25.2    63   17.6   25.8   11.40   1.1653     351     1    100.0   15 
 4/10/25  11:00   23.2   23.6   22.8    70   17.4    3.2      E   0.80   8.0   SSO   23.2   23.9   23.9  1017.2   0.00    0.0    0.000   0.050   25.2    63   17.7   25.8   11.40   1.1647     349     1    100.0   15 
 4/10/25  11:15   23.7   24.0   23.4    64   16.5    3.2    ENE   0.80   9.7     E   23.7   24.3   24.3  1017.1   0.00    0.0    0.000   0.056   25.3    62   17.5   25.9   11.20   1.1643     350     1    100.0   15 
 4/10/25  11:30   24.3   24.6   23.9    59   15.8    3.2    SSO   0.80  11.3   ESE   24.3   24.7   24.7  1016.8   0.00    0.0    0.000   0.062   25.5    59   16.9   25.9   10.63   1.1643     352     1    100.0   15 
 4/10/25  11:45   24.9   25.3   24.6    58   16.1    1.6    SSO   0.40   6.4   ENE   24.9   25.2   25.2  1016.4   0.00    0.0    0.000   0.068   25.8    58   16.9   26.2   10.41   1.1627     350     1    100.0   15 
 4/10/25  12:00   25.5   25.6   25.4    52   14.9    3.2    SSO   0.80  11.3    SE   25.5   25.6   25.6  1016.3   0.00    0.0    0.000   0.075   25.9    56   16.4   26.3   10.11   1.1628     349     1    100.0   15 
 4/10/25  12:15   25.6   26.0   25.4    52   15.0    3.2      S   0.80   8.0     S   25.6   25.7   25.7  1016.0   0.00    0.0    0.000   0.076   25.9    55   16.2   26.3    9.90   1.1625     351     1    100.0   15 
 4/10/25  12:30   26.3   26.4   26.0    51   15.3    3.2    SSE   0.80   9.7   SSE   26.3   26.4   26.4  1015.8   0.00    0.0    0.000   0.083   26.2    54   16.1   26.4    9.77   1.1616     352     1    100.0   15 
 4/10/25  12:45   26.4   26.6   26.3    50   15.2    3.2    OSO   0.80   8.0     O   26.4   26.5   26.5  1015.6   0.00    0.0    0.000   0.084   26.3    54   16.2   26.6    9.76   1.1607     351     1    100.0   15 
 4/10/25  13:00   26.8   26.9   26.6    50   15.5    3.2     SO   0.80   8.0   OSO   26.8   26.9   26.9  1015.5   0.00    0.0    0.000   0.089   26.4    54   16.3   26.7    9.76   1.1601     351     1    100.0   15 
 4/10/25  13:15   27.1   27.2   26.9    50   15.8    3.2     SO   0.80   9.7   OSO   27.1   27.2   27.2  1015.3   0.00    0.0    0.000   0.091   26.5    54   16.4   26.8    9.76   1.1593     351     1    100.0   15 
 4/10/25  13:30   27.3   27.6   27.1    50   15.9    3.2    OSO   0.80  12.9    SO   27.3   27.4   27.4  1015.1   0.00    0.0    0.000   0.093   26.6    54   16.5   26.9    9.75   1.1588     351     1    100.0   15 
 4/10/25  13:45   27.4   27.7   27.3    52   16.7    4.8     SO   1.21  11.3   OSO   27.4   27.8   27.8  1014.9   0.00    0.0    0.000   0.095   26.7    55   16.9   27.1    9.85   1.1576     352     1    100.0   15 
 4/10/25  14:00   27.7   27.9   27.4    51   16.7    4.8    SSO   1.21  14.5     S   27.7   28.1   28.1  1014.8   0.00    0.0    0.000   0.098   26.7    55   16.9   27.1    9.85   1.1571     350     1    100.0   15 
 4/10/25  14:15   27.8   27.8   27.7    50   16.4    4.8    SSO   1.21  12.9    SO   27.8   28.1   28.1  1014.4   0.00    0.0    0.000   0.098   26.8    54   16.7   27.2    9.75   1.1565     350     1    100.0   15 
 4/10/25  14:30   27.9   28.0   27.8    47   15.5    4.8      S   1.21  16.1   SSE   27.9   28.1   28.1  1014.2   0.00    0.0    0.000   0.100   27.2    52   16.5   27.4    9.43   1.1554     351     1    100.0   15 
 4/10/25  14:45   28.3   28.7   28.0    40   13.4    4.8     SO   1.21  14.5   NNO   28.3   28.1   28.1  1014.2   0.00    0.0    0.000   0.104   27.3    52   16.6   27.6    9.43   1.1548     350     1    100.0   15 
 4/10/25  15:00   28.8   29.0   28.7    40   13.9    4.8     NO   1.21  14.5   OSO   28.8   28.9   28.9  1014.0   0.00    0.0    0.000   0.109   27.2    51   16.2   27.4    9.33   1.1553     351     1    100.0   15 
 4/10/25  15:15   28.9   29.0   28.7    46   16.2    4.8    OSO   1.21  12.9   OSO   28.9   29.6   29.6  1014.2   0.00    0.0    0.000   0.111   27.2    50   15.8   27.3    9.13   1.1562     351     1    100.0   15 
 4/10/25  15:30   28.1   28.7   27.6    50   16.7    4.8     SO   1.21  14.5   OSO   28.1   28.6   28.6  1014.0   0.00    0.0    0.000   0.101   27.1    51   16.1   27.3    9.33   1.1558     351     1    100.0   15 
 4/10/25  15:45   27.2   27.6   26.9    53   16.8    4.8     SO   1.21  11.3    SO   27.2   27.5   27.5  1013.9   0.00    0.0    0.000   0.092   27.1    52   16.4   27.3    9.44   1.1556     352     1    100.0   15 
 4/10/25  16:00   26.9   27.1   26.9    54   16.8    3.2    OSO   0.80  11.3   OSO   26.9   27.3   27.3  1013.8   0.00    0.0    0.000   0.090   27.1    53   16.7   27.4    9.64   1.1551     351     1    100.0   15 
 4/10/25  16:15   27.0   27.3   26.9    55   17.2    3.2     NO   0.80   8.0    SO   27.0   27.4   27.4  1013.8   0.00    0.0    0.000   0.090   27.1    53   16.7   27.4    9.64   1.1550     351     1    100.0   15 
 4/10/25  16:30   27.6   27.8   27.3    53   17.1    1.6     SO   0.40   4.8   OSO   27.6   28.1   28.1  1013.7   0.00    0.0    0.000   0.096   27.1    54   17.0   27.5    9.75   1.1543     350     1    100.0   15 
 4/10/25  16:45   27.4   27.8   27.1    56   17.9    3.2    OSO   0.80   6.4    SE   27.4   28.2   28.2  1013.7   0.00    0.0    0.000   0.095   27.1    54   17.0   27.5    9.75   1.1543     350     1    100.0   15 
 4/10/25  17:00   26.2   27.1   25.7    61   18.1    3.2      S   0.80  11.3   OSO   26.2   26.9   26.9  1013.9   0.00    0.0    0.000   0.082   27.1    55   17.3   27.6    9.85   1.1540     351     1    100.0   15 
 4/10/25  17:15   25.3   25.7   24.8    63   17.7    3.2      S   0.80  11.3   OSO   25.3   25.9   25.9  1014.0   0.00    0.0    0.000   0.072   27.1    55   17.3   27.6    9.85   1.1542     351     1    100.0   15 
 4/10/25  17:30   24.1   24.7   23.7    67   17.6    3.2    SSO   0.80   8.0   OSO   24.1   24.9   24.9  1014.1   0.00    0.0    0.000   0.060   27.0    55   17.2   27.4    9.85   1.1549     350     1    100.0   15 
 4/10/25  17:45   23.4   23.7   23.1    69   17.4    3.2    SSO   0.80  11.3   OSO   23.4   24.2   24.2  1014.1   0.00    0.0    0.000   0.053   26.8    56   17.3   27.3   10.05   1.1554     350     1    100.0   15 
 4/10/25  18:00   22.6   23.1   22.2    73   17.5    3.2      S   0.80   6.4     S   22.6   23.2   23.2  1014.2   0.00    0.0    0.000   0.044   26.7    57   17.4   27.2   10.15   1.1559     352     1    100.0   15 
 4/10/25  18:15   22.2   22.3   22.2    75   17.6    3.2     SO   0.80  12.9     S   22.2   22.8   22.8  1014.3   0.00    0.0    0.000   0.041   26.5    58   17.6   27.1   10.36   1.1565     351     1    100.0   15 
 4/10/25  18:30   22.1   22.2   21.9    76   17.6    4.8    OSO   1.21   9.7   SSO   22.1   22.6   22.6  1014.2   0.00    0.0    0.000   0.039   26.3    59   17.7   26.9   10.57   1.1569     350     1    100.0   15 
 4/10/25  18:45   21.7   21.9   21.4    78   17.7    3.2    OSO   0.80   8.0    SO   21.7   22.3   22.3  1014.3   0.00    0.0    0.000   0.035   26.3    59   17.6   26.9   10.58   1.1573     350     1    100.0   15 
 4/10/25  19:00   21.2   21.4   21.1    79   17.4    1.6    OSO   0.40   6.4   OSO   21.2   21.8   21.8  1014.5   0.00    0.0    0.000   0.030   26.2    59   17.5   26.7   10.59   1.1581     351     1    100.0   15 
 4/10/25  19:15   21.1   21.1   21.0    80   17.5    1.6    OSO   0.40   6.4    SO   21.1   21.7   21.7  1014.5   0.00    0.0    0.000   0.028   26.1    60   17.7   26.7   10.79   1.1580     352     1    100.0   15 
 4/10/25  19:30   20.9   21.0   20.8    81   17.5    1.6    OSO   0.40   4.8   OSO   20.9   21.6   21.6  1014.5   0.00    0.0    0.000   0.027   26.1    60   17.7   26.7   10.79   1.1582     351     1    100.0   15 
 4/10/25  19:45   20.7   20.8   20.7    80   17.1    1.6    OSO   0.40   4.8   SSO   20.7   21.5   21.5  1014.6   0.00    0.0    0.000   0.025   26.0    60   17.6   26.6   10.80   1.1586     351     1    100.0   15 
 4/10/25  20:00   20.6   20.7   20.5    80   17.0    1.6     SO   0.40   6.4   SSO   20.6   21.4   21.4  1014.6   0.00    0.0    0.000   0.024   25.9    60   17.6   26.5   10.80   1.1590     351     1    100.0   15 
 4/10/25  20:15   20.4   20.5   20.4    80   16.9    1.6    SSO   0.40   4.8   SSO   20.4   21.3   21.3  1014.6   0.00    0.0    0.000   0.022   25.9    60   17.5   26.4   10.81   1.1593     351     1    100.0   15 
 4/10/25  20:30   20.4   20.4   20.4    80   16.9    1.6     SO   0.40   4.8    SO   20.4   21.3   21.3  1014.6   0.00    0.0    0.000   0.022   25.8    61   17.7   26.4   10.98   1.1592     351     1    100.0   15 
 4/10/25  20:45   20.3   20.4   20.3    81   17.0    1.6     SO   0.40   3.2    SO   20.3   21.2   21.2  1014.6   0.00    0.0    0.000   0.021   25.8    61   17.7   26.4   10.98   1.1594     351     1    100.0   15 
 4/10/25  21:00   20.2   20.3   20.2    82   17.0    1.6     SO   0.40   3.2    SO   20.2   21.1   21.1  1014.6   0.00    0.0    0.000   0.020   25.7    61   17.6   26.3   10.98   1.1598     349     1    100.0   15 
 4/10/25  21:15   20.1   20.2   20.0    83   17.1    1.6     NO   0.40   4.8    SO   20.1   20.8   20.8  1014.8   0.00    0.0    0.000   0.018   25.7    61   17.6   26.2   10.99   1.1603     352     1    100.0   15 
 4/10/25  21:30   20.1   20.2   20.0    83   17.1    1.6     NO   0.40   3.2    NO   20.1   20.8   20.8  1014.9   0.00    0.0    0.000   0.018   25.6    61   17.5   26.2   10.99   1.1607     351     1    100.0   15 
 4/10/25  21:45   20.2   20.2   20.2    82   17.0    0.0     NO   0.00   1.6    NO   20.2   21.1   21.1  1014.7   0.00    0.0    0.000   0.020   25.5    61   17.4   26.1   10.99   1.1611     351     1    100.0   15 
 4/10/25  22:00   20.3   20.3   20.2    82   17.1    0.0     NO   0.00   3.2    NO   20.3   21.1   21.1  1014.8   0.00    0.0    0.000   0.020   25.5    61   17.4   26.1   10.99   1.1612     351     1    100.0   15 
 4/10/25  22:15   20.1   20.3   19.8    83   17.1    3.2     NO   0.80   6.4    NO   20.1   20.9   20.9  1014.8   0.00    0.0    0.000   0.019   25.4    62   17.6   26.1   11.19   1.1611     350     1    100.0   15 
 4/10/25  22:30   19.6   19.8   19.5    84   16.8    1.6     NO   0.40   6.4    NO   19.6   20.3   20.3  1014.7   0.00    0.0    0.000   0.013   25.6    61   17.5   26.1   10.99   1.1608     352     1    100.0   15 
 4/10/25  22:45   19.5   19.5   19.4    84   16.7    0.0     NO   0.00   3.2    NO   19.5   20.2   20.2  1014.7   0.00    0.0    0.000   0.012   25.6    61   17.5   26.2   10.99   1.1605     351     1    100.0   15 
 4/10/25  23:00   19.6   19.6   19.5    84   16.8    0.0     NO   0.00   3.2    NO   19.6   20.3   20.3  1014.6   0.00    0.0    0.000   0.013   25.7    61   17.6   26.2   10.99   1.1600     349     1    100.0   15 
 4/10/25  23:15   19.6   19.6   19.6    84   16.8    0.0     NO   0.00   4.8     E   19.6   20.3   20.3  1014.6   0.00    0.0    0.000   0.013   25.7    61   17.6   26.3   10.98   1.1598     351     1    100.0   15 
 4/10/25  23:30   19.6   19.7   19.6    85   17.0    3.2    ENE   0.80   8.0   ENE   19.6   20.4   20.4  1014.7   0.00    0.0    0.000   0.013   25.6    62   17.8   26.2   11.19   1.1601     352     1    100.0   15 
 4/10/25  23:45   19.6   19.7   19.6    85   17.0    4.8    ENE   1.21  16.1   ENE   19.6   20.4   20.4  1014.8   0.00    0.0    0.000   0.013   25.5    62   17.7   26.1   11.19   1.1608     351     1    100.0   15 
 5/10/25  00:00   19.4   19.6   19.3    85   16.9    8.0    ENE   2.01  16.1     E   19.4   20.2   20.2  1015.0   0.00    0.0    0.000   0.012   25.4    62   17.6   26.0   11.20   1.1616     351     1    100.0   15 
 5/10/25   0:15   19.2   19.3   19.1    86   16.8    6.4    ENE   1.61  16.1   ENE   19.2   19.8   19.8  1015.3   0.00    0.0    0.000   0.009   25.3    62   17.5   25.9   11.20   1.1625     349     1    100.0   15 
 5/10/25   0:30   19.1   19.2   19.1    87   16.8    8.0    ENE   2.01  19.3   ENE   19.1   19.7   19.7  1015.4   0.00    0.0    0.000   0.008   25.2    62   17.4   25.7   11.20   1.1633     351     1    100.0   15 
 5/10/25   0:45   19.1   19.1   19.0    88   17.0    8.0    ENE   2.01  19.3   ESE   19.1   19.8   19.8  1015.5   0.00    0.0    0.000   0.008   25.1    62   17.3   25.7   11.21   1.1636     350     1    100.0   15 
 5/10/25   1:00   18.8   19.0   18.7    89   17.0    6.4      E   1.61  19.3   ENE   18.8   19.5   19.5  1015.5   0.00    0.0    0.000   0.005   25.1    62   17.3   25.6   11.21   1.1640     352     1    100.0   15 
 5/10/25   1:15   18.6   18.7   18.4    90   16.9    8.0    ENE   2.01  20.9    NE   18.6   19.2   19.2  1015.4   0.00    0.0    0.000   0.002   24.9    63   17.4   25.6   11.41   1.1641     350     1    100.0   15 
 5/10/25   1:30   18.4   18.4   18.3    90   16.7    9.7    ENE   2.41  22.5     E   18.4   18.9   18.9  1015.5   0.00    0.0    0.000   0.001   24.9    63   17.4   25.5   11.41   1.1645     351     1    100.0   15 
 5/10/25   1:45   18.3   18.3   18.3    90   16.7    8.0    ENE   2.01  20.9     E   18.3   18.9   18.9  1015.5   0.00    0.0    0.000   0.000   24.8    63   17.3   25.4   11.42   1.1647     350     1    100.0   15 
 5/10/25   2:00   18.3   18.3   18.3    90   16.6    4.8    ENE   1.21  16.1   ENE   18.3   18.8   18.8  1015.4   0.00    0.0    0.001   0.000   24.7    63   17.2   25.3   11.42   1.1653     352     1    100.0   15 
 5/10/25   2:15   18.3   18.3   18.2    89   16.4    4.8    ENE   1.21  12.9   ENE   18.3   18.8   18.8  1015.6   0.00    0.0    0.001   0.000   24.7    63   17.2   25.2   11.42   1.1657     351     1    100.0   15 
 5/10/25   2:30   18.2   18.3   18.2    89   16.4    3.2      E   0.80  11.3   ENE   18.2   18.7   18.7  1015.6   0.00    0.0    0.001   0.000   24.6    63   17.1   25.2   11.42   1.1660     351     1    100.0   15 
 5/10/25   2:45   18.2   18.3   18.2    90   16.6    3.2    ENE   0.80   8.0     E   18.2   18.8   18.8  1015.5   0.00    0.0    0.001   0.000   24.6    63   17.0   25.1   11.43   1.1662     350     1    100.0   15 
 5/10/25   3:00   18.1   18.2   18.1    90   16.4    0.0      E   0.00   3.2   ENE   18.1   18.6   18.6  1015.6   0.00    0.0    0.002   0.000   24.5    63   17.0   25.1   11.43   1.1667     352     1    100.0   15 
 5/10/25   3:15   17.9   18.1   17.8    90   16.3    1.6      E   0.40   4.8    SO   17.9   18.4   18.4  1015.7   0.00    0.0    0.004   0.000   24.4    63   16.9   25.0   11.43   1.1670     351     1    100.0   15 
 5/10/25   3:30   17.7   17.8   17.6    91   16.2    1.6    OSO   0.40   4.8   OSO   17.7   18.1   18.1  1015.9   0.00    0.0    0.007   0.000   24.4    63   16.9   24.9   11.43   1.1675     351     1    100.0   15 
