                 Temp.  Temp.  Temp.  Hum.   Punt   Vel.   Dir.   Rec.  Vel.  Dir.  Sens.   Índ.   Índ.                  Int. Graus D.Graus D.  Temp.  Hum. Rosada  In.Cal.  EMC     Dens.    Mostr   Tx   Recep.  Int.
  Data    Hora    Ext.   Màx.   Mín.  Ext. Rosada   Vent   Vent   Vent  Màx.  Màx.  Tèrm.  Calor   THW    Bar    Pluja   Pluja  Calor    Fred    Int.  Int.   Int.   Int.    Int.  Int.Aire    Vent   Vent   ISS   Arc.
-------------------------------------------------------------------------------------------------------------------------------------------------------------------------------------------------------------------------
14/09/24   0:15   15.2   15.3   15.2    65    8.7    0.0    ---   0.00   0.0   ---   15.2   14.7   14.7  1023.1   0.00    0.0    0.032   0.000   25.3    47   13.2   25.2    8.70   1.1770     349     1    100.0   15 
14/09/24   0:30   14.9   15.2   14.6    68    9.1    1.6    NNO   0.40   4.8   NNO   14.9   14.5   14.5  1023.2   0.00    0.0    0.035   0.000   25.0    48   13.2   24.8    8.91   1.1784     352     1    100.0   15 
14/09/24   0:45   14.6   14.6   14.5    69    8.9    1.6    NNO   0.40   4.8   NNO   14.6   14.1   14.1  1023.2   0.00    0.0    0.039   0.000   24.7    48   12.9   24.6    8.92   1.1801     351     1    100.0   15 
14/09/24   1:00   14.6   14.7   14.5    69    9.0    1.6    NNO   0.40   3.2   NNO   14.6   14.2   14.2  1023.2   0.00    0.0    0.039   0.000   24.4    49   13.0   24.3    9.03   1.1811     351     1    100.0   15 
14/09/24   1:15   14.3   14.5   14.2    70    8.9    0.0    NNO   0.00   3.2   NNO   14.3   13.9   13.9  1023.2   0.00    0.0    0.042   0.000   24.2    49   12.8   24.2    9.04   1.1823     349     1    100.0   15 
14/09/24   1:30   14.2   14.3   14.1    69    8.6    1.6    NNO   0.40   4.8   NNO   14.2   13.8   13.8  1023.1   0.00    0.0    0.043   0.000   23.9    50   12.9   24.0    9.25   1.1829     351     1    100.0   15 
14/09/24   1:45   13.9   14.1   13.8    65    7.5    1.6    NNO   0.40   4.8   NNO   13.9   13.4   13.4  1023.0   0.00    0.0    0.046   0.000   23.8    50   12.7   23.8    9.25   1.1836     351     1    100.0   15 
14/09/24   2:00   14.3   14.3   14.1    63    7.3    1.6    NNO   0.40   4.8   NNO   14.3   13.7   13.7  1022.9   0.00    0.0    0.042   0.000   23.6    50   12.5   23.5    9.25   1.1846     351     1    100.0   15 
14/09/24   2:15   14.1   14.3   13.8    65    7.6    0.0    NNO   0.00   3.2   NNO   14.1   13.5   13.5  1022.9   0.00    0.0    0.045   0.000   23.4    51   12.7   23.3    9.37   1.1851     349     1    100.0   15 
14/09/24   2:30   13.8   13.9   13.7    68    8.0    1.6    NNO   0.40   4.8    NE   13.8   13.3   13.3  1023.0   0.00    0.0    0.047   0.000   23.2    51   12.5   23.1    9.37   1.1860     350     1    100.0   15 
14/09/24   2:45   13.1   13.7   12.6    70    7.7    0.0      E   0.00   1.6   ENE   13.1   12.6   12.6  1022.8   0.00    0.0    0.055   0.000   23.1    51   12.4   22.9    9.38   1.1864     352     1    100.0   15 
14/09/24   3:00   12.6   12.6   12.5    68    6.9    0.0      E   0.00   3.2     E   12.6   12.1   12.1  1022.8   0.00    0.0    0.060   0.000   22.9    52   12.6   22.8    9.58   1.1869     351     1    100.0   15 
14/09/24   3:15   12.6   12.6   12.5    74    8.0    0.0    SSO   0.00   3.2   SSO   12.6   12.2   12.2  1022.9   0.00    0.0    0.060   0.000   22.7    52   12.4   22.6    9.59   1.1882     351     1    100.0   15 
14/09/24   3:30   12.4   12.5   12.2    75    8.1    1.6      S   0.40   4.8     S   12.4   12.1   12.1  1023.1   0.00    0.0    0.062   0.000   22.6    52   12.2   22.3    9.60   1.1892     351     1    100.0   15 
14/09/24   3:45   12.2   12.3   12.2    76    8.1    1.6    ESE   0.40   4.8     S   12.2   11.9   11.9  1023.1   0.00    0.0    0.064   0.000   22.4    53   12.3   22.1    9.76   1.1897     351     1    100.0   15 
14/09/24   4:00   12.2   12.3   12.2    75    7.9    1.6    ESE   0.40   6.4   ESE   12.2   11.9   11.9  1022.9   0.00    0.0    0.064   0.000   22.2    53   12.2   21.8    9.77   1.1903     352     1    100.0   15 
14/09/24   4:15   12.1   12.2   11.9    72    7.2    0.0     SO   0.00   3.2   ESE   12.1   11.7   11.7  1022.9   0.00    0.0    0.065   0.000   22.1    53   12.0   21.6    9.78   1.1912     350     1    100.0   15 
14/09/24   4:30   11.7   11.9   11.6    69    6.2    1.6    ONO   0.40   6.4     O   11.7   11.3   11.3  1022.9   0.00    0.0    0.069   0.000   21.9    53   11.9   21.4    9.79   1.1917     350     1    100.0   15 
14/09/24   4:45   11.4   11.6   11.2    70    6.1    1.6     NO   0.40   6.4   ONO   11.4   11.0   11.0  1023.0   0.00    0.0    0.072   0.000   21.8    53   11.8   21.3    9.80   1.1924     348     1    100.0   15 
14/09/24   5:00   11.1   11.2   11.0    71    6.0    1.6     NO   0.40   6.4   ONO   11.1   10.8   10.8  1023.0   0.00    0.0    0.076   0.000   21.7    53   11.7   21.0    9.81   1.1933     352     1    100.0   15 
14/09/24   5:15   11.1   11.2   11.0    71    6.0    1.6     NO   0.40   4.8    NO   11.1   10.8   10.8  1023.1   0.00    0.0    0.075   0.000   21.6    54   11.8   20.9    9.93   1.1936     351     1    100.0   15 
14/09/24   5:30   11.1   11.2   11.1    70    5.8    0.0     NO   0.00   1.6    NO   11.1   10.8   10.8  1023.1   0.00    0.0    0.075   0.000   21.4    54   11.7   20.7    9.94   1.1945     350     1    100.0   15 
14/09/24   5:45   11.1   11.1   11.1    70    5.8    0.0     NO   0.00   3.2    NO   11.1   10.7   10.7  1023.0   0.00    0.0    0.076   0.000   21.3    54   11.6   20.6    9.94   1.1949     351     1    100.0   15 
14/09/24   6:00   11.0   11.1   10.9    71    5.9    1.6      O   0.40   4.8   NNO   11.0   10.7   10.7  1023.0   0.00    0.0    0.076   0.000   21.2    54   11.5   20.4    9.95   1.1954     352     1    100.0   15 
14/09/24   6:15   11.1   11.4   10.9    69    5.6    1.6    OSO   0.40   6.4   OSO   11.1   10.8   10.8  1022.9   0.00    0.0    0.075   0.000   21.1    54   11.4   20.3    9.95   1.1956     350     1    100.0   15 
14/09/24   6:30   11.7   11.8   11.4    68    6.0    1.6    NNO   0.40   6.4    SO   11.7   11.2   11.2  1023.0   0.00    0.0    0.069   0.000   21.3    55   11.9   20.6   10.14   1.1946     349     1    100.0   15 
14/09/24   6:45   11.8   12.0   11.8    68    6.1    1.6     NO   0.40   4.8   ONO   11.8   11.4   11.4  1023.1   0.00    0.0    0.068   0.000   21.7    55   12.2   21.1   10.13   1.1928     351     1    100.0   15 
14/09/24   7:00   12.3   12.6   12.0    67    6.4    1.6     NO   0.40   6.4   NNO   12.3   11.8   11.8  1023.1   0.00    0.0    0.062   0.000   22.2    55   12.7   21.9   10.11   1.1899     344     1    100.0   15 
14/09/24   7:15   13.0   13.4   12.6    66    6.8    1.6     NO   0.40   4.8   ONO   13.0   12.4   12.4  1023.1   0.00    0.0    0.056   0.000   22.7    54   12.9   22.6    9.89   1.1880     352     1    100.0   15 
14/09/24   7:30   13.6   13.6   13.4    64    6.9    1.6    ONO   0.40   4.8   ONO   13.6   12.9   12.9  1023.0   0.00    0.0    0.050   0.000   22.9    53   12.9   22.9    9.72   1.1868     349     1    100.0   15 
14/09/24   7:45   13.8   14.4   13.6    65    7.4    1.6     NO   0.40   4.8    NO   13.8   13.3   13.3  1023.0   0.00    0.0    0.047   0.000   23.2    52   12.8   23.1    9.58   1.1860     350     1    100.0   15 
14/09/24   8:00   14.9   15.2   14.4    61    7.4    1.6     SO   0.40   6.4   ONO   14.9   14.2   14.2  1022.9   0.00    0.0    0.036   0.000   23.4    52   13.0   23.3    9.57   1.1848     351     1    100.0   15 
14/09/24   8:15   15.8   16.1   15.2    57    7.3    1.6    ENE   0.40   4.8   ENE   15.8   14.9   14.9  1023.0   0.00    0.0    0.027   0.000   23.6    51   12.8   23.6    9.36   1.1843     351     1    100.0   15 
14/09/24   8:30   16.4   16.7   16.1    54    7.1    1.6     NO   0.40   6.4    NO   16.4   15.5   15.5  1023.1   0.00    0.0    0.020   0.000   23.7    51   13.0   23.8    9.36   1.1837     351     1    100.0   15 
14/09/24   8:45   16.9   17.1   16.6    55    7.8    3.2    ENE   0.80  11.3     E   16.9   16.1   16.1  1023.1   0.00    0.0    0.015   0.000   23.9    51   13.1   24.0    9.35   1.1828     350     1    100.0   15 
14/09/24   9:00   17.0   17.1   16.9    55    7.9    1.6    OSO   0.40   8.0   NNO   17.0   16.2   16.2  1022.9   0.00    0.0    0.014   0.000   24.0    51   13.2   24.1    9.35   1.1821     350     1    100.0   15 
14/09/24   9:15   17.5   17.8   17.1    51    7.2    1.6    OSO   0.40   8.0   OSO   17.5   16.6   16.6  1022.7   0.00    0.0    0.009   0.000   24.1    51   13.3   24.2    9.35   1.1812     351     1    100.0   15 
14/09/24   9:30   18.3   18.9   17.8    46    6.5    1.6    NNO   0.40   6.4    SO   18.3   17.1   17.1  1022.5   0.00    0.0    0.001   0.000   24.3    50   13.2   24.3    9.24   1.1805     351     1    100.0   15 
14/09/24   9:45   19.4   19.8   18.9    40    5.4    3.2    OSO   0.80   9.7   SSO   19.4   18.0   18.0  1022.3   0.00    0.0    0.000   0.011   24.4    50   13.3   24.4    9.23   1.1797     351     1    100.0   15 
14/09/24  10:00   20.1   20.4   19.8    37    5.0    3.2      O   0.80   8.0    SO   20.1   18.6   18.6  1022.3   0.00    0.0    0.000   0.019   24.5    50   13.4   24.5    9.23   1.1791     351     1    100.0   15 
14/09/24  10:15   20.7   21.0   20.4    37    5.5    3.2    OSO   0.80  11.3    SO   20.7   19.2   19.2  1022.0   0.00    0.0    0.000   0.025   24.6    50   13.4   24.6    9.23   1.1785     349     1    100.0   15 
14/09/24  10:30   20.8   21.1   20.6    37    5.6    4.8     SO   1.21  16.1     O   20.8   19.3   19.3  1021.8   0.00    0.0    0.000   0.026   24.7    50   13.5   24.6    9.22   1.1778     352     1    100.0   15 
14/09/24  10:45   21.1   21.2   20.9    33    4.2    6.4     SO   1.61  14.5    SO   21.1   19.3   19.3  1021.8   0.00    0.0    0.000   0.029   24.8    49   13.3   24.7    9.02   1.1775     351     1    100.0   15 
14/09/24  11:00   21.6   21.9   21.2    30    3.3    4.8     NO   1.21  16.1   OSO   21.6   19.8   19.8  1021.7   0.00    0.0    0.000   0.034   24.9    49   13.4   24.8    9.01   1.1768     351     1    100.0   15 
14/09/24  11:15   22.1   22.4   21.9    31    4.1    6.4     NO   1.61  17.7    NO   22.1   20.4   20.4  1021.5   0.00    0.0    0.000   0.039   24.9    48   13.1   24.7    8.91   1.1770     350     1    100.0   15 
14/09/24  11:30   22.8   23.1   22.4    30    4.3    4.8     NO   1.21  11.3   OSO   22.8   21.5   21.5  1021.2   0.00    0.0    0.000   0.046   24.9    48   13.2   24.8    8.91   1.1764     351     1    100.0   15 
14/09/24  11:45   22.9   23.3   22.7    29    3.9    4.8      O   1.21  17.7   OSO   22.9   21.7   21.7  1021.1   0.00    0.0    0.000   0.048   24.9    47   12.9   24.7    8.71   1.1766     351     1    100.0   15 
14/09/24  12:00   23.3   23.4   23.2    25    2.1    6.4    OSO   1.61  17.7   SSO   23.3   22.0   22.0  1021.1   0.00    0.0    0.000   0.052   24.9    47   12.9   24.7    8.71   1.1766     351     1    100.0   15 
14/09/24  12:15   23.6   24.0   23.2    27    3.5    4.8     NO   1.21  12.9   NNO   23.6   22.4   22.4  1020.8   0.00    0.0    0.000   0.054   25.1    47   13.0   24.8    8.71   1.1757     350     1    100.0   15 
14/09/24  12:30   24.3   24.5   24.0    23    1.8    4.8      O   1.21  14.5   OSO   24.3   23.2   23.2  1020.7   0.00    0.0    0.000   0.062   25.1    46   12.7   24.9    8.51   1.1757     350     1    100.0   15 
14/09/24  12:45   24.5   24.8   24.4    24    2.6    4.8     NO   1.21  14.5    NO   24.5   23.6   23.6  1020.6   0.00    0.0    0.000   0.064   25.1    46   12.7   24.9    8.51   1.1756     352     1    100.0   15 
14/09/24  13:00   25.1   25.3   24.8    21    1.2    4.8     NO   1.21  12.9    NO   25.1   24.2   24.2  1020.4   0.00    0.0    0.000   0.070   25.1    46   12.7   24.9    8.51   1.1754     350     1    100.0   15 
14/09/24  13:15   25.1   25.3   24.9    21    1.2    6.4    NNO   1.61  12.9    NO   25.1   24.2   24.2  1020.3   0.00    0.0    0.000   0.070   25.2    46   12.7   24.9    8.50   1.1749     351     1    100.0   15 
14/09/24  13:30   25.0   25.3   24.8    22    1.8    6.4     NO   1.61  16.1    NO   25.0   24.2   24.2  1020.0   0.00    0.0    0.000   0.069   25.2    46   12.7   24.9    8.50   1.1746     351     1    100.0   15 
14/09/24  13:45   25.3   25.6   25.1    22    2.1    4.8     NO   1.21  14.5   OSO   25.3   24.3   24.3  1020.0   0.00    0.0    0.000   0.073   25.2    46   12.8   25.0    8.50   1.1743     352     1    100.0   15 
14/09/24  14:00   25.4   25.6   25.2    22    2.1    4.8     NO   1.21  16.1   NNO   25.4   24.4   24.4  1019.7   0.00    0.0    0.000   0.073   25.3    46   12.8   25.1    8.50   1.1737     350     1    100.0   15 
14/09/24  14:15   25.4   25.6   25.2    23    2.8    4.8     NO   1.21  14.5    NO   25.4   24.4   24.4  1019.6   0.00    0.0    0.000   0.074   25.3    42   11.4   24.9    7.90   1.1750     351     1    100.0   15 
14/09/24  14:30   25.9   26.3   25.3    21    1.9    3.2     NO   0.80  14.5     N   25.9   24.5   24.5  1019.4   0.00    0.0    0.000   0.079   25.3    44   12.1   25.0    8.20   1.1741     350     1    100.0   15 
14/09/24  14:45   26.4   26.6   26.3    22    3.0    3.2    NNO   0.80  12.9    SO   26.4   24.9   24.9  1019.2   0.00    0.0    0.000   0.084   25.3    43   11.8   25.0    8.05   1.1740     352     1    100.0   15 
14/09/24  15:00   26.2   26.3   26.1    22    2.8    4.8    NNO   1.21  14.5    NO   26.2   24.7   24.7  1019.1   0.00    0.0    0.000   0.082   25.4    43   11.9   25.1    8.05   1.1733     351     1    100.0   15 
14/09/24  15:15   26.2   26.6   26.1    21    2.2    3.2    NNO   0.80  11.3   NNO   26.2   24.7   24.7  1019.0   0.00    0.0    0.000   0.082   25.5    43   12.0   25.2    8.05   1.1729     350     1    100.0   15 
14/09/24  15:30   26.4   26.6   26.4    21    2.3    4.8     NO   1.21  11.3    NO   26.4   24.8   24.8  1018.9   0.00    0.0    0.000   0.084   25.6    43   12.1   25.3    8.05   1.1722     350     1    100.0   15 
14/09/24  15:45   26.6   26.8   26.4    21    2.5    3.2    NNO   0.80  14.5     N   26.6   25.0   25.0  1018.9   0.00    0.0    0.000   0.086   25.6    43   12.1   25.3    8.05   1.1722     351     1    100.0   15 
14/09/24  16:00   26.4   26.6   26.2    21    2.3    4.8     NO   1.21  14.5   NNO   26.4   24.8   24.8  1018.9   0.00    0.0    0.000   0.084   25.7    44   12.5   25.4    8.19   1.1716     352     1    100.0   15 
14/09/24  16:15   26.4   26.4   26.3    21    2.3    3.2     NO   0.80  12.9   NNO   26.4   24.8   24.8  1018.8   0.00    0.0    0.000   0.084   25.7    44   12.5   25.4    8.19   1.1715     351     1    100.0   15 
14/09/24  16:30   26.3   26.3   26.2    23    3.5    3.2    NNO   0.80   9.7   NNO   26.3   24.8   24.8  1018.8   0.00    0.0    0.000   0.083   25.7    44   12.6   25.4    8.18   1.1712     351     1    100.0   15 
14/09/24  16:45   26.3   26.4   26.1    24    4.1    3.2     NO   0.80   8.0   NNO   26.3   24.9   24.9  1018.9   0.00    0.0    0.000   0.083   25.7    44   12.6   25.4    8.18   1.1713     351     1    100.0   15 
14/09/24  17:00   25.8   26.1   25.6    24    3.7    3.2     NO   0.80   9.7     O   25.8   24.7   24.7  1018.9   0.00    0.0    0.000   0.078   25.7    44   12.6   25.4    8.18   1.1713     352     1    100.0   15 
14/09/24  17:15   25.2   25.6   24.9    26    4.3    1.6     NO   0.40   6.4    NO   25.2   24.4   24.4  1019.0   0.00    0.0    0.000   0.071   25.8    44   12.6   25.5    8.18   1.1712     349     1    100.0   15 
14/09/24  17:30   25.1   25.3   24.9    33    7.7    1.6    OSO   0.40   8.0   SSO   25.1   24.5   24.5  1019.0   0.00    0.0    0.000   0.071   25.8    45   12.9   25.6    8.38   1.1708     346     1    100.0   15 
14/09/24  17:45   23.9   24.8   23.1    40    9.5    3.2     SO   0.80   9.7     S   23.9   23.5   23.5  1019.1   0.00    0.0    0.000   0.058   25.8    45   12.9   25.6    8.38   1.1709     348     1    100.0   15 
14/09/24  18:00   22.3   23.0   21.8    44    9.5    4.8     SO   1.21  12.9     O   22.3   21.6   21.6  1019.3   0.00    0.0    0.000   0.042   25.7    45   12.9   25.5    8.38   1.1714     352     1    100.0   15 
14/09/24  18:15   21.4   21.8   21.1    47    9.6    3.2     SO   0.80   8.0    SO   21.4   20.3   20.3  1019.4   0.00    0.0    0.000   0.032   25.7    45   12.9   25.5    8.38   1.1715     349     1    100.0   15 
14/09/24  18:30   20.7   21.1   20.3    50    9.9    3.2    OSO   0.80   9.7     S   20.7   19.8   19.8  1019.5   0.00    0.0    0.000   0.024   25.7    46   13.2   25.5    8.49   1.1715     333     1     97.4   15 
14/09/24  18:45   20.2   20.3   19.9    54   10.6    1.6     SO   0.40   8.0     S   20.2   19.6   19.6  1019.6   0.00    0.0    0.000   0.019   25.7    46   13.2   25.5    8.49   1.1717     350     1    100.0   15 
14/09/24  19:00   19.7   19.9   19.5    57   10.9    3.2     SO   0.80   8.0   OSO   19.7   19.3   19.3  1019.7   0.00    0.0    0.000   0.014   25.6    46   13.1   25.4    8.49   1.1721     351     1    100.0   15 
14/09/24  19:15   19.3   19.5   19.0    59   11.1    1.6    OSO   0.40   8.0   OSO   19.3   18.9   18.9  1019.7   0.00    0.0    0.000   0.010   25.4    47   13.3   25.3    8.69   1.1725     351     1    100.0   15 
14/09/24  19:30   18.8   19.0   18.6    61   11.1    1.6    OSO   0.40   4.8   OSO   18.8   18.4   18.4  1019.7   0.00    0.0    0.000   0.005   25.3    48   13.5   25.2    8.90   1.1727     350     1    100.0   15 
14/09/24  19:45   18.5   18.6   18.4    62   11.1    1.6    ONO   0.40   4.8   ONO   18.5   18.2   18.2  1019.7   0.00    0.0    0.000   0.002   25.2    48   13.4   25.1    8.90   1.1732     351     1    100.0   15 
14/09/24  20:00   18.3   18.4   18.2    62   10.9    0.0      O   0.00   3.2   OSO   18.3   18.0   18.0  1019.6   0.00    0.0    0.000   0.000   25.1    49   13.6   25.0    9.01   1.1733     350     1    100.0   15 
14/09/24  20:15   18.1   18.2   18.0    63   10.9    0.0      O   0.00   3.2     O   18.1   17.7   17.7  1019.8   0.00    0.0    0.003   0.000   25.0    49   13.5   24.8    9.01   1.1740     351     1    100.0   15 
14/09/24  20:30   17.9   18.0   17.7    64   11.0    1.6      O   0.40   4.8     O   17.9   17.6   17.6  1019.6   0.00    0.0    0.005   0.000   24.9    50   13.8   24.8    9.21   1.1737     349     1    100.0   15 
14/09/24  20:45   17.7   17.8   17.7    56    8.8    1.6      O   0.40   4.8     O   17.7   17.1   17.1  1019.6   0.00    0.0    0.006   0.000   24.8    50   13.7   24.8    9.22   1.1743     351     1    100.0   15 
14/09/24  21:00   17.7   17.8   17.6    47    6.3    0.0      O   0.00   3.2     O   17.7   16.6   16.6  1019.7   0.00    0.0    0.006   0.000   24.8    51   14.0   24.8    9.35   1.1743     350     1    100.0   15 
14/09/24  21:15   17.3   17.6   17.2    63   10.2    6.4    ENE   1.61  16.1     E   17.3   16.9   16.9  1019.8   0.00    0.0    0.010   0.000   24.8    50   13.6   24.7    9.22   1.1749     351     1    100.0   15 
14/09/24  21:30   17.2   17.3   17.2    65   10.6    4.8    ENE   1.21   9.7    NE   17.2   16.9   16.9  1019.8   0.00    0.0    0.012   0.000   25.2    50   14.1   25.2    9.20   1.1726     350     1    100.0   15 
14/09/24  21:45   17.2   17.3   17.1    66   10.8    3.2    ENE   0.80   8.0    NE   17.2   16.8   16.8  1019.8   0.00    0.0    0.012   0.000   25.7    49   14.2   25.7    8.99   1.1708     348     1    100.0   15 
14/09/24  22:00   17.6   17.9   17.3    63   10.4    6.4    ENE   1.61  12.9   ENE   17.6   17.2   17.2  1019.8   0.00    0.0    0.008   0.000   26.0    49   14.5   26.1    8.97   1.1691     351     1    100.0   15 
14/09/24  22:15   17.7   17.9   17.4    63   10.5    3.2      E   0.80  11.3     E   17.7   17.3   17.3  1019.8   0.00    0.0    0.007   0.000   26.2    49   14.7   26.3    8.97   1.1679     351     1    100.0   15 
14/09/24  22:30   17.5   17.5   17.4    63   10.4    1.6      E   0.40   4.8   ESE   17.5   17.1   17.1  1019.8   0.00    0.0    0.009   0.000   26.4    49   14.9   26.4    8.96   1.1668     352     1    100.0   15 
14/09/24  22:45   17.4   17.6   17.3    61    9.8    3.2    ENE   0.80   6.4   ENE   17.4   16.9   16.9  1019.6   0.00    0.0    0.009   0.000   26.6    49   15.0   26.6    8.95   1.1657     351     1    100.0   15 
14/09/24  23:00   17.6   17.7   17.2    62   10.2    1.6     NO   0.40   4.8   ENE   17.6   17.1   17.1  1019.6   0.00    0.0    0.008   0.000   26.6    49   15.0   26.6    8.95   1.1660     351     1    100.0   15 
14/09/24  23:15   16.9   17.1   16.8    62    9.6    0.0     NO   0.00   4.8    NO   16.9   16.4   16.4  1019.5   0.00    0.0    0.014   0.000   26.4    50   15.2   26.5    9.16   1.1661     351     1    100.0   15 
14/09/24  23:30   16.8   16.9   16.8    62    9.5    0.0     NO   0.00   3.2    NO   16.8   16.2   16.2  1019.4   0.00    0.0    0.016   0.000   26.2    50   15.0   26.3    9.17   1.1671     351     1    100.0   15 
14/09/24  23:45   16.7   16.8   16.7    62    9.4    0.0     NO   0.00   3.2    NO   16.7   16.2   16.2  1019.5   0.00    0.0    0.017   0.000   25.9    50   14.7   26.0    9.18   1.1686     350     1    100.0   15 
15/09/24  00:00   16.8   16.9   16.7    62    9.5    0.0     NO   0.00   1.6    NO   16.8   16.2   16.2  1019.4   0.00    0.0    0.016   0.000   25.7    51   14.8   25.7    9.35   1.1695     350     1    100.0   15 
15/09/24   0:15   16.9   16.9   16.8    61    9.3    1.6     NO   0.40   3.2    NO   16.9   16.3   16.3  1019.4   0.00    0.0    0.015   0.000   25.4    51   14.5   25.4    9.35   1.1709     349     1    100.0   15 
15/09/24   0:30   16.8   16.8   16.7    60    9.0    1.6     NO   0.40   3.2    NO   16.8   16.1   16.1  1019.3   0.00    0.0    0.016   0.000   25.2    51   14.4   25.2    9.35   1.1716     351     1    100.0   15 
15/09/24   0:45   16.7   16.7   16.7    60    8.9    0.0     NO   0.00   3.2    NO   16.7   16.1   16.1  1019.2   0.00    0.0    0.017   0.000   25.1    52   14.5   25.1    9.51   1.1720     351     1    100.0   15 
15/09/24   1:00   16.7   16.7   16.6    60    8.9    1.6     NO   0.40   3.2    NO   16.7   16.0   16.0  1019.1   0.00    0.0    0.017   0.000   24.9    52   14.4   24.9    9.51   1.1727     352     1    100.0   15 
15/09/24   1:15   16.4   16.6   16.3    63    9.4    1.6     NO   0.40   3.2    NO   16.4   15.9   15.9  1019.0   0.00    0.0    0.020   0.000   24.7    52   14.2   24.8    9.52   1.1734     351     1    100.0   15 
15/09/24   1:30   16.1   16.3   16.0    65    9.5    1.6     NO   0.40   4.8    NO   16.1   15.7   15.7  1018.9   0.00    0.0    0.023   0.000   24.6    52   14.0   24.6    9.53   1.1742     351     1    100.0   15 
15/09/24   1:45   15.8   16.0   15.2    67    9.7    1.6     NO   0.40   8.0     E   15.8   15.3   15.3  1018.8   0.00    0.0    0.027   0.000   24.4    53   14.2   24.5    9.65   1.1745     351     1    100.0   15 
15/09/24   2:00   14.7   15.2   14.5    70    9.3    1.6      E   0.40   8.0     E   14.7   14.3   14.3  1018.7   0.00    0.0    0.038   0.000   24.2    53   14.0   24.3    9.65   1.1753     351     1    100.0   15 
15/09/24   2:15   14.7   14.8   14.6    70    9.3    0.0      E   0.00   1.6     E   14.7   14.3   14.3  1018.7   0.00    0.0    0.038   0.000   24.1    53   13.9   24.2    9.65   1.1761     351     1    100.0   15 
15/09/24   2:30   14.6   14.8   14.4    70    9.1    0.0      E   0.00   3.2     E   14.6   14.1   14.1  1018.4   0.00    0.0    0.039   0.000   23.9    53   13.7   24.1    9.65   1.1766     351     1    100.0   15 
15/09/24   2:45   14.3   14.4   14.2    71    9.1    0.0      E   0.00   1.6     E   14.3   13.9   13.9  1018.4   0.00    0.0    0.042   0.000   23.8    54   13.9   24.0    9.85   1.1768     351     1    100.0   15 
15/09/24   3:00   14.1   14.2   13.9    71    8.9    0.0      E   0.00   1.6     E   14.1   13.7   13.7  1018.2   0.00    0.0    0.045   0.000   23.7    54   13.8   23.8    9.86   1.1772     350     1    100.0   15 
15/09/24   3:15   13.9   14.0   13.9    72    9.0    1.6      E   0.40   3.2     E   13.9   13.6   13.6  1018.3   0.00    0.0    0.046   0.000   23.5    54   13.7   23.6    9.86   1.1781     351     1    100.0   15 
15/09/24   3:30   14.1   14.1   14.0    72    9.1    1.6     NO   0.40   4.8   ONO   14.1   13.7   13.7  1018.2   0.00    0.0    0.045   0.000   23.4    54   13.6   23.4    9.87   1.1785     349     1    100.0   15 
