                 Temp.  Temp.  Temp.  Hum.   Punt   Vel.   Dir.   Rec.  Vel.  Dir.  Sens.   Índ.   Índ.                  Int. Graus D.Graus D.  Temp.  Hum. Rosada  In.Cal.  EMC     Dens.    Mostr   Tx   Recep.  Int.
  Data    Hora    Ext.   Màx.   Mín.  Ext. Rosada   Vent   Vent   Vent  Màx.  Màx.  Tèrm.  Calor   THW    Bar    Pluja   Pluja  Calor    Fred    Int.  Int.   Int.   Int.    Int.  Int.Aire    Vent   Vent   ISS   Arc.
-------------------------------------------------------------------------------------------------------------------------------------------------------------------------------------------------------------------------
18/09/24   0:15   15.5   15.5   15.4    88   13.5    4.8    ENE   1.21  12.9   ESE   15.5   15.6   15.6  1015.1   0.00    0.0    0.030   0.000   23.6    55   14.0   23.7   10.06   1.1737     348     1    100.0   15 
18/09/24   0:30   15.5   15.6   15.4    88   13.5    3.2    ENE   0.80  11.3     E   15.5   15.6   15.6  1015.1   0.00    0.0    0.030   0.000   23.4    55   13.9   23.6   10.07   1.1743     350     1    100.0   15 
18/09/24   0:45   15.4   15.4   15.4    88   13.5    3.2    ENE   0.80  11.3     E   15.4   15.6   15.6  1015.1   0.00    0.0    0.030   0.000   23.4    55   13.8   23.5   10.07   1.1746     352     1    100.0   15 
18/09/24   1:00   15.4   15.4   15.4    88   13.4    3.2    ENE   0.80  12.9   ENE   15.4   15.5   15.5  1015.2   0.00    0.0    0.031   0.000   23.3    55   13.8   23.4   10.07   1.1749     350     1    100.0   15 
18/09/24   1:15   15.4   15.4   15.4    87   13.2    3.2    ENE   0.80  11.3   ENE   15.4   15.5   15.5  1015.0   0.00    0.0    0.031   0.000   23.3    56   14.0   23.4   10.27   1.1747     350     1    100.0   15 
18/09/24   1:30   15.5   15.6   15.4    86   13.2    3.2    ENE   0.80   9.7     E   15.5   15.6   15.6  1015.0   0.00    0.0    0.030   0.000   23.2    56   13.9   23.3   10.28   1.1752     351     1    100.0   15 
18/09/24   1:45   15.6   15.6   15.6    85   13.1    3.2    ENE   0.80  11.3   ENE   15.6   15.7   15.7  1014.9   0.00    0.0    0.028   0.000   23.1    56   13.9   23.2   10.28   1.1754     350     1    100.0   15 
18/09/24   2:00   15.7   15.7   15.6    84   13.0    1.6    ENE   0.40   9.7     N   15.7   15.7   15.7  1014.8   0.00    0.0    0.028   0.000   23.1    56   13.8   23.2   10.28   1.1756     351     1    100.0   15 
18/09/24   2:15   15.7   15.7   15.6    83   12.8    3.2    ENE   0.80  12.9   ENE   15.7   15.7   15.7  1014.8   0.00    0.0    0.028   0.000   22.9    56   13.7   23.0   10.28   1.1761     350     1    100.0   15 
18/09/24   2:30   15.6   15.7   15.6    83   12.7    1.6     NE   0.40  12.9   ENE   15.6   15.6   15.6  1014.8   0.00    0.0    0.028   0.000   22.9    56   13.6   22.9   10.29   1.1764     351     1    100.0   15 
18/09/24   2:45   15.6   15.6   15.6    83   12.7    3.2    ENE   0.80  11.3   ENE   15.6   15.6   15.6  1014.8   0.00    0.0    0.029   0.000   22.8    56   13.5   22.8   10.29   1.1770     351     1    100.0   15 
18/09/24   3:00   15.6   15.6   15.5    83   12.7    1.6      E   0.40   8.0     E   15.6   15.6   15.6  1014.7   0.00    0.0    0.029   0.000   22.7    56   13.5   22.7   10.29   1.1772     352     1    100.0   15 
18/09/24   3:15   15.5   15.6   15.5    82   12.4    3.2      E   0.80  11.3     E   15.5   15.5   15.5  1014.6   0.00    0.0    0.030   0.000   22.7    56   13.4   22.7   10.29   1.1773     350     1    100.0   15 
18/09/24   3:30   15.5   15.6   15.4    82   12.4    1.6    ENE   0.40   9.7     E   15.5   15.5   15.5  1014.7   0.00    0.0    0.030   0.000   22.6    56   13.3   22.5   10.30   1.1780     349     1    100.0   15 
18/09/24   3:45   15.4   15.4   15.3    83   12.5    1.6    ONO   0.40   8.0   ENE   15.4   15.4   15.4  1014.8   0.00    0.0    0.031   0.000   22.5    56   13.3   22.4   10.30   1.1784     351     1    100.0   15 
18/09/24   4:00   15.4   15.4   15.3    82   12.3    1.6     SE   0.40   4.8     S   15.4   15.4   15.4  1014.7   0.00    0.0    0.031   0.000   22.4    56   13.2   22.3   10.30   1.1786     351     1    100.0   15 
18/09/24   4:15   15.4   15.4   15.4    82   12.3    1.6    ENE   0.40   6.4   ESE   15.4   15.4   15.4  1014.7   0.00    0.0    0.031   0.000   22.4    56   13.2   22.2   10.30   1.1788     351     1    100.0   15 
18/09/24   4:30   15.4   15.5   15.4    81   12.2    1.6    NNO   0.40   9.7     E   15.4   15.4   15.4  1014.8   0.00    0.0    0.030   0.000   22.3    56   13.1   22.2   10.31   1.1793     351     1    100.0   15 
18/09/24   4:45   15.5   15.6   15.5    80   12.1    1.6      E   0.40  11.3   ESE   15.5   15.4   15.4  1014.8   0.00    0.0    0.030   0.000   22.3    56   13.1   22.1   10.31   1.1796     350     1    100.0   15 
18/09/24   5:00   15.6   15.6   15.5    80   12.1    1.6     NE   0.40   8.0     E   15.6   15.5   15.5  1014.8   0.00    0.0    0.029   0.000   22.2    57   13.3   22.1   10.47   1.1795     350     1    100.0   15 
18/09/24   5:15   15.6   15.6   15.5    80   12.1    1.6    ENE   0.40   9.7     E   15.6   15.5   15.5  1014.8   0.00    0.0    0.029   0.000   22.2    57   13.3   22.1   10.47   1.1795     352     1    100.0   15 
18/09/24   5:30   15.6   15.6   15.5    81   12.3    1.6      E   0.40   8.0     E   15.6   15.5   15.5  1014.9   0.00    0.0    0.029   0.000   22.4    57   13.5   22.3   10.46   1.1788     351     1    100.0   15 
18/09/24   5:45   15.5   15.6   15.5    81   12.3    0.0      E   0.00   4.8     E   15.5   15.4   15.4  1015.1   0.00    0.0    0.030   0.000   22.5    57   13.6   22.4   10.45   1.1785     351     1    100.0   15 
18/09/24   6:00   15.5   15.5   15.5    81   12.3    0.0    ONO   0.00   4.8     E   15.5   15.4   15.4  1015.3   0.00    0.0    0.030   0.000   22.7    58   14.0   22.7   10.64   1.1775     351     1    100.0   15 
18/09/24   6:15   15.5   15.6   15.5    82   12.4    0.0      E   0.00   8.0     E   15.5   15.5   15.5  1015.4   0.00    0.0    0.030   0.000   22.8    58   14.1   22.9   10.63   1.1771     351     1    100.0   15 
18/09/24   6:30   15.6   15.6   15.5    82   12.5    1.6    ESE   0.40   8.0     E   15.6   15.6   15.6  1015.6   0.00    0.0    0.029   0.000   22.9    58   14.2   23.1   10.62   1.1767     349     1    100.0   15 
18/09/24   6:45   15.6   15.6   15.6    82   12.5    1.6     NE   0.40   8.0   ESE   15.6   15.6   15.6  1015.6   0.00    0.0    0.029   0.000   22.9    59   14.5   23.1   10.82   1.1764     350     1    100.0   15 
18/09/24   7:00   15.6   15.7   15.6    82   12.5    1.6    ENE   0.40   3.2   ONO   15.6   15.6   15.6  1015.5   0.00    0.0    0.028   0.000   22.9    59   14.5   23.2   10.82   1.1760     350     1    100.0   15 
18/09/24   7:15   15.7   15.8   15.7    81   12.5    1.6     NE   0.40   6.4    NE   15.7   15.7   15.7  1015.5   0.00    0.0    0.027   0.000   23.0    59   14.6   23.2   10.81   1.1757     350     1    100.0   15 
18/09/24   7:30   16.0   16.2   15.8    80   12.5    1.6    ENE   0.40   8.0     E   16.0   16.0   16.0  1015.6   0.00    0.0    0.024   0.000   23.0    61   15.1   23.3   11.11   1.1752     352     1    100.0   15 
18/09/24   7:45   16.4   16.7   16.2    77   12.4    1.6      E   0.40   9.7     E   16.4   16.4   16.4  1015.8   0.00    0.0    0.020   0.000   23.2    60   15.0   23.5   10.98   1.1748     351     1    100.0   15 
18/09/24   8:00   16.9   17.1   16.7    76   12.6    4.8    ENE   1.21  14.5   ENE   16.9   16.8   16.8  1015.8   0.00    0.0    0.015   0.000   23.3    59   14.8   23.6   10.79   1.1746     349     1    100.0   15 
18/09/24   8:15   17.3   17.4   17.1    74   12.6    6.4    ENE   1.61  16.1     E   17.3   17.2   17.2  1015.8   0.00    0.0    0.011   0.000   23.5    57   14.5   23.8   10.38   1.1741     351     1    100.0   15 
18/09/24   8:30   17.9   18.3   17.4    70   12.3    3.2    ENE   0.80  12.9   ENE   17.9   17.8   17.8  1015.9   0.00    0.0    0.005   0.000   23.8    56   14.5   24.2   10.25   1.1729     352     1    100.0   15 
18/09/24   8:45   18.6   18.9   18.3    67   12.3    4.8      E   1.21  14.5     E   18.6   18.5   18.5  1015.9   0.00    0.0    0.000   0.002   24.3    55   14.7   24.5   10.02   1.1709     350     1    100.0   15 
18/09/24   9:00   19.1   19.2   18.9    65   12.3    6.4    ENE   1.61  16.1   ENE   19.1   19.0   19.0  1015.9   0.00    0.0    0.000   0.008   24.6    54   14.7   24.7    9.82   1.1696     350     1    100.0   15 
18/09/24   9:15   18.9   19.0   18.8    65   12.2    3.2      E   0.80  11.3   ENE   18.9   18.8   18.8  1015.9   0.00    0.0    0.000   0.006   24.6    54   14.7   24.7    9.82   1.1696     351     1    100.0   15 
18/09/24   9:30   18.7   19.1   18.6    67   12.5    4.8    ENE   1.21  12.9   ENE   18.7   18.7   18.7  1015.9   0.00    0.0    0.000   0.004   24.6    53   14.3   24.7    9.65   1.1702     351     1    100.0   15 
18/09/24   9:45   19.4   19.5   19.1    65   12.7    4.8      E   1.21  14.5     E   19.4   19.4   19.4  1015.7   0.00    0.0    0.000   0.012   24.7    53   14.4   24.7    9.65   1.1695     350     1    100.0   15 
18/09/24  10:00   19.4   19.5   19.3    66   12.9    4.8    ENE   1.21  20.9     E   19.4   19.4   19.4  1015.9   0.00    0.0    0.000   0.011   24.7    52   14.2   24.7    9.52   1.1700     351     1    100.0   15 
18/09/24  10:15   19.3   19.3   19.3    66   12.8    4.8    ENE   1.21  14.5     E   19.3   19.3   19.3  1015.9   0.00    0.0    0.000   0.010   24.7    52   14.2   24.7    9.52   1.1700     351     1    100.0   15 
18/09/24  10:30   19.3   19.3   19.3    65   12.6    4.8      E   1.21  14.5   ENE   19.3   19.3   19.3  1015.9   0.00    0.0    0.000   0.010   24.6    52   14.0   24.6    9.53   1.1707     351     1    100.0   15 
18/09/24  10:45   19.2   19.3   19.1    66   12.7    3.2      E   0.80  11.3     E   19.2   19.2   19.2  1015.8   0.00    0.0    0.000   0.009   24.4    52   13.9   24.5    9.53   1.1711     352     1    100.0   15 
18/09/24  11:00   19.3   19.4   19.2    65   12.5    3.2      E   0.80   9.7     E   19.3   19.2   19.2  1015.7   0.00    0.0    0.000   0.010   24.4    52   13.9   24.4    9.53   1.1713     351     1    100.0   15 
18/09/24  11:15   19.5   19.6   19.4    65   12.7    1.6      E   0.40   9.7     E   19.5   19.5   19.5  1015.7   0.00    0.0    0.000   0.012   24.3    52   13.8   24.4    9.54   1.1718     351     1    100.0   15 
18/09/24  11:30   19.5   19.6   19.5    65   12.7    3.2      E   0.80   9.7     E   19.5   19.5   19.5  1015.7   0.00    0.0    0.000   0.012   24.3    52   13.8   24.4    9.54   1.1718     350     1    100.0   15 
18/09/24  11:45   19.7   19.9   19.6    65   13.0    1.6     SE   0.40   8.0    SE   19.7   19.8   19.8  1015.7   0.00    0.0    0.000   0.014   24.4    52   13.9   24.4    9.53   1.1712     351     1    100.0   15 
18/09/24  12:00   19.9   19.9   19.9    65   13.1    3.2      E   0.80  11.3     E   19.9   20.0   20.0  1015.6   0.00    0.0    0.000   0.016   24.4    52   13.9   24.5    9.53   1.1709     351     1    100.0   15 
18/09/24  12:15   20.1   20.2   19.9    64   13.1    1.6    ENE   0.40   6.4   ENE   20.1   20.1   20.1  1015.5   0.00    0.0    0.000   0.019   24.6    52   14.0   24.6    9.53   1.1702     351     1    100.0   15 
18/09/24  12:30   20.4   20.4   20.2    65   13.6    1.6    ESE   0.40  11.3     E   20.4   20.4   20.4  1015.3   0.00    0.0    0.000   0.021   24.7    52   14.2   24.7    9.52   1.1694     351     1    100.0   15 
18/09/24  12:45   20.4   20.6   20.3    67   14.1    4.8    ENE   1.21  14.5   ENE   20.4   20.6   20.6  1015.3   0.00    0.0    0.000   0.022   24.6    52   14.0   24.6    9.53   1.1699     351     1    100.0   15 
18/09/24  13:00   21.1   21.3   20.6    63   13.7    4.8      E   1.21  16.1   ENE   21.1   20.8   20.8  1015.3   0.00    0.0    0.000   0.028   24.6    52   14.1   24.7    9.52   1.1696     350     1    100.0   15 
18/09/24  13:15   21.1   21.2   20.8    64   14.0    3.2    ENE   0.80  12.9     E   21.1   20.8   20.8  1015.1   0.00    0.0    0.000   0.028   24.6    53   14.4   24.7    9.65   1.1691     350     1    100.0   15 
18/09/24  13:30   20.8   20.8   20.7    65   14.0    3.2      E   0.80  11.3     E   20.8   20.7   20.7  1015.2   0.00    0.0    0.000   0.025   24.6    53   14.4   24.7    9.65   1.1692     351     1    100.0   15 
18/09/24  13:45   20.4   20.7   20.1    68   14.3    4.8      E   1.21  16.1   ENE   20.4   20.6   20.6  1015.0   0.00    0.0    0.000   0.021   24.6    53   14.4   24.7    9.65   1.1690     350     1    100.0   15 
18/09/24  14:00   19.9   20.1   19.8    70   14.3    4.8      E   1.21  14.5     E   19.9   20.3   20.3  1015.0   0.00    0.0    0.000   0.017   24.6    53   14.3   24.7    9.65   1.1692     352     1    100.0   15 
18/09/24  14:15   19.7   19.8   19.5    71   14.3    4.8      E   1.21  16.1     E   19.7   19.9   19.9  1015.0   0.00    0.0    0.000   0.014   24.6    53   14.4   24.7    9.65   1.1690     351     1    100.0   15 
18/09/24  14:30   19.3   19.4   19.1    74   14.5    3.2    SSE   0.80  11.3     S   19.3   19.6   19.6  1015.0   0.00    0.0    0.000   0.010   24.7    53   14.4   24.7    9.65   1.1687     350     1    100.0   15 
18/09/24  14:45   18.9   19.1   18.6    80   15.4    3.2      O   0.80   8.0     E   18.9   19.4   19.4  1015.1   0.00    0.0    0.000   0.006   24.6    54   14.7   24.7    9.82   1.1687     351     1    100.0   15 
18/09/24  15:00   18.5   18.6   18.4    81   15.2    1.6      E   0.40   8.0   OSO   18.5   18.9   18.9  1015.1   0.00    0.0    0.000   0.002   24.5    54   14.6   24.6    9.83   1.1692     352     1    100.0   15 
18/09/24  15:15   18.4   18.4   18.3    80   14.9    3.2    SSE   0.80   9.7    SO   18.4   18.8   18.8  1015.1   0.00    0.0    0.000   0.001   24.4    54   14.5   24.6    9.83   1.1696     351     1    100.0   15 
18/09/24  15:30   18.6   19.1   18.3    79   14.9    3.2      S   0.80   8.0    SO   18.6   19.0   19.0  1015.2   0.00    0.0    0.000   0.003   24.4    54   14.5   24.6    9.83   1.1697     350     1    100.0   15 
18/09/24  15:45   19.0   19.2   18.8    77   14.9    3.2      S   0.80   8.0   SSO   19.0   19.4   19.4  1015.3   0.00    0.0    0.000   0.007   24.4    54   14.5   24.6    9.83   1.1701     351     1    100.0   15 
18/09/24  16:00   18.7   18.8   18.6    77   14.6    3.2      S   0.80   6.4   SSE   18.7   19.0   19.0  1015.3   0.00    0.0    0.000   0.003   24.3    55   14.7   24.5   10.02   1.1700     351     1    100.0   15 
18/09/24  16:15   18.4   18.6   18.3    78   14.5    3.2    SSO   0.80   8.0   SSO   18.4   18.7   18.7  1015.3   0.00    0.0    0.000   0.001   24.3    55   14.7   24.5   10.02   1.1703     351     1    100.0   15 
18/09/24  16:30   18.4   18.7   18.3    76   14.1    3.2    OSO   0.80   8.0     O   18.4   18.7   18.7  1015.3   0.00    0.0    0.000   0.001   24.2    55   14.6   24.4   10.03   1.1706     350     1    100.0   15 
18/09/24  16:45   18.9   19.1   18.7    76   14.6    1.6     SO   0.40   4.8    SO   18.9   19.2   19.2  1015.4   0.00    0.0    0.000   0.006   24.2    55   14.6   24.4   10.03   1.1707     351     1    100.0   15 
18/09/24  17:00   18.9   19.1   18.8    76   14.6    1.6    SSE   0.40   6.4     S   18.9   19.3   19.3  1015.4   0.00    0.0    0.000   0.006   24.2    55   14.6   24.4   10.03   1.1709     350     1    100.0   15 
18/09/24  17:15   18.6   18.8   18.5    79   14.9    1.6    SSE   0.40   6.4     S   18.6   19.0   19.0  1015.5   0.00    0.0    0.000   0.003   24.2    56   14.9   24.5   10.23   1.1705     352     1    100.0   15 
18/09/24  17:30   18.7   18.7   18.6    78   14.8    0.0      S   0.00   4.8     S   18.7   19.1   19.1  1015.4   0.00    0.0    0.000   0.003   24.2    56   14.9   24.5   10.23   1.1704     349     1    100.0   15 
18/09/24  17:45   18.7   18.7   18.6    79   14.9    0.0      S   0.00   1.6     S   18.7   19.1   19.1  1015.5   0.00    0.0    0.000   0.003   24.2    56   14.9   24.5   10.23   1.1705     350     1    100.0   15 
18/09/24  18:00   18.3   18.6   18.1    80   14.8    0.0      S   0.00   1.6     S   18.3   18.7   18.7  1015.5   0.00    0.0    0.001   0.000   24.2    56   14.8   24.4   10.23   1.1708     348     1    100.0   15 
18/09/24  18:15   17.8   18.1   17.7    82   14.7    1.6    ONO   0.40   4.8   ONO   17.8   18.2   18.2  1015.6   0.00    0.0    0.005   0.000   24.1    56   14.7   24.3   10.24   1.1714     351     1    100.0   15 
18/09/24  18:30   17.6   17.7   17.4    83   14.6    1.6    ONO   0.40   3.2   ONO   17.6   17.8   17.8  1015.6   0.00    0.0    0.008   0.000   23.9    56   14.6   24.3   10.25   1.1720     350     1    100.0   15 
18/09/24  18:45   17.3   17.4   17.3    84   14.6    0.0    ONO   0.00   1.6   ONO   17.3   17.6   17.6  1015.9   0.00    0.0    0.010   0.000   23.9    56   14.6   24.3   10.25   1.1723     349     1    100.0   15 
18/09/24  19:00   17.3   17.3   17.2    84   14.5    0.0    ONO   0.00   1.6   ONO   17.3   17.6   17.6  1016.1   0.00    0.0    0.011   0.000   23.9    57   14.9   24.3   10.35   1.1722     351     1    100.0   15 
18/09/24  19:15   17.3   17.3   17.2    83   14.4    1.6     NE   0.40   4.8    NE   17.3   17.5   17.5  1016.2   0.00    0.0    0.011   0.000   23.9    57   14.9   24.3   10.35   1.1724     351     1    100.0   15 
18/09/24  19:30   17.4   17.5   17.3    82   14.3    0.0    ENE   0.00   3.2   ENE   17.4   17.7   17.7  1016.2   0.00    0.0    0.009   0.000   23.9    57   14.9   24.3   10.35   1.1726     350     1    100.0   15 
18/09/24  19:45   17.1   17.3   16.9    85   14.5    0.0    ENE   0.00   3.2   ENE   17.1   17.3   17.3  1016.3   0.00    0.0    0.013   0.000   23.8    57   14.7   24.1   10.36   1.1733     351     1    100.0   15 
18/09/24  20:00   17.0   17.1   16.9    85   14.5    1.6    ENE   0.40   6.4   ENE   17.0   17.2   17.2  1016.2   0.00    0.0    0.014   0.000   23.7    57   14.6   24.0   10.37   1.1738     351     1    100.0   15 
18/09/24  20:15   17.1   17.1   17.1    84   14.4    4.8    ENE   1.21   8.0   ENE   17.1   17.3   17.3  1016.3   0.00    0.0    0.013   0.000   23.6    57   14.5   23.8   10.37   1.1744     351     1    100.0   15 
18/09/24  20:30   17.1   17.1   17.1    84   14.3    3.2     NE   0.80   6.4    NE   17.1   17.3   17.3  1016.4   0.00    0.0    0.013   0.000   23.4    57   14.4   23.7   10.38   1.1752     351     1    100.0   15 
18/09/24  20:45   17.1   17.1   16.9    84   14.3    1.6     NE   0.40   4.8    NE   17.1   17.3   17.3  1016.3   0.00    0.0    0.013   0.000   23.3    58   14.6   23.6   10.59   1.1753     350     1    100.0   15 
18/09/24  21:00   16.8   16.9   16.7    85   14.2    0.0     NE   0.00   3.2    NE   16.8   16.9   16.9  1016.4   0.00    0.0    0.016   0.000   23.3    58   14.5   23.6   10.59   1.1757     351     1    100.0   15 
18/09/24  21:15   16.6   16.7   16.6    86   14.3    0.0    NNE   0.00   3.2    NE   16.6   16.8   16.8  1016.4   0.00    0.0    0.018   0.000   23.2    58   14.5   23.4   10.60   1.1759     350     1    100.0   15 
18/09/24  21:30   16.6   16.6   16.5    86   14.2    1.6    NNE   0.40   3.2   NNE   16.6   16.7   16.7  1016.3   0.00    0.0    0.019   0.000   23.1    58   14.4   23.3   10.61   1.1764     351     1    100.0   15 
18/09/24  21:45   16.4   16.5   16.3    87   14.3    0.0    NNE   0.00   3.2   NNE   16.4   16.6   16.6  1016.3   0.00    0.0    0.020   0.000   23.1    58   14.3   23.3   10.61   1.1767     350     1    100.0   15 
18/09/24  22:00   16.3   16.4   16.2    87   14.1    0.0    NNE   0.00   1.6   NNE   16.3   16.4   16.4  1016.3   0.00    0.0    0.021   0.000   23.0    58   14.3   23.2   10.61   1.1770     351     1    100.0   15 
18/09/24  22:15   16.2   16.3   16.2    87   14.1    0.0    NNE   0.00   1.6   NNE   16.2   16.4   16.4  1016.4   0.00    0.0    0.022   0.000   22.9    58   14.2   23.1   10.62   1.1776     350     1    100.0   15 
18/09/24  22:30   16.3   16.4   16.3    87   14.2    0.0    NNE   0.00   1.6   NNE   16.3   16.5   16.5  1016.4   0.00    0.0    0.021   0.000   22.8    58   14.1   23.0   10.63   1.1780     349     1    100.0   15 
18/09/24  22:45   16.4   16.4   16.3    87   14.2    0.0    NNE   0.00   1.6   NNE   16.4   16.6   16.6  1016.5   0.00    0.0    0.020   0.000   22.7    58   14.0   22.8   10.63   1.1786     352     1    100.0   15 
18/09/24  23:00   16.3   16.4   16.3    87   14.2    0.0    NNE   0.00   6.4    NE   16.3   16.5   16.5  1016.4   0.00    0.0    0.021   0.000   22.7    58   14.0   22.8   10.63   1.1785     351     1    100.0   15 
18/09/24  23:15   16.4   16.4   16.3    87   14.2    1.6     NE   0.40   4.8    NE   16.4   16.6   16.6  1016.4   0.00    0.0    0.020   0.000   22.7    58   14.0   22.7   10.64   1.1788     350     1    100.0   15 
18/09/24  23:30   16.3   16.4   16.3    87   14.2    1.6    ENE   0.40   6.4   ENE   16.3   16.5   16.5  1016.4   0.00    0.0    0.021   0.000   22.6    59   14.2   22.7   10.84   1.1787     351     1    100.0   15 
18/09/24  23:45   16.2   16.3   16.1    87   14.1    0.0    ENE   0.00   1.6   ENE   16.2   16.4   16.4  1016.3   0.00    0.0    0.022   0.000   22.6    59   14.1   22.6   10.85   1.1790     350     1    100.0   15 
19/09/24  00:00   15.9   16.1   15.8    88   14.0    0.0    ENE   0.00   1.6   ENE   15.9   16.1   16.1  1016.3   0.00    0.0    0.025   0.000   22.5    59   14.1   22.6   10.85   1.1792     350     1    100.0   15 
19/09/24   0:15   15.7   15.8   15.6    89   13.9    0.0    ENE   0.00   1.6   ENE   15.7   15.8   15.8  1016.2   0.00    0.0    0.028   0.000   22.4    59   14.0   22.4   10.85   1.1794     349     1    100.0   15 
19/09/24   0:30   15.6   15.7   15.6    89   13.8    0.0    ENE   0.00   3.2   ENE   15.6   15.8   15.8  1016.1   0.00    0.0    0.028   0.000   22.4    59   14.0   22.4   10.86   1.1795     350     1    100.0   15 
19/09/24   0:45   15.6   15.7   15.6    89   13.8    0.0    ENE   0.00   1.6   ENE   15.6   15.8   15.8  1016.0   0.00    0.0    0.028   0.000   22.3    59   13.9   22.3   10.86   1.1797     350     1    100.0   15 
19/09/24   1:00   15.6   15.6   15.5    90   13.9    1.6    NNE   0.40   4.8   NNE   15.6   15.7   15.7  1015.8   0.00    0.0    0.029   0.000   22.3    59   13.9   22.2   10.87   1.1798     350     1    100.0   15 
19/09/24   1:15   15.6   15.6   15.5    90   13.9    1.6    NNE   0.40   4.8   NNE   15.6   15.7   15.7  1015.7   0.00    0.0    0.029   0.000   22.2    59   13.8   22.1   10.87   1.1799     352     1    100.0   15 
19/09/24   1:30   15.6   15.7   15.6    89   13.8    1.6    NNE   0.40   4.8   NNE   15.6   15.8   15.8  1015.4   0.00    0.0    0.028   0.000   22.2    59   13.8   22.1   10.87   1.1799     348     1    100.0   15 
19/09/24   1:45   15.7   15.7   15.7    89   13.9    0.0    NNE   0.00   4.8   NNE   15.7   15.8   15.8  1015.2   0.00    0.0    0.028   0.000   22.1    59   13.7   21.9   10.88   1.1800     351     1    100.0   15 
19/09/24   2:00   15.7   15.7   15.7    88   13.7    0.0    ESE   0.00   3.2   ESE   15.7   15.8   15.8  1015.2   0.00    0.0    0.028   0.000   22.1    59   13.7   21.9   10.88   1.1803     351     1    100.0   15 
19/09/24   2:15   15.5   15.7   15.3    88   13.5    0.0    ESE   0.00   3.2   ESE   15.5   15.6   15.6  1015.1   0.00    0.0    0.030   0.000   22.0    59   13.6   21.8   10.89   1.1804     351     1    100.0   15 
19/09/24   2:30   15.1   15.3   15.0    89   13.3    0.0    ESE   0.00   3.2   ESE   15.1   15.2   15.2  1015.2   0.00    0.0    0.034   0.000   21.9    59   13.6   21.7   10.89   1.1807     350     1    100.0   15 
19/09/24   2:45   15.0   15.1   14.9    90   13.4    0.0    ESE   0.00   3.2   ESE   15.0   15.1   15.1  1015.2   0.00    0.0    0.035   0.000   21.9    59   13.5   21.7   10.89   1.1810     350     1    100.0   15 
19/09/24   3:00   15.0   15.1   14.9    90   13.4    0.0    ESE   0.00   1.6   ESE   15.0   15.1   15.1  1015.1   0.00    0.0    0.035   0.000   21.8    59   13.5   21.6   10.90   1.1812     351     1    100.0   15 
19/09/24   3:15   14.9   14.9   14.9    91   13.5    0.0    ESE   0.00   1.6   ESE   14.9   15.1   15.1  1015.0   0.00    0.0    0.035   0.000   21.8    59   13.4   21.5   10.90   1.1814     350     1    100.0   15 
19/09/24   3:30   14.8   14.9   14.8    91   13.4    0.0    ---   0.00   0.0   ---   14.8   14.9   14.9  1015.0   0.00    0.0    0.036   0.000   21.7    59   13.4   21.4   10.91   1.1816     351     1    100.0   15 
