                 Temp.  Temp.  Temp.  Hum.   Punt   Vel.   Dir.   Rec.  Vel.  Dir.  Sens.   Índ.   Índ.                  Int. Graus D.Graus D.  Temp.  Hum. Rosada  In.Cal.  EMC     Dens.    Mostr   Tx   Recep.  Int.
  Data    Hora    Ext.   Màx.   Mín.  Ext. Rosada   Vent   Vent   Vent  Màx.  Màx.  Tèrm.  Calor   THW    Bar    Pluja   Pluja  Calor    Fred    Int.  Int.   Int.   Int.    Int.  Int.Aire    Vent   Vent   ISS   Arc.
-------------------------------------------------------------------------------------------------------------------------------------------------------------------------------------------------------------------------
29/01/24   0:15   10.1   10.1   10.1    91    8.7    0.0    ENE   0.00   3.2   ENE   10.1   10.2   10.2  1031.6   0.00    0.0    0.086   0.000   22.0    53   12.0   21.5    9.79   1.2018     347     1    100.0   15 
29/01/24   0:30   10.0   10.1   10.0    91    8.6    1.6    ENE   0.40   4.8   ENE   10.0   10.2   10.2  1031.5   0.00    0.0    0.087   0.000   21.8    53   11.8   21.2    9.80   1.2027     351     1    100.0   15 
29/01/24   0:45    9.9   10.0    9.9    91    8.5    1.6     NE   0.40   3.2    NE    9.9   10.1   10.1  1031.4   0.00    0.0    0.087   0.000   21.6    53   11.6   20.9    9.81   1.2034     351     1    100.0   15 
29/01/24   1:00    9.9    9.9    9.8    91    8.5    1.6     NE   0.40   4.8    NE    9.9   10.1   10.1  1031.4   0.00    0.0    0.088   0.000   21.4    54   11.7   20.7    9.94   1.2043     351     1    100.0   15 
29/01/24   1:15    9.8    9.8    9.8    91    8.4    0.0    NNE   0.00   3.2   NNE    9.8   10.0   10.0  1031.5   0.00    0.0    0.089   0.000   21.2    54   11.5   20.5    9.95   1.2052     350     1    100.0   15 
29/01/24   1:30    9.7    9.8    9.6    91    8.3    1.6     NO   0.40   4.8   NNE    9.7    9.9    9.9  1031.6   0.00    0.0    0.090   0.000   21.0    54   11.3   20.3    9.96   1.2065     350     1    100.0   15 
29/01/24   1:45    9.5    9.6    9.4    91    8.1    1.6     NO   0.40   6.4    NO    9.5    9.7    9.7  1031.7   0.00    0.0    0.092   0.000   20.8    54   11.2   20.2    9.97   1.2074     352     1    100.0   15 
29/01/24   2:00    9.3    9.4    9.2    91    7.9    1.6     NO   0.40   6.4   ONO    9.3    9.4    9.4  1031.6   0.00    0.0    0.094   0.000   20.6    54   11.0   20.0    9.99   1.2085     350     1    100.0   15 
29/01/24   2:15    9.2    9.2    9.1    91    7.8    1.6     NO   0.40   6.4    NO    9.2    9.3    9.3  1031.7   0.00    0.0    0.095   0.000   20.4    55   11.1   19.9   10.17   1.2092     351     1    100.0   15 
29/01/24   2:30    9.0    9.1    8.9    92    7.8    3.2     NO   0.80   8.0    NO    9.0    9.2    9.2  1031.6   0.00    0.0    0.097   0.000   20.3    55   10.9   19.8   10.18   1.2099     350     1    100.0   15 
29/01/24   2:45    8.9    8.9    8.8    91    7.5    4.8     NO   1.21   8.0    NO    8.6    9.0    8.7  1031.5   0.00    0.0    0.098   0.000   20.1    55   10.8   19.7   10.19   1.2106     351     1    100.0   15 
29/01/24   3:00    8.6    8.8    8.4    92    7.3    3.2     NO   0.80   8.0    NO    8.6    8.7    8.7  1031.4   0.00    0.0    0.102   0.000   19.9    55   10.6   19.5   10.19   1.2113     350     1    100.0   15 
29/01/24   3:15    8.6    8.6    8.6    92    7.3    3.2     NO   0.80   6.4   ONO    8.6    8.7    8.7  1031.4   0.00    0.0    0.102   0.000   20.1    55   10.7   19.6   10.19   1.2107     350     1    100.0   15 
29/01/24   3:30    8.7    8.8    8.6    92    7.5    3.2     NO   0.80   4.8    NO    8.7    8.9    8.9  1031.3   0.00    0.0    0.100   0.000   20.3    55   11.0   19.8   10.18   1.2092     351     1    100.0   15 
29/01/24   3:45    8.7    8.8    8.7    92    7.5    1.6     NO   0.40   4.8    NO    8.7    8.9    8.9  1031.2   0.00    0.0    0.100   0.000   20.7    54   11.0   20.1    9.98   1.2077     351     1    100.0   15 
29/01/24   4:00    8.8    8.9    8.7    93    7.8    0.0     NO   0.00   1.6    NO    8.8    9.0    9.0  1031.2   0.00    0.0    0.099   0.000   20.9    54   11.3   20.2    9.96   1.2063     352     1    100.0   15 
29/01/24   4:15    9.0    9.2    8.9    92    7.8    1.6     NO   0.40   3.2    NO    9.0    9.2    9.2  1031.1   0.00    0.0    0.097   0.000   21.2    54   11.5   20.4    9.95   1.2051     351     1    100.0   15 
29/01/24   4:30    9.1    9.1    8.9    92    7.8    1.6     NO   0.40   4.8    NO    9.1    9.2    9.2  1031.2   0.00    0.0    0.097   0.000   21.3    53   11.4   20.6    9.83   1.2046     349     1    100.0   15 
29/01/24   4:45    9.1    9.1    9.1    92    7.9    0.0     NO   0.00   1.6    NO    9.1    9.3    9.3  1031.0   0.00    0.0    0.096   0.000   21.5    53   11.5   20.8    9.82   1.2036     350     1    100.0   15 
29/01/24   5:00    9.1    9.2    9.1    92    7.9    1.6    ENE   0.40   4.8    NO    9.1    9.3    9.3  1031.1   0.00    0.0    0.096   0.000   21.5    53   11.5   20.8    9.82   1.2037     351     1    100.0   15 
29/01/24   5:15    9.1    9.1    9.1    92    7.8    1.6    ENE   0.40   4.8   ENE    9.1    9.2    9.2  1031.1   0.00    0.0    0.097   0.000   21.4    53   11.4   20.7    9.83   1.2042     351     1    100.0   15 
29/01/24   5:30    9.1    9.1    9.1    92    7.8    0.0    ENE   0.00   4.8   ENE    9.1    9.2    9.2  1031.1   0.00    0.0    0.097   0.000   21.3    53   11.4   20.6    9.83   1.2045     351     1    100.0   15 
29/01/24   5:45    9.1    9.2    9.1    92    7.9    1.6    ENE   0.40   4.8   ENE    9.1    9.3    9.3  1031.2   0.00    0.0    0.096   0.000   21.6    53   11.6   20.9    9.82   1.2035     351     1    100.0   15 
29/01/24   6:00    9.1    9.2    8.9    92    7.8    1.6    ENE   0.40   4.8   ENE    9.1    9.2    9.2  1031.2   0.00    0.0    0.097   0.000   21.7    53   11.7   21.1    9.81   1.2026     351     1    100.0   15 
29/01/24   6:15    8.9    9.0    8.9    92    7.7    1.6    ENE   0.40   3.2   ENE    8.9    9.1    9.1  1031.2   0.00    0.0    0.098   0.000   21.9    52   11.6   21.3    9.62   1.2021     352     1    100.0   15 
29/01/24   6:30    8.9    9.0    8.8    91    7.6    1.6    ENE   0.40   4.8   ENE    8.9    9.1    9.1  1031.3   0.00    0.0    0.098   0.000   22.1    52   11.7   21.6    9.62   1.2014     351     1    100.0   15 
29/01/24   6:45    8.8    8.9    8.8    92    7.6    3.2     NO   0.80   6.4    NO    8.8    9.0    9.0  1031.3   0.00    0.0    0.099   0.000   22.2    52   11.8   21.7    9.61   1.2009     350     1    100.0   15 
29/01/24   7:00    8.8    8.8    8.7    92    7.5    1.6    ONO   0.40   4.8    NO    8.8    8.9    8.9  1031.4   0.00    0.0    0.100   0.000   22.3    52   11.9   21.9    9.61   1.2004     351     1    100.0   15 
29/01/24   7:15    8.8    8.9    8.8    92    7.6    1.6    ONO   0.40   3.2   ONO    8.8    9.0    9.0  1031.6   0.00    0.0    0.099   0.000   22.4    52   12.0   22.1    9.60   1.2000     352     1    100.0   15 
29/01/24   7:30    8.9    8.9    8.8    92    7.7    0.0    ONO   0.00   3.2   ONO    8.9    9.1    9.1  1031.7   0.00    0.0    0.098   0.000   22.4    52   12.1   22.1    9.60   1.1999     350     1    100.0   15 
29/01/24   7:45    8.9    8.9    8.9    92    7.7    1.6    ONO   0.40   4.8   ONO    8.9    9.1    9.1  1031.8   0.00    0.0    0.098   0.000   22.6    52   12.2   22.3    9.60   1.1994     351     1    100.0   15 
29/01/24   8:00    8.9    8.9    8.9    92    7.7    3.2    ENE   0.80   4.8    NE    8.9    9.1    9.1  1031.9   0.00    0.0    0.098   0.000   22.7    52   12.4   22.6    9.59   1.1987     351     1    100.0   15 
29/01/24   8:15    8.9    8.9    8.9    92    7.7    1.6    ENE   0.40   4.8    NO    8.9    9.1    9.1  1032.0   0.00    0.0    0.098   0.000   22.9    53   12.9   22.9    9.72   1.1974     351     1    100.0   15 
29/01/24   8:30    8.9    8.9    8.9    92    7.7    1.6     NO   0.40   6.4    NO    8.9    9.1    9.1  1032.1   0.00    0.0    0.098   0.000   22.9    53   12.9   22.9    9.72   1.1976     351     1    100.0   15 
29/01/24   8:45    9.1    9.1    9.0    91    7.7    1.6     NO   0.40   4.8    NO    9.1    9.2    9.2  1032.2   0.00    0.0    0.097   0.000   22.8    53   12.7   22.7    9.73   1.1982     350     1    100.0   15 
29/01/24   9:00    9.1    9.1    9.1    91    7.7    1.6     NO   0.40   3.2    NO    9.1    9.3    9.3  1032.4   0.00    0.0    0.096   0.000   22.6    53   12.5   22.4    9.74   1.1995     350     1    100.0   15 
29/01/24   9:15    9.2    9.3    9.1    91    7.8    1.6     NO   0.40   6.4    NO    9.2    9.3    9.3  1032.4   0.00    0.0    0.095   0.000   22.4    50   11.5   21.9    9.25   1.2017     350     1    100.0   15 
29/01/24   9:30    9.4    9.6    9.3    90    7.8    1.6     NO   0.40   3.2   NNO    9.4    9.6    9.6  1032.5   0.00    0.0    0.093   0.000   21.9    51   11.3   21.3    9.42   1.2040     351     1    100.0   15 
29/01/24   9:45    9.7    9.8    9.6    90    8.1    1.6     NO   0.40   3.2    NO    9.7    9.8    9.8  1032.6   0.00    0.0    0.090   0.000   21.7    52   11.4   21.1    9.63   1.2046     351     1    100.0   15 
29/01/24  10:00    9.9   10.1    9.8    89    8.2    0.0     NO   0.00   4.8    NO    9.9   10.1   10.1  1032.7   0.00    0.0    0.087   0.000   21.7    53   11.7   21.0    9.81   1.2047     351     1    100.0   15 
29/01/24  10:15   10.2   10.3   10.1    89    8.4    1.6     NO   0.40   6.4    NO   10.2   10.3   10.3  1032.7   0.00    0.0    0.085   0.000   21.7    53   11.7   21.0    9.81   1.2047     350     1    100.0   15 
29/01/24  10:30   10.4   10.6   10.3    88    8.5    0.0    NNO   0.00   3.2   NNO   10.4   10.5   10.5  1032.8   0.00    0.0    0.082   0.000   21.7    53   11.7   21.0    9.81   1.2049     352     1    100.0   15 
29/01/24  10:45   10.6   10.7   10.6    87    8.5    1.6     NO   0.40   6.4    NO   10.6   10.7   10.7  1032.9   0.00    0.0    0.080   0.000   21.6    54   11.9   21.0    9.93   1.2049     351     1    100.0   15 
29/01/24  11:00   10.8   10.8   10.7    86    8.5    1.6     NO   0.40   4.8    NO   10.8   10.8   10.8  1032.8   0.00    0.0    0.079   0.000   21.5    53   11.5   20.8    9.82   1.2057     350     1    100.0   15 
29/01/24  11:15   10.9   11.1   10.8    86    8.7    1.6     NO   0.40   4.8    NO   10.9   10.9   10.9  1032.7   0.00    0.0    0.077   0.000   21.3    53   11.4   20.6    9.83   1.2064     351     1    100.0   15 
29/01/24  11:30   11.1   11.2   11.1    85    8.7    1.6    ENE   0.40   6.4   ENE   11.1   11.1   11.1  1032.5   0.00    0.0    0.075   0.000   21.2    53   11.3   20.4    9.84   1.2068     351     2    100.0   15 
29/01/24  11:45   11.0   11.1   11.0    84    8.4    3.2    ENE   0.80   8.0    NE   11.0   11.0   11.0  1032.6   0.00    0.0    0.076   0.000   21.3    53   11.3   20.5    9.84   1.2066     352     1    100.0   15 
29/01/24  12:00   11.0   11.1   10.9    83    8.2    3.2     NE   0.80   8.0    NE   11.0   10.9   10.9  1032.5   0.00    0.0    0.076   0.000   21.5    53   11.5   20.8    9.82   1.2053     351     1    100.0   15 
29/01/24  12:15   11.2   11.4   11.1    83    8.4    3.2    ENE   0.80   8.0   ENE   11.2   11.2   11.2  1032.4   0.00    0.0    0.074   0.000   21.7    52   11.4   21.1    9.63   1.2044     350     1    100.0   15 
29/01/24  12:30   11.6   11.6   11.4    83    8.8    4.8    ENE   1.21  12.9     E   11.6   11.4   11.4  1032.1   0.00    0.0    0.071   0.000   21.9    52   11.6   21.4    9.62   1.2029     351     1    100.0   15 
29/01/24  12:45   11.7   11.8   11.6    82    8.7    4.8      E   1.21  11.3   ENE   11.7   11.6   11.6  1031.9   0.00    0.0    0.069   0.000   22.1    52   11.7   21.6    9.62   1.2021     351     1    100.0   15 
29/01/24  13:00   11.8   11.9   11.8    82    8.9    4.8     NE   1.21   9.7     E   11.8   11.7   11.7  1031.7   0.00    0.0    0.068   0.000   22.2    51   11.5   21.7    9.41   1.2017     350     1    100.0   15 
29/01/24  13:15   11.9   12.0   11.9    81    8.8    4.8      E   1.21  11.3     E   11.9   11.8   11.8  1031.5   0.00    0.0    0.067   0.000   22.2    51   11.5   21.7    9.41   1.2014     350     1    100.0   15 
29/01/24  13:30   12.0   12.1   11.9    81    8.8    4.8      E   1.21   9.7     E   12.0   11.8   11.8  1031.3   0.00    0.0    0.066   0.000   22.2    51   11.6   21.8    9.41   1.2009     348     1    100.0   15 
29/01/24  13:45   12.1   12.2   12.1    80    8.8    4.8    ESE   1.21   9.7     E   12.1   11.9   11.9  1031.3   0.00    0.0    0.065   0.000   22.3    50   11.4   21.8    9.25   1.2009     350     1    100.0   15 
29/01/24  14:00   12.1   12.1   12.0    81    8.9    3.2    ENE   0.80   8.0     E   12.1   11.9   11.9  1031.3   0.00    0.0    0.065   0.000   22.4    51   11.8   22.0    9.40   1.2000     352     1    100.0   15 
29/01/24  14:15   12.1   12.1   12.1    81    8.9    3.2     NE   0.80   8.0     E   12.1   11.9   11.9  1031.2   0.00    0.0    0.065   0.000   22.6    51   11.9   22.2    9.40   1.1990     351     1    100.0   15 
29/01/24  14:30   12.2   12.2   12.1    80    8.8    3.2    ENE   0.80  11.3     E   12.2   12.0   12.0  1031.2   0.00    0.0    0.064   0.000   22.7    50   11.7   22.3    9.25   1.1988     351     1    100.0   15 
29/01/24  14:45   12.2   12.3   12.2    80    8.9    4.8    ENE   1.21  12.9   ENE   12.2   12.1   12.1  1031.2   0.00    0.0    0.064   0.000   22.8    50   11.8   22.5    9.25   1.1982     351     1    100.0   15 
29/01/24  15:00   12.3   12.4   12.3    80    9.0    3.2    ENE   0.80  11.3   ESE   12.3   12.2   12.2  1031.2   0.00    0.0    0.062   0.000   22.8    50   11.8   22.5    9.25   1.1983     352     1    100.0   15 
29/01/24  15:15   12.4   12.5   12.4    79    8.9    3.2    ESE   0.80   9.7     E   12.4   12.3   12.3  1031.2   0.00    0.0    0.061   0.000   22.9    51   12.2   22.7    9.39   1.1974     351     1    100.0   15 
29/01/24  15:30   12.4   12.4   12.3    79    8.8    4.8      E   1.21   8.0   ESE   12.4   12.2   12.2  1031.2   0.00    0.0    0.062   0.000   23.0    51   12.3   22.8    9.38   1.1968     351     1    100.0   15 
29/01/24  15:45   12.4   12.4   12.4    78    8.7    3.2      E   0.80   8.0     E   12.4   12.2   12.2  1031.2   0.00    0.0    0.062   0.000   23.1    51   12.4   22.9    9.38   1.1962     351     1    100.0   15 
29/01/24  16:00   12.4   12.4   12.3    77    8.5    1.6      E   0.40   8.0     E   12.4   12.2   12.2  1031.1   0.00    0.0    0.062   0.000   23.1    51   12.4   22.9    9.38   1.1964     352     1    100.0   15 
29/01/24  16:15   12.4   12.4   12.4    77    8.5    1.6      E   0.40   4.8     E   12.4   12.2   12.2  1031.1   0.00    0.0    0.061   0.000   23.1    51   12.4   22.9    9.38   1.1965     351     1    100.0   15 
29/01/24  16:30   12.4   12.5   12.4    77    8.5    1.6      E   0.40   4.8     E   12.4   12.2   12.2  1031.1   0.00    0.0    0.061   0.000   23.1    51   12.4   22.9    9.38   1.1962     351     1    100.0   15 
29/01/24  16:45   12.4   12.5   12.4    78    8.7    3.2      E   0.80   4.8     E   12.4   12.2   12.2  1031.2   0.00    0.0    0.061   0.000   23.1    51   12.4   22.9    9.38   1.1962     351     1    100.0   15 
29/01/24  17:00   12.4   12.4   12.3    78    8.7    3.2      E   0.80   4.8     E   12.4   12.2   12.2  1031.4   0.00    0.0    0.062   0.000   23.1    51   12.4   22.9    9.38   1.1965     351     1    100.0   15 
29/01/24  17:15   12.3   12.3   12.2    79    8.7    1.6      E   0.40   3.2     E   12.3   12.1   12.1  1031.5   0.00    0.0    0.063   0.000   23.1    51   12.4   22.9    9.38   1.1966     352     1    100.0   15 
29/01/24  17:30   12.2   12.3   12.2    80    8.9    3.2      E   0.80   8.0    NE   12.2   12.1   12.1  1031.5   0.00    0.0    0.064   0.000   23.1    51   12.4   22.9    9.38   1.1966     351     1    100.0   15 
29/01/24  17:45   12.1   12.2   12.0    81    8.9    4.8    ENE   1.21   9.7     E   12.1   11.9   11.9  1031.6   0.00    0.0    0.065   0.000   23.1    51   12.4   22.9    9.38   1.1968     350     1    100.0   15 
29/01/24  18:00   11.9   12.0   11.9    81    8.8    3.2    ENE   0.80   8.0     E   11.9   11.8   11.8  1031.8   0.00    0.0    0.067   0.000   23.1    51   12.4   22.9    9.38   1.1970     351     1    100.0   15 
29/01/24  18:15   11.9   11.9   11.8    82    8.9    3.2    ENE   0.80   8.0     E   11.9   11.8   11.8  1031.8   0.00    0.0    0.067   0.000   23.2    51   12.5   23.1    9.37   1.1964     352     1    100.0   15 
29/01/24  18:30   11.8   11.8   11.8    83    9.0    3.2      E   0.80   8.0     E   11.8   11.7   11.7  1031.9   0.00    0.0    0.068   0.000   23.3    51   12.6   23.2    9.37   1.1960     351     1    100.0   15 
29/01/24  18:45   11.7   11.8   11.7    83    8.9    3.2      E   0.80   4.8     E   11.7   11.6   11.6  1032.0   0.00    0.0    0.069   0.000   23.4    51   12.7   23.4    9.37   1.1955     351     1    100.0   15 
29/01/24  19:00   11.7   11.7   11.6    84    9.1    3.2      E   0.80   4.8     E   11.7   11.6   11.6  1032.1   0.00    0.0    0.069   0.000   23.5    51   12.8   23.4    9.36   1.1954     350     1    100.0   15 
29/01/24  19:15   11.6   11.7   11.6    84    8.9    3.2      E   0.80   4.8     E   11.6   11.5   11.5  1032.1   0.00    0.0    0.071   0.000   23.5    51   12.8   23.4    9.36   1.1954     351     1    100.0   15 
29/01/24  19:30   11.5   11.6   11.4    85    9.1    3.2      E   0.80   8.0     E   11.5   11.4   11.4  1032.2   0.00    0.0    0.071   0.000   23.4    51   12.7   23.4    9.37   1.1958     351     1    100.0   15 
29/01/24  19:45   11.4   11.4   11.4    85    9.0    3.2      E   0.80   8.0     E   11.4   11.4   11.4  1032.3   0.00    0.0    0.072   0.000   23.3    51   12.6   23.2    9.37   1.1964     350     1    100.0   15 
29/01/24  20:00   11.4   11.4   11.3    85    9.0    3.2      E   0.80   8.0     E   11.4   11.4   11.4  1032.3   0.00    0.0    0.072   0.000   23.2    51   12.5   23.0    9.38   1.1973     351     1    100.0   15 
29/01/24  20:15   11.4   11.4   11.4    85    9.0    1.6      E   0.40   4.8     E   11.4   11.4   11.4  1032.4   0.00    0.0    0.072   0.000   22.9    52   12.6   22.8    9.58   1.1982     351     1    100.0   15 
29/01/24  20:30   11.4   11.4   11.3    84    8.8    1.6      E   0.40   4.8     E   11.4   11.3   11.3  1032.5   0.00    0.0    0.072   0.000   22.6    52   12.3   22.4    9.60   1.2000     352     1    100.0   15 
29/01/24  20:45   11.3   11.4   11.3    84    8.7    1.6      E   0.40   3.2     E   11.3   11.3   11.3  1032.5   0.00    0.0    0.073   0.000   22.3    52   11.9   21.9    9.61   1.2017     351     1    100.0   15 
29/01/24  21:00   11.3   11.3   11.3    84    8.7    1.6      E   0.40   3.2     E   11.3   11.3   11.3  1032.6   0.00    0.0    0.073   0.000   22.0    53   12.0   21.5    9.79   1.2029     351     1    100.0   15 
29/01/24  21:15   11.3   11.3   11.3    84    8.7    3.2      E   0.80   8.0     E   11.3   11.2   11.2  1032.7   0.00    0.0    0.073   0.000   21.7    53   11.7   21.1    9.81   1.2044     350     1    100.0   15 
29/01/24  21:30   11.3   11.3   11.3    85    8.9    3.2      E   0.80   8.0     E   11.3   11.3   11.3  1032.8   0.00    0.0    0.073   0.000   21.5    54   11.8   20.8    9.94   1.2053     351     1    100.0   15 
29/01/24  21:45   11.3   11.3   11.2    86    9.0    3.2     NE   0.80   6.4    NE   11.3   11.3   11.3  1032.8   0.00    0.0    0.073   0.000   21.4    54   11.7   20.8    9.94   1.2056     351     1    100.0   15 
29/01/24  22:00   11.2   11.3   11.2    86    9.0    1.6     NE   0.40   4.8    NE   11.2   11.2   11.2  1032.9   0.00    0.0    0.074   0.000   21.6    54   11.8   20.9    9.93   1.2052     351     1    100.0   15 
29/01/24  22:15   11.2   11.2   11.2    86    9.0    3.2     NE   0.80   4.8    NE   11.2   11.2   11.2  1032.8   0.00    0.0    0.074   0.000   21.8    53   11.8   21.3    9.80   1.2040     350     1    100.0   15 
29/01/24  22:30   11.2   11.2   11.2    85    8.7    3.2     NE   0.80   6.4    NE   11.2   11.2   11.2  1032.9   0.00    0.0    0.075   0.000   22.1    53   12.1   21.7    9.78   1.2027     351     1    100.0   15 
29/01/24  22:45   11.2   11.2   11.2    85    8.7    3.2     NE   0.80   6.4    NE   11.2   11.2   11.2  1032.9   0.00    0.0    0.075   0.000   22.3    53   12.2   21.9    9.77   1.2018     351     1    100.0   15 
29/01/24  23:00   11.2   11.2   11.1    85    8.7    3.2     NE   0.80   6.4    NE   11.2   11.2   11.2  1032.9   0.00    0.0    0.075   0.000   22.4    52   12.0   22.1    9.60   1.2015     351     1    100.0   15 
29/01/24  23:15   11.1   11.2   11.1    84    8.5    1.6     NE   0.40   4.8    NE   11.1   11.1   11.1  1032.9   0.00    0.0    0.075   0.000   22.5    52   12.2   22.2    9.60   1.2010     351     1    100.0   15 
29/01/24  23:30   11.0   11.1   10.9    85    8.6    1.6     NE   0.40   4.8    NE   11.0   11.0   11.0  1033.0   0.00    0.0    0.076   0.000   22.5    52   12.2   22.2    9.60   1.2011     351     1    100.0   15 
29/01/24  23:45   11.0   11.1   10.9    85    8.6    1.6     NE   0.40   4.8    NE   11.0   11.0   11.0  1032.9   0.00    0.0    0.076   0.000   22.3    52   12.0   21.9    9.61   1.2019     351     1    100.0   15 
30/01/24  00:00   11.0   11.1   11.0    85    8.6    0.0     NE   0.00   4.8    NE   11.0   11.0   11.0  1032.8   0.00    0.0    0.076   0.000   22.2    53   12.1   21.8    9.77   1.2022     352     1    100.0   15 
30/01/24   0:15   11.0   11.1   11.0    85    8.6    1.6     NE   0.40   4.8    NE   11.0   11.0   11.0  1032.7   0.00    0.0    0.076   0.000   21.9    53   11.9   21.4    9.79   1.2033     349     1    100.0   15 
30/01/24   0:30   11.1   11.1   11.1    85    8.6    1.6     NE   0.40   4.8    NE   11.1   11.1   11.1  1032.6   0.00    0.0    0.076   0.000   21.7    53   11.7   21.1    9.81   1.2043     351     1    100.0   15 
30/01/24   0:45   11.1   11.1   11.1    85    8.7    3.2     NE   0.80   4.8    NE   11.1   11.1   11.1  1032.4   0.00    0.0    0.075   0.000   21.6    53   11.6   20.9    9.82   1.2050     349     1    100.0   15 
30/01/24   1:00   11.2   11.2   11.1    85    8.7    0.0     NE   0.00   3.2    NE   11.2   11.2   11.2  1032.5   0.00    0.0    0.075   0.000   21.3    54   11.6   20.6    9.94   1.2058     351     1    100.0   15 
30/01/24   1:15   11.2   11.2   11.2    85    8.7    1.6     NE   0.40   6.4    NE   11.2   11.2   11.2  1032.4   0.00    0.0    0.075   0.000   21.1    54   11.4   20.3    9.95   1.2069     351     1    100.0   15 
30/01/24   1:30   11.2   11.2   11.1    86    8.9    1.6     NE   0.40   4.8    NE   11.2   11.2   11.2  1032.3   0.00    0.0    0.075   0.000   20.9    54   11.3   20.2    9.96   1.2077     351     1    100.0   15 
30/01/24   1:45   11.0   11.1   10.9    86    8.7    1.6     NE   0.40   3.2    NE   11.0   11.0   11.0  1032.3   0.00    0.0    0.076   0.000   20.7    54   11.1   20.1    9.98   1.2088     350     1    100.0   15 
30/01/24   2:00   10.9   10.9   10.9    86    8.6    1.6     NE   0.40   4.8    NE   10.9   10.9   10.9  1032.2   0.00    0.0    0.078   0.000   20.6    55   11.2   20.0   10.17   1.2092     351     1    100.0   15 
30/01/24   2:15   10.8   10.9   10.8    85    8.4    3.2     NE   0.80   6.4    NE   10.8   10.8   10.8  1032.1   0.00    0.0    0.078   0.000   20.4    55   11.0   19.9   10.18   1.2100     349     1    100.0   15 
30/01/24   2:30   10.8   10.8   10.7    85    8.4    1.6     NE   0.40   3.2    NE   10.8   10.8   10.8  1032.0   0.00    0.0    0.079   0.000   20.2    55   10.9   19.7   10.18   1.2107     350     1    100.0   15 
30/01/24   2:45   10.7   10.7   10.6    84    8.1    0.0     NE   0.00   4.8    NE   10.7   10.7   10.7  1032.0   0.00    0.0    0.080   0.000   20.1    55   10.7   19.6   10.19   1.2115     351     1    100.0   15 
30/01/24   3:00   10.5   10.6   10.4    84    7.9    1.6     NE   0.40   3.2    NE   10.5   10.5   10.5  1031.9   0.00    0.0    0.082   0.000   19.9    55   10.6   19.5   10.19   1.2120     350     1    100.0   15 
30/01/24   3:15   10.3   10.4   10.3    85    7.9    0.0     NE   0.00   3.2    NE   10.3   10.3   10.3  1032.0   0.00    0.0    0.083   0.000   19.8    55   10.5   19.4   10.20   1.2126     350     1    100.0   15 
