                 Temp.  Temp.  Temp.  Hum.   Punt   Vel.   Dir.   Rec.  Vel.  Dir.  Sens.   Índ.   Índ.                  Int. Graus D.Graus D.  Temp.  Hum. Rosada  In.Cal.  EMC     Dens.    Mostr   Tx   Recep.  Int.
  Data    Hora    Ext.   Màx.   Mín.  Ext. Rosada   Vent   Vent   Vent  Màx.  Màx.  Tèrm.  Calor   THW    Bar    Pluja   Pluja  Calor    Fred    Int.  Int.   Int.   Int.    Int.  Int.Aire    Vent   Vent   ISS   Arc.
-------------------------------------------------------------------------------------------------------------------------------------------------------------------------------------------------------------------------
18/01/24   0:15   13.8   13.8   13.7    66    7.5    3.2     SO   0.80  11.3     S   13.8   13.2   13.2  1001.8   0.00    0.0    0.047   0.000   22.4    53   12.4   22.2    9.75   1.1643     349     1    100.0   15 
18/01/24   0:30   13.7   13.7   13.6    66    7.4    3.2      O   0.80   9.7   SSE   13.7   13.1   13.1  1001.8   0.00    0.0    0.049   0.000   22.2    54   12.5   21.9    9.91   1.1651     351     1    100.0   15 
18/01/24   0:45   13.8   13.8   13.7    65    7.3    1.6     SO   0.40   6.4   SSE   13.8   13.2   13.2  1002.0   0.00    0.0    0.047   0.000   22.0    54   12.3   21.6    9.92   1.1664     349     1    100.0   15 
18/01/24   1:00   13.8   13.9   13.6    65    7.3    3.2    ONO   0.80  12.9     O   13.8   13.2   13.2  1001.9   0.00    0.0    0.047   0.000   21.8    54   12.1   21.2    9.93   1.1675     350     1    100.0   15 
18/01/24   1:15   13.7   13.7   13.6    64    7.0    4.8      O   1.21  12.9   ONO   13.7   13.1   13.1  1001.7   0.00    0.0    0.049   0.000   21.6    54   11.8   20.9    9.93   1.1683     351     1    100.0   15 
18/01/24   1:30   13.8   14.1   13.7    63    6.9    6.4      O   1.61  17.7    NO   13.8   13.2   13.2  1001.9   0.00    0.0    0.047   0.000   21.3    55   11.9   20.7   10.14   1.1693     349     1    100.0   15 
18/01/24   1:45   14.2   14.3   14.1    62    7.0    8.0    ONO   2.01  19.3   OSO   13.9   13.6   13.3  1002.2   0.00    0.0    0.043   0.000   21.1    55   11.7   20.4   10.15   1.1709     351     1    100.0   15 
18/01/24   2:00   14.3   14.3   14.2    62    7.1    9.7      O   2.41  25.7     O   13.8   13.6   13.1  1002.2   0.00    0.0    0.042   0.000   20.9    55   11.6   20.3   10.16   1.1717     351     1    100.0   15 
18/01/24   2:15   14.3   14.4   14.3    63    7.4    9.7      O   2.41  27.4   ONO   13.9   13.7   13.3  1002.1   0.00    0.0    0.042   0.000   20.8    55   11.4   20.2   10.16   1.1724     350     1    100.0   15 
18/01/24   2:30   14.3   14.4   14.2    63    7.4   11.3      O   2.82  33.8    NO   13.7   13.7   13.1  1002.1   0.00    0.0    0.042   0.000   20.7    55   11.3   20.1   10.17   1.1729     352     1    100.0   15 
18/01/24   2:45   14.1   14.2   13.9    64    7.3    8.0      O   2.01  22.5     O   13.8   13.4   13.2  1002.3   0.00    0.0    0.045   0.000   20.5    56   11.4   20.0   10.37   1.1737     351     1    100.0   15 
18/01/24   3:00   13.8   13.9   13.7    65    7.4    8.0      O   2.01  19.3   ONO   13.5   13.3   12.9  1002.2   0.00    0.0    0.047   0.000   20.4    56   11.3   19.9   10.38   1.1742     350     1    100.0   15 
18/01/24   3:15   13.7   13.7   13.6    65    7.2    8.0      O   2.01  20.9   ONO   13.3   13.1   12.8  1002.2   0.00    0.0    0.049   0.000   20.2    56   11.2   19.8   10.38   1.1750     349     1    100.0   15 
18/01/24   3:30   13.4   13.6   13.4    66    7.2    6.4      O   1.61  20.9   ONO   13.3   12.9   12.8  1002.2   0.00    0.0    0.051   0.000   20.1    56   11.1   19.7   10.39   1.1755     352     1    100.0   15 
18/01/24   3:45   13.4   13.4   13.3    66    7.2    6.4      O   1.61  24.1   OSO   13.3   12.8   12.7  1002.3   0.00    0.0    0.052   0.000   20.0    56   11.0   19.6   10.39   1.1762     350     1    100.0   15 
18/01/24   4:00   13.4   13.4   13.3    65    6.9    6.4      O   1.61  20.9     O   13.3   12.8   12.7  1002.4   0.00    0.0    0.052   0.000   19.9    56   10.8   19.5   10.39   1.1768     351     1    100.0   15 
18/01/24   4:15   13.3   13.4   13.2    66    7.1    4.8     NO   1.21  14.5    SO   13.3   12.7   12.7  1002.3   0.00    0.0    0.053   0.000   19.8    57   11.0   19.4   10.60   1.1771     351     1    100.0   15 
18/01/24   4:30   13.1   13.2   13.1    66    6.9    6.4      O   1.61  17.7     O   12.9   12.6   12.4  1002.5   0.00    0.0    0.054   0.000   19.7    57   10.9   19.3   10.60   1.1778     351     1    100.0   15 
18/01/24   4:45   13.0   13.1   12.9    67    7.0    6.4      O   1.61  24.1   OSO   12.8   12.5   12.3  1002.5   0.00    0.0    0.056   0.000   19.6    57   10.8   19.2   10.61   1.1783     351     1    100.0   15 
18/01/24   5:00   12.7   12.8   12.4    68    6.9    6.4      O   1.61  19.3   OSO   12.4   12.2   11.9  1002.6   0.00    0.0    0.059   0.000   19.7    57   11.0   19.3   10.60   1.1776     350     1    100.0   15 
18/01/24   5:15   12.5   12.6   12.4    68    6.8    8.0    ONO   2.01  22.5   OSO   11.9   12.1   11.5  1002.7   0.00    0.0    0.061   0.000   20.0    56   11.0   19.6   10.39   1.1767     350     1    100.0   15 
18/01/24   5:30   12.4   12.5   12.4    69    6.9    8.0      O   2.01  24.1     O   11.9   12.0   11.4  1002.8   0.00    0.0    0.061   0.000   20.4    56   11.3   19.9   10.38   1.1748     351     1    100.0   15 
18/01/24   5:45   12.5   12.5   12.4    69    7.0    8.0      O   2.01  19.3     O   11.9   12.1   11.5  1003.1   0.00    0.0    0.061   0.000   20.8    55   11.5   20.2   10.16   1.1732     352     1    100.0   15 
18/01/24   6:00   12.4   12.4   12.2    70    7.1    8.0      O   2.01  20.9   OSO   11.8   12.0   11.4  1003.3   0.00    0.0    0.062   0.000   21.1    55   11.7   20.4   10.15   1.1721     351     1    100.0   15 
18/01/24   6:15   12.3   12.3   12.3    70    7.0    8.0      O   2.01  24.1   ONO   11.7   11.9   11.3  1003.6   0.00    0.0    0.063   0.000   21.4    54   11.7   20.7    9.94   1.1714     350     1    100.0   15 
18/01/24   6:30   12.2   12.3   11.9    70    6.9    4.8      O   1.21  19.3   OSO   12.2   11.8   11.8  1004.1   0.00    0.0    0.064   0.000   21.6    54   11.9   21.0    9.93   1.1709     351     1    100.0   15 
18/01/24   6:45   11.6   11.9   11.3    72    6.7    3.2    OSO   0.80   8.0   OSO   11.6   11.3   11.3  1004.2   0.00    0.0    0.070   0.000   21.8    54   12.1   21.3    9.92   1.1699     352     1    100.0   15 
18/01/24   7:00   11.2   11.3   11.1    72    6.3    3.2    OSO   0.80  11.3     O   11.2   10.9   10.9  1004.2   0.00    0.0    0.075   0.000   22.0    53   12.0   21.5    9.79   1.1694     350     1    100.0   15 
18/01/24   7:15   11.2   11.3   11.1    72    6.4    4.8    OSO   1.21  11.3     O   11.2   10.9   10.9  1004.2   0.00    0.0    0.074   0.000   22.1    53   12.1   21.7    9.78   1.1689     351     1    100.0   15 
18/01/24   7:30   11.4   11.4   11.3    71    6.3    4.8    OSO   1.21  11.3   OSO   11.4   11.1   11.1  1004.4   0.00    0.0    0.072   0.000   22.3    53   12.2   21.9    9.77   1.1682     351     1    100.0   15 
18/01/24   7:45   11.4   11.6   11.4    70    6.2    4.8    OSO   1.21  11.3    SO   11.4   11.1   11.1  1004.6   0.00    0.0    0.072   0.000   22.5    53   12.4   22.3    9.75   1.1674     349     1    100.0   15 
18/01/24   8:00   11.6   11.8   11.5    70    6.3    4.8      O   1.21  11.3    SO   11.6   11.2   11.2  1004.7   0.00    0.0    0.070   0.000   22.8    52   12.4   22.6    9.59   1.1664     351     1    100.0   15 
18/01/24   8:15   12.0   12.2   11.8    69    6.5    4.8      O   1.21  11.3     O   12.0   11.6   11.6  1004.8   0.00    0.0    0.066   0.000   23.0    52   12.6   22.9    9.58   1.1654     349     1    100.0   15 
18/01/24   8:30   12.3   12.5   12.2    68    6.6    4.8    OSO   1.21  11.3   OSO   12.3   11.9   11.9  1004.9   0.00    0.0    0.062   0.000   23.1    52   12.7   22.9    9.58   1.1653     350     1    100.0   15 
18/01/24   8:45   12.7   13.0   12.6    66    6.5    4.8    OSO   1.21  16.1    SO   12.7   12.2   12.2  1005.0   0.00    0.0    0.058   0.000   23.1    52   12.7   23.0    9.58   1.1652     351     1    100.0   15 
18/01/24   9:00   13.2   13.5   13.0    65    6.8    4.8    OSO   1.21  12.9   OSO   13.2   12.7   12.7  1005.1   0.00    0.0    0.053   0.000   23.2    52   12.8   23.1    9.58   1.1650     352     1    100.0   15 
18/01/24   9:15   13.8   14.1   13.5    64    7.1    4.8    OSO   1.21   9.7   OSO   13.8   13.2   13.2  1005.2   0.00    0.0    0.047   0.000   23.3    52   12.9   23.2    9.57   1.1645     351     1    100.0   15 
18/01/24   9:30   14.4   14.6   14.2    63    7.4    4.8      O   1.21  16.1   OSO   14.4   13.8   13.8  1005.2   0.00    0.0    0.041   0.000   23.4    51   12.7   23.3    9.37   1.1643     351     1    100.0   15 
18/01/24   9:45   14.9   15.4   14.6    59    7.0    8.0      O   2.01  24.1     O   14.8   14.2   14.1  1005.3   0.00    0.0    0.035   0.000   23.3    50   12.3   23.2    9.25   1.1650     351     1    100.0   15 
18/01/24  10:00   15.7   15.9   15.4    58    7.4    8.0      O   2.01  24.1     O   15.7   14.9   14.9  1005.5   0.00    0.0    0.028   0.000   23.4    50   12.4   23.2    9.25   1.1649     352     1    100.0   15 
18/01/24  10:15   16.1   16.3   15.9    57    7.6    8.0      O   2.01  20.9   OSO   16.1   15.3   15.3  1005.7   0.00    0.0    0.023   0.000   23.4    50   12.4   23.3    9.25   1.1650     349     1    100.0   15 
18/01/24  10:30   16.5   16.7   16.3    55    7.4    8.0      O   2.01  19.3   ONO   16.5   15.7   15.7  1005.8   0.00    0.0    0.019   0.000   23.5    50   12.5   23.4    9.25   1.1647     351     1    100.0   15 
18/01/24  10:45   16.8   16.9   16.7    55    7.7    9.7      O   2.41  22.5   OSO   16.8   15.9   15.9  1005.8   0.00    0.0    0.016   0.000   23.6    50   12.5   23.5    9.25   1.1645     350     1    100.0   15 
18/01/24  11:00   16.9   17.0   16.8    54    7.5    8.0    OSO   2.01  22.5     O   16.9   16.1   16.1  1005.6   0.00    0.0    0.015   0.000   23.7    50   12.6   23.6    9.25   1.1637     351     1    100.0   15 
18/01/24  11:15   16.8   16.9   16.7    54    7.4   11.3      O   2.82  29.0     O   16.6   15.9   15.7  1005.6   0.00    0.0    0.016   0.000   23.7    49   12.3   23.6    9.05   1.1641     352     1    100.0   15 
18/01/24  11:30   17.1   17.3   16.9    54    7.7   11.3      O   2.82  27.4   OSO   17.1   16.3   16.2  1005.5   0.00    0.0    0.013   0.000   23.7    49   12.4   23.7    9.05   1.1637     351     1    100.0   15 
18/01/24  11:45   16.9   17.2   16.7    54    7.6   11.3      O   2.82  27.4   OSO   16.8   16.1   16.0  1005.4   0.00    0.0    0.014   0.000   23.7    49   12.4   23.7    9.05   1.1635     351     1    100.0   15 
18/01/24  12:00   16.5   16.7   16.4    55    7.4   11.3      O   2.82  29.0     O   16.3   15.7   15.4  1005.1   0.00    0.0    0.019   0.000   23.7    49   12.3   23.6    9.05   1.1635     350     1    100.0   15 
18/01/24  12:15   16.7   16.9   16.5    54    7.4    9.7    OSO   2.41  29.0     O   16.7   15.8   15.8  1004.9   0.00    0.0    0.017   0.000   23.5    48   11.9   23.3    8.94   1.1644     352     1    100.0   15 
18/01/24  12:30   17.0   17.1   16.9    53    7.3   12.9      O   3.22  33.8     O   16.4   16.1   15.6  1004.8   0.00    0.0    0.014   0.000   23.4    48   11.8   23.2    8.93   1.1648     351     1    100.0   15 
18/01/24  12:45   17.2   17.3   17.0    53    7.5   12.9      O   3.22  33.8   ONO   16.7   16.3   15.8  1004.6   0.00    0.0    0.012   0.000   23.3    48   11.7   23.1    8.93   1.1648     350     1    100.0   15 
18/01/24  13:00   17.5   17.6   17.3    52    7.5   14.5      O   3.62  37.0     O   16.6   16.6   15.6  1004.5   0.00    0.0    0.009   0.000   23.3    48   11.7   23.1    8.93   1.1648     350     1    100.0   15 
18/01/24  13:15   17.8   17.8   17.7    52    7.8   11.3      O   2.82  33.8     O   17.8   16.9   16.9  1004.5   0.00    0.0    0.006   0.000   23.4    48   11.8   23.2    8.93   1.1645     351     1    100.0   15 
18/01/24  13:30   17.9   18.1   17.8    51    7.6   11.3      O   2.82  33.8     O   17.9   16.9   16.9  1004.3   0.00    0.0    0.005   0.000   23.4    48   11.8   23.2    8.93   1.1643     352     1    100.0   15 
18/01/24  13:45   17.6   17.9   17.5    51    7.3   12.9      O   3.22  33.8     O   17.2   16.7   16.2  1004.3   0.00    0.0    0.008   0.000   23.4    48   11.8   23.2    8.93   1.1643     351     1    100.0   15 
18/01/24  14:00   17.4   17.6   17.4    51    7.2   12.9      O   3.22  33.8     O   16.9   16.4   15.9  1004.2   0.00    0.0    0.009   0.000   23.3    48   11.6   23.1    8.93   1.1647     350     1    100.0   15 
18/01/24  14:15   17.4   17.7   17.3    52    7.5   11.3      O   2.82  29.0     O   17.4   16.5   16.4  1004.3   0.00    0.0    0.009   0.000   23.2    49   11.9   23.0    9.05   1.1648     350     1    100.0   15 
18/01/24  14:30   17.8   18.0   17.7    51    7.6   12.9    OSO   3.22  37.0     O   17.4   16.9   16.4  1004.4   0.00    0.0    0.005   0.000   23.2    49   11.9   23.0    9.05   1.1649     351     1    100.0   15 
18/01/24  14:45   18.2   18.2   18.0    51    7.9   12.9      O   3.22  30.6     O   17.8   17.3   16.9  1004.6   0.00    0.0    0.002   0.000   23.2    49   11.9   23.0    9.05   1.1651     350     1    100.0   15 
18/01/24  15:00   18.3   18.4   18.2    51    8.0    9.7    ONO   2.41  29.0   ONO   18.3   17.4   17.4  1004.8   0.00    0.0    0.000   0.000   23.2    49   11.9   22.9    9.05   1.1656     351     1    100.0   15 
18/01/24  15:15   18.1   18.2   17.8    51    7.8   12.9      O   3.22  35.4   OSO   17.7   17.1   16.7  1004.7   0.00    0.0    0.003   0.000   23.1    49   11.8   22.9    9.05   1.1658     351     1    100.0   15 
18/01/24  15:30   17.8   17.9   17.7    52    7.8    9.7      O   2.41  25.7   OSO   17.8   16.9   16.9  1004.7   0.00    0.0    0.006   0.000   23.1    49   11.8   22.8    9.05   1.1660     351     1    100.0   15 
18/01/24  15:45   17.7   17.8   17.7    51    7.4    9.7    OSO   2.41  29.0     S   17.7   16.8   16.8  1004.8   0.00    0.0    0.006   0.000   23.1    49   11.8   22.9    9.05   1.1658     350     1    100.0   15 
18/01/24  16:00   17.8   17.8   17.7    51    7.5    9.7      O   2.41  24.1     O   17.8   16.8   16.8  1004.7   0.00    0.0    0.006   0.000   23.2    49   11.9   23.0    9.05   1.1652     351     1    100.0   15 
18/01/24  16:15   17.8   17.8   17.8    51    7.5    8.0      O   2.01  24.1     O   17.8   16.8   16.8  1004.9   0.00    0.0    0.006   0.000   23.4    49   12.1   23.2    9.05   1.1646     351     1    100.0   15 
18/01/24  16:30   17.5   17.8   17.3    51    7.2    6.4      O   1.61  17.7   OSO   17.5   16.6   16.6  1005.0   0.00    0.0    0.009   0.000   23.4    49   12.1   23.3    9.05   1.1645     352     1    100.0   15 
18/01/24  16:45   17.1   17.3   16.9    52    7.1    8.0      O   2.01  24.1     O   17.1   16.1   16.1  1005.2   0.00    0.0    0.013   0.000   23.4    49   12.1   23.3    9.05   1.1647     351     1    100.0   15 
18/01/24  17:00   16.8   16.9   16.7    53    7.1    6.4      O   1.61  19.3   OSO   16.8   15.9   15.9  1005.3   0.00    0.0    0.016   0.000   23.4    50   12.4   23.3    9.25   1.1645     351     1    100.0   15 
18/01/24  17:15   16.3   16.7   16.0    55    7.3    4.8     NO   1.21  14.5    NO   16.3   15.4   15.4  1005.6   0.00    0.0    0.021   0.000   23.4    50   12.4   23.3    9.25   1.1648     350     1    100.0   15 
18/01/24  17:30   15.8   16.0   15.8    56    7.1    4.8      O   1.21  17.7     O   15.8   15.0   15.0  1005.7   0.00    0.0    0.026   0.000   23.5    50   12.5   23.4    9.25   1.1647     350     1    100.0   15 
18/01/24  17:45   15.7   15.8   15.7    56    7.0    3.2      O   0.80   9.7    NO   15.7   14.9   14.9  1005.9   0.00    0.0    0.027   0.000   23.6    50   12.6   23.6    9.25   1.1643     352     1    100.0   15 
18/01/24  18:00   15.4   15.7   15.2    58    7.2    3.2      O   0.80   9.7   OSO   15.4   14.6   14.6  1006.0   0.00    0.0    0.031   0.000   23.7    50   12.7   23.7    9.25   1.1639     350     1    100.0   15 
18/01/24  18:15   15.1   15.1   14.9    58    6.8    3.2    OSO   0.80  11.3     O   15.1   14.3   14.3  1006.1   0.00    0.0    0.034   0.000   23.8    49   12.4   23.7    9.05   1.1641     350     1    100.0   15 
18/01/24  18:30   15.0   15.1   14.9    58    6.8    3.2    ONO   0.80   9.7     O   15.0   14.2   14.2  1006.1   0.00    0.0    0.035   0.000   23.9    49   12.5   23.9    9.05   1.1636     350     1    100.0   15 
18/01/24  18:45   14.9   15.0   14.8    59    6.9    3.2      O   0.80   9.7   OSO   14.9   14.1   14.1  1006.2   0.00    0.0    0.036   0.000   23.9    48   12.3   23.9    8.95   1.1637     351     1    100.0   15 
18/01/24  19:00   14.7   14.8   14.6    59    6.8    3.2     NO   0.80   8.0     O   14.7   13.9   13.9  1006.3   0.00    0.0    0.038   0.000   23.9    47   11.9   23.8    8.75   1.1643     350     1    100.0   15 
18/01/24  19:15   14.7   14.8   14.5    60    7.0    3.2    ONO   0.80   6.4     O   14.7   13.9   13.9  1006.3   0.00    0.0    0.038   0.000   23.9    47   11.9   23.8    8.75   1.1642     350     1    100.0   15 
18/01/24  19:30   14.2   14.5   13.9    61    6.7    3.2    ONO   0.80   8.0     O   14.2   13.5   13.5  1006.2   0.00    0.0    0.043   0.000   23.9    46   11.6   23.8    8.55   1.1645     349     1    100.0   15 
18/01/24  19:45   13.9   14.0   13.8    61    6.5    3.2    ONO   0.80   9.7   ONO   13.9   13.2   13.2  1006.6   0.00    0.0    0.046   0.000   23.9    46   11.6   23.8    8.55   1.1652     349     1    100.0   15 
18/01/24  20:00   13.9   14.1   13.8    62    6.8    3.2     NO   0.80   8.0   ONO   13.9   13.3   13.3  1006.7   0.00    0.0    0.046   0.000   23.9    46   11.6   23.8    8.55   1.1654     351     1    100.0   15 
18/01/24  20:15   13.8   13.9   13.7    62    6.7    4.8    ONO   1.21   9.7   OSO   13.8   13.2   13.2  1007.1   0.00    0.0    0.047   0.000   23.8    46   11.5   23.6    8.55   1.1663     350     1    100.0   15 
18/01/24  20:30   13.6   13.7   13.6    62    6.5    4.8      O   1.21   9.7   OSO   13.6   12.9   12.9  1007.2   0.00    0.0    0.049   0.000   23.6    47   11.6   23.4    8.75   1.1672     351     1    100.0   15 
18/01/24  20:45   13.8   14.1   13.6    59    5.9    6.4      O   1.61  14.5   OSO   13.8   13.0   13.0  1007.3   0.00    0.0    0.047   0.000   23.4    47   11.4   23.2    8.75   1.1681     350     1    100.0   15 
18/01/24  21:00   14.3   14.3   14.1    57    5.9    6.4    ONO   1.61  16.1   ONO   14.3   13.4   13.4  1007.5   0.00    0.0    0.042   0.000   23.2    48   11.6   22.9    8.93   1.1689     352     1    100.0   15 
18/01/24  21:15   14.3   14.4   14.2    57    5.9    6.4    ONO   1.61  14.5   ONO   14.3   13.5   13.5  1007.8   0.00    0.0    0.042   0.000   23.1    48   11.4   22.8    8.92   1.1700     350     1    100.0   15 
18/01/24  21:30   14.2   14.3   14.1    56    5.6    6.4    ONO   1.61  14.5     O   14.2   13.4   13.4  1007.8   0.00    0.0    0.043   0.000   22.9    48   11.3   22.6    8.91   1.1708     351     1    100.0   15 
18/01/24  21:45   13.9   14.1   13.8    56    5.2    4.8    ONO   1.21  12.9   ONO   13.9   13.1   13.1  1007.6   0.00    0.0    0.046   0.000   22.8    49   11.5   22.4    9.05   1.1708     351     1    100.0   15 
18/01/24  22:00   13.8   13.9   13.7    57    5.4    4.8     NO   1.21  11.3    NO   13.8   12.9   12.9  1007.6   0.00    0.0    0.047   0.000   22.6    49   11.4   22.2    9.05   1.1716     352     1    100.0   15 
18/01/24  22:15   13.5   13.7   13.4    58    5.4    6.4    ONO   1.61  11.3   ONO   13.4   12.7   12.7  1007.8   0.00    0.0    0.050   0.000   22.5    49   11.2   22.1    9.05   1.1724     351     1    100.0   15 
18/01/24  22:30   13.3   13.4   13.3    58    5.2    6.4    ONO   1.61  14.5    NO   13.2   12.6   12.4  1007.9   0.00    0.0    0.052   0.000   22.4    50   11.5   21.9    9.25   1.1728     351     1    100.0   15 
18/01/24  22:45   13.3   13.4   13.2    58    5.2    8.0    ONO   2.01  12.9     O   12.9   12.6   12.2  1007.9   0.00    0.0    0.052   0.000   22.3    50   11.4   21.8    9.25   1.1733     351     1    100.0   15 
18/01/24  23:00   13.1   13.2   13.0    59    5.2    8.0    ONO   2.01  16.1   ONO   12.6   12.3   11.9  1007.7   0.00    0.0    0.055   0.000   22.3    50   11.4   21.9    9.25   1.1728     351     1    100.0   15 
18/01/24  23:15   12.8   13.0   12.6    61    5.4    8.0    ONO   2.01  16.1     O   12.3   12.1   11.6  1007.8   0.00    0.0    0.058   0.000   22.5    50   11.6   22.1    9.25   1.1720     351     1    100.0   15 
18/01/24  23:30   12.6   12.6   12.5    63    5.7    8.0    ONO   2.01  14.5    NO   12.0   11.9   11.4  1007.9   0.00    0.0    0.060   0.000   22.6    50   11.7   22.3    9.25   1.1716     351     1    100.0   15 
18/01/24  23:45   12.6   12.6   12.5    63    5.7    6.4    ONO   1.61  11.3   OSO   12.3   11.9   11.7  1007.7   0.00    0.0    0.060   0.000   22.6    50   11.6   22.2    9.25   1.1716     350     1    100.0   15 
19/01/24  00:00   12.7   12.7   12.6    63    5.8    4.8      O   1.21  14.5     O   12.7   12.1   12.1  1007.7   0.00    0.0    0.059   0.000   22.4    50   11.5   22.1    9.25   1.1723     351     1    100.0   15 
19/01/24   0:15   12.9   13.1   12.7    63    6.1    8.0    ONO   2.01  19.3    NO   12.5   12.3   11.9  1007.7   0.00    0.0    0.056   0.000   22.3    50   11.4   21.9    9.25   1.1728     305     1     89.2   15 
19/01/24   0:30   13.0   13.1   12.9    63    6.1    3.2      S   0.80  12.9    SO   13.0   12.4   12.4  1007.9   0.00    0.0    0.056   0.000   22.2    51   11.5   21.7    9.41   1.1736     352     1    100.0   15 
19/01/24   0:45   12.7   12.9   12.4    64    6.0    3.2     SO   0.80   8.0    SO   12.7   12.1   12.1  1007.8   0.00    0.0    0.059   0.000   22.0    51   11.4   21.4    9.42   1.1742     350     1    100.0   15 
19/01/24   1:00   12.2   12.4   12.2    65    5.8    6.4    ONO   1.61  14.5   ONO   11.9   11.7   11.4  1007.7   0.00    0.0    0.064   0.000   21.8    51   11.2   21.2    9.42   1.1749     351     1    100.0   15 
19/01/24   1:15   12.2   12.2   12.1    66    6.0    3.2      O   0.80  11.3     O   12.2   11.7   11.7  1007.8   0.00    0.0    0.064   0.000   21.7    51   11.1   20.9    9.43   1.1758     351     1    100.0   15 
19/01/24   1:30   12.0   12.1   11.9    66    5.8    3.2    SSO   0.54   9.7   OSO   12.0   11.5   11.5  1007.9   0.00    0.0    0.044   0.000   21.5    52   11.2   20.8    9.64   1.1765     351     1    100.0   10 
19/01/24   1:45   11.8   12.0   11.7    67    5.9    3.2    ONO   0.80   6.4    NO   11.8   11.4   11.4  1007.7   0.00    0.0    0.068   0.000   21.3    52   11.1   20.6    9.64   1.1771     351     1    100.0   15 
19/01/24   2:00   11.7   11.7   11.7    66    5.5    6.4    ONO   1.61  19.3   ONO   11.3   11.2   10.8  1007.7   0.00    0.0    0.069   0.000   21.2    52   10.9   20.3    9.65   1.1779     351     1    100.0   15 
19/01/24   2:15   11.8   11.8   11.7    65    5.4    6.4    ONO   1.61  17.7     O   11.4   11.3   10.9  1007.7   0.00    0.0    0.068   0.000   21.0    52   10.8   20.2    9.65   1.1788     351     1    100.0   15 
19/01/24   2:30   11.6   11.7   11.6    66    5.5    8.0    ONO   2.01  16.1   ONO   10.9   11.1   10.4  1007.8   0.00    0.0    0.070   0.000   20.8    53   10.9   20.1    9.86   1.1794     351     1    100.0   15 
19/01/24   2:45   11.6   11.6   11.6    65    5.2    6.4    ONO   1.61  17.7     O   11.2   11.1   10.7  1007.9   0.00    0.0    0.071   0.000   20.7    53   10.7   20.0    9.87   1.1803     352     1    100.0   15 
19/01/24   3:00   11.6   11.7   11.6    65    5.2    3.2    ONO   0.80  16.1   ONO   11.6   11.1   11.1  1008.1   0.00    0.0    0.070   0.000   20.5    53   10.6   19.9    9.87   1.1814     350     1    100.0   15 
19/01/24   3:15   11.6   11.6   11.4    65    5.2    8.0    ONO   2.01  22.5    NO   10.8   11.1   10.3  1007.9   0.00    0.0    0.071   0.000   20.3    53   10.4   19.7    9.88   1.1820     350     1    100.0   15 
