                 Temp.  Temp.  Temp.  Hum.   Punt   Vel.   Dir.   Rec.  Vel.  Dir.  Sens.   Índ.   Índ.                  Int. Graus D.Graus D.  Temp.  Hum. Rosada  In.Cal.  EMC     Dens.    Mostr   Tx   Recep.  Int.
  Data    Hora    Ext.   Màx.   Mín.  Ext. Rosada   Vent   Vent   Vent  Màx.  Màx.  Tèrm.  Calor   THW    Bar    Pluja   Pluja  Calor    Fred    Int.  Int.   Int.   Int.    Int.  Int.Aire    Vent   Vent   ISS   Arc.
-------------------------------------------------------------------------------------------------------------------------------------------------------------------------------------------------------------------------
13/03/25   0:15    8.1    8.3    7.8    89    6.4    1.6    ENE   0.40   4.8   ENE    8.1    8.1    8.1   998.8   0.00    0.0    0.107   0.000   22.6    54   12.8   22.4    9.90   1.1599     349     1    100.0   15 
13/03/25   0:30    8.2    8.3    7.9    88    6.4    1.6     NO   0.40   4.8    NO    8.2    8.3    8.3   998.6   0.00    0.0    0.105   0.000   22.2    54   12.4   21.8    9.91   1.1617     352     1    100.0   15 
13/03/25   0:45    7.8    7.9    7.8    88    6.0    1.6     NO   0.40   4.8    NO    7.8    7.9    7.9   998.6   0.00    0.0    0.109   0.000   21.8    55   12.4   21.4   10.12   1.1630     351     1    100.0   15 
13/03/25   1:00    7.8    7.8    7.8    89    6.1    0.0     NO   0.00   3.2    NO    7.8    7.8    7.8   998.6   0.00    0.0    0.110   0.000   21.5    55   12.1   20.9   10.14   1.1646     351     1    100.0   15 
13/03/25   1:15    7.7    7.8    7.5    89    6.0    0.0     NO   0.00   1.6    NO    7.7    7.7    7.7   998.6   0.00    0.0    0.111   0.000   21.2    56   12.0   20.5   10.35   1.1660     351     1    100.0   15 
13/03/25   1:30    7.3    7.5    7.3    90    5.8    0.0     NO   0.00   1.6    NO    7.3    7.4    7.4   998.4   0.00    0.0    0.115   0.000   20.8    56   11.7   20.2   10.36   1.1674     352     1    100.0   15 
13/03/25   1:45    7.3    7.3    7.2    91    5.9    1.6     NO   0.40   3.2    NO    7.3    7.3    7.3   998.3   0.00    0.0    0.115   0.000   20.6    57   11.7   20.1   10.57   1.1684     351     1    100.0   15 
13/03/25   2:00    7.2    7.2    7.1    91    5.8    0.0     NO   0.00   1.6    NO    7.2    7.2    7.2   997.9   0.00    0.0    0.116   0.000   20.2    57   11.4   19.8   10.58   1.1696     351     1    100.0   15 
13/03/25   2:15    7.1    7.1    7.0    92    5.8    0.0     NO   0.00   6.4    NO    7.1    7.1    7.1   997.9   0.00    0.0    0.117   0.000   20.0    57   11.2   19.7   10.59   1.1706     351     1    100.0   15 
13/03/25   2:30    6.7    7.1    6.4    91    5.4    3.2     NO   0.80   8.0    NO    6.7    6.8    6.8   997.5   0.00    0.0    0.121   0.000   19.8    58   11.3   19.4   10.75   1.1710     351     1    100.0   15 
13/03/25   2:45    6.4    6.4    6.3    92    5.2    1.6     NO   0.40   4.8    NO    6.4    6.5    6.5   997.3   0.00    0.0    0.124   0.000   19.6    58   11.1   19.2   10.75   1.1718     351     1    100.0   15 
13/03/25   3:00    6.4    6.4    6.4    92    5.2    0.0     NO   0.00   1.6    NO    6.4    6.5    6.5   997.2   0.00    0.0    0.124   0.000   19.4    58   10.9   19.0   10.75   1.1726     351     1    100.0   15 
13/03/25   3:15    6.4    6.4    6.4    92    5.2    0.0    ---   0.00   0.0   ---    6.4    6.5    6.5   997.1   0.00    0.0    0.124   0.000   19.2    59   11.0   18.8   10.95   1.1733     351     1    100.0   15 
13/03/25   3:30    6.4    6.4    6.4    93    5.4    0.0     NO   0.00   3.2    NO    6.4    6.5    6.5   997.0   0.00    0.0    0.124   0.000   18.9    59   10.8   18.5   10.95   1.1743     351     1    100.0   15 
13/03/25   3:45    6.4    6.4    6.4    92    5.2    3.2     NO   0.80   6.4    NO    6.4    6.5    6.5   996.9   0.00    0.0    0.124   0.000   18.8    59   10.6   18.3   10.95   1.1750     351     1    100.0   15 
13/03/25   4:00    6.4    6.5    6.4    92    5.2    1.6     NO   0.40   6.4    NO    6.4    6.5    6.5   997.2   0.00    0.0    0.124   0.000   18.6    59   10.4   18.2   10.95   1.1762     351     1    100.0   15 
13/03/25   4:15    6.3    6.4    6.2    92    5.1    0.0     NO   0.00   3.2    NO    6.3    6.3    6.3   997.1   0.00    0.0    0.126   0.000   18.4    60   10.5   18.0   11.05   1.1766     351     1    100.0   15 
13/03/25   4:30    6.2    6.3    6.2    92    5.0    0.0     NO   0.00   1.6    NO    6.2    6.3    6.3   997.2   0.00    0.0    0.126   0.000   18.3    60   10.4   17.9   11.05   1.1773     351     1    100.0   15 
13/03/25   4:45    6.1    6.2    6.1    93    5.1    0.0     NO   0.00   1.6    NO    6.1    6.2    6.2   997.2   0.00    0.0    0.127   0.000   18.2    60   10.3   17.7   11.06   1.1782     352     1    100.0   15 
13/03/25   5:00    6.1    6.2    6.1    93    5.1    0.0     NO   0.00   1.6    NO    6.1    6.2    6.2   997.4   0.00    0.0    0.127   0.000   18.1    60   10.2   17.6   11.06   1.1790     350     1    100.0   15 
13/03/25   5:15    5.7    6.1    5.5    93    4.7    0.0     NO   0.00   1.6    NO    5.7    5.8    5.8   997.3   0.00    0.0    0.131   0.000   18.1    60   10.2   17.6   11.06   1.1788     351     1    100.0   15 
13/03/25   5:30    5.6    5.7    5.5    93    4.5    0.0     NO   0.00   1.6    NO    5.6    5.6    5.6   997.3   0.00    0.0    0.133   0.000   18.3    59   10.1   17.8   10.95   1.1780     349     1    100.0   15 
13/03/25   5:45    5.8    5.9    5.7    94    4.9    0.0     NO   0.00   1.6    NO    5.8    5.8    5.8   997.5   0.00    0.0    0.131   0.000   18.6    59   10.4   18.1   10.95   1.1768     349     1    100.0   15 
13/03/25   6:00    5.9    5.9    5.8    93    4.8    0.0     NO   0.00   1.6    NO    5.9    5.9    5.9   997.5   0.00    0.0    0.130   0.000   19.3    58   10.8   18.9   10.75   1.1735     351     1    100.0   15 
13/03/25   6:15    5.8    5.8    5.8    93    4.8    0.0    ---   0.00   0.0   ---    5.8    5.9    5.9   997.5   0.00    0.0    0.130   0.000   20.1    57   11.3   19.8   10.59   1.1697     351     1    100.0   15 
13/03/25   6:30    5.8    5.8    5.7    94    4.9    1.6      E   0.40   4.8     E    5.8    5.8    5.8   997.6   0.00    0.0    0.131   0.000   20.6    56   11.5   20.1   10.37   1.1676     351     1    100.0   15 
13/03/25   6:45    5.7    5.8    5.6    94    4.8    0.0     NE   0.00   4.8    NO    5.7    5.8    5.8   997.8   0.00    0.0    0.131   0.000   20.9    55   11.6   20.3   10.16   1.1664     350     1    100.0   15 
13/03/25   7:00    5.7    5.8    5.6    94    4.8    3.2     NO   0.80   8.0    NO    5.7    5.8    5.8   997.9   0.00    0.0    0.131   0.000   21.2    55   11.8   20.6   10.15   1.1652     352     1    100.0   15 
13/03/25   7:15    5.9    6.1    5.8    94    5.0    4.8     NO   1.21   8.0    NO    5.2    5.9    5.2   998.0   0.00    0.0    0.130   0.000   21.6    54   11.8   20.9    9.93   1.1639     350     1    100.0   15 
13/03/25   7:30    6.3    6.6    6.1    94    5.4    1.6     NO   0.40   6.4    NO    6.3    6.4    6.4   998.0   0.00    0.0    0.125   0.000   21.9    53   11.9   21.4    9.79   1.1623     351     1    100.0   15 
13/03/25   7:45    7.0    7.3    6.6    93    5.9    1.6     NO   0.40   4.8    NO    7.0    7.1    7.1   998.1   0.00    0.0    0.118   0.000   22.5    53   12.4   22.3    9.75   1.1597     351     1    100.0   15 
13/03/25   8:00    7.6    7.9    7.3    93    6.5    3.2      E   0.80   8.0     E    7.6    7.7    7.7   998.2   0.00    0.0    0.112   0.000   23.2    53   13.1   23.1    9.70   1.1565     351     1    100.0   15 
13/03/25   8:15    8.1    8.2    7.9    93    7.0    3.2    ENE   0.80  11.3   ENE    8.1    8.2    8.2   998.1   0.00    0.0    0.107   0.000   23.7    52   13.2   23.7    9.56   1.1542     352     1    100.0   15 
13/03/25   8:30    8.5    8.9    8.2    93    7.4    3.2      E   0.80  11.3   ESE    8.5    8.7    8.7   998.0   0.00    0.0    0.102   0.000   24.0    52   13.5   24.1    9.55   1.1524     351     1    100.0   15 
13/03/25   8:45    9.3    9.7    8.9    91    7.9    3.2    ENE   0.80   9.7     E    9.3    9.5    9.5   997.9   0.00    0.0    0.094   0.000   24.3    51   13.5   24.4    9.35   1.1511     350     1    100.0   15 
13/03/25   9:00    9.9   10.0    9.7    88    8.0    3.2      E   0.80   9.7     E    9.9   10.0   10.0   997.9   0.00    0.0    0.088   0.000   24.5    51   13.7   24.5    9.35   1.1503     351     1    100.0   15 
13/03/25   9:15    9.9   10.3    9.8    88    8.0    1.6      E   0.40   8.0     E    9.9   10.1   10.1   998.1   0.00    0.0    0.087   0.000   24.3    51   13.5   24.4    9.35   1.1513     352     1    100.0   15 
13/03/25   9:30   10.8   11.1   10.3    84    8.2    3.2      E   0.80  11.3     E   10.8   10.8   10.8   997.9   0.00    0.0    0.078   0.000   24.1    52   13.6   24.2    9.54   1.1518     350     1    100.0   15 
13/03/25   9:45   11.1   11.2   11.0    85    8.6    1.6      E   0.40   8.0   ENE   11.1   11.1   11.1   997.9   0.00    0.0    0.076   0.000   23.8    50   12.8   23.9    9.25   1.1538     351     1    100.0   15 
13/03/25  10:00   11.5   11.7   11.2    82    8.5    1.6      E   0.40   6.4   ESE   11.5   11.4   11.4   998.0   0.00    0.0    0.071   0.000   23.6    52   13.1   23.6    9.56   1.1546     351     1    100.0   15 
13/03/25  10:15   11.9   12.3   11.7    81    8.8    1.6    ENE   0.40   8.0     E   11.9   11.8   11.8   997.7   0.00    0.0    0.067   0.000   23.5    52   13.1   23.5    9.56   1.1546     352     1    100.0   15 
13/03/25  10:30   13.0   13.4   12.3    76    8.9    1.6      E   0.40   9.7     E   13.0   12.7   12.7   997.4   0.00    0.0    0.056   0.000   23.6    54   13.7   23.7    9.86   1.1533     351     1    100.0   15 
13/03/25  10:45   13.7   13.9   13.4    74    9.1    1.6      S   0.40   4.8   SSO   13.7   13.3   13.3   997.4   0.00    0.0    0.049   0.000   23.6    55   14.0   23.7   10.06   1.1529     350     1    100.0   15 
13/03/25  11:00   13.8   13.9   13.6    72    8.8    3.2    ENE   0.80   8.0     E   13.8   13.4   13.4   997.4   0.00    0.0    0.047   0.000   23.5    55   13.9   23.7   10.06   1.1533     351     1    100.0   15 
13/03/25  11:15   13.6   13.9   13.4    69    8.0    1.6      S   0.40   6.4   SSE   13.6   13.2   13.2   997.4   0.00    0.0    0.049   0.000   23.3    50   12.3   23.1    9.25   1.1560     351     1    100.0   15 
13/03/25  11:30   14.0   14.1   13.9    67    8.0    1.6      S   0.40   8.0     E   14.0   13.5   13.5   997.3   0.00    0.0    0.045   0.000   22.8    49   11.6   22.5    9.05   1.1584     352     1    100.0   15 
13/03/25  11:45   13.8   14.0   13.7    68    8.0    1.6      S   0.40   8.0   SSE   13.8   13.3   13.3   997.3   0.00    0.0    0.047   0.000   22.7    48   11.1   22.3    8.91   1.1592     350     1    100.0   15 
13/03/25  12:00   14.1   14.4   13.8    68    8.3    1.6      E   0.40  12.9   SSE   14.1   13.6   13.6   997.3   0.00    0.0    0.044   0.000   22.9    48   11.3   22.6    8.92   1.1582     351     1    100.0   15 
13/03/25  12:15   14.1   14.4   13.9    72    9.1    3.2      E   0.80  12.9   SSE   14.1   13.7   13.7   997.1   0.00    0.0    0.045   0.000   23.3    47   11.4   23.1    8.75   1.1563     351     1    100.0   15 
13/03/25  12:30   13.4   13.9   13.0    77    9.4    3.2      E   0.80  12.9     E   13.4   13.1   13.1   996.9   0.00    0.0    0.052   0.000   23.4    48   11.8   23.2    8.93   1.1556     351     1    100.0   15 
13/03/25  12:45   12.8   12.9   12.7    78    9.1    3.2    ENE   0.80  11.3   ESE   12.8   12.6   12.6   996.7   0.00    0.0    0.057   0.000   23.4    48   11.8   23.3    8.93   1.1550     351     1    100.0   15 
13/03/25  13:00   12.8   12.8   12.7    80    9.4    0.0    ENE   0.00   4.8   ESE   12.8   12.6   12.6   996.5   0.00    0.0    0.058   0.000   23.5    49   12.2   23.4    9.05   1.1542     350     1    100.0   15 
13/03/25  13:15   12.7   12.8   12.5    82    9.7    0.0    ENE   0.00   3.2   ENE   12.7   12.6   12.6   996.6   0.60    6.6    0.058   0.000   23.6    48   11.9   23.4    8.94   1.1544     350     1    100.0   15 
13/03/25  13:30   11.6   12.4   10.8    84    9.0    0.0      E   0.00   4.8   ESE   11.6   11.6   11.6   996.6   3.60   36.4    0.070   0.000   23.6    49   12.2   23.4    9.05   1.1541     350     1    100.0   15 
13/03/25  13:45   10.7   10.8   10.4    88    8.8    1.6      E   0.40  11.3   ESE   10.7   10.7   10.7   996.3   1.00   15.0    0.080   0.000   23.7    51   13.0   23.8    9.36   1.1522     351     1    100.0   15 
13/03/25  14:00   10.2   10.4    9.9    90    8.7    1.6    ESE   0.40   8.0    SE   10.2   10.4   10.4   996.4   2.40   45.8    0.084   0.000   23.9    51   13.2   24.1    9.35   1.1512     351     1    100.0   15 
13/03/25  14:15    9.8    9.9    9.7    92    8.5    1.6    ENE   0.40  14.5     E    9.8   10.0   10.0   996.1   1.20   13.4    0.089   0.000   24.1    51   13.3   24.1    9.35   1.1503     351     1    100.0   15 
13/03/25  14:30    9.8    9.9    9.7    93    8.8    3.2      E   0.80  12.9   ESE    9.8   10.1   10.1   996.0   0.00    0.0    0.089   0.000   24.0    52   13.5   24.1    9.55   1.1502     351     1    100.0   15 
13/03/25  14:45    9.8    9.8    9.8    93    8.8    3.2      E   0.80  14.5     E    9.8   10.1   10.1   996.1   0.00    0.0    0.089   0.000   24.1    52   13.6   24.2    9.54   1.1497     352     1    100.0   15 
13/03/25  15:00    9.7    9.8    9.7    93    8.6    3.2      E   0.80  12.9   ENE    9.7    9.9    9.9   996.0   0.00    0.0    0.090   0.000   24.2    51   13.4   24.3    9.35   1.1493     350     1    100.0   15 
13/03/25  15:15    9.7    9.8    9.7    93    8.6    1.6      E   0.40  11.3     E    9.7    9.9    9.9   995.8   0.00    0.0    0.090   0.000   24.3    51   13.5   24.3    9.35   1.1489     351     1    100.0   15 
13/03/25  15:30    9.6    9.7    9.5    94    8.6    1.6      E   0.40  12.9   ENE    9.6    9.8    9.8   995.9   0.20    0.0    0.091   0.000   24.3    52   13.8   24.4    9.54   1.1487     351     1    100.0   15 
13/03/25  15:45    9.4    9.6    9.2    94    8.5    4.8      E   1.21  14.5   ENE    9.2    9.7    9.4   995.8   0.00    0.0    0.093   0.000   24.3    52   13.8   24.4    9.54   1.1485     351     1    100.0   15 
13/03/25  16:00    9.1    9.2    9.1    94    8.2    4.8      E   1.21  14.5     E    8.8    9.3    9.0   995.6   0.00    0.0    0.096   0.000   24.2    51   13.4   24.3    9.35   1.1489     351     1    100.0   15 
13/03/25  16:15    9.1    9.1    9.0    94    8.1    3.2      E   0.80  11.3   ENE    9.1    9.3    9.3   995.7   0.00    0.0    0.097   0.000   24.2    51   13.4   24.2    9.35   1.1493     350     1    100.0   15 
13/03/25  16:30    9.1    9.2    9.1    94    8.2    3.2      E   0.80  11.3   ENE    9.1    9.3    9.3   995.5   0.00    0.0    0.096   0.000   24.1    51   13.3   24.2    9.35   1.1494     351     1    100.0   15 
13/03/25  16:45    9.2    9.2    9.1    94    8.3    4.8      E   1.21  12.9   ESE    8.9    9.4    9.1   995.5   0.00    0.0    0.095   0.000   24.1    51   13.3   24.1    9.35   1.1496     351     1    100.0   15 
13/03/25  17:00    8.9    9.1    8.7    94    8.0    4.8    ENE   1.21  16.1     E    8.6    9.1    8.8   995.6   0.00    0.0    0.098   0.000   24.0    51   13.2   24.1    9.35   1.1500     352     1    100.0   15 
13/03/25  17:15    8.7    8.8    8.6    93    7.6    8.0      E   2.01  17.7   ESE    7.4    8.8    7.6   995.7   0.00    0.0    0.101   0.000   24.1    51   13.3   24.1    9.35   1.1498     351     1    100.0   15 
13/03/25  17:30    8.6    8.7    8.6    93    7.5    6.4      E   1.61  16.1   ESE    7.8    8.8    7.9   995.7   0.00    0.0    0.101   0.000   23.9    51   13.2   24.1    9.35   1.1504     351     1    100.0   15 
13/03/25  17:45    8.6    8.7    8.6    92    7.4    8.0    ESE   2.01  25.7     E    7.4    8.8    7.6   995.7   0.00    0.0    0.101   0.000   23.6    51   12.9   23.6    9.36   1.1520     350     1    100.0   15 
13/03/25  18:00    8.6    8.6    8.6    92    7.3    6.4      E   1.61  22.5     E    7.7    8.7    7.9   995.8   0.00    0.0    0.102   0.000   23.2    52   12.8   23.2    9.57   1.1537     352     1    100.0   15 
13/03/25  18:15    8.6    8.6    8.5    92    7.3    4.8      E   1.21  19.3   ENE    8.2    8.7    8.3   995.7   0.20    0.0    0.102   0.000   22.9    52   12.6   22.8    9.58   1.1550     351     1    100.0   15 
13/03/25  18:30    8.3    8.5    8.3    93    7.3    3.2    ENE   0.80  12.9   ENE    8.3    8.5    8.5   995.8   0.00    0.0    0.104   0.000   22.9    52   12.5   22.7    9.59   1.1554     351     1    100.0   15 
13/03/25  18:45    8.3    8.4    8.3    93    7.3    6.4    ENE   1.61  17.7     E    7.4    8.5    7.6   995.9   0.20    0.0    0.104   0.000   23.2    52   12.8   23.1    9.58   1.1541     350     1    100.0   15 
13/03/25  19:00    8.2    8.3    8.0    93    7.1    8.0    ENE   2.01  20.9     E    6.8    8.3    6.9   995.9   0.00    0.0    0.106   0.000   23.6    51   12.8   23.6    9.36   1.1525     350     1    100.0   15 
13/03/25  19:15    7.8    7.9    7.6    94    6.9    6.4    ENE   1.61  22.5     E    6.8    7.9    6.9   996.0   0.20    0.0    0.110   0.000   23.8    51   13.0   23.8    9.35   1.1516     352     1    100.0   15 
13/03/25  19:30    7.4    7.6    7.3    94    6.5    6.4    ENE   1.61  16.1   ENE    6.4    7.6    6.5   996.1   0.20    0.0    0.113   0.000   23.9    50   12.8   23.9    9.25   1.1514     350     1    100.0   15 
13/03/25  19:45    7.2    7.3    7.1    94    6.3    4.8    ENE   1.21  16.1    NE    6.6    7.3    6.7   996.2   0.00    0.0    0.116   0.000   24.0    50   12.9   24.1    9.25   1.1511     350     1    100.0   15 
13/03/25  20:00    7.0    7.1    6.9    94    6.1    4.8    ENE   1.21  11.3     E    6.4    7.1    6.6   996.3   0.20    0.0    0.118   0.000   24.1    50   13.0   24.1    9.24   1.1509     351     1    100.0   15 
13/03/25  20:15    6.9    6.9    6.8    94    6.0    1.6      E   0.40   6.4   ENE    6.9    7.0    7.0   996.4   0.40    1.0    0.119   0.000   24.2    50   13.1   24.2    9.24   1.1504     351     1    100.0   15 
13/03/25  20:30    6.8    6.8    6.7    94    5.9    1.6      E   0.40   4.8   ESE    6.8    6.9    6.9   996.4   0.20    1.2    0.120   0.000   24.2    50   13.1   24.2    9.24   1.1505     351     1    100.0   15 
13/03/25  20:45    6.6    6.7    6.6    94    5.7    0.0      E   0.00   4.8    NE    6.6    6.7    6.7   996.5   0.20    1.2    0.122   0.000   24.0    50   12.9   24.1    9.25   1.1515     350     1    100.0   15 
13/03/25  21:00    6.5    6.6    6.4    94    5.6    0.0    ENE   0.00   1.6   ENE    6.5    6.6    6.6   996.9   0.00    0.0    0.123   0.000   23.9    50   12.8   23.9    9.25   1.1524     350     1    100.0   15 
13/03/25  21:15    6.4    6.4    6.4    95    5.6    0.0    ENE   0.00   1.6   ENE    6.4    6.5    6.5   996.8   0.20    0.0    0.124   0.000   23.8    50   12.7   23.8    9.25   1.1529     348     1    100.0   15 
13/03/25  21:30    6.4    6.4    6.4    95    5.7    1.6      E   0.40   4.8     E    6.4    6.6    6.6   996.7   0.60    2.0    0.124   0.000   23.7    50   12.6   23.6    9.25   1.1533     351     1    100.0   15 
13/03/25  21:45    6.4    6.5    6.4    95    5.7    1.6      E   0.40   4.8     E    6.4    6.6    6.6   996.8   0.00    0.8    0.124   0.000   23.6    50   12.6   23.6    9.25   1.1536     351     1    100.0   15 
13/03/25  22:00    6.4    6.5    6.4    95    5.7    0.0    ENE   0.00   6.4   ENE    6.4    6.6    6.6   996.8   0.20    0.8    0.124   0.000   23.6    51   12.8   23.6    9.36   1.1535     351     1    100.0   15 
13/03/25  22:15    6.5    6.6    6.4    95    5.8    0.0    ---   0.00   0.0   ---    6.5    6.6    6.6   996.8   0.20    0.8    0.123   0.000   23.5    51   12.8   23.4    9.36   1.1538     351     1    100.0   15 
13/03/25  22:30    6.5    6.6    6.4    95    5.8    0.0    ---   0.00   0.0   ---    6.5    6.6    6.6   996.7   0.00    0.0    0.123   0.000   23.5    51   12.8   23.4    9.36   1.1537     352     1    100.0   15 
13/03/25  22:45    6.4    6.4    6.3    95    5.6    0.0    ENE   0.00   4.8   ENE    6.4    6.5    6.5   996.7   0.20    0.0    0.124   0.000   23.5    51   12.8   23.4    9.36   1.1538     351     1    100.0   15 
13/03/25  23:00    6.3    6.3    6.3    95    5.5    0.0    ENE   0.00   1.6   ENE    6.3    6.3    6.3   996.7   0.40    1.2    0.126   0.000   23.5    51   12.8   23.4    9.36   1.1537     351     1    100.0   15 
13/03/25  23:15    6.4    6.6    6.3    96    5.9    0.0    ENE   0.00   1.6   ENE    6.4    6.6    6.6   996.8   0.20    1.2    0.124   0.000   23.6    51   12.8   23.6    9.36   1.1535     351     1    100.0   15 
13/03/25  23:30    6.7    6.7    6.6    96    6.1    0.0    ---   0.00   0.0   ---    6.7    6.8    6.8   996.7   0.20    1.0    0.122   0.000   23.4    51   12.7   23.3    9.37   1.1543     351     1    100.0   15 
13/03/25  23:45    6.7    6.7    6.7    96    6.1    0.0    ENE   0.00   1.6   ENE    6.7    6.8    6.8   996.8   0.60    3.2    0.121   0.000   22.9    52   12.6   22.8    9.58   1.1563     351     1    100.0   15 
14/03/25  00:00    6.7    6.8    6.7    96    6.1    0.0    ---   0.00   0.0   ---    6.7    6.8    6.8   996.8   0.60    3.2    0.121   0.000   22.4    52   12.1   22.1    9.60   1.1587     351     1    100.0   15 
14/03/25   0:15    6.7    6.7    6.6    96    6.1    0.0    ---   0.00   0.0   ---    6.7    6.8    6.8   996.9   0.80    3.0    0.122   0.000   22.1    53   12.0   21.6    9.78   1.1604     349     1    100.0   15 
14/03/25   0:30    6.6    6.7    6.6    96    6.0    0.0    ---   0.00   0.0   ---    6.6    6.7    6.7   996.9   0.40    2.8    0.122   0.000   21.7    53   11.7   21.0    9.81   1.1624     351     1    100.0   15 
14/03/25   0:45    6.7    6.7    6.7    96    6.1    0.0    ENE   0.00   3.2   ENE    6.7    6.8    6.8   997.0   0.80    3.6    0.122   0.000   21.3    54   11.6   20.6    9.94   1.1639     351     1    100.0   15 
14/03/25   1:00    6.6    6.7    6.6    96    6.0    0.0    ---   0.00   0.0   ---    6.6    6.7    6.7   997.2   0.40    2.8    0.122   0.000   21.0    54   11.3   20.3    9.96   1.1657     351     1    100.0   15 
14/03/25   1:15    6.6    6.6    6.6    96    6.0    0.0    ---   0.00   0.0   ---    6.6    6.7    6.7   997.2   0.40    2.2    0.122   0.000   20.7    55   11.3   20.1   10.17   1.1671     351     1    100.0   15 
14/03/25   1:30    6.6    6.6    6.6    96    6.0    0.0    ---   0.00   0.0   ---    6.6    6.7    6.7   997.2   0.40    2.0    0.122   0.000   20.3    56   11.3   19.9   10.38   1.1685     351     1    100.0   15 
14/03/25   1:45    6.6    6.6    6.4    96    6.0    0.0    ---   0.00   0.0   ---    6.6    6.7    6.7   997.1   0.60    3.8    0.123   0.000   20.0    56   11.0   19.6   10.39   1.1700     351     1    100.0   15 
14/03/25   2:00    6.4    6.5    6.3    96    5.8    0.0    ---   0.00   0.0   ---    6.4    6.5    6.5   997.0   0.20    2.0    0.124   0.000   19.7    57   11.0   19.3   10.60   1.1710     351     1    100.0   15 
14/03/25   2:15    6.3    6.3    6.2    96    5.7    0.0    ENE   0.00   1.6   ENE    6.3    6.4    6.4   997.1   0.00    0.0    0.126   0.000   19.4    57   10.7   19.1   10.61   1.1725     352     1    100.0   15 
14/03/25   2:30    6.3    6.3    6.2    96    5.7    0.0    ENE   0.00   3.2   ENE    6.3    6.4    6.4   997.2   0.20    0.0    0.126   0.000   19.2    57   10.5   18.8   10.62   1.1736     349     1    100.0   15 
14/03/25   2:45    6.2    6.2    6.2    96    5.6    0.0    ENE   0.00   1.6   ENE    6.2    6.2    6.2   997.2   0.20    0.8    0.127   0.000   19.0    58   10.5   18.6   10.75   1.1745     351     1    100.0   15 
14/03/25   3:00    6.2    6.2    6.1    96    5.6    0.0    ---   0.00   0.0   ---    6.2    6.2    6.2   997.1   0.20    1.4    0.127   0.000   18.8    58   10.4   18.3   10.75   1.1752     351     1    100.0   15 
14/03/25   3:15    6.1    6.2    6.1    96    5.5    0.0    ---   0.00   0.0   ---    6.1    6.2    6.2   997.0   0.20    1.4    0.127   0.000   18.6    58   10.2   18.1   10.75   1.1762     350     1    100.0   15 
14/03/25   3:30    6.2    6.2    6.2    96    5.6    0.0    ENE   0.00   1.6   ENE    6.2    6.2    6.2   997.1   0.20    1.0    0.127   0.000   18.4    59   10.3   17.9   10.95   1.1769     350     1    100.0   15 
