                 Temp.  Temp.  Temp.  Hum.   Punt   Vel.   Dir.   Rec.  Vel.  Dir.  Sens.   ═nd.   ═nd.                  Int. Graus D.Graus D.  Temp.  Hum. Rosada  In.Cal.  EMC     Dens.    Mostr   Tx   Recep.  Int.
  Data    Hora    Ext.   MÓx.   Mÿn.  Ext. Rosada   Vent   Vent   Vent  MÓx.  MÓx.  T×rm.  Calor   THW    Bar    Pluja   Pluja  Calor    Fred    Int.  Int.   Int.   Int.    Int.  Int.Aire    Vent   Vent   ISS   Arc.
-------------------------------------------------------------------------------------------------------------------------------------------------------------------------------------------------------------------------
14/04/26   0:15   10.4   10.6   10.3    91    9.0    0.0    ---   0.00   0.0   ---   10.4   10.6   10.6  1013.8   0.00    0.0    0.082   0.000   21.4    49   10.3   20.6    9.05   1.1847     347     1    100.0   15 
14/04/26   0:30   10.4   10.6   10.2    90    8.8    0.0    ---   0.00   0.0   ---   10.4   10.5   10.5  1013.9   0.00    0.0    0.083   0.000   21.2    50   10.3   20.2    9.25   1.1859     351     1    100.0   15 
14/04/26   0:45   10.2   10.3   10.2    91    8.8    0.0    ---   0.00   0.0   ---   10.2   10.4   10.4  1013.9   0.00    0.0    0.084   0.000   20.9    50   10.1   20.1    9.26   1.1870     350     1    100.0   15 
14/04/26   1:00   10.2   10.3   10.0    90    8.7    0.0    ---   0.00   0.0   ---   10.2   10.4   10.4  1013.9   0.00    0.0    0.084   0.000   20.7    51   10.2   19.9    9.46   1.1878     352     1    100.0   15 
14/04/26   1:15    9.7   10.0    9.4    90    8.1    0.0    ---   0.00   0.0   ---    9.7    9.8    9.8  1013.9   0.00    0.0    0.090   0.000   20.6    51   10.1   19.8    9.47   1.1886     350     1    100.0   15 
14/04/26   1:30    9.2    9.4    9.1    90    7.7    0.0     NO   0.00   1.6   NNO    9.2    9.4    9.4  1013.9   0.00    0.0    0.095   0.000   20.4    51    9.9   19.7    9.48   1.1894     351     1    100.0   15 
14/04/26   1:45    9.0    9.1    8.8    90    7.4    0.0    ---   0.00   0.0   ---    9.0    9.1    9.1  1013.9   0.00    0.0    0.097   0.000   20.2    51    9.7   19.5    9.48   1.1906     350     1    100.0   15 
14/04/26   2:00    8.7    8.8    8.4    89    7.0    0.0    ONO   0.00   4.8   NNO    8.7    8.8    8.8  1013.9   0.00    0.0    0.101   0.000   19.9    52    9.8   19.3    9.69   1.1913     352     1    100.0   15 
14/04/26   2:15    8.2    8.4    8.0    86    6.0    0.0     NO   0.00   4.8   NNO    8.2    8.2    8.2  1014.0   0.00    0.0    0.105   0.000   19.8    52    9.6   19.2    9.70   1.1922     350     1    100.0   15 
14/04/26   2:30    7.9    8.0    7.8    83    5.2    0.0    ---   0.00   0.0   ---    7.9    7.8    7.8  1014.0   0.00    0.0    0.109   0.000   19.6    52    9.5   18.9    9.70   1.1931     351     1    100.0   15 
14/04/26   2:45    7.6    7.8    7.5    82    4.7    0.0    ---   0.00   0.0   ---    7.6    7.6    7.6  1014.2   0.00    0.0    0.112   0.000   19.4    52    9.3   18.8    9.71   1.1941     351     1    100.0   15 
14/04/26   3:00    7.3    7.5    7.2    81    4.3    0.0    ---   0.00   0.0   ---    7.3    7.2    7.2  1014.2   0.00    0.0    0.115   0.000   19.3    52    9.2   18.6    9.72   1.1950     350     1    100.0   15 
14/04/26   3:15    7.2    7.2    7.1    80    3.9    0.0    ---   0.00   0.0   ---    7.2    7.1    7.1  1014.2   0.00    0.0    0.116   0.000   19.1    53    9.3   18.4    9.92   1.1956     352     1    100.0   15 
14/04/26   3:30    7.2    7.2    7.1    78    3.6    0.0    ---   0.00   0.0   ---    7.2    7.0    7.0  1014.4   0.00    0.0    0.116   0.000   18.9    53    9.1   18.2    9.93   1.1966     351     1    100.0   15 
14/04/26   3:45    7.1    7.2    7.1    78    3.5    0.0    ---   0.00   0.0   ---    7.1    6.9    6.9  1014.4   0.00    0.0    0.117   0.000   18.8    53    9.0   18.1    9.93   1.1972     351     1    100.0   15 
14/04/26   4:00    7.2    7.3    7.2    78    3.6    0.0    ---   0.00   0.0   ---    7.2    7.1    7.1  1014.5   0.00    0.0    0.116   0.000   18.7    53    8.9   17.9    9.94   1.1982     351     1    100.0   15 
14/04/26   4:15    7.0    7.2    6.8    79    3.6    0.0    ONO   0.00   1.6   ONO    7.0    6.9    6.9  1014.6   0.00    0.0    0.118   0.000   18.6    53    8.8   17.8    9.94   1.1988     351     1    100.0   15 
14/04/26   4:30    6.6    6.8    6.4    81    3.6    0.0    ONO   0.00   3.2   ONO    6.6    6.5    6.5  1014.7   0.00    0.0    0.122   0.000   18.4    53    8.7   17.7    9.95   1.1994     351     1    100.0   15 
14/04/26   4:45    6.3    6.4    6.3    82    3.5    0.0    ONO   0.00   1.6   ONO    6.3    6.2    6.2  1014.7   0.00    0.0    0.125   0.000   18.6    53    8.8   17.8    9.94   1.1989     351     1    100.0   15 
14/04/26   5:00    6.4    6.5    6.3    80    3.2    0.0    OSO   0.00   1.6   OSO    6.4    6.3    6.3  1014.8   0.00    0.0    0.124   0.000   19.1    52    9.0   18.4    9.72   1.1966     351     1    100.0   15 
14/04/26   5:15    6.4    6.4    6.3    81    3.4    0.0    ---   0.00   0.0   ---    6.4    6.3    6.3  1014.9   0.00    0.0    0.124   0.000   19.7    51    9.3   19.1    9.50   1.1939     352     1    100.0   15 
14/04/26   5:30    6.5    6.6    6.4    81    3.5    0.0    ---   0.00   0.0   ---    6.5    6.4    6.4  1015.0   0.00    0.0    0.123   0.000   20.2    50    9.5   19.5    9.28   1.1919     350     1    100.0   15 
14/04/26   5:45    6.3    6.4    6.3    82    3.5    0.0     NO   0.00   1.6    NO    6.3    6.2    6.2  1015.2   0.00    0.0    0.125   0.000   20.6    49    9.5   19.7    9.07   1.1907     351     1    100.0   15 
14/04/26   6:00    6.4    6.7    6.3    81    3.4    0.0    ---   0.00   0.0   ---    6.4    6.3    6.3  1015.3   0.00    0.0    0.124   0.000   20.9    49    9.8   19.9    9.06   1.1892     351     1    100.0   15 
14/04/26   6:15    6.9    7.2    6.7    79    3.6    0.0      O   0.00   1.6   ONO    6.9    6.8    6.8  1015.5   0.00    0.0    0.119   0.000   21.3    48    9.9   20.3    8.86   1.1876     350     1    100.0   15 
14/04/26   6:30    7.3    7.6    7.2    78    3.7    0.0      O   0.00   3.2     O    7.3    7.2    7.2  1015.5   0.00    0.0    0.115   0.000   21.9    47   10.1   21.1    8.75   1.1852     352     1    100.0   15 
14/04/26   6:45    7.8    8.1    7.6    77    4.0    0.0     NO   0.00   4.8    NO    7.8    7.6    7.6  1015.5   0.00    0.0    0.110   0.000   22.7    47   10.8   22.2    8.75   1.1813     351     1    100.0   15 
14/04/26   7:00    8.5    8.9    8.1    74    4.1    3.2     NO   0.80   8.0     E    8.5    8.3    8.3  1015.6   0.00    0.0    0.102   0.000   23.8    46   11.5   23.7    8.55   1.1761     351     1    100.0   15 
14/04/26   7:15    9.2    9.3    8.9    73    4.6    4.8      E   1.21  11.3     E    8.9    8.9    8.7  1015.6   0.00    0.0    0.095   0.000   24.1    45   11.4   23.9    8.44   1.1753     351     1    100.0   15 
14/04/26   7:30    9.8   10.2    9.3    71    4.8    1.6      E   0.40   4.8     E    9.8    9.6    9.6  1015.6   0.00    0.0    0.089   0.000   23.9    46   11.6   23.8    8.55   1.1755     352     1    100.0   15 
14/04/26   7:45   10.7   10.9   10.2    67    4.8    3.2    ENE   0.80   8.0     E   10.7   10.3   10.3  1015.8   0.00    0.0    0.080   0.000   23.8    46   11.5   23.7    8.55   1.1763     351     1    100.0   15 
14/04/26   8:00   11.3   11.6   10.9    66    5.2    1.6      E   0.40   4.8   ENE   11.3   10.9   10.9  1015.7   0.00    0.0    0.073   0.000   23.8    47   11.8   23.7    8.75   1.1761     350     1    100.0   15 
14/04/26   8:15   11.7   11.9   11.6    67    5.8    1.6      O   0.40   4.8     O   11.7   11.3   11.3  1015.8   0.00    0.0    0.069   0.000   23.7    46   11.4   23.5    8.56   1.1770     351     1    100.0   15 
14/04/26   8:30   12.0   12.2   11.6    64    5.4    1.6     NO   0.40   4.8   OSO   12.0   11.4   11.4  1015.8   0.00    0.0    0.066   0.000   23.5    46   11.2   23.3    8.56   1.1778     351     1    100.0   15 
14/04/26   8:45   12.0   12.2   11.9    64    5.4    1.6    OSO   0.40   6.4   OSO   12.0   11.4   11.4  1015.9   0.00    0.0    0.066   0.000   23.3    44   10.4   22.9    8.27   1.1794     352     1    100.0   15 
14/04/26   9:00   12.6   12.8   12.2    61    5.3    1.6    OSO   0.40   6.4   OSO   12.6   11.9   11.9  1016.0   0.00    0.0    0.060   0.000   23.2    44   10.3   22.8    8.27   1.1801     351     1    100.0   15 
14/04/26   9:15   13.3   13.7   12.8    60    5.7    1.6     SO   0.40   8.0    SO   13.3   12.6   12.6  1016.0   0.00    0.0    0.053   0.000   23.3    43   10.0   22.8    8.09   1.1802     351     1    100.0   15 
14/04/26   9:30   13.9   14.7   13.6    59    6.1    1.6     NO   0.40   9.7   NNO   13.9   13.2   13.2  1016.1   0.00    0.0    0.046   0.000   23.3    44   10.4   22.9    8.27   1.1797     351     1    100.0   15 
14/04/26   9:45   15.1   15.7   14.7    55    6.1    1.6     NE   0.40   4.8   SSE   15.1   14.2   14.2  1016.0   0.00    0.0    0.034   0.000   23.4    43   10.1   23.0    8.09   1.1797     352     1    100.0   15 
14/04/26  10:00   15.8   15.8   15.7    50    5.4    3.2     SO   0.80  11.3    SO   15.8   14.7   14.7  1015.9   0.00    0.0    0.027   0.000   23.4    44   10.4   23.1    8.27   1.1793     351     1    100.0   15 
14/04/26  10:15   15.8   16.2   15.6    48    4.8    1.6      S   0.40   8.0     O   15.8   14.6   14.6  1016.0   0.00    0.0    0.027   0.000   23.5    44   10.5   23.2    8.26   1.1788     350     1    100.0   15 
14/04/26  10:30   16.4   16.8   16.2    46    4.8    1.6    OSO   0.40   8.0   NNO   16.4   15.2   15.2  1016.0   0.00    0.0    0.020   0.000   23.6    44   10.6   23.2    8.26   1.1785     348     1    100.0   15 
14/04/26  10:45   16.9   17.1   16.8    45    4.9    3.2    OSO   0.80   9.7   OSO   16.9   15.6   15.6  1015.9   0.00    0.0    0.015   0.000   23.6    44   10.6   23.2    8.26   1.1784     351     1    100.0   15 
14/04/26  11:00   16.9   17.2   16.8    42    3.9    3.2     NO   0.80   8.0    NO   16.9   15.6   15.6  1015.8   0.00    0.0    0.014   0.000   23.7    45   11.1   23.5    8.45   1.1771     351     1    100.0   15 
14/04/26  11:15   17.2   17.8   17.0    39    3.1    3.2    SSO   0.80  11.3   OSO   17.2   15.7   15.7  1015.8   0.00    0.0    0.012   0.000   24.0    44   11.0   23.8    8.25   1.1761     351     1    100.0   15 
14/04/26  11:30   18.1   18.3   17.8    38    3.6    3.2      O   0.80  11.3     E   18.1   16.5   16.5  1015.5   0.00    0.0    0.002   0.000   23.9    44   10.9   23.7    8.25   1.1764     350     1    100.0   15 
14/04/26  11:45   18.4   18.5   18.2    30    0.5    4.8      S   1.21  14.5   ESE   18.4   16.3   16.3  1015.4   0.00    0.0    0.000   0.001   23.8    44   10.8   23.5    8.25   1.1768     351     1    100.0   15 
14/04/26  12:00   18.0   18.2   17.8    30    0.1    4.8    OSO   1.21  12.9   SSE   18.0   15.9   15.9  1015.3   0.00    0.0    0.003   0.000   23.7    44   10.7   23.4    8.26   1.1769     352     1    100.0   15 
14/04/26  12:15   18.6   18.9   18.2    32    1.5    3.2    OSO   0.80  12.9     S   18.6   16.6   16.6  1015.2   0.00    0.0    0.000   0.002   23.7    44   10.7   23.4    8.26   1.1770     351     1    100.0   15 
14/04/26  12:30   18.9   19.2   18.8    31    1.4    3.2      S   0.80  11.3     E   18.9   16.9   16.9  1015.1   0.00    0.0    0.000   0.006   23.7    44   10.7   23.4    8.26   1.1769     351     1    100.0   15 
14/04/26  12:45   19.6   19.9   19.2    28    0.6    3.2     SO   0.80  11.3   NNO   19.6   17.4   17.4  1015.0   0.00    0.0    0.000   0.013   23.7    45   11.1   23.5    8.45   1.1762     350     1    100.0   15 
14/04/26  13:00   19.8   19.9   19.8    26   -0.2    4.8      S   1.21  12.9     S   19.8   17.5   17.5  1014.9   0.00    0.0    0.000   0.016   23.7    44   10.7   23.4    8.26   1.1765     351     1    100.0   15 
14/04/26  13:15   20.3   20.6   19.8    27    0.7    3.2    OSO   0.80  11.3   NNO   20.3   18.1   18.1  1015.0   0.00    0.0    0.000   0.020   23.7    45   11.1   23.5    8.45   1.1762     351     1    100.0   15 
14/04/26  13:30   20.7   20.9   20.6    27    1.0    4.8     SO   1.21  14.5   OSO   20.7   18.6   18.6  1014.9   0.00    0.0    0.000   0.025   23.8    44   10.8   23.5    8.25   1.1762     351     1    100.0   15 
14/04/26  13:45   20.9   21.1   20.7    36    5.3    3.2     SO   0.80  12.9    SO   20.9   19.3   19.3  1014.8   0.00    0.0    0.000   0.027   23.8    44   10.8   23.5    8.25   1.1760     351     1    100.0   15 
14/04/26  14:00   20.5   21.1   19.5    48    9.1    6.4     SO   1.61  22.5     S   20.5   19.6   19.6  1014.9   0.00    0.0    0.000   0.023   23.8    44   10.8   23.5    8.25   1.1761     350     1    100.0   15 
14/04/26  14:15   18.9   19.5   18.7    51    8.6    8.0    SSO   2.01  19.3   OSO   18.9   18.1   18.1  1014.7   0.00    0.0    0.000   0.006   23.8    44   10.8   23.6    8.25   1.1757     351     1    100.0   15 
14/04/26  14:30   19.1   19.3   18.7    50    8.4    6.4     SO   1.61  16.1     O   19.1   18.2   18.2  1014.8   0.00    0.0    0.000   0.008   24.0    44   11.0   23.8    8.25   1.1749     351     1    100.0   15 
14/04/26  14:45   19.0   19.1   18.8    51    8.6    6.4    OSO   1.61  16.1   SSE   19.0   18.2   18.2  1014.6   0.00    0.0    0.000   0.007   24.6    44   11.5   24.3    8.23   1.1721     350     1    100.0   15 
14/04/26  15:00   18.9   19.0   18.8    53    9.1    8.0     SO   2.01  20.9   OSO   18.9   18.2   18.2  1014.5   0.00    0.0    0.000   0.006   25.0    43   11.5   24.7    8.05   1.1701     350     1    100.0   15 
14/04/26  15:15   18.7   18.8   18.3    55    9.4    6.4    OSO   1.61  22.5   SSO   18.7   18.1   18.1  1014.6   0.00    0.0    0.000   0.003   25.3    43   11.8   25.0    8.05   1.1685     352     1    100.0   15 
14/04/26  15:30   18.1   18.3   17.8    55    8.9    8.0     SO   2.01  19.3   OSO   18.1   17.4   17.4  1014.6   0.00    0.0    0.002   0.000   25.3    43   11.8   25.0    8.05   1.1686     351     1    100.0   15 
14/04/26  15:45   17.8   18.1   17.7    56    8.9    8.0      S   2.01  20.9     S   17.8   17.2   17.2  1014.7   0.00    0.0    0.005   0.000   25.2    43   11.7   24.9    8.05   1.1693     351     1    100.0   15 
14/04/26  16:00   17.7   17.8   17.6    57    9.0    6.4     SO   1.61  16.1    SO   17.7   17.0   17.0  1015.0   0.00    0.0    0.007   0.000   25.1    43   11.6   24.8    8.05   1.1701     350     1    100.0   15 
14/04/26  16:15   17.8   17.8   17.6    54    8.3    6.4     SO   1.61  16.1    SO   17.8   17.0   17.0  1015.1   0.00    0.0    0.006   0.000   24.9    44   11.8   24.6    8.21   1.1707     352     1    100.0   15 
14/04/26  16:30   17.3   17.6   17.1    57    8.7    8.0    SSO   2.01  19.3     O   17.3   16.6   16.6  1015.4   0.00    0.0    0.011   0.000   24.8    44   11.7   24.6    8.22   1.1716     351     1    100.0   15 
14/04/26  16:45   16.9   17.1   16.8    56    8.1    6.4      S   1.61  17.7     S   16.9   16.2   16.2  1015.4   0.00    0.0    0.014   0.000   24.8    44   11.7   24.6    8.22   1.1716     350     1    100.0   15 
14/04/26  17:00   16.6   16.9   16.3    56    7.7    6.4      S   1.61  14.5    SO   16.6   15.7   15.7  1015.6   0.00    0.0    0.019   0.000   24.7    45   12.0   24.5    8.42   1.1721     351     1    100.0   15 
14/04/26  17:15   16.3   16.5   16.2    54    7.0    4.8      S   1.21  11.3     S   16.3   15.4   15.4  1015.9   0.00    0.0    0.021   0.000   24.6    45   11.9   24.4    8.42   1.1729     350     1    100.0   15 
14/04/26  17:30   16.6   16.7   16.5    54    7.3    3.2      S   0.80   9.7   OSO   16.6   15.7   15.7  1016.2   0.00    0.0    0.018   0.000   24.4    45   11.7   24.2    8.43   1.1740     352     1    100.0   15 
14/04/26  17:45   16.4   16.6   16.2    55    7.4    3.2    SSO   0.80   9.7   SSO   16.4   15.6   15.6  1016.2   0.00    0.0    0.020   0.000   24.3    46   12.0   24.2    8.53   1.1742     350     1    100.0   15 
14/04/26  18:00   15.6   16.2   15.2    58    7.4    4.8     SO   1.21  11.3   SSO   15.6   14.8   14.8  1016.3   0.00    0.0    0.028   0.000   24.2    46   11.9   24.1    8.54   1.1749     351     1    100.0   15 
14/04/26  18:15   14.8   15.2   14.6    60    7.1    3.2     SO   0.80   8.0   OSO   14.8   14.1   14.1  1016.6   0.00    0.0    0.036   0.000   24.1    47   12.0   23.9    8.74   1.1757     350     1    100.0   15 
14/04/26  18:30   14.2   14.5   13.9    64    7.5    3.2    OSO   0.80  11.3   OSO   14.2   13.6   13.6  1016.7   0.00    0.0    0.043   0.000   23.9    47   11.9   23.8    8.75   1.1765     352     1    100.0   15 
14/04/26  18:45   13.7   13.9   13.5    66    7.5    3.2    OSO   0.80   8.0   SSO   13.7   13.2   13.2  1016.9   0.00    0.0    0.048   0.000   23.8    47   11.8   23.7    8.75   1.1772     350     1    100.0   15 
14/04/26  19:00   13.3   13.5   13.2    70    8.0    3.2    OSO   0.80   9.7     O   13.3   12.9   12.9  1017.2   0.00    0.0    0.052   0.000   23.7    48   12.0   23.6    8.94   1.1781     351     1    100.0   15 
14/04/26  19:15   12.9   13.2   12.6    73    8.2    3.2    OSO   0.80   8.0   OSO   12.9   12.6   12.6  1017.5   0.00    0.0    0.056   0.000   23.5    48   11.9   23.3    8.94   1.1792     351     1    100.0   15 
14/04/26  19:30   12.2   12.6   12.0    76    8.1    3.2    OSO   0.80   6.4     O   12.2   11.9   11.9  1017.8   0.00    0.0    0.064   0.000   23.4    48   11.8   23.2    8.93   1.1801     352     1    100.0   15 
14/04/26  19:45   11.9   12.0   11.8    78    8.2    1.6      O   0.40   6.4   OSO   11.9   11.7   11.7  1018.1   0.00    0.0    0.067   0.000   23.7    47   11.7   23.5    8.75   1.1794     351     1    100.0   15 
14/04/26  20:00   11.8   11.8   11.7    78    8.1    1.6      O   0.40   8.0    SO   11.8   11.6   11.6  1018.2   0.00    0.0    0.068   0.000   23.9    47   11.9   23.8    8.75   1.1782     351     1    100.0   15 
14/04/26  20:15   11.7   11.7   11.6    78    8.0    0.0    OSO   0.00   4.8   OSO   11.7   11.4   11.4  1018.4   0.00    0.0    0.069   0.000   24.2    47   12.1   24.1    8.74   1.1773     349     1    100.0   15 
14/04/26  20:30   11.6   11.6   11.5    79    8.0    1.6    OSO   0.40   4.8   OSO   11.6   11.4   11.4  1018.6   0.00    0.0    0.071   0.000   24.3    46   12.0   24.2    8.53   1.1770     351     1    100.0   15 
14/04/26  20:45   11.5   11.6   11.4    80    8.2    0.0    OSO   0.00   1.6   OSO   11.5   11.3   11.3  1018.7   0.00    0.0    0.071   0.000   24.4    46   12.1   24.3    8.53   1.1766     352     1    100.0   15 
14/04/26  21:00   11.3   11.4   11.2    82    8.4    0.0    OSO   0.00   3.2   OSO   11.3   11.2   11.2  1018.8   0.00    0.0    0.073   0.000   24.4    46   12.1   24.3    8.53   1.1768     351     1    100.0   15 
14/04/26  21:15   11.2   11.3   11.2    84    8.6    0.0    OSO   0.00   3.2   OSO   11.2   11.2   11.2  1018.9   0.00    0.0    0.074   0.000   24.6    46   12.2   24.4    8.53   1.1764     351     1    100.0   15 
14/04/26  21:30   11.2   11.3   11.0    85    8.7    0.0    OSO   0.00   3.2   OSO   11.2   11.2   11.2  1019.0   0.00    0.0    0.075   0.000   24.6    46   12.2   24.4    8.53   1.1764     351     1    100.0   15 
14/04/26  21:45   10.9   11.0   10.9    86    8.7    0.0    OSO   0.00   1.6   OSO   10.9   10.9   10.9  1019.0   0.00    0.0    0.077   0.000   24.6    46   12.2   24.4    8.52   1.1761     352     1    100.0   15 
14/04/26  22:00   10.9   10.9   10.8    87    8.8    0.0    OSO   0.00   1.6   OSO   10.9   10.9   10.9  1019.0   0.00    0.0    0.078   0.000   24.6    46   12.2   24.4    8.52   1.1761     351     1    100.0   15 
14/04/26  22:15   10.7   10.8   10.6    88    8.8    0.0     NO   0.00   4.8    NO   10.7   10.8   10.8  1018.9   0.00    0.0    0.079   0.000   24.6    46   12.2   24.4    8.53   1.1763     351     1    100.0   15 
14/04/26  22:30   10.6   10.6   10.6    89    8.8    0.0    ---   0.00   0.0   ---   10.6   10.7   10.7  1018.9   0.00    0.0    0.081   0.000   24.4    46   12.0   24.2    8.53   1.1771     351     1    100.0   15 
14/04/26  22:45   10.5   10.6   10.4    89    8.8    0.0     NO   0.00   3.2    NO   10.5   10.6   10.6  1018.9   0.00    0.0    0.082   0.000   24.1    47   12.0   23.9    8.74   1.1785     350     1    100.0   15 
14/04/26  23:00   10.4   10.4   10.4    88    8.5    0.0     NO   0.00   3.2    NO   10.4   10.4   10.4  1018.9   0.00    0.0    0.083   0.000   23.7    47   11.7   23.5    8.75   1.1804     352     1    100.0   15 
14/04/26  23:15   10.3   10.4   10.3    88    8.4    0.0    ONO   0.00   3.2   ONO   10.3   10.4   10.4  1018.9   0.00    0.0    0.083   0.000   23.3    48   11.7   23.1    8.93   1.1816     351     1    100.0   15 
14/04/26  23:30   10.3   10.3   10.3    87    8.3    0.0    ---   0.00   0.0   ---   10.3   10.4   10.4  1018.8   0.00    0.0    0.083   0.000   23.0    48   11.4   22.7    8.92   1.1833     351     1    100.0   15 
14/04/26  23:45   10.4   10.4   10.3    87    8.3    0.0    ---   0.00   0.0   ---   10.4   10.4   10.4  1018.8   0.00    0.0    0.083   0.000   22.7    49   11.5   22.4    9.05   1.1843     351     1    100.0   15 
15/04/26  00:00   10.4   10.4   10.4    86    8.1    0.0    ---   0.00   0.0   ---   10.4   10.4   10.4  1018.8   0.00    0.0    0.083   0.000   22.4    49   11.2   22.0    9.05   1.1856     352     1    100.0   15 
15/04/26   0:15   10.4   10.5   10.4    84    7.9    0.0    ---   0.00   0.0   ---   10.4   10.4   10.4  1018.7   0.00    0.0    0.082   0.000   22.2    49   10.9   21.6    9.05   1.1869     350     1    100.0   15 
15/04/26   0:30   10.4   10.5   10.4    81    7.3    0.0    NNO   0.00   1.6   NNO   10.4   10.4   10.4  1018.7   0.00    0.0    0.082   0.000   21.9    50   11.0   21.3    9.25   1.1877     350     1    100.0   15 
15/04/26   0:45   10.5   10.5   10.4    78    6.8    0.0    NNO   0.00   4.8   NNO   10.5   10.4   10.4  1018.7   0.00    0.0    0.082   0.000   21.8    50   10.9   21.1    9.25   1.1886     351     1    100.0   15 
15/04/26   1:00   10.3   10.4   10.3    73    5.7    0.0    ---   0.00   0.0   ---   10.3   10.2   10.2  1018.7   0.00    0.0    0.083   0.000   21.6    50   10.7   20.7    9.25   1.1896     351     1    100.0   15 
15/04/26   1:15   10.5   10.6   10.3    71    5.5    0.0    ---   0.00   0.0   ---   10.5   10.3   10.3  1018.7   0.00    0.0    0.082   0.000   21.3    50   10.5   20.4    9.25   1.1907     351     1    100.0   15 
15/04/26   1:30   10.4   10.6   10.2    71    5.4    0.0    ---   0.00   0.0   ---   10.4   10.2   10.2  1018.4   0.00    0.0    0.083   0.000   21.1    51   10.6   20.2    9.45   1.1912     352     1    100.0   15 
15/04/26   1:45   10.0   10.2    9.8    71    5.0    0.0    NNO   0.00   4.8   NNO   10.0    9.8    9.8  1018.4   0.00    0.0    0.087   0.000   20.9    51   10.4   20.1    9.46   1.1920     351     1    100.0   15 
15/04/26   2:00    9.6    9.8    9.4    69    4.2    0.0    ---   0.00   0.0   ---    9.6    9.4    9.4  1018.4   0.00    0.0    0.091   0.000   20.7    51   10.2   19.9    9.46   1.1931     351     1    100.0   15 
15/04/26   2:15    9.4    9.4    9.3    76    5.4    0.0    NNO   0.00   3.2   NNO    9.4    9.2    9.2  1018.3   0.00    0.0    0.093   0.000   20.6    52   10.4   19.9    9.67   1.1936     349     1    100.0   15 
15/04/26   2:30    9.3    9.5    9.1    81    6.2    0.0      E   0.00   3.2     E    9.3    9.2    9.2  1018.4   0.00    0.0    0.094   0.000   20.4    52   10.2   19.7    9.68   1.1945     352     1    100.0   15 
15/04/26   2:45    8.8    9.1    8.7    84    6.3    0.0      E   0.00   3.2     E    8.8    8.8    8.8  1018.4   0.00    0.0    0.099   0.000   20.2    52   10.0   19.6    9.68   1.1953     351     1    100.0   15 
15/04/26   3:00    8.6    8.7    8.4    86    6.3    0.0    ---   0.00   0.0   ---    8.6    8.6    8.6  1018.5   0.00    0.0    0.102   0.000   20.1    52    9.9   19.4    9.69   1.1963     350     1    100.0   15 
15/04/26   3:15    8.3    8.4    8.2    86    6.1    0.0    ESE   0.00   3.2     E    8.3    8.3    8.3  1018.5   0.00    0.0    0.104   0.000   19.9    52    9.7   19.3    9.69   1.1971     351     1    100.0   15 
15/04/26   3:30    8.0    8.2    7.7    87    6.0    0.0      E   0.00   1.6     E    8.0    8.1    8.1  1018.5   0.00    0.0    0.108   0.000   19.8    52    9.6   19.2    9.70   1.1976     352     1    100.0   15 
15/04/26   3:45    7.6    7.7    7.4    88    5.7    0.0    ---   0.00   0.0   ---    7.6    7.6    7.6  1018.6   0.00    0.0    0.112   0.000   19.6    52    9.5   18.9    9.70   1.1985     351     1    100.0   15 
15/04/26   4:00    7.3    7.4    7.2    88    5.4    0.0    ---   0.00   0.0   ---    7.3    7.3    7.3  1018.6   0.00    0.0    0.115   0.000   19.4    53    9.6   18.8    9.91   1.1991     351     1    100.0   15 
15/04/26   4:15    6.9    7.2    6.6    88    5.1    0.0      E   0.00   1.6     E    6.9    6.9    6.9  1018.6   0.00    0.0    0.119   0.000   19.3    53    9.5   18.7    9.91   1.1997     351     1    100.0   15 
15/04/26   4:30    6.6    6.6    6.4    89    4.9    0.0      E   0.00   1.6     E    6.6    6.6    6.6  1018.6   0.00    0.0    0.123   0.000   19.5    52    9.4   18.8    9.71   1.1991     351     1    100.0   15 
15/04/26   4:45    6.4    6.5    6.4    89    4.8    0.0      E   0.00   1.6     E    6.4    6.4    6.4  1018.6   0.00    0.0    0.124   0.000   20.0    51    9.6   19.3    9.49   1.1970     351     1    100.0   15 
15/04/26   5:00    6.4    6.4    6.4    90    4.9    0.0    ---   0.00   0.0   ---    6.4    6.5    6.5  1018.5   0.00    0.0    0.124   0.000   20.5    51   10.0   19.8    9.47   1.1944     351     1    100.0   15 
15/04/26   5:15    6.4    6.6    6.4    89    4.8    0.0    NNO   0.00   1.6   NNO    6.4    6.4    6.4  1018.5   0.00    0.0    0.124   0.000   20.9    50   10.1   20.1    9.26   1.1925     350     1    100.0   15 
15/04/26   5:30    6.4    6.5    6.4    89    4.8    0.0    ---   0.00   0.0   ---    6.4    6.4    6.4  1018.6   0.00    0.0    0.124   0.000   21.2    49   10.1   20.3    9.05   1.1915     350     1    100.0   15 
