                 Temp.  Temp.  Temp.  Hum.   Punt   Vel.   Dir.   Rec.  Vel.  Dir.  Sens.   ═nd.   ═nd.                  Int. Graus D.Graus D.  Temp.  Hum. Rosada  In.Cal.  EMC     Dens.    Mostr   Tx   Recep.  Int.
  Data    Hora    Ext.   MÓx.   Mÿn.  Ext. Rosada   Vent   Vent   Vent  MÓx.  MÓx.  T×rm.  Calor   THW    Bar    Pluja   Pluja  Calor    Fred    Int.  Int.   Int.   Int.    Int.  Int.Aire    Vent   Vent   ISS   Arc.
-------------------------------------------------------------------------------------------------------------------------------------------------------------------------------------------------------------------------
20/04/26   0:15   15.6   15.7   15.5    83   12.7    0.0     NO   0.00   4.8    NO   15.6   15.6   15.6  1014.8   0.00    0.0    0.028   0.000   23.1    56   13.9   23.2   10.28   1.1753     350     1    100.0   15 
20/04/26   0:30   15.8   15.9   15.7    81   12.5    3.2     NO   0.80   4.8    NO   15.8   15.8   15.8  1014.7   0.00    0.0    0.027   0.000   23.1    56   13.8   23.2   10.28   1.1754     349     1    100.0   15 
20/04/26   0:45   15.7   15.9   15.5    81   12.5    0.0     NO   0.00   1.6    NO   15.7   15.7   15.7  1014.4   0.00    0.0    0.027   0.000   22.9    56   13.7   23.0   10.28   1.1757     349     1    100.0   15 
20/04/26   1:00   15.2   15.5   14.8    84   12.5    0.0     SO   0.00   3.2    SO   15.2   15.2   15.2  1014.1   0.00    0.0    0.033   0.000   22.9    57   13.9   23.0   10.42   1.1753     352     1    100.0   15 
20/04/26   1:15   14.7   14.8   14.6    85   12.2    0.0    ---   0.00   0.0   ---   14.7   14.7   14.7  1013.9   0.00    0.0    0.038   0.000   22.8    57   13.9   22.9   10.43   1.1754     351     1    100.0   15 
20/04/26   1:30   14.5   14.7   14.4    86   12.2    0.0    ---   0.00   0.0   ---   14.5   14.4   14.4  1014.0   0.00    0.0    0.040   0.000   22.8    57   13.8   22.9   10.43   1.1757     351     1    100.0   15 
20/04/26   1:45   14.3   14.4   14.3    86   12.0    0.0    ---   0.00   0.0   ---   14.3   14.3   14.3  1013.8   0.00    0.0    0.042   0.000   22.7    57   13.7   22.7   10.44   1.1760     351     1    100.0   15 
20/04/26   2:00   14.2   14.3   14.1    86   11.9    0.0    ---   0.00   0.0   ---   14.2   14.1   14.1  1013.7   0.00    0.0    0.043   0.000   22.6    57   13.7   22.6   10.44   1.1762     349     1    100.0   15 
20/04/26   2:15   14.0   14.1   14.0    86   11.7    0.0    ONO   0.00   3.2   ONO   14.0   13.9   13.9  1013.6   0.00    0.0    0.045   0.000   22.5    57   13.6   22.4   10.45   1.1767     352     1    100.0   15 
20/04/26   2:30   14.0   14.0   13.9    86   11.7    0.0    ---   0.00   0.0   ---   14.0   13.9   13.9  1013.6   0.00    0.0    0.045   0.000   22.4    57   13.5   22.4   10.45   1.1769     351     1    100.0   15 
20/04/26   2:45   13.9   14.0   13.9    86   11.6    0.0      O   0.00   3.2     O   13.9   13.9   13.9  1013.5   0.00    0.0    0.046   0.000   22.3    57   13.4   22.2   10.46   1.1775     350     1    100.0   15 
20/04/26   3:00   14.0   14.2   13.9    82   11.0    0.0      O   0.00   1.6     O   14.0   13.9   13.9  1013.4   0.00    0.0    0.045   0.000   22.3    57   13.3   22.1   10.47   1.1775     351     1    100.0   15 
20/04/26   3:15   14.4   14.7   14.2    72    9.4    1.6      O   0.40   3.2     O   14.4   14.0   14.0  1013.2   0.00    0.0    0.041   0.000   22.2    57   13.2   21.9   10.47   1.1779     351     1    100.0   15 
20/04/26   3:30   15.2   15.5   14.7    67    9.1    1.6      O   0.40   8.0    SO   15.2   14.7   14.7  1013.1   0.00    0.0    0.033   0.000   22.1    57   13.2   21.9   10.48   1.1780     351     1    100.0   15 
20/04/26   3:45   15.5   15.6   15.3    69    9.8    0.0     NO   0.00   8.0   OSO   15.5   15.1   15.1  1013.0   0.00    0.0    0.030   0.000   22.1    57   13.1   21.8   10.48   1.1782     351     1    100.0   15 
20/04/26   4:00   14.9   15.3   14.7    73   10.1    1.6     NO   0.40   3.2    NO   14.9   14.6   14.6  1012.8   0.00    0.0    0.035   0.000   22.0    57   13.1   21.7   10.49   1.1783     351     1    100.0   15 
20/04/26   4:15   14.5   14.7   14.3    76   10.3    0.0     NO   0.00   4.8     O   14.5   14.3   14.3  1012.8   0.00    0.0    0.040   0.000   21.9    57   13.0   21.6   10.49   1.1788     352     1    100.0   15 
20/04/26   4:30   13.9   14.3   13.7    79   10.4    1.6     NO   0.40   6.4    NO   13.9   13.8   13.8  1012.8   0.00    0.0    0.046   0.000   21.8    57   12.9   21.4   10.50   1.1791     351     1    100.0   15 
20/04/26   4:45   13.9   14.3   13.7    76    9.8    0.0     NO   0.00   9.7    NO   13.9   13.7   13.7  1012.9   0.00    0.0    0.046   0.000   21.8    57   12.9   21.4   10.50   1.1795     351     1    100.0   15 
20/04/26   5:00   13.9   14.3   13.7    76    9.7    1.6     NO   0.40   9.7    NO   13.9   13.6   13.6  1012.7   0.00    0.0    0.046   0.000   21.7    57   12.8   21.2   10.51   1.1798     351     1    100.0   15 
20/04/26   5:15   14.2   14.2   14.1    78   10.4    1.6     NO   0.40   9.7    NO   14.2   14.0   14.0  1012.7   0.00    0.0    0.043   0.000   21.6    57   12.7   21.2   10.51   1.1801     349     1    100.0   15 
20/04/26   5:30   13.9   14.1   13.8    78   10.1    0.0     NO   0.00   9.7    NO   13.9   13.7   13.7  1012.8   0.00    0.0    0.046   0.000   21.6    57   12.7   21.1   10.52   1.1805     352     1    100.0   15 
20/04/26   5:45   14.1   14.4   14.1    76    9.9    0.0     NO   0.00   1.6    NO   14.1   13.8   13.8  1012.8   0.00    0.0    0.044   0.000   21.5    57   12.6   21.0   10.52   1.1808     351     1    100.0   15 
20/04/26   6:00   14.8   15.0   14.4    76   10.6    0.0    ---   0.00   0.0   ---   14.8   14.6   14.6  1012.9   0.00    0.0    0.037   0.000   21.5    58   12.9   21.1   10.72   1.1806     350     1    100.0   15 
20/04/26   6:15   15.3   15.7   15.0    75   10.9    0.0    ---   0.00   0.0   ---   15.3   15.0   15.0  1012.9   0.00    0.0    0.032   0.000   21.7    57   12.8   21.3   10.51   1.1798     350     1    100.0   15 
20/04/26   6:30   16.2   16.8   15.7    73   11.4    0.0    ---   0.00   0.0   ---   16.2   16.0   16.0  1013.0   0.00    0.0    0.022   0.000   22.1    57   13.2   21.9   10.48   1.1779     351     1    100.0   15 
20/04/26   6:45   16.9   17.2   16.7    72   11.8    0.0    ---   0.00   0.0   ---   16.9   16.7   16.7  1012.8   0.00    0.0    0.015   0.000   22.6    57   13.6   22.6   10.45   1.1754     350     1    100.0   15 
20/04/26   7:00   16.8   17.2   16.6    74   12.2    0.0    ---   0.00   0.0   ---   16.8   16.7   16.7  1012.8   0.00    0.0    0.016   0.000   23.1    57   14.1   23.2   10.41   1.1729     350     1    100.0   15 
20/04/26   7:15   17.1   17.4   16.6    73   12.2    0.0    ---   0.00   0.0   ---   17.1   16.9   16.9  1012.8   0.00    0.0    0.013   0.000   23.6    56   14.3   23.8   10.26   1.1707     350     1    100.0   15 
20/04/26   7:30   17.9   18.3   17.5    70   12.4    0.0    ---   0.00   0.0   ---   17.9   17.9   17.9  1012.7   0.00    0.0    0.004   0.000   23.9    55   14.3   24.2   10.05   1.1693     351     1    100.0   15 
20/04/26   7:45   18.7   18.9   18.3    68   12.7    0.0      E   0.00   3.2     E   18.7   18.7   18.7  1012.8   0.00    0.0    0.000   0.004   24.2    55   14.6   24.4   10.03   1.1680     351     1    100.0   15 
20/04/26   8:00   18.9   18.9   18.8    68   12.9    1.6    NNO   0.40   3.2     E   18.9   18.9   18.9  1012.9   0.00    0.0    0.000   0.006   24.3    54   14.4   24.4    9.84   1.1678     350     1    100.0   15 
20/04/26   8:15   18.4   18.8   18.2    71   13.1    1.6    NNO   0.40   4.8   NNO   18.4   18.5   18.5  1012.9   0.00    0.0    0.000   0.001   24.3    54   14.4   24.5    9.83   1.1675     350     1    100.0   15 
20/04/26   8:30   18.7   19.2   18.3    67   12.5    1.6    OSO   0.40   4.8     O   18.7   18.7   18.7  1012.8   0.00    0.0    0.000   0.004   24.3    54   14.4   24.5    9.83   1.1674     351     1    100.0   15 
20/04/26   8:45   19.4   19.8   19.1    62   11.9    1.6     SO   0.40   4.8   OSO   19.4   19.2   19.2  1012.8   0.00    0.0    0.000   0.011   24.4    53   14.2   24.5    9.65   1.1676     351     1    100.0   15 
20/04/26   9:00   20.3   20.9   19.8    58   11.8    0.0    ESE   0.00   4.8   ENE   20.3   19.9   19.9  1012.9   0.00    0.0    0.000   0.021   24.4    53   14.2   24.6    9.65   1.1674     351     1    100.0   15 
20/04/26   9:15   21.3   21.4   21.0    56   12.1    1.6     SO   0.40   8.0   ONO   21.3   20.7   20.7  1012.9   0.00    0.0    0.000   0.031   24.6    52   14.0   24.6    9.53   1.1672     351     1    100.0   15 
20/04/26   9:30   21.8   22.3   21.3    55   12.3    1.6      E   0.40   8.0     O   21.8   21.3   21.3  1012.8   0.00    0.0    0.000   0.036   24.7    52   14.2   24.8    9.52   1.1662     350     1    100.0   15 
20/04/26   9:45   22.6   22.8   22.3    49   11.3    3.2    SSE   0.80  11.3   ENE   22.6   22.2   22.2  1012.8   0.00    0.0    0.000   0.044   24.9    52   14.4   24.9    9.51   1.1653     351     1    100.0   15 
20/04/26  10:00   23.1   23.3   22.8    45   10.5    3.2      S   0.80   9.7     S   23.1   22.7   22.7  1012.8   0.00    0.0    0.000   0.050   25.1    52   14.6   25.1    9.51   1.1642     351     1    100.0   15 
20/04/26  10:15   23.3   23.4   23.2    45   10.7    3.2      S   0.80   9.7    SO   23.3   23.0   23.0  1012.6   0.00    0.0    0.000   0.052   25.3    51   14.4   25.3    9.35   1.1636     322     1     94.2   15 
20/04/26  10:30   23.4   23.6   23.3    45   10.8    3.2     SO   0.80   9.7   SSO   23.4   23.2   23.2  1012.5   0.00    0.0    0.000   0.053   25.3    51   14.5   25.3    9.35   1.1631     351     1    100.0   15 
20/04/26  10:45   23.7   24.1   23.5    43   10.4    3.2      S   0.80  11.3   OSO   23.7   23.4   23.4  1012.3   0.00    0.0    0.000   0.056   25.5    51   14.6   25.6    9.35   1.1621     351     1    100.0   15 
20/04/26  11:00   24.5   24.9   24.1    42   10.7    3.2    SSE   0.80  11.3   OSO   24.5   24.1   24.1  1012.1   0.00    0.0    0.000   0.064   25.6    50   14.4   25.6    9.19   1.1617     352     1    100.0   15 
20/04/26  11:15   24.9   25.1   24.8    44   11.8    3.2    SSO   0.80  11.3   OSO   24.9   24.6   24.6  1011.9   0.00    0.0    0.000   0.068   25.6    50   14.4   25.6    9.19   1.1614     351     1    100.0   15 
20/04/26  11:30   24.9   25.2   24.6    43   11.5    4.8    SSO   1.21  11.3   SSO   24.9   24.6   24.6  1011.8   0.00    0.0    0.000   0.069   25.6    50   14.4   25.6    9.19   1.1613     350     1    100.0   15 
20/04/26  11:45   25.3   25.7   25.1    43   11.8    3.2      S   0.80  12.9    SO   25.3   25.0   25.0  1011.6   0.00    0.0    0.000   0.073   25.7    51   14.8   25.7    9.35   1.1604     351     1    100.0   15 
20/04/26  12:00   25.3   25.6   24.9    45   12.5    4.8      S   1.21  12.9   OSO   25.3   25.1   25.1  1011.5   0.00    0.0    0.000   0.072   25.7    51   14.8   25.8    9.35   1.1600     352     1    100.0   15 
20/04/26  12:15   25.4   25.8   24.9    43   11.9    4.8    OSO   1.21  12.9   ONO   25.4   25.1   25.1  1011.4   0.00    0.0    0.000   0.073   25.8    50   14.6   25.8    9.18   1.1600     351     1    100.0   15 
20/04/26  12:30   25.8   25.9   25.7    43   12.2    4.8    OSO   1.21  12.9   SSO   25.8   25.4   25.4  1011.2   0.00    0.0    0.000   0.078   25.9    50   14.7   25.9    9.18   1.1592     351     1    100.0   15 
20/04/26  12:45   25.6   25.9   25.1    45   12.7    4.8    OSO   1.21  14.5     S   25.6   25.3   25.3  1011.1   0.00    0.0    0.000   0.075   25.9    50   14.7   26.0    9.18   1.1588     350     1    100.0   15 
20/04/26  13:00   25.1   25.4   24.9    43   11.6    4.8     SO   1.21  12.9     S   25.1   24.8   24.8  1010.9   0.00    0.0    0.000   0.071   25.9    50   14.7   26.0    9.18   1.1586     352     1    100.0   15 
20/04/26  13:15   24.8   25.4   24.5    45   12.0    8.0    SSO   2.01  16.1     S   24.8   24.5   24.5  1010.7   0.00    0.0    0.000   0.067   26.0    49   14.5   26.1    8.97   1.1585     351     1    100.0   15 
20/04/26  13:30   24.7   24.8   24.6    46   12.3    6.4    SSO   1.61  14.5   OSO   24.7   24.5   24.5  1010.8   0.00    0.0    0.000   0.067   26.0    49   14.5   26.1    8.97   1.1585     350     1    100.0   15 
20/04/26  13:45   24.5   24.8   24.3    46   12.1    6.4    OSO   1.61  14.5   SSE   24.5   24.3   24.3  1010.7   0.00    0.0    0.000   0.064   26.0    48   14.1   26.0    8.87   1.1588     351     1    100.0   15 
20/04/26  14:00   24.3   24.6   24.1    46   12.0    8.0    SSO   2.01  19.3    SO   24.3   24.2   24.2  1010.6   0.00    0.0    0.000   0.063   26.0    48   14.1   26.0    8.87   1.1588     351     1    100.0   15 
20/04/26  14:15   24.3   24.5   24.2    46   12.0    6.4    SSO   1.61  17.7     S   24.3   24.2   24.2  1010.6   0.00    0.0    0.000   0.063   26.1    48   14.2   26.1    8.87   1.1584     352     1    100.0   15 
20/04/26  14:30   24.3   24.6   24.1    47   12.3    6.4     SO   1.61  17.7   OSO   24.3   24.2   24.2  1010.5   0.00    0.0    0.000   0.063   26.1    48   14.2   26.1    8.87   1.1583     351     1    100.0   15 
20/04/26  14:45   23.6   24.1   23.2    48   12.0    9.7    OSO   2.41  20.9   OSO   23.6   23.5   23.5  1010.4   0.00    0.0    0.000   0.055   26.1    47   13.9   26.0    8.67   1.1586     351     1    100.0   15 
20/04/26  15:00   23.4   23.6   23.2    48   11.8    8.0      S   2.01  19.3    SO   23.4   23.3   23.3  1010.4   0.00    0.0    0.000   0.053   26.1    48   14.2   26.1    8.87   1.1582     351     1    100.0   15 
20/04/26  15:15   23.2   23.6   22.9    51   12.5    9.7      S   2.41  19.3   SSE   23.2   23.1   23.1  1010.2   0.00    0.0    0.000   0.051   26.1    48   14.2   26.1    8.87   1.1577     351     1    100.0   15 
20/04/26  15:30   22.9   22.9   22.8    53   12.8    6.4    SSO   1.61  17.7   SSE   22.9   22.8   22.8  1010.0   0.00    0.0    0.000   0.047   26.2    48   14.3   26.2    8.87   1.1572     351     1    100.0   15 
20/04/26  15:45   22.8   23.0   22.6    54   13.0    6.4    SSO   1.61  14.5   SSO   22.8   22.7   22.7  1010.2   0.00    0.0    0.000   0.046   26.2    48   14.3   26.2    8.87   1.1574     351     1    100.0   15 
20/04/26  16:00   22.6   22.7   22.5    54   12.8    4.8    SSO   1.21  12.9   SSE   22.6   22.4   22.4  1010.3   0.00    0.0    0.000   0.044   26.2    47   14.0   26.1    8.67   1.1580     351     1    100.0   15 
20/04/26  16:15   22.9   23.1   22.7    53   12.8    3.2    SSO   0.80   9.7    SO   22.9   22.8   22.8  1010.5   0.00    0.0    0.000   0.047   26.1    48   14.2   26.1    8.87   1.1580     352     1    100.0   15 
20/04/26  16:30   22.7   22.9   22.4    54   12.9    3.2      S   0.80   9.7   OSO   22.7   22.6   22.6  1010.5   0.00    0.0    0.000   0.045   26.1    47   13.9   26.0    8.67   1.1588     351     1    100.0   15 
20/04/26  16:45   22.4   22.4   22.3    54   12.6    3.2      S   0.80  11.3     S   22.4   22.2   22.2  1010.7   0.00    0.0    0.000   0.042   26.0    48   14.1   26.0    8.87   1.1588     351     1    100.0   15 
20/04/26  17:00   21.8   22.3   21.6    56   12.7    3.2      S   0.80   8.0     S   21.8   21.4   21.4  1010.8   0.00    0.0    0.000   0.036   26.1    47   13.9   26.0    8.67   1.1591     350     1    100.0   15 
20/04/26  17:15   21.7   21.7   21.7    54   12.0    1.6      E   0.40   8.0     E   21.7   21.2   21.2  1011.3   0.00    0.0    0.000   0.035   26.0    47   13.8   25.9    8.67   1.1599     351     1    100.0   15 
20/04/26  17:30   21.5   21.7   21.3    55   12.1    3.2      E   0.80   8.0   ENE   21.5   20.9   20.9  1011.2   0.00    0.0    0.000   0.033   25.9    47   13.7   25.8    8.68   1.1604     352     1    100.0   15 
20/04/26  17:45   21.3   21.4   21.2    55   11.9    4.8      E   1.21  14.5     E   21.3   20.6   20.6  1011.2   0.00    0.0    0.000   0.031   25.8    47   13.7   25.7    8.68   1.1607     350     1    100.0   15 
20/04/26  18:00   20.8   21.2   20.5    56   11.7    4.8    ENE   1.21  11.3     E   20.8   20.2   20.2  1011.2   0.00    0.0    0.000   0.025   25.8    47   13.6   25.7    8.68   1.1609     351     1    100.0   15 
20/04/26  18:15   20.3   20.4   20.1    56   11.2    3.2    ESE   0.80  12.9     E   20.3   19.8   19.8  1011.3   0.00    0.0    0.000   0.020   25.7    46   13.2   25.5    8.49   1.1620     350     1    100.0   15 
20/04/26  18:30   19.9   20.1   19.7    58   11.4    3.2    ESE   0.80  11.3   ESE   19.9   19.6   19.6  1011.1   0.00    0.0    0.000   0.016   25.6    46   13.1   25.4    8.49   1.1623     351     1    100.0   15 
20/04/26  18:45   19.4   19.7   19.1    61   11.7    4.8    ESE   1.21  14.5     E   19.4   19.2   19.2  1011.2   0.00    0.0    0.000   0.011   25.4    47   13.3   25.2    8.70   1.1628     350     1    100.0   15 
20/04/26  19:00   18.9   19.1   18.9    61   11.3    1.6    ESE   0.40   6.4   ESE   18.9   18.6   18.6  1011.3   0.00    0.0    0.000   0.006   25.2    47   13.1   25.1    8.70   1.1638     350     1    100.0   15 
20/04/26  19:15   18.8   18.9   18.6    63   11.6    3.2     NO   0.80   4.8   ESE   18.8   18.6   18.6  1011.4   0.00    0.0    0.000   0.005   25.1    48   13.3   24.9    8.91   1.1641     351     1    100.0   15 
20/04/26  19:30   18.4   18.6   18.2    64   11.5    3.2     NO   0.80   6.4    NO   18.4   18.2   18.2  1011.7   0.00    0.0    0.000   0.001   25.1    49   13.6   24.9    9.01   1.1644     352     1    100.0   15 
20/04/26  19:45   18.2   18.2   18.2    66   11.7    1.6     NO   0.40   4.8    NO   18.2   18.0   18.0  1011.7   0.00    0.0    0.002   0.000   25.0    49   13.5   24.8    9.01   1.1646     351     1    100.0   15 
20/04/26  20:00   17.8   18.2   17.5    68   11.8    1.6     NO   0.40   3.2    NO   17.8   17.7   17.7  1012.0   0.00    0.0    0.005   0.000   24.9    50   13.8   24.8    9.21   1.1649     351     1    100.0   15 
20/04/26  20:15   17.4   17.5   17.3    70   11.9    0.0     NO   0.00   3.2    NO   17.4   17.3   17.3  1012.1   0.00    0.0    0.009   0.000   24.9    50   13.8   24.8    9.21   1.1653     351     1    100.0   15 
20/04/26  20:30   17.0   17.3   16.7    75   12.5    1.6    OSO   0.40   6.4   OSO   17.0   16.9   16.9  1012.2   0.00    0.0    0.014   0.000   24.8    51   14.0   24.8    9.35   1.1656     351     1    100.0   15 
20/04/26  20:45   16.4   16.6   16.2    77   12.3    0.0    OSO   0.00   3.2   OSO   16.4   16.3   16.3  1012.4   0.00    0.0    0.020   0.000   24.7    51   13.9   24.7    9.35   1.1661     352     1    100.0   15 
20/04/26  21:00   16.1   16.2   15.9    79   12.4    1.6    OSO   0.40   3.2   OSO   16.1   16.0   16.0  1012.3   0.00    0.0    0.024   0.000   24.6    52   14.1   24.7    9.52   1.1662     351     1    100.0   15 
20/04/26  21:15   15.9   15.9   15.8    79   12.2    1.6    OSO   0.40   4.8   OSO   15.9   15.8   15.8  1012.2   0.00    0.0    0.025   0.000   24.5    52   14.0   24.6    9.53   1.1666     350     1    100.0   15 
20/04/26  21:30   15.8   15.8   15.7    80   12.3    0.0    OSO   0.00   3.2   OSO   15.8   15.7   15.7  1012.2   0.00    0.0    0.027   0.000   24.5    53   14.3   24.6    9.65   1.1662     351     1    100.0   15 
20/04/26  21:45   15.5   15.6   15.3    80   12.1    0.0    OSO   0.00   4.8   OSO   15.5   15.4   15.4  1012.1   0.00    0.0    0.030   0.000   24.6    53   14.3   24.7    9.65   1.1659     351     1    100.0   15 
20/04/26  22:00   15.2   15.3   15.1    82   12.2    1.6    OSO   0.40   4.8   OSO   15.2   15.2   15.2  1012.1   0.00    0.0    0.032   0.000   24.7    53   14.4   24.7    9.65   1.1653     351     1    100.0   15 
20/04/26  22:15   15.0   15.1   14.9    83   12.1    1.6      O   0.40   6.4   OSO   15.0   14.9   14.9  1012.1   0.00    0.0    0.035   0.000   24.7    54   14.7   24.8    9.82   1.1649     351     1    100.0   15 
20/04/26  22:30   14.8   14.9   14.7    84   12.1    0.0    OSO   0.00   3.2   OSO   14.8   14.7   14.7  1011.8   0.00    0.0    0.037   0.000   24.7    54   14.7   24.8    9.82   1.1645     350     1    100.0   15 
20/04/26  22:45   14.7   14.8   14.6    85   12.2    0.0    OSO   0.00   4.8   OSO   14.7   14.7   14.7  1011.7   0.00    0.0    0.038   0.000   24.6    54   14.6   24.7    9.83   1.1650     350     1    100.0   15 
20/04/26  23:00   14.6   14.7   14.5    85   12.1    0.0    OSO   0.00   4.8   OSO   14.6   14.5   14.5  1011.7   0.00    0.0    0.039   0.000   24.4    54   14.5   24.6    9.83   1.1658     351     1    100.0   15 
20/04/26  23:15   14.4   14.5   14.4    86   12.1    0.0     NO   0.00   3.2    NO   14.4   14.4   14.4  1011.7   0.00    0.0    0.041   0.000   24.2    54   14.3   24.4    9.84   1.1667     351     1    100.0   15 
20/04/26  23:30   14.4   14.4   14.3    86   12.1    0.0     NO   0.00   1.6    NO   14.4   14.3   14.3  1011.6   0.00    0.0    0.041   0.000   24.1    55   14.5   24.3   10.04   1.1671     351     1    100.0   15 
20/04/26  23:45   14.4   14.4   14.4    85   11.9    0.0     NO   0.00   6.4    NO   14.4   14.3   14.3  1011.6   0.00    0.0    0.041   0.000   23.9    55   14.3   24.2   10.05   1.1680     351     1    100.0   15 
21/04/26  00:00   14.3   14.4   14.2    85   11.8    0.0    ---   0.00   0.0   ---   14.3   14.2   14.2  1011.7   0.00    0.0    0.042   0.000   23.8    55   14.2   24.0   10.05   1.1686     352     1    100.0   15 
21/04/26   0:15   14.2   14.2   14.2    85   11.7    0.0    ---   0.00   0.0   ---   14.2   14.2   14.2  1011.6   0.00    0.0    0.043   0.000   23.7    55   14.1   23.9   10.06   1.1690     349     1    100.0   15 
21/04/26   0:30   14.1   14.2   14.1    85   11.6    0.0    ---   0.00   0.0   ---   14.1   14.1   14.1  1011.5   0.00    0.0    0.044   0.000   23.6    55   14.0   23.7   10.06   1.1695     350     1    100.0   15 
21/04/26   0:45   14.0   14.1   13.9    84   11.3    0.0     NO   0.00   1.6    NO   14.0   13.9   13.9  1011.4   0.00    0.0    0.045   0.000   23.4    55   13.9   23.6   10.07   1.1700     351     1    100.0   15 
21/04/26   1:00   13.8   13.9   13.7    84   11.1    0.0    ---   0.00   0.0   ---   13.8   13.7   13.7  1011.3   0.00    0.0    0.047   0.000   23.3    56   14.1   23.5   10.27   1.1700     350     1    100.0   15 
21/04/26   1:15   13.9   14.2   13.7    83   11.1    0.0    NNE   0.00   3.2   NNE   13.9   13.8   13.8  1011.1   0.00    0.0    0.046   0.000   23.3    56   14.0   23.4   10.27   1.1701     351     1    100.0   15 
21/04/26   1:30   14.4   14.6   14.2    81   11.2    0.0    NNE   0.00   3.2   NNE   14.4   14.3   14.3  1011.0   0.00    0.0    0.041   0.000   23.2    56   13.9   23.3   10.28   1.1706     352     1    100.0   15 
21/04/26   1:45   14.1   14.6   13.8    81   10.9    0.0    ---   0.00   0.0   ---   14.1   14.0   14.0  1010.9   0.00    0.0    0.044   0.000   23.1    56   13.8   23.2   10.28   1.1710     351     1    100.0   15 
21/04/26   2:00   13.8   13.9   13.7    82   10.8    0.0    OSO   0.00   4.8   NNO   13.8   13.7   13.7  1010.8   0.00    0.0    0.047   0.000   23.0    56   13.7   23.1   10.28   1.1712     350     1    100.0   15 
21/04/26   2:15   13.7   13.9   13.3    83   10.8    1.6     NO   0.40   8.0    NO   13.7   13.6   13.6  1010.7   0.00    0.0    0.049   0.000   22.9    56   13.6   22.9   10.29   1.1716     351     1    100.0   15 
21/04/26   2:30   13.3   13.4   13.3    82   10.3    0.0    ---   0.00   0.0   ---   13.3   13.2   13.2  1010.7   0.00    0.0    0.052   0.000   22.8    56   13.5   22.8   10.29   1.1722     352     1    100.0   15 
21/04/26   2:45   13.5   13.7   13.4    83   10.7    0.0    ---   0.00   0.0   ---   13.5   13.4   13.4  1010.6   0.00    0.0    0.050   0.000   22.7    56   13.5   22.7   10.29   1.1723     351     1    100.0   15 
21/04/26   3:00   13.7   13.7   13.6    82   10.6    0.0    ---   0.00   0.0   ---   13.7   13.6   13.6  1010.5   0.00    0.0    0.049   0.000   22.6    56   13.4   22.6   10.30   1.1728     351     1    100.0   15 
21/04/26   3:15   13.8   13.8   13.7    83   10.9    0.0    ---   0.00   0.0   ---   13.8   13.7   13.7  1010.5   0.00    0.0    0.047   0.000   22.5    56   13.3   22.4   10.30   1.1733     351     1    100.0   15 
21/04/26   3:30   13.8   13.8   13.7    83   10.9    0.0    ---   0.00   0.0   ---   13.8   13.7   13.7  1010.4   0.00    0.0    0.047   0.000   22.4    56   13.2   22.3   10.30   1.1735     352     1    100.0   15 
21/04/26   3:45   13.7   13.7   13.6    84   11.0    0.0    ---   0.00   0.0   ---   13.7   13.6   13.6  1010.3   0.00    0.0    0.049   0.000   22.3    57   13.4   22.2   10.46   1.1736     350     1    100.0   15 
21/04/26   4:00   13.6   13.7   13.6    84   11.0    0.0    ---   0.00   0.0   ---   13.6   13.6   13.6  1010.3   0.00    0.0    0.049   0.000   22.3    57   13.3   22.1   10.47   1.1739     351     1    100.0   15 
21/04/26   4:15   13.5   13.6   13.4    83   10.7    0.0     NO   0.00   1.6    NO   13.5   13.4   13.4  1010.3   0.00    0.0    0.050   0.000   22.2    57   13.2   21.9   10.47   1.1745     351     1    100.0   15 
21/04/26   4:30   13.1   13.4   12.9    84   10.4    0.0     NO   0.00   1.6    NO   13.1   13.0   13.0  1010.3   0.00    0.0    0.055   0.000   22.1    57   13.2   21.9   10.48   1.1748     351     1    100.0   15 
21/04/26   4:45   12.8   12.9   12.8    85   10.4    0.0     NO   0.00   1.6    NO   12.8   12.8   12.8  1010.3   0.00    0.0    0.057   0.000   22.0    57   13.1   21.7   10.49   1.1753     351     1    100.0   15 
21/04/26   5:00   13.0   13.1   12.9    82   10.0    0.0    NNO   0.00   3.2   NNO   13.0   12.9   12.9  1010.4   0.00    0.0    0.056   0.000   21.9    57   13.0   21.6   10.49   1.1757     350     1    100.0   15 
21/04/26   5:15   12.9   12.9   12.8    82    9.9    0.0     NO   0.00   3.2    NO   12.9   12.8   12.8  1010.4   0.00    0.0    0.057   0.000   21.8    57   12.9   21.4   10.50   1.1762     351     1    100.0   15 
21/04/26   5:30   12.7   12.8   12.7    82    9.7    0.0     NO   0.00   4.8    NO   12.7   12.6   12.6  1010.5   0.00    0.0    0.058   0.000   21.8    57   12.9   21.4   10.50   1.1767     350     1    100.0   15 
