                 Temp.  Temp.  Temp.  Hum.   Punt   Vel.   Dir.   Rec.  Vel.  Dir.  Sens.   Índ.   Índ.                  Int. Graus D.Graus D.  Temp.  Hum. Rosada  In.Cal.  EMC     Dens.    Mostr   Tx   Recep.  Int.
  Data    Hora    Ext.   Màx.   Mín.  Ext. Rosada   Vent   Vent   Vent  Màx.  Màx.  Tèrm.  Calor   THW    Bar    Pluja   Pluja  Calor    Fred    Int.  Int.   Int.   Int.    Int.  Int.Aire    Vent   Vent   ISS   Arc.
-------------------------------------------------------------------------------------------------------------------------------------------------------------------------------------------------------------------------
20/11/22   0:15    7.4    7.6    7.3    70    2.3    3.2      O   0.80  11.3     O    7.4    7.2    7.2  1014.7   0.00    0.0    0.113   0.000   23.9    50   12.9   24.0    9.25   1.1730     349     1    100.0   15 
20/11/22   0:30    7.3    7.3    7.3    70    2.2    4.8      O   1.21  12.9     O    6.8    7.1    6.5  1014.8   0.00    0.0    0.115   0.000   24.3    49   12.9   24.2    9.04   1.1719     351     1    100.0   15 
20/11/22   0:45    7.3    7.3    7.2    70    2.2    6.4    ONO   1.61  16.1     O    6.2    7.0    5.9  1015.0   0.00    0.0    0.115   0.000   24.2    49   12.8   24.2    9.04   1.1726     351     1    100.0   15 
20/11/22   1:00    7.3    7.3    7.2    71    2.4    6.4    ONO   1.61  12.9     O    6.2    7.0    5.9  1015.1   0.00    0.0    0.115   0.000   23.9    49   12.6   23.9    9.05   1.1738     351     1    100.0   15 
20/11/22   1:15    7.2    7.3    7.2    72    2.5    6.4    ONO   1.61  16.1   OSO    6.2    6.9    5.9  1015.0   0.00    0.0    0.116   0.000   23.7    49   12.4   23.7    9.05   1.1748     351     1    100.0   15 
20/11/22   1:30    7.1    7.2    7.0    73    2.6    6.4    ONO   1.61  19.3     O    6.1    6.9    5.8  1015.0   0.00    0.0    0.117   0.000   23.4    49   12.1   23.3    9.05   1.1762     350     1    100.0   15 
20/11/22   1:45    6.9    7.0    6.8    74    2.6    4.8      O   1.21  12.9     O    6.4    6.7    6.2  1015.1   0.00    0.0    0.119   0.000   23.2    50   12.2   22.9    9.25   1.1773     351     1    100.0   15 
20/11/22   2:00    6.8    6.8    6.8    74    2.5    4.8    ONO   1.21  16.1   ONO    6.2    6.6    6.0  1014.9   0.00    0.0    0.120   0.000   22.7    50   11.8   22.4    9.25   1.1794     351     1    100.0   15 
20/11/22   2:15    6.7    6.8    6.7    74    2.4    6.4    ONO   1.61  12.9    NO    5.6    6.5    5.3  1015.0   0.00    0.0    0.121   0.000   22.2    51   11.5   21.7    9.41   1.1819     351     1    100.0   15 
20/11/22   2:30    6.6    6.7    6.5    74    2.3    4.8    ONO   1.21  14.5   OSO    6.0    6.4    5.8  1015.2   0.00    0.0    0.122   0.000   21.7    51   11.1   20.9    9.43   1.1846     352     1    100.0   15 
20/11/22   2:45    6.4    6.5    6.4    75    2.3    4.8    ONO   1.21  14.5    NO    5.8    6.2    5.6  1015.2   0.00    0.0    0.124   0.000   21.2    52   10.9   20.3    9.65   1.1869     348     1    100.0   15 
20/11/22   3:00    6.6    6.6    6.5    75    2.4    4.8    ONO   1.21  11.3     O    5.9    6.3    5.7  1015.4   0.00    0.0    0.123   0.000   20.7    52   10.5   19.9    9.67   1.1896     350     1    100.0   15 
20/11/22   3:15    6.4    6.6    6.3    75    2.3    3.2      O   0.80  11.3   ONO    6.4    6.2    6.2  1015.4   0.00    0.0    0.124   0.000   20.2    53   10.3   19.6    9.88   1.1915     351     1    100.0   15 
20/11/22   3:30    6.1    6.3    5.9    76    2.2    1.6      O   0.40   8.0   ONO    6.1    5.9    5.9  1015.7   0.00    0.0    0.127   0.000   19.8    54   10.2   19.3   10.05   1.1938     351     1    100.0   15 
20/11/22   3:45    5.9    5.9    5.8    76    2.0    3.2    ONO   0.80   8.0   OSO    5.9    5.7    5.7  1015.7   0.00    0.0    0.130   0.000   19.3    55   10.1   18.8   10.21   1.1957     352     1    100.0   15 
20/11/22   4:00    5.9    6.0    5.8    76    2.0    4.8    ONO   1.21  14.5   OSO    5.2    5.7    4.9  1015.8   0.00    0.0    0.130   0.000   18.9    55    9.7   18.3   10.23   1.1977     351     1    100.0   15 
20/11/22   4:15    6.0    6.1    6.0    76    2.1    3.2    ONO   0.80  12.9   OSO    6.0    5.8    5.8  1015.8   0.00    0.0    0.128   0.000   18.7    56    9.7   18.1   10.44   1.1989     351     1    100.0   15 
20/11/22   4:30    5.8    6.0    5.7    78    2.2    3.2      O   0.80  11.3   OSO    5.8    5.6    5.6  1015.8   0.00    0.0    0.131   0.000   18.4    56    9.4   17.8   10.45   1.2002     350     1    100.0   15 
20/11/22   4:45    5.7    5.8    5.7    78    2.2    4.8      O   1.21  14.5     O    5.0    5.6    4.8  1015.8   0.00    0.0    0.131   0.000   18.2    56    9.2   17.5   10.45   1.2014     352     1    100.0   15 
20/11/22   5:00    5.7    5.8    5.7    78    2.2    4.8    ONO   1.21  11.3     O    5.0    5.6    4.8  1016.0   0.00    0.0    0.131   0.000   17.9    57    9.3   17.3   10.64   1.2025     351     1    100.0   15 
20/11/22   5:15    5.7    5.7    5.6    78    2.1    3.2     NO   0.80  11.3   ONO    5.7    5.5    5.5  1016.0   0.00    0.0    0.132   0.000   17.7    57    9.1   17.1   10.63   1.2037     351     1    100.0   15 
20/11/22   5:30    5.5    5.6    5.4    79    2.1    3.2    ONO   0.80   9.7   OSO    5.5    5.3    5.3  1016.1   0.00    0.0    0.134   0.000   17.6    57    8.9   16.9   10.62   1.2046     350     1    100.0   15 
20/11/22   5:45    5.4    5.6    5.3    79    2.1    1.6    ONO   0.40   8.0   ONO    5.4    5.3    5.3  1016.3   0.00    0.0    0.134   0.000   17.6    57    9.0   16.9   10.62   1.2045     351     1    100.0   15 
20/11/22   6:00    5.1    5.3    5.0    80    1.9    1.6      O   0.40   6.4   ONO    5.1    4.9    4.9  1016.2   0.00    0.0    0.138   0.000   17.7    57    9.0   17.0   10.63   1.2042     351     1    100.0   15 
20/11/22   6:15    4.9    5.1    4.9    81    2.0    3.2    ONO   0.80  14.5   OSO    4.9    4.8    4.7  1016.3   0.00    0.0    0.139   0.000   17.7    56    8.8   17.1   10.45   1.2043     350     1    100.0   15 
20/11/22   6:30    5.1    5.1    4.9    80    1.9    1.6    ONO   0.40   8.0   ONO    5.1    4.9    4.9  1016.3   0.00    0.0    0.138   0.000   17.8    56    8.9   17.1   10.45   1.2039     351     1    100.0   15 
20/11/22   6:45    5.1    5.3    5.0    80    1.9    3.2      O   0.80   9.7   ONO    5.1    4.9    4.9  1016.4   0.00    0.0    0.138   0.000   17.9    56    9.0   17.2   10.45   1.2035     351     1    100.0   15 
20/11/22   7:00    5.4    5.4    5.3    78    1.9    1.6    ONO   0.40  11.3    NO    5.4    5.2    5.2  1016.4   0.00    0.0    0.135   0.000   18.0    56    9.1   17.3   10.45   1.2030     352     1    100.0   15 
20/11/22   7:15    5.3    5.3    5.2    78    1.8    0.0    ONO   0.00   1.6   ONO    5.3    5.1    5.1  1016.5   0.00    0.0    0.136   0.000   18.2    56    9.2   17.5   10.45   1.2023     351     1    100.0   15 
20/11/22   7:30    4.8    5.2    4.5    79    1.5    1.6    NNE   0.40   4.8   NNE    4.8    4.7    4.7  1016.6   0.00    0.0    0.141   0.000   18.8    55    9.6   18.2   10.23   1.1992     351     1    100.0   15 
20/11/22   7:45    4.5    4.6    4.4    80    1.3    0.0    NNE   0.00   4.8   NNE    4.5    4.3    4.3  1016.6   0.00    0.0    0.144   0.000   19.9    53   10.1   19.4    9.89   1.1942     350     1    100.0   15 
20/11/22   8:00    4.3    4.6    4.2    80    1.2    3.2    ENE   0.80   8.0   ENE    4.2    4.2    4.0  1016.8   0.00    0.0    0.146   0.000   20.9    52   10.7   20.2    9.66   1.1898     351     1    100.0   15 
20/11/22   8:15    4.4    4.6    4.2    80    1.2    3.2    ENE   0.80  11.3   ENE    4.3    4.2    4.1  1017.0   0.00    0.0    0.145   0.000   21.4    51   10.9   20.7    9.44   1.1879     351     1    100.0   15 
20/11/22   8:30    4.7    4.8    4.6    79    1.4    1.6    ENE   0.40   6.4    NE    4.7    4.6    4.6  1017.2   0.00    0.0    0.142   0.000   21.9    51   11.3   21.3    9.42   1.1857     350     1    100.0   15 
20/11/22   8:45    5.2    5.5    4.8    77    1.5    1.6    ENE   0.40   6.4   ENE    5.2    4.9    4.9  1017.4   0.00    0.0    0.137   0.000   22.8    50   11.9   22.6    9.25   1.1818     351     1    100.0   15 
20/11/22   9:00    5.8    6.1    5.5    75    1.7    1.6     NE   0.40   4.8   ENE    5.8    5.6    5.6  1017.7   0.00    0.0    0.131   0.000   23.7    49   12.4   23.7    9.05   1.1780     351     1    100.0   15 
20/11/22   9:15    6.2    6.2    6.1    75    2.1    1.6    ENE   0.40   6.4   ENE    6.2    5.9    5.9  1018.0   0.00    0.0    0.127   0.000   24.4    48   12.7   24.3    8.93   1.1754     351     1    100.0   15 
20/11/22   9:30    6.5    6.9    6.2    73    2.0    0.0    NNO   0.00   4.8   NNO    6.5    6.2    6.2  1018.1   0.00    0.0    0.123   0.000   24.7    48   12.9   24.6    8.92   1.1741     351     1    100.0   15 
20/11/22   9:45    7.1    7.3    6.9    71    2.2    3.2    ENE   0.80  11.3   ENE    7.1    6.8    6.8  1018.0   0.00    0.0    0.117   0.000   24.8    46   12.4   24.6    8.52   1.1741     350     1    100.0   15 
20/11/22  10:00    7.1    7.2    6.9    72    2.3    4.8    ENE   1.21  16.1   ENE    6.5    6.8    6.2  1018.0   0.00    0.0    0.117   0.000   24.7    45   11.9   24.4    8.42   1.1751     350     1    100.0   15 
20/11/22  10:15    7.4    7.7    7.1    69    2.1    1.6    NNO   0.40   4.8   ONO    7.4    7.2    7.2  1018.0   0.00    0.0    0.113   0.000   24.5    45   11.8   24.3    8.43   1.1759     350     1    100.0   15 
20/11/22  10:30    8.1    8.4    7.7    68    2.5    0.0    ENE   0.00   4.8   ENE    8.1    7.7    7.7  1017.9   0.00    0.0    0.107   0.000   24.4    46   12.1   24.3    8.53   1.1756     351     1    100.0   15 
20/11/22  10:45    8.7    8.9    8.4    67    2.9    0.0    NNO   0.00   3.2   NNE    8.7    8.3    8.3  1018.2   0.00    0.0    0.101   0.000   24.3    46   12.0   24.2    8.53   1.1766     351     1    100.0   15 
20/11/22  11:00    9.3    9.6    8.9    65    3.1    1.6      E   0.40   4.8   ENE    9.3    9.0    9.0  1018.3   0.00    0.0    0.094   0.000   24.1    47   12.0   23.9    8.74   1.1778     351     1    100.0   15 
20/11/22  11:15    9.6    9.8    9.4    64    3.1    4.8    ENE   1.21  11.3   ENE    9.3    9.2    8.9  1018.3   0.00    0.0    0.091   0.000   23.8    48   12.1   23.7    8.95   1.1788     350     1    100.0   15 
20/11/22  11:30    9.3    9.4    9.2    66    3.2    6.4    ENE   1.61  12.9   ENE    8.6    8.9    8.2  1018.4   0.00    0.0    0.094   0.000   23.6    47   11.6   23.4    8.75   1.1803     351     1    100.0   15 
20/11/22  11:45    9.8   10.2    9.4    64    3.3    4.8    ENE   1.21  11.3   ENE    9.6    9.5    9.3  1018.5   0.00    0.0    0.089   0.000   23.3    46   11.1   23.1    8.57   1.1819     351     1    100.0   15 
20/11/22  12:00    9.9   10.1    9.8    64    3.4    9.7    ENE   2.41  17.7   ESE    8.6    9.6    8.3  1018.3   0.00    0.0    0.088   0.000   23.1    46   10.8   22.7    8.58   1.1830     351     1    100.0   15 
20/11/22  12:15   10.3   10.7   10.1    62    3.4    8.0    ENE   2.01  14.5   ENE    9.4    9.9    8.9  1017.8   0.00    0.0    0.083   0.000   22.9    45   10.3   22.4    8.45   1.1836     350     1    100.0   15 
20/11/22  12:30   11.2   11.6   10.7    59    3.4    1.6    ENE   0.40   9.7     E   11.2   10.6   10.6  1017.4   0.00    0.0    0.075   0.000   22.8    45   10.2   22.3    8.45   1.1837     352     1    100.0   15 
20/11/22  12:45   11.8   12.0   11.6    56    3.3    1.6    ENE   0.40   8.0    NO   11.8   11.1   11.1  1017.2   0.00    0.0    0.068   0.000   22.6    46   10.4   22.1    8.60   1.1839     351     1    100.0   15 
20/11/22  13:00   12.2   12.5   12.1    56    3.7    1.6     NO   0.40   9.7   OSO   12.2   11.4   11.4  1017.1   0.00    0.0    0.064   0.000   22.6    47   10.7   22.1    8.75   1.1835     351     1    100.0   15 
20/11/22  13:15   12.9   13.2   12.5    53    3.6    3.2    SSO   0.80  12.9    SE   12.9   12.1   12.1  1017.2   0.00    0.0    0.056   0.000   22.7    48   11.1   22.3    8.91   1.1827     350     1    100.0   15 
20/11/22  13:30   13.3   13.7   13.2    52    3.7    1.6     SE   0.40   8.0     E   13.3   12.3   12.3  1017.2   0.00    0.0    0.052   0.000   22.8    49   11.5   22.4    9.05   1.1821     350     1    100.0   15 
20/11/22  13:45   13.8   14.1   13.7    50    3.6    1.6    ESE   0.40   6.4   ESE   13.8   12.8   12.8  1017.2   0.00    0.0    0.047   0.000   22.9    50   11.9   22.6    9.25   1.1812     352     1    100.0   15 
20/11/22  14:00   14.4   14.7   14.1    48    3.5    1.6     NO   0.40   8.0     E   14.4   13.2   13.2  1017.0   0.00    0.0    0.041   0.000   22.9    51   12.3   22.8    9.38   1.1804     351     1    100.0   15 
20/11/22  14:15   15.0   15.3   14.7    46    3.5    1.6     NO   0.40   6.4    NO   15.0   13.8   13.8  1016.9   0.00    0.0    0.035   0.000   22.9    50   11.9   22.6    9.25   1.1809     351     1    100.0   15 
20/11/22  14:30   15.6   15.7   15.3    47    4.3    4.8    ONO   1.21  19.3   OSO   15.6   14.3   14.3  1016.9   0.00    0.0    0.029   0.000   22.8    50   11.8   22.5    9.25   1.1814     351     1    100.0   15 
20/11/22  14:45   15.6   15.8   15.3    49    4.9    6.4      O   1.61  17.7     O   15.6   14.4   14.4  1016.7   0.00    0.0    0.028   0.000   22.7    50   11.7   22.3    9.25   1.1818     352     1    100.0   15 
20/11/22  15:00   15.6   15.9   15.3    50    5.2    3.2      O   0.80  11.3   ONO   15.6   14.5   14.5  1016.6   0.00    0.0    0.028   0.000   22.6    51   12.0   22.3    9.40   1.1815     351     1    100.0   15 
20/11/22  15:15   15.9   15.9   15.8    52    6.0    3.2     NO   0.80  12.9     O   15.9   14.9   14.9  1016.5   0.00    0.0    0.025   0.000   22.6    51   11.9   22.2    9.40   1.1817     351     1    100.0   15 
20/11/22  15:30   15.9   16.1   15.8    53    6.4    4.8    ONO   1.21  14.5   OSO   15.9   14.9   14.9  1016.6   0.00    0.0    0.025   0.000   22.5    52   12.2   22.2    9.60   1.1818     351     1    100.0   15 
20/11/22  15:45   15.8   16.1   15.4    56    7.0    6.4    ONO   1.61  20.9     O   15.8   14.9   14.9  1016.7   0.00    0.0    0.027   0.000   22.7    52   12.4   22.6    9.59   1.1808     352     1    100.0   15 
20/11/22  16:00   15.3   15.4   15.3    57    6.9    4.8    ONO   1.21  16.1     O   15.3   14.5   14.5  1016.4   0.00    0.0    0.031   0.000   22.9    51   12.3   22.8    9.38   1.1797     350     1    100.0   15 
20/11/22  16:15   15.3   15.3   15.2    58    7.1    3.2    ONO   0.80  16.1   OSO   15.3   14.5   14.5  1016.5   0.00    0.0    0.032   0.000   23.1    51   12.4   22.9    9.38   1.1792     349     1    100.0   15 
20/11/22  16:30   15.1   15.2   14.9    59    7.2    1.6    ONO   0.40   8.0     O   15.1   14.3   14.3  1016.1   0.00    0.0    0.034   0.000   23.1    51   12.4   22.9    9.38   1.1788     351     1    100.0   15 
20/11/22  16:45   14.7   14.9   14.5    60    7.0    1.6    ONO   0.40   6.4    NO   14.7   13.9   13.9  1016.4   0.00    0.0    0.038   0.000   22.9    51   12.3   22.8    9.38   1.1796     350     1    100.0   15 
20/11/22  17:00   14.4   14.6   14.3    61    7.0    0.0     SE   0.00   4.8   ESE   14.4   13.7   13.7  1016.5   0.00    0.0    0.041   0.000   22.9    51   12.2   22.7    9.39   1.1801     352     1    100.0   15 
20/11/22  17:15   14.1   14.3   14.1    62    6.9    0.0     SE   0.00   3.2    SE   14.1   13.4   13.4  1016.4   0.00    0.0    0.044   0.000   22.8    51   12.2   22.6    9.39   1.1803     350     1    100.0   15 
20/11/22  17:30   14.0   14.1   13.9    63    7.1    0.0    ---   0.00   0.0   ---   14.0   13.4   13.4  1016.6   0.00    0.0    0.045   0.000   22.8    52   12.4   22.6    9.59   1.1804     351     1    100.0   15 
20/11/22  17:45   14.0   14.0   13.9    63    7.1    1.6    SSO   0.40   4.8   SSO   14.0   13.4   13.4  1016.5   0.00    0.0    0.045   0.000   22.7    52   12.4   22.6    9.59   1.1806     349     1    100.0   15 
20/11/22  18:00   13.9   14.1   13.7    64    7.2    1.6     SO   0.40  11.3   OSO   13.9   13.3   13.3  1016.6   0.00    0.0    0.046   0.000   22.7    52   12.3   22.4    9.59   1.1809     352     1    100.0   15 
20/11/22  18:15   13.8   13.8   13.7    65    7.3    1.6      O   0.40   8.0   OSO   13.8   13.2   13.2  1016.8   0.00    0.0    0.047   0.000   22.6    52   12.3   22.4    9.60   1.1815     349     1    100.0   15 
20/11/22  18:30   13.6   13.6   13.6    66    7.3    0.0     NO   0.00   4.8     O   13.6   13.0   13.0  1016.9   0.00    0.0    0.050   0.000   22.5    52   12.2   22.2    9.60   1.1821     351     1    100.0   15 
20/11/22  18:45   13.6   13.6   13.5    66    7.3    1.6      O   0.40   4.8     O   13.6   13.0   13.0  1017.0   0.00    0.0    0.050   0.000   22.5    53   12.4   22.3    9.75   1.1819     351     1    100.0   15 
20/11/22  19:00   13.6   13.6   13.5    66    7.3    0.0    ONO   0.00   4.8   ONO   13.6   13.0   13.0  1017.2   0.00    0.0    0.050   0.000   22.4    53   12.4   22.2    9.75   1.1824     351     1    100.0   15 
20/11/22  19:15   13.4   13.5   13.3    66    7.2    3.2    ONO   0.80  22.5     O   13.4   12.8   12.8  1017.1   0.00    0.0    0.052   0.000   22.4    53   12.3   22.1    9.76   1.1826     352     1    100.0   15 
20/11/22  19:30   13.4   13.4   13.3    66    7.2    4.8     NO   1.21  14.5     O   13.4   12.8   12.8  1017.2   0.00    0.0    0.052   0.000   22.4    53   12.3   22.1    9.76   1.1828     351     1    100.0   15 
20/11/22  19:45   13.3   13.4   13.3    66    7.1    3.2      O   0.80  17.7   NNO   13.3   12.8   12.8  1017.3   0.00    0.0    0.052   0.000   22.3    53   12.3   22.0    9.76   1.1832     351     1    100.0   15 
20/11/22  20:00   13.2   13.3   13.1    66    7.0    3.2    ONO   0.80   9.7   ONO   13.2   12.7   12.7  1017.3   0.00    0.0    0.053   0.000   22.2    53   12.2   21.8    9.77   1.1837     351     1    100.0   15 
20/11/22  20:15   13.1   13.1   12.9    66    6.8    3.2    ONO   0.80  14.5    NO   13.1   12.5   12.5  1017.6   0.00    0.0    0.055   0.000   22.1    53   12.0   21.6    9.78   1.1849     350     1    100.0   15 
20/11/22  20:30   12.9   13.0   12.8    66    6.7    1.6     NO   0.40   9.7   ONO   12.9   12.4   12.4  1017.7   0.00    0.0    0.056   0.000   22.1    53   12.1   21.7    9.78   1.1847     349     1    100.0   15 
20/11/22  20:45   12.9   12.9   12.8    67    6.9    1.6      O   0.40   6.4     O   12.9   12.4   12.4  1017.8   0.00    0.0    0.057   0.000   22.2    53   12.2   21.8    9.77   1.1843     351     1    100.0   15 
20/11/22  21:00   12.7   12.8   12.6    66    6.5    3.2    ONO   0.80   4.8   ONO   12.7   12.2   12.2  1017.7   0.00    0.0    0.058   0.000   22.4    53   12.4   22.2    9.75   1.1830     351     1    100.0   15 
20/11/22  21:15   12.4   12.6   12.3    67    6.5    4.8    ONO   1.21  11.3     O   12.4   11.9   11.9  1017.9   0.00    0.0    0.061   0.000   22.7    52   12.3   22.4    9.59   1.1825     351     1    100.0   15 
20/11/22  21:30   12.4   12.4   12.2    66    6.2    4.8    ONO   1.21  12.9    NO   12.4   11.9   11.9  1017.9   0.00    0.0    0.062   0.000   22.9    52   12.5   22.7    9.59   1.1814     351     1    100.0   15 
20/11/22  21:45   12.2   12.2   12.1    65    5.8    1.6     NO   0.40  11.3   ONO   12.2   11.6   11.6  1017.9   0.00    0.0    0.064   0.000   22.9    52   12.6   22.8    9.58   1.1811     351     1    100.0   15 
20/11/22  22:00   12.1   12.2   11.9    66    5.9    0.0     NO   0.00   4.8    NO   12.1   11.6   11.6  1018.1   0.00    0.0    0.065   0.000   23.3    51   12.6   23.2    9.37   1.1798     350     1    100.0   15 
20/11/22  22:15   11.9   12.0   11.8    64    5.3    1.6    ONO   0.40  12.9   OSO   11.9   11.3   11.3  1018.3   0.00    0.0    0.067   0.000   24.2    50   13.1   24.2    9.24   1.1758     351     1    100.0   15 
20/11/22  22:30   11.8   12.0   11.7    64    5.2    1.6    ONO   0.40   4.8   ONO   11.8   11.2   11.2  1018.2   0.00    0.0    0.068   0.000   25.1    49   13.6   24.9    9.01   1.1719     352     1    100.0   15 
20/11/22  22:45   11.6   11.7   11.5    66    5.5    1.6      O   0.40   4.8     O   11.6   11.1   11.1  1018.4   0.00    0.0    0.070   0.000   25.4    48   13.6   25.3    8.89   1.1706     351     1    100.0   15 
20/11/22  23:00   11.6   11.7   11.5    65    5.2    0.0     NO   0.00   4.8    NO   11.6   11.1   11.1  1018.3   0.00    0.0    0.071   0.000   25.7    48   13.9   25.7    8.88   1.1691     351     1    100.0   15 
20/11/22  23:15   11.5   11.7   11.4    65    5.1    0.0     NO   0.00   3.2    NO   11.5   11.0   11.0  1018.3   0.00    0.0    0.071   0.000   25.9    47   13.7   25.8    8.68   1.1687     351     1    100.0   15 
20/11/22  23:30   11.5   11.6   11.4    63    4.7    1.6      O   0.40   6.4   OSO   11.5   11.0   11.0  1018.3   0.00    0.0    0.071   0.000   26.0    47   13.8   25.9    8.67   1.1681     352     1    100.0   15 
20/11/22  23:45   11.7   11.8   11.7    63    4.9    0.0    ONO   0.00   4.8    NO   11.7   11.2   11.2  1018.4   0.00    0.0    0.069   0.000   26.1    47   13.9   26.0    8.67   1.1679     351     1    100.0   15 
21/11/22  00:00   11.3   11.7   10.8    67    5.4    1.6    ENE   0.40   6.4   ENE   11.3   10.9   10.9  1018.3   0.00    0.0    0.073   0.000   25.9    47   13.8   25.9    8.68   1.1684     351     1    100.0   15 
21/11/22   0:15   10.6   10.8   10.4    69    5.2    1.6    ENE   0.40   9.7    NE   10.6   10.3   10.3  1018.5   0.00    0.0    0.080   0.000   25.6    47   13.5   25.5    8.69   1.1702     348     1    100.0   15 
21/11/22   0:30   10.2   10.4    9.9    70    4.9    1.6      O   0.40   6.4    NO   10.2    9.9    9.9  1018.7   0.00    0.0    0.085   0.000   25.0    48   13.2   24.8    8.91   1.1731     351     1    100.0   15 
21/11/22   0:45    9.8    9.9    9.8    71    4.8    1.6    ONO   0.40   8.0     O    9.8    9.6    9.6  1018.6   0.00    0.0    0.089   0.000   24.4    49   13.0   24.4    9.03   1.1755     351     1    100.0   15 
21/11/22   1:00    9.8    9.9    9.8    71    4.8    0.0    ONO   0.00   4.8   ONO    9.8    9.6    9.6  1018.6   0.00    0.0    0.089   0.000   23.8    49   12.5   23.8    9.05   1.1785     351     1    100.0   15 
21/11/22   1:15    9.9   10.1    9.8    70    4.7    0.0     NO   0.00   4.8    NO    9.9    9.7    9.7  1018.8   0.00    0.0    0.088   0.000   23.3    50   12.3   23.1    9.25   1.1811     351     1    100.0   15 
21/11/22   1:30   10.2   10.3   10.1    69    4.8    1.6     NO   0.40   4.8    NO   10.2    9.9    9.9  1018.4   0.00    0.0    0.084   0.000   22.8    51   12.1   22.6    9.39   1.1828     350     1    100.0   15 
21/11/22   1:45   10.2   10.3   10.2    69    4.8    0.0    OSO   0.00   3.2     O   10.2    9.9    9.9  1018.4   0.00    0.0    0.084   0.000   22.3    51   11.7   21.9    9.41   1.1850     351     1    100.0   15 
21/11/22   2:00   10.1   10.2   10.0    70    4.9    0.0    OSO   0.00   3.2   OSO   10.1    9.9    9.9  1018.1   0.00    0.0    0.086   0.000   21.9    52   11.6   21.4    9.62   1.1864     352     1    100.0   15 
21/11/22   2:15   10.2   10.3   10.1    68    4.6    0.0     NO   0.00   4.8    NO   10.2    9.9    9.9  1017.6   0.00    0.0    0.084   0.000   21.6    52   11.3   20.9    9.63   1.1875     350     1    100.0   15 
21/11/22   2:30   10.3   10.3   10.2    68    4.7    0.0     NE   0.00   4.8    NO   10.3   10.1   10.1  1017.6   0.00    0.0    0.083   0.000   21.3    53   11.3   20.5    9.84   1.1888     351     1    100.0   15 
21/11/22   2:45   10.0   10.2    9.9    70    4.8    1.6    ENE   0.40   4.8    NE   10.0    9.8    9.8  1017.3   0.00    0.0    0.087   0.000   20.9    53   11.0   20.2    9.86   1.1902     351     1    100.0   15 
21/11/22   3:00    9.8    9.9    9.7    71    4.8    3.2    ENE   0.80   6.4    NE    9.8    9.6    9.6  1017.2   0.00    0.0    0.089   0.000   20.6    54   10.9   19.9    9.99   1.1917     351     1    100.0   15 
21/11/22   3:15    9.7    9.9    9.7    70    4.5    1.6    ENE   0.40   4.8    NE    9.7    9.5    9.5  1017.2   0.00    0.0    0.090   0.000   20.3    54   10.7   19.7   10.01   1.1930     352     1    100.0   15 
21/11/22   3:30    9.9    9.9    9.8    70    4.7    0.0     NE   0.00   4.8   NNE    9.9    9.7    9.7  1017.1   0.00    0.0    0.088   0.000   20.1    55   10.7   19.6   10.19   1.1937     351     1    100.0   15 
21/11/22   3:45    9.7    9.8    9.4    71    4.7    1.6    ONO   0.40   4.8     O    9.7    9.5    9.5  1016.9   0.00    0.0    0.090   0.000   19.9    55   10.6   19.4   10.19   1.1944     351     1    100.0   15 
21/11/22   4:00    9.6    9.7    9.4    71    4.6    0.0    ONO   0.00   4.8   ONO    9.6    9.3    9.3  1017.1   0.00    0.0    0.091   0.000   19.7    55   10.4   19.2   10.20   1.1957     350     1    100.0   15 
21/11/22   4:15   10.0   10.3    9.7    69    4.6    1.6     NO   0.40   4.8    NO   10.0    9.8    9.8  1016.9   0.00    0.0    0.087   0.000   19.5    55   10.2   19.0   10.21   1.1963     351     1    100.0   15 
21/11/22   4:30   10.4   10.4   10.3    69    4.9    0.0    ONO   0.00   4.8   ONO   10.4   10.1   10.1  1016.7   0.00    0.0    0.083   0.000   19.4    56   10.4   18.9   10.41   1.1963     350     1    100.0   15 
21/11/22   4:45   10.2   10.5    9.9    70    5.0    0.0    ONO   0.00   3.2   ONO   10.2   10.0   10.0  1016.4   0.00    0.0    0.084   0.000   19.2    56   10.2   18.7   10.42   1.1968     351     1    100.0   15 
