                 Temp.  Temp.  Temp.  Hum.   Punt   Vel.   Dir.   Rec.  Vel.  Dir.  Sens.   Índ.   Índ.                  Int. Graus D.Graus D.  Temp.  Hum. Rosada  In.Cal.  EMC     Dens.    Mostr   Tx   Recep.  Int.
  Data    Hora    Ext.   Màx.   Mín.  Ext. Rosada   Vent   Vent   Vent  Màx.  Màx.  Tèrm.  Calor   THW    Bar    Pluja   Pluja  Calor    Fred    Int.  Int.   Int.   Int.    Int.  Int.Aire    Vent   Vent   ISS   Arc.
-------------------------------------------------------------------------------------------------------------------------------------------------------------------------------------------------------------------------
28/07/22   0:15   23.5   23.6   23.4    85   20.8    0.0    ESE   0.00   3.2   ESE   23.5   24.8   24.8  1012.1   0.00    0.0    0.000   0.054   29.2    60   20.7   31.5   10.75   1.1386     349     1    100.0   15 
28/07/22   0:30   23.6   23.6   23.5    85   20.9    0.0    ESE   0.00   1.6   ESE   23.6   24.9   24.9  1012.1   0.00    0.0    0.000   0.054   29.2    60   20.7   31.5   10.75   1.1386     352     1    100.0   15 
28/07/22   0:45   23.4   23.6   23.3    85   20.8    0.0    ESE   0.00   1.6   ESE   23.4   24.8   24.8  1012.0   0.00    0.0    0.000   0.053   29.2    60   20.7   31.5   10.75   1.1385     351     1    100.0   15 
28/07/22   1:00   23.4   23.5   23.4    85   20.8    0.0    ---   0.00   0.0   ---   23.4   24.8   24.8  1011.8   0.00    0.0    0.000   0.053   29.2    60   20.6   31.4   10.75   1.1386     351     1    100.0   15 
28/07/22   1:15   23.6   23.6   23.5    85   20.9    0.0    ESE   0.00   1.6   ESE   23.6   24.9   24.9  1011.8   0.00    0.0    0.000   0.054   29.2    60   20.6   31.4   10.75   1.1386     351     1    100.0   15 
28/07/22   1:30   23.4   23.6   23.2    84   20.6    1.6     NO   0.40   4.8    NO   23.4   24.7   24.7  1011.7   0.00    0.0    0.000   0.053   29.2    60   20.6   31.4   10.75   1.1385     351     1    100.0   15 
28/07/22   1:45   23.2   23.2   23.2    85   20.5    0.0     NO   0.00   3.2    NO   23.2   24.4   24.4  1011.4   0.00    0.0    0.000   0.050   29.1    60   20.6   31.3   10.75   1.1385     351     1    100.0   15 
28/07/22   2:00   23.2   23.3   23.2    85   20.6    1.6     NO   0.40   4.8    NO   23.2   24.4   24.4  1011.3   0.00    0.0    0.000   0.051   29.1    60   20.5   31.2   10.75   1.1386     350     1    100.0   15 
28/07/22   2:15   23.3   23.3   23.3    85   20.6    0.0     NO   0.00   3.2    NO   23.3   24.5   24.5  1011.2   0.00    0.0    0.000   0.052   29.0    61   20.7   31.3   10.95   1.1383     349     1    100.0   15 
28/07/22   2:30   23.3   23.3   23.2    85   20.6    0.0     NO   0.00   1.6    NO   23.3   24.5   24.5  1011.1   0.00    0.0    0.000   0.052   28.9    61   20.7   31.2   10.95   1.1385     351     1    100.0   15 
28/07/22   2:45   23.1   23.2   23.1    86   20.6    0.0     NO   0.00   3.2    NO   23.1   24.3   24.3  1011.1   0.00    0.0    0.000   0.050   28.8    61   20.6   31.0   10.95   1.1392     352     1    100.0   15 
28/07/22   3:00   23.0   23.1   22.9    86   20.5    1.6     NE   0.40   4.8   NNE   23.0   24.2   24.2  1011.1   0.00    0.0    0.000   0.049   28.8    61   20.6   31.0   10.95   1.1391     350     1    100.0   15 
28/07/22   3:15   22.9   22.9   22.8    86   20.4    1.6     NE   0.40   4.8    NE   22.9   24.1   24.1  1010.8   0.00    0.0    0.000   0.047   28.8    60   20.3   30.8   10.75   1.1392     350     1    100.0   15 
28/07/22   3:30   22.8   22.9   22.7    86   20.3    1.6      E   0.40   4.8   ENE   22.8   24.0   24.0  1010.8   0.00    0.0    0.000   0.046   28.8    60   20.3   30.8   10.75   1.1392     351     1    100.0   15 
28/07/22   3:45   22.7   22.7   22.6    87   20.4    1.6      E   0.40   4.8     E   22.7   23.9   23.9  1010.7   0.00    0.0    0.000   0.045   28.8    61   20.5   30.9   10.95   1.1390     350     1    100.0   15 
28/07/22   4:00   22.4   22.6   22.3    87   20.2    1.6      E   0.40   4.8     E   22.4   23.6   23.6  1010.8   0.00    0.0    0.000   0.043   28.7    61   20.4   30.7   10.95   1.1397     349     1    100.0   15 
28/07/22   4:15   22.2   22.3   22.0    88   20.1    1.6      E   0.40   6.4   ENE   22.2   23.3   23.3  1011.0   0.00    0.0    0.000   0.040   28.5    61   20.2   30.3   10.95   1.1408     350     1    100.0   15 
28/07/22   4:30   21.9   22.0   21.9    88   19.9    3.2    ENE   0.80   6.4   ENE   21.9   23.1   23.1  1011.3   0.00    0.0    0.000   0.038   28.5    61   20.2   30.3   10.95   1.1411     351     1    100.0   15 
28/07/22   4:45   22.1   22.1   21.9    87   19.8    1.6     NE   0.40   6.4    NE   22.1   23.2   23.2  1011.3   0.00    0.0    0.000   0.039   28.4    60   19.9   30.1   10.75   1.1419     348     1    100.0   15 
28/07/22   5:00   22.2   22.2   22.1    87   20.0    1.6     NE   0.40   6.4   ENE   22.2   23.3   23.3  1011.3   0.00    0.0    0.000   0.041   28.4    60   19.9   30.1   10.75   1.1419     352     1    100.0   15 
28/07/22   5:15   22.2   22.2   22.2    86   19.8    0.0      N   0.00   3.2     N   22.2   23.3   23.3  1011.1   0.00    0.0    0.000   0.041   28.4    60   19.9   30.1   10.75   1.1417     348     1    100.0   15 
28/07/22   5:30   22.2   22.2   22.1    86   19.7    0.0    NNO   0.00   3.2   NNO   22.2   23.2   23.2  1011.2   0.00    0.0    0.000   0.040   28.4    60   19.9   29.9   10.75   1.1421     350     1    100.0   15 
28/07/22   5:45   22.1   22.1   22.1    86   19.7    1.6    ENE   0.40   6.4   ENE   22.1   23.2   23.2  1011.6   0.00    0.0    0.000   0.039   28.3    60   19.8   29.8   10.75   1.1428     351     1    100.0   15 
28/07/22   6:00   22.1   22.2   22.1    86   19.7    1.6    ENE   0.40   6.4   ENE   22.1   23.2   23.2  1011.7   0.00    0.0    0.000   0.039   28.3    60   19.8   29.8   10.75   1.1430     352     1    100.0   15 
28/07/22   6:15   22.2   22.3   22.1    85   19.5    0.0    NNO   0.00   4.8    NO   22.2   23.2   23.2  1012.0   0.00    0.0    0.000   0.040   28.2    60   19.7   29.7   10.75   1.1439     351     1    100.0   15 
28/07/22   6:30   22.2   22.3   22.1    84   19.4    3.2    SSO   0.80  12.9     S   22.2   23.2   23.2  1012.0   0.00    0.0    0.000   0.041   28.1    61   19.8   29.6   10.95   1.1444     350     1    100.0   15 
28/07/22   6:45   22.1   22.2   22.1    84   19.3    1.6     NO   0.40   4.8     O   22.1   23.1   23.1  1012.0   0.00    0.0    0.000   0.039   27.9    61   19.7   29.4   10.95   1.1449     350     1    100.0   15 
28/07/22   7:00   22.3   22.3   22.2    85   19.6    1.6    OSO   0.40   8.0   OSO   22.3   23.3   23.3  1012.1   0.00    0.0    0.000   0.041   27.9    61   19.7   29.3   10.95   1.1453     352     1    100.0   15 
28/07/22   7:15   22.2   22.2   22.2    84   19.4    0.0    ONO   0.00   4.8     O   22.2   23.2   23.2  1012.2   0.00    0.0    0.000   0.041   27.9    61   19.7   29.4   10.95   1.1452     350     1    100.0   15 
28/07/22   7:30   22.3   22.3   22.2    84   19.4    0.0      S   0.00   6.4   SSO   22.3   23.3   23.3  1012.4   0.00    0.0    0.000   0.041   27.9    61   19.7   29.4   10.95   1.1454     351     1    100.0   15 
28/07/22   7:45   22.3   22.3   22.2    84   19.5    1.6      S   0.40   6.4     S   22.3   23.3   23.3  1012.5   0.00    0.0    0.000   0.042   27.8    62   19.8   29.2   11.11   1.1460     351     1    100.0   15 
28/07/22   8:00   22.2   22.3   22.1    84   19.4    4.8    SSO   1.21  17.7     O   22.2   23.2   23.2  1013.1   0.00    0.0    0.000   0.041   27.7    61   19.5   28.9   10.95   1.1478     352     1    100.0   15 
28/07/22   8:15   21.9   22.1   21.7    87   19.6    3.2      O   0.80  14.5   OSO   21.9   23.0   23.0  1013.1   0.00    0.0    0.000   0.037   27.6    62   19.6   28.9   11.12   1.1479     351     1    100.0   15 
28/07/22   8:30   21.6   21.7   21.6    88   19.5    3.2    OSO   0.80  11.3     O   21.6   22.7   22.7  1012.7   0.00    0.0    0.000   0.034   27.6    63   19.9   29.0   11.32   1.1470     351     1    100.0   15 
28/07/22   8:45   22.2   22.8   21.6    82   18.9    4.8      O   1.21  11.3     O   22.2   23.1   23.1  1012.5   0.00    0.0    0.000   0.040   27.7    62   19.7   29.1   11.11   1.1465     351     1    100.0   15 
28/07/22   9:00   23.3   23.8   22.8    75   18.7    3.2      O   0.80  11.3   OSO   23.3   24.4   24.4  1012.6   0.00    0.0    0.000   0.052   27.9    60   19.5   29.3   10.75   1.1460     351     1    100.0   15 
28/07/22   9:15   24.3   24.6   23.8    74   19.4    3.2    OSO   0.80   8.0   OSO   24.3   25.6   25.6  1012.6   0.00    0.0    0.000   0.063   28.2    59   19.4   29.6   10.55   1.1450     351     1    100.0   15 
28/07/22   9:30   25.0   25.4   24.6    71   19.4    3.2     NO   0.80   9.7    NO   25.0   26.1   26.1  1012.6   0.00    0.0    0.000   0.069   28.5    59   19.7   30.1   10.55   1.1436     350     1    100.0   15 
28/07/22   9:45   25.7   26.1   25.4    71   20.0    3.2     NO   0.80  11.3   OSO   25.7   26.9   26.9  1012.6   0.00    0.0    0.000   0.076   28.7    58   19.6   30.4   10.35   1.1428     351     1    100.0   15 
28/07/22  10:00   26.5   26.8   26.1    69   20.3    3.2      O   0.80   9.7     O   26.5   27.8   27.8  1012.5   0.00    0.0    0.000   0.085   28.9    58   19.8   30.8   10.35   1.1415     350     1    100.0   15 
28/07/22  10:15   26.6   26.9   26.3    67   19.9    3.2      S   0.80   9.7    SE   26.6   27.8   27.8  1012.2   0.00    0.0    0.000   0.086   29.1    58   20.0   31.1   10.35   1.1402     352     1    100.0   15 
28/07/22  10:30   27.3   27.6   26.9    62   19.4    6.4    OSO   1.61  14.5   ENE   27.3   28.4   28.4  1012.3   0.00    0.0    0.000   0.093   29.3    57   19.9   31.2   10.25   1.1397     349     1    100.0   15 
28/07/22  10:45   27.9   28.3   27.4    60   19.4    4.8    SSO   1.21  16.1    SO   27.9   29.2   29.2  1012.2   0.00    0.0    0.000   0.100   29.6    55   19.6   31.3    9.85   1.1394     348     1    100.0   15 
28/07/22  11:00   28.2   28.5   28.0    61   20.0    6.4      S   1.61  14.5   SSE   28.2   29.8   29.8  1012.1   0.00    0.0    0.000   0.103   29.8    55   19.8   31.7    9.84   1.1380     349     1    100.0   15 
28/07/22  11:15   28.7   29.1   28.1    59   19.9    6.4     SO   1.61  19.3     O   28.7   30.4   30.4  1012.0   0.00    0.0    0.000   0.108   30.1    55   20.0   32.2    9.83   1.1365     351     1    100.0   15 
28/07/22  11:30   29.1   29.2   28.9    59   20.2    4.8    SSE   1.21  16.1     S   29.1   31.1   31.1  1012.0   0.00    0.0    0.000   0.112   30.4    54   20.0   32.7    9.72   1.1352     352     1    100.0   15 
28/07/22  11:45   28.7   29.0   28.4    61   20.4    6.4      S   1.61  20.9     S   28.7   30.7   30.7  1012.0   0.00    0.0    0.000   0.108   30.6    54   20.2   33.1    9.71   1.1340     351     1    100.0   15 
28/07/22  12:00   28.6   28.8   28.4    62   20.6    8.0      S   2.01  19.3     S   28.6   30.6   30.6  1012.0   0.00    0.0    0.000   0.106   30.8    54   20.4   33.3    9.70   1.1332     351     1    100.0   15 
28/07/22  12:15   28.8   29.1   28.6    61   20.6    8.0    SSO   2.01  19.3    SO   28.8   31.0   31.0  1012.1   0.00    0.0    0.000   0.109   30.9    54   20.5   33.4    9.70   1.1327     350     1    100.0   15 
28/07/22  12:30   29.1   29.3   28.9    62   21.0    9.7     SE   2.41  25.7     E   29.1   31.6   31.6  1011.7   0.00    0.0    0.000   0.112   31.1    54   20.7   33.8    9.69   1.1310     351     1    100.0   15 
28/07/22  12:45   28.6   29.1   28.3    65   21.4    9.7    SSE   2.41  20.9    SE   28.6   31.2   31.2  1011.4   0.00    0.0    0.000   0.107   31.2    54   20.8   34.0    9.69   1.1301     349     1    100.0   15 
28/07/22  13:00   28.1   28.3   27.9    66   21.1    6.4      S   1.61  17.7   SSE   28.1   30.2   30.2  1012.0   0.00    0.0    0.000   0.101   31.2    54   20.8   34.0    9.69   1.1307     350     1    100.0   15 
28/07/22  13:15   28.2   28.7   27.9    66   21.3    8.0    ENE   2.01  19.3   ESE   28.2   30.4   30.4  1011.7   0.00    0.0    0.000   0.103   31.2    55   21.1   34.2    9.79   1.1299     350     1    100.0   15 
28/07/22  13:30   28.7   28.8   28.6    64   21.2    6.4    SSE   1.61  14.5     S   28.7   31.1   31.1  1011.4   0.00    0.0    0.000   0.108   31.3    54   20.9   34.3    9.68   1.1296     351     1    100.0   15 
28/07/22  13:45   28.6   28.8   28.4    64   21.1    6.4      S   1.61  16.1     S   28.6   30.9   30.9  1012.1   0.00    0.0    0.000   0.106   31.4    54   21.0   34.4    9.68   1.1300     349     1    100.0   15 
28/07/22  14:00   28.2   28.4   27.9    65   21.0    6.4    SSO   1.61  16.1     S   28.2   30.2   30.2  1011.7   0.00    0.0    0.000   0.102   31.3    54   20.9   34.3    9.68   1.1299     351     1    100.0   15 
28/07/22  14:15   27.7   27.9   27.4    68   21.2    4.8      O   1.21  17.7    SO   27.7   29.7   29.7  1012.3   0.00    0.0    0.000   0.097   31.2    54   20.8   34.0    9.69   1.1311     350     1    100.0   15 
28/07/22  14:30   25.9   27.4   24.8    69   19.8    8.0     NO   2.01  17.7   ONO   25.9   27.1   27.1  1012.4   0.00    0.0    0.000   0.079   31.1    52   20.1   33.4    9.35   1.1329     350     1    100.0   15 
28/07/22  14:45   24.8   24.9   24.7    70   18.9    1.6    ONO   0.40  11.3   ONO   24.8   25.8   25.8  1011.7   0.00    0.0    0.000   0.067   30.9    52   19.9   33.1    9.35   1.1333     352     1    100.0   15 
28/07/22  15:00   25.3   25.6   24.9    69   19.2    3.2      S   0.80  14.5   SSE   25.3   26.3   26.3  1011.6   0.00    0.0    0.000   0.072   30.7    53   20.0   33.0    9.51   1.1338     351     1    100.0   15 
28/07/22  15:15   25.1   25.6   24.5    72   19.7    3.2    OSO   0.80  12.9   OSO   25.1   26.3   26.3  1011.9   0.00    0.0    0.000   0.070   30.5    53   19.8   32.7    9.51   1.1350     350     1    100.0   15 
28/07/22  15:30   24.0   24.5   23.6    77   19.7    3.2      O   0.80  11.3     O   24.0   25.3   25.3  1012.0   0.00    0.0    0.000   0.059   30.4    54   20.1   32.8    9.71   1.1349     350     1    100.0   15 
28/07/22  15:45   23.4   23.6   23.4    78   19.4    1.6      O   0.40   9.7     O   23.4   24.6   24.6  1011.2   0.00    0.0    0.000   0.053   30.3    54   20.0   32.6    9.72   1.1346     351     1    100.0   15 
28/07/22  16:00   24.1   24.6   23.6    73   18.9    4.8      O   1.21  12.9    NO   24.1   25.2   25.2  1011.3   0.00    0.0    0.000   0.060   30.4    54   20.0   32.7    9.72   1.1344     351     1    100.0   15 
28/07/22  16:15   25.6   26.3   24.6    67   19.0    3.2      O   0.80  12.9   ONO   25.6   26.6   26.6  1011.3   0.00    0.0    0.000   0.076   30.4    53   19.8   32.6    9.51   1.1347     351     1    100.0   15 
28/07/22  16:30   26.9   27.4   26.3    66   20.1    3.2      O   0.80   8.0     O   26.9   28.3   28.3  1011.3   0.00    0.0    0.000   0.090   30.5    54   20.1   32.9    9.71   1.1338     350     1    100.0   15 
28/07/22  16:45   27.8   28.2   27.4    64   20.4    1.6      O   0.40   8.0     O   27.8   29.6   29.6  1011.0   0.00    0.0    0.000   0.099   30.6    54   20.2   33.1    9.71   1.1329     350     1    100.0   15 
28/07/22  17:00   28.1   28.2   27.7    66   21.1    3.2    SSO   0.80   8.0     S   28.1   30.2   30.2  1011.1   0.00    0.0    0.000   0.101   30.8    55   20.7   33.5    9.80   1.1316     352     1    100.0   15 
28/07/22  17:15   27.3   27.7   27.0    69   21.1    3.2      S   0.80   8.0     E   27.3   29.1   29.1  1011.2   0.00    0.0    0.000   0.093   30.7    55   20.6   33.4    9.80   1.1321     351     1    100.0   15 
28/07/22  17:30   26.8   27.0   26.7    71   21.1    3.2      S   0.80   6.4   SSE   26.8   28.4   28.4  1011.3   0.00    0.0    0.000   0.088   30.6    56   20.8   33.5   10.01   1.1322     351     1    100.0   15 
28/07/22  17:45   26.5   26.7   26.3    72   21.0    3.2      S   0.80  11.3   SSO   26.5   28.1   28.1  1011.2   0.00    0.0    0.000   0.085   30.6    56   20.8   33.4   10.01   1.1324     351     1    100.0   15 
28/07/22  18:00   26.2   26.3   26.2    74   21.2    3.2    SSO   0.80  11.3   SSE   26.2   27.9   27.9  1011.4   0.00    0.0    0.000   0.082   30.5    57   21.0   33.5   10.17   1.1325     352     1    100.0   15 
28/07/22  18:15   26.1   26.2   25.9    75   21.3    3.2    SSO   0.80  12.9     S   26.1   27.8   27.8  1011.6   0.00    0.0    0.000   0.081   30.5    57   21.0   33.5   10.17   1.1327     351     1    100.0   15 
28/07/22  18:30   25.8   26.0   25.7    77   21.4    4.8    SSO   1.21  12.9    SO   25.8   27.5   27.5  1011.4   0.00    0.0    0.000   0.078   30.5    57   21.0   33.5   10.17   1.1324     351     1    100.0   15 
28/07/22  18:45   25.6   25.7   25.4    79   21.6    1.6    SSO   0.40   8.0    SO   25.6   27.3   27.3  1011.0   0.00    0.0    0.000   0.075   30.6    58   21.4   33.8   10.31   1.1312     351     1    100.0   15 
28/07/22  19:00   25.4   25.4   25.4    79   21.5    1.6    SSO   0.40   9.7     S   25.4   27.1   27.1  1011.2   0.00    0.0    0.000   0.073   30.6    59   21.6   34.0   10.51   1.1309     351     1    100.0   15 
28/07/22  19:15   25.3   25.4   25.3    80   21.6    3.2      S   0.80   8.0     S   25.3   27.1   27.1  1011.6   0.00    0.0    0.000   0.073   30.4    59   21.5   33.8   10.51   1.1319     350     1    100.0   15 
28/07/22  19:30   25.2   25.3   25.0    81   21.7    4.8      S   1.21   9.7     S   25.2   26.9   26.9  1011.9   0.00    0.0    0.000   0.071   30.2    61   21.9   33.7   10.89   1.1325     351     1    100.0   15 
28/07/22  19:45   24.9   25.0   24.9    82   21.7    3.2    SSO   0.80   8.0   SSO   24.9   26.7   26.7  1012.0   0.00    0.0    0.000   0.069   29.9    61   21.6   33.2   10.91   1.1342     350     1    100.0   15 
28/07/22  20:00   24.8   24.9   24.7    83   21.7    1.6    SSO   0.40   9.7     S   24.8   26.7   26.7  1012.1   0.00    0.0    0.000   0.068   29.8    62   21.7   33.0   11.04   1.1346     350     1    100.0   15 
28/07/22  20:15   24.6   24.7   24.6    84   21.7    1.6      S   0.40   4.8     S   24.6   26.4   26.4  1012.4   0.00    0.0    0.000   0.065   29.6    62   21.6   32.6   11.04   1.1359     352     1    100.0   15 
28/07/22  20:30   24.4   24.6   24.3    85   21.8    0.0    SSO   0.00   3.2   SSO   24.4   26.2   26.2  1012.6   0.00    0.0    0.000   0.064   29.6    62   21.5   32.5   11.05   1.1365     350     1    100.0   15 
28/07/22  20:45   24.3   24.4   24.3    85   21.6    0.0    SSO   0.00   3.2   SSO   24.3   26.1   26.1  1012.9   0.00    0.0    0.000   0.063   29.6    62   21.5   32.5   11.05   1.1368     350     1    100.0   15 
28/07/22  21:00   24.2   24.3   24.1    86   21.7    0.0    SSO   0.00   1.6   SSO   24.2   25.9   25.9  1012.9   0.00    0.0    0.000   0.061   29.6    62   21.5   32.5   11.05   1.1368     351     1    100.0   15 
28/07/22  21:15   24.0   24.1   23.9    86   21.5    0.0     SO   0.00   3.2   SSO   24.0   25.7   25.7  1012.9   0.00    0.0    0.000   0.059   29.5    63   21.7   32.6   11.25   1.1367     352     1    100.0   15 
28/07/22  21:30   23.9   23.9   23.8    87   21.6    0.0     SO   0.00   3.2    SO   23.9   25.7   25.7  1013.1   0.00    0.0    0.000   0.058   29.4    63   21.7   32.4   11.25   1.1372     350     1    100.0   15 
28/07/22  21:45   23.8   23.8   23.7    87   21.5    0.0     SO   0.00   3.2    SO   23.8   25.4   25.4  1013.0   0.00    0.0    0.000   0.057   29.4    63   21.7   32.4   11.25   1.1370     351     1    100.0   15 
28/07/22  22:00   23.7   23.7   23.6    88   21.6    0.0     SO   0.00   3.2    SO   23.7   25.3   25.3  1013.2   0.00    0.0    0.000   0.056   29.4    63   21.6   32.3   11.25   1.1376     351     1    100.0   15 
28/07/22  22:15   23.6   23.6   23.6    88   21.5    0.0     SO   0.00   1.6    SO   23.6   25.2   25.2  1013.2   0.00    0.0    0.000   0.055   29.3    63   21.6   32.3   11.25   1.1379     349     1    100.0   15 
28/07/22  22:30   23.6   23.6   23.5    88   21.5    0.0     SO   0.00   1.6    SO   23.6   25.1   25.1  1013.3   0.00    0.0    0.000   0.054   29.3    63   21.5   32.2   11.26   1.1384     351     1    100.0   15 
28/07/22  22:45   23.7   23.8   23.6    88   21.6    0.0     SO   0.00   3.2    SO   23.7   25.3   25.3  1013.6   0.00    0.0    0.000   0.056   29.2    64   21.7   32.2   11.46   1.1385     351     1    100.0   15 
28/07/22  23:00   23.7   23.8   23.7    87   21.4    0.0     SO   0.00   1.6    SO   23.7   25.3   25.3  1013.7   0.00    0.0    0.000   0.056   29.1    63   21.3   31.8   11.26   1.1396     351     1    100.0   15 
28/07/22  23:15   23.7   23.7   23.7    87   21.4    0.0     SO   0.00   1.6    SO   23.7   25.2   25.2  1013.8   0.00    0.0    0.000   0.056   29.1    63   21.3   31.8   11.26   1.1398     351     1    100.0   15 
28/07/22  23:30   23.6   23.7   23.5    87   21.3    0.0    ONO   0.00   3.2    SO   23.6   25.1   25.1  1013.7   0.00    0.0    0.000   0.055   29.1    63   21.3   31.7   11.26   1.1400     351     1    100.0   15 
28/07/22  23:45   23.4   23.5   23.4    88   21.3    0.0    ONO   0.00   1.6   ONO   23.4   24.7   24.7  1013.5   0.00    0.0    0.000   0.053   29.0    63   21.2   31.7   11.27   1.1401     351     1    100.0   15 
29/07/22  00:00   23.4   23.4   23.4    88   21.3    0.0    ONO   0.00   1.6   ONO   23.4   24.7   24.7  1013.4   0.00    0.0    0.000   0.053   28.9    64   21.4   31.7   11.47   1.1398     350     1    100.0   15 
29/07/22   0:15   23.4   23.4   23.4    89   21.5    1.6    ONO   0.40   4.8    NE   23.4   24.8   24.8  1013.2   0.00    0.0    0.000   0.053   28.9    64   21.4   31.7   11.47   1.1396     350     1    100.0   15 
29/07/22   0:30   23.4   23.4   23.3    88   21.3    1.6     NE   0.40   4.8    NE   23.4   24.7   24.7  1013.4   0.00    0.0    0.000   0.053   28.9    64   21.4   31.6   11.47   1.1401     350     1    100.0   15 
29/07/22   0:45   23.1   23.3   22.8    88   21.0    1.6    NNO   0.40   3.2     N   23.1   24.4   24.4  1013.4   0.00    0.0    0.000   0.050   28.8    64   21.3   31.5   11.47   1.1404     352     1    100.0   15 
29/07/22   1:00   22.6   22.8   22.5    90   20.9    1.6    NNO   0.40   3.2   NNO   22.6   23.9   23.9  1013.2   0.00    0.0    0.000   0.045   28.7    64   21.2   31.2   11.48   1.1408     351     1    100.0   15 
29/07/22   1:15   22.6   22.6   22.5    90   20.8    1.6    NNO   0.40   4.8   NNO   22.6   23.9   23.9  1013.0   0.00    0.0    0.000   0.044   28.6    64   21.1   31.0   11.48   1.1412     351     1    100.0   15 
29/07/22   1:30   22.5   22.6   22.4    90   20.8    0.0    NNO   0.00   3.2   NNO   22.5   23.8   23.8  1012.8   0.00    0.0    0.000   0.043   28.5    64   21.0   30.7   11.48   1.1416     350     1    100.0   15 
29/07/22   1:45   22.4   22.4   22.3    91   20.8    0.0    NNO   0.00   3.2   NNO   22.4   23.7   23.7  1012.6   0.00    0.0    0.000   0.042   28.4    64   20.9   30.5   11.49   1.1420     352     1    100.0   15 
29/07/22   2:00   22.4   22.4   22.4    90   20.7    0.0    NNO   0.00   3.2   NNO   22.4   23.7   23.7  1012.5   0.00    0.0    0.000   0.042   28.3    64   20.9   30.4   11.49   1.1421     351     1    100.0   15 
29/07/22   2:15   22.4   22.4   22.3    91   20.8    0.0    NNO   0.00   1.6   NNO   22.4   23.7   23.7  1012.5   0.00    0.0    0.000   0.042   28.2    65   21.0   30.3   11.69   1.1422     351     1    100.0   15 
29/07/22   2:30   22.5   22.6   22.4    90   20.8    0.0    NNO   0.00   1.6   NNO   22.5   23.8   23.8  1012.4   0.00    0.0    0.000   0.043   28.2    65   21.0   30.2   11.70   1.1424     350     1    100.0   15 
29/07/22   2:45   22.5   22.6   22.4    90   20.8    1.6     NE   0.40   3.2   NNO   22.5   23.8   23.8  1012.4   0.00    0.0    0.000   0.043   28.2    65   21.0   30.2   11.70   1.1425     351     1    100.0   15 
29/07/22   3:00   22.3   22.4   22.1    90   20.6    0.0      O   0.00   3.2    NE   22.3   23.5   23.5  1012.6   0.00    0.0    0.000   0.041   28.2    65   21.0   30.2   11.70   1.1426     351     1    100.0   15 
29/07/22   3:15   21.9   22.1   21.8    91   20.4    0.0      O   0.00   3.2     O   21.9   23.2   23.2  1012.7   0.00    0.0    0.000   0.037   28.1    65   20.9   30.1   11.70   1.1434     350     1    100.0   15 
29/07/22   3:30   21.7   21.8   21.6    92   20.3    0.0      O   0.00   3.2     O   21.7   23.0   23.0  1012.7   0.00    0.0    0.000   0.035   28.0    65   20.8   29.9   11.70   1.1437     351     1    100.0   15 
29/07/22   3:45   21.6   21.7   21.6    93   20.4    0.0      O   0.00   3.2     O   21.6   23.0   23.0  1012.6   0.00    0.0    0.000   0.034   27.9    65   20.7   29.7   11.71   1.1442     351     1    100.0   15 
29/07/22   4:00   21.6   21.6   21.6    93   20.4    0.0      O   0.00   3.2     O   21.6   22.9   22.9  1012.4   0.00    0.0    0.000   0.034   27.8    65   20.6   29.7   11.71   1.1443     352     1    100.0   15 
29/07/22   4:15   21.5   21.6   21.4    93   20.3    0.0      O   0.00   3.2     O   21.5   22.8   22.8  1012.4   0.00    0.0    0.000   0.033   27.7    65   20.5   29.4   11.71   1.1449     351     1    100.0   15 
