                 Temp.  Temp.  Temp.  Hum.   Punt   Vel.   Dir.   Rec.  Vel.  Dir.  Sens.   Índ.   Índ.                  Int. Graus D.Graus D.  Temp.  Hum. Rosada  In.Cal.  EMC     Dens.    Mostr   Tx   Recep.  Int.
  Data    Hora    Ext.   Màx.   Mín.  Ext. Rosada   Vent   Vent   Vent  Màx.  Màx.  Tèrm.  Calor   THW    Bar    Pluja   Pluja  Calor    Fred    Int.  Int.   Int.   Int.    Int.  Int.Aire    Vent   Vent   ISS   Arc.
-------------------------------------------------------------------------------------------------------------------------------------------------------------------------------------------------------------------------
 8/07/22   0:15   20.9   21.0   20.8    87   18.7    1.6    OSO   0.40   4.8   OSO   20.9   21.9   21.9  1019.6   0.00    0.0    0.000   0.027   27.8    58   18.8   28.9   10.35   1.1557     349     1    100.0   15 
 8/07/22   0:30   20.7   20.8   20.5    86   18.2    1.6     NO   0.40   6.4   NNO   20.7   21.7   21.7  1019.5   0.00    0.0    0.000   0.024   27.7    58   18.7   28.7   10.35   1.1565     349     1    100.0   15 
 8/07/22   0:45   20.6   20.6   20.5    87   18.3    1.6     NO   0.40   6.4    NO   20.6   21.6   21.6  1019.6   0.00    0.0    0.000   0.023   27.6    58   18.5   28.5   10.35   1.1572     350     1    100.0   15 
 8/07/22   1:00   20.6   20.6   20.5    88   18.5    1.6    OSO   0.40   4.8   OSO   20.6   21.6   21.6  1019.4   0.00    0.0    0.000   0.023   27.4    59   18.7   28.4   10.55   1.1570     352     1    100.0   15 
 8/07/22   1:15   20.6   20.6   20.5    89   18.7    1.6    OSO   0.40   3.2   OSO   20.6   21.7   21.7  1019.5   0.00    0.0    0.000   0.023   27.3    60   18.9   28.3   10.75   1.1573     351     1    100.0   15 
 8/07/22   1:30   20.4   20.6   20.3    89   18.6    1.6    OSO   0.40   3.2   OSO   20.4   21.5   21.5  1019.5   0.00    0.0    0.000   0.022   27.3    60   18.8   28.2   10.75   1.1576     350     1    100.0   15 
 8/07/22   1:45   20.2   20.3   19.9    88   18.1    1.6    ONO   0.40   4.8   ONO   20.2   21.1   21.1  1019.5   0.00    0.0    0.000   0.019   27.2    60   18.7   28.1   10.75   1.1582     351     1    100.0   15 
 8/07/22   2:00   19.9   19.9   19.8    83   16.9    1.6    ONO   0.40   6.4   NNO   19.9   20.7   20.7  1019.5   0.00    0.0    0.000   0.016   27.1    57   17.8   27.7   10.16   1.1601     352     1    100.0   15 
 8/07/22   2:15   19.9   20.0   19.9    81   16.6    0.0     NO   0.00   3.2    NO   19.9   20.7   20.7  1019.3   0.00    0.0    0.000   0.017   26.9    56   17.4   27.4   10.05   1.1609     351     1    100.0   15 
 8/07/22   2:30   20.1   20.3   19.9    79   16.4    0.0    ---   0.00   0.0   ---   20.1   20.8   20.8  1019.3   0.00    0.0    0.000   0.019   26.8    55   17.0   27.3    9.85   1.1618     348     1    100.0   15 
 8/07/22   2:45   20.3   20.4   20.3    78   16.4    0.0    ---   0.00   0.0   ---   20.3   21.0   21.0  1019.4   0.00    0.0    0.000   0.021   26.8    55   17.0   27.2    9.85   1.1622     348     1    100.0   15 
 8/07/22   3:00   20.3   20.3   20.2    75   15.7    0.0     NO   0.00   4.8    NO   20.3   20.8   20.8  1019.3   0.00    0.0    0.000   0.020   26.7    54   16.6   27.0    9.75   1.1631     350     1    100.0   15 
 8/07/22   3:15   20.2   20.3   20.1    74   15.4    0.0     SO   0.00   3.2    SO   20.2   20.7   20.7  1019.5   0.00    0.0    0.000   0.020   26.6    53   16.2   26.9    9.65   1.1640     351     1    100.0   15 
 8/07/22   3:30   19.9   20.1   19.8    73   14.9    0.0     SO   0.00   1.6    SO   19.9   20.3   20.3  1019.6   0.00    0.0    0.000   0.016   26.5    53   16.1   26.8    9.65   1.1647     351     1    100.0   15 
 8/07/22   3:45   19.9   20.1   19.9    68   13.9    0.0    ONO   0.00   4.8   ONO   19.9   20.2   20.2  1019.6   0.00    0.0    0.000   0.017   26.4    51   15.4   26.6    9.35   1.1661     350     1    100.0   15 
 8/07/22   4:00   20.2   20.2   20.1    68   14.1    1.6     NO   0.40   6.4    NO   20.2   20.4   20.4  1019.7   0.00    0.0    0.000   0.019   26.3    50   15.0   26.4    9.16   1.1671     351     1    100.0   15 
 8/07/22   4:15   19.9   20.1   19.9    68   13.9    1.6    ONO   0.40   8.0     O   19.9   20.2   20.2  1019.9   0.00    0.0    0.000   0.017   26.2    50   14.9   26.3    9.17   1.1679     351     1    100.0   15 
 8/07/22   4:30   19.8   19.9   19.6    70   14.2    4.8      O   1.21   9.7    NO   19.8   20.1   20.1  1019.8   0.00    0.0    0.000   0.016   26.0    50   14.8   26.1    9.17   1.1687     351     1    100.0   15 
 8/07/22   4:45   19.6   19.7   19.5    70   13.9    4.8     NO   1.21  11.3     O   19.6   19.8   19.8  1019.8   0.00    0.0    0.000   0.013   25.9    50   14.7   25.9    9.18   1.1693     351     1    100.0   15 
 8/07/22   5:00   19.4   19.5   19.3    71   14.0    3.2     NO   0.80   9.7    NO   19.4   19.6   19.6  1020.1   0.00    0.0    0.000   0.011   25.8    50   14.6   25.8    9.18   1.1701     351     1    100.0   15 
 8/07/22   5:15   19.3   19.4   19.3    71   13.9    1.6    ONO   0.40   4.8   ONO   19.3   19.6   19.6  1020.4   0.00    0.0    0.000   0.010   25.8    50   14.6   25.8    9.18   1.1704     352     1    100.0   15 
 8/07/22   5:30   19.7   19.9   19.4    70   14.0    1.6    ONO   0.40   9.7     O   19.7   19.9   19.9  1020.5   0.00    0.0    0.000   0.014   26.1    49   14.5   26.1    8.97   1.1695     350     1    100.0   15 
 8/07/22   5:45   20.2   20.4   19.9    68   14.1    1.6      O   0.40   8.0   ONO   20.2   20.4   20.4  1020.6   0.00    0.0    0.000   0.019   26.3    49   14.8   26.4    8.96   1.1682     350     1    100.0   15 
 8/07/22   6:00   20.7   20.9   20.4    66   14.1    1.6    ONO   0.40   6.4    NO   20.7   20.7   20.7  1020.6   0.00    0.0    0.000   0.024   26.7    49   15.1   26.7    8.95   1.1666     350     1    100.0   15 
 8/07/22   6:15   21.0   21.4   20.8    65   14.2    1.6     NO   0.40   6.4     O   21.0   20.8   20.8  1020.8   0.00    0.0    0.000   0.028   26.9    48   15.0   26.9    8.84   1.1658     348     1    100.0   15 
 8/07/22   6:30   21.6   21.8   21.4    63   14.3    1.6    ENE   0.40   6.4   ENE   21.6   21.4   21.4  1020.8   0.00    0.0    0.000   0.034   27.2    47   14.9   27.1    8.63   1.1648     351     1    100.0   15 
 8/07/22   6:45   22.0   22.3   21.7    63   14.6    1.6    ENE   0.40   4.8   ENE   22.0   22.0   22.0  1020.8   0.00    0.0    0.000   0.038   27.3    47   15.0   27.3    8.63   1.1643     350     1    100.0   15 
 8/07/22   7:00   22.4   22.6   22.3    61   14.5    3.2    OSO   0.80   8.0   OSO   22.4   22.4   22.4  1020.7   0.00    0.0    0.000   0.042   27.6    46   14.9   27.5    8.45   1.1635     350     1    100.0   15 
 8/07/22   7:15   22.6   22.9   22.3    59   14.2    1.6     NO   0.40   8.0    NO   22.6   22.7   22.7  1020.7   0.00    0.0    0.000   0.045   27.7    46   15.0   27.7    8.45   1.1627     351     1    100.0   15 
 8/07/22   7:30   23.6   24.1   22.9    56   14.3    1.6    ENE   0.40   6.4    NE   23.6   23.8   23.8  1020.9   0.00    0.0    0.000   0.054   27.9    46   15.2   28.0    8.45   1.1620     352     1    100.0   15 
 8/07/22   7:45   23.9   24.2   23.7    57   14.9    4.8      E   1.21  11.3   ESE   23.9   24.3   24.3  1020.8   0.00    0.0    0.000   0.058   28.1    45   15.0   28.2    8.30   1.1616     350     1    100.0   15 
 8/07/22   8:00   24.0   24.4   23.6    55   14.4    3.2      E   0.80   8.0     E   24.0   24.3   24.3  1020.8   0.00    0.0    0.000   0.059   28.2    45   15.2   28.4    8.29   1.1607     351     1    100.0   15 
 8/07/22   8:15   24.7   24.8   24.4    53   14.5    3.2      E   0.80   9.7    SE   24.7   24.8   24.8  1020.8   0.00    0.0    0.000   0.067   28.3    45   15.3   28.6    8.29   1.1602     351     1    100.0   15 
 8/07/22   8:30   24.8   25.0   24.7    53   14.6    4.8    ESE   1.21  11.3   ESE   24.8   24.9   24.9  1020.7   0.00    0.0    0.000   0.068   28.3    44   14.9   28.5    8.15   1.1604     351     1    100.0   15 
 8/07/22   8:45   25.3   25.4   25.0    51   14.5    4.8    ENE   1.21  12.9   ENE   25.3   25.3   25.3  1020.7   0.00    0.0    0.000   0.073   28.4    44   15.0   28.6    8.15   1.1602     352     1    100.0   15 
 8/07/22   9:00   25.4   25.7   25.4    50   14.3    3.2      S   0.80   8.0   SSO   25.4   25.4   25.4  1020.6   0.00    0.0    0.000   0.074   28.4    44   15.0   28.7    8.15   1.1598     351     1    100.0   15 
 8/07/22   9:15   26.0   26.3   25.7    47   13.8    3.2    SSO   0.80  12.9     E   26.0   25.9   25.9  1020.7   0.00    0.0    0.000   0.080   28.5    43   14.7   28.7    7.98   1.1601     351     1    100.0   15 
 8/07/22   9:30   26.6   27.0   26.3    45   13.6    1.6      S   0.40  11.3   SSO   26.6   26.3   26.3  1020.7   0.00    0.0    0.000   0.086   28.6    43   14.8   28.9    7.98   1.1595     351     1    100.0   15 
 8/07/22   9:45   27.2   27.5   27.0    44   13.9    3.2     SO   0.80   8.0   SSO   27.2   26.9   26.9  1020.5   0.00    0.0    0.000   0.093   28.8    42   14.6   29.1    7.85   1.1590     352     1    100.0   15 
 8/07/22  10:00   27.6   28.1   27.3    41   13.1    3.2    OSO   0.80  12.9     S   27.6   27.2   27.2  1020.6   0.00    0.0    0.000   0.096   28.9    42   14.7   29.2    7.85   1.1585     351     1    100.0   15 
 8/07/22  10:15   28.1   28.3   27.9    39   12.8    4.8      S   1.21  11.3   ESE   28.1   27.7   27.7  1020.6   0.00    0.0    0.000   0.101   29.1    41   14.5   29.3    7.66   1.1581     351     1    100.0   15 
 8/07/22  10:30   28.8   29.1   28.3    38   13.0    3.2    SSO   0.80  12.9     S   28.8   28.7   28.7  1020.3   0.00    0.0    0.000   0.109   29.2    41   14.6   29.4    7.66   1.1570     351     1    100.0   15 
 8/07/22  10:45   29.4   29.7   29.1    32   11.0    3.2      S   0.80  11.3    SE   29.4   28.7   28.7  1020.3   0.00    0.0    0.000   0.116   29.4    40   14.4   29.5    7.55   1.1563     351     1    100.0   15 
 8/07/22  11:00   30.0   30.1   29.8    30   10.5    3.2    SSO   0.80  11.3    SO   30.0   29.1   29.1  1020.2   0.00    0.0    0.000   0.122   29.6    39   14.2   29.6    7.34   1.1558     351     1    100.0   15 
 8/07/22  11:15   30.1   30.3   29.9    31   11.1    6.4      S   1.61  14.5   SSE   30.1   29.3   29.3  1020.1   0.00    0.0    0.000   0.123   29.8    37   13.5   29.6    7.04   1.1559     350     1    100.0   15 
 8/07/22  11:30   30.3   30.4   30.2    31   11.3    4.8    SSE   1.21  12.9   SSE   30.3   29.4   29.4  1019.8   0.00    0.0    0.000   0.124   30.1    36   13.3   29.8    6.77   1.1547     351     1    100.0   15 
 8/07/22  11:45   30.5   30.7   30.2    30   11.0    6.4      S   1.61  19.3   SSE   30.5   29.5   29.5  1019.7   0.00    0.0    0.000   0.127   30.3    35   13.1   29.9    6.68   1.1541     350     1    100.0   15 
 8/07/22  12:00   31.1   31.4   30.6    29   10.9    4.8      S   1.21  19.3   SSE   31.1   29.7   29.7  1019.6   0.00    0.0    0.000   0.133   30.5    35   13.3   30.1    6.69   1.1528     351     1    100.0   15 
 8/07/22  12:15   31.6   31.8   31.4    43   17.5    3.2     NO   0.80  12.9     E   31.6   32.7   32.7  1019.7   0.00    0.0    0.000   0.138   30.6    35   13.4   30.2    6.69   1.1524     351     1    100.0   15 
 8/07/22  12:30   31.4   31.6   31.1    46   18.4    6.4    SSO   1.61  24.1   SSO   31.4   32.9   32.9  1019.5   0.00    0.0    0.000   0.136   30.7    37   14.3   30.4    7.01   1.1509     351     1    100.0   15 
 8/07/22  12:45   30.6   31.1   30.2    51   19.3    8.0      S   2.01  19.3   SSE   30.6   32.6   32.6  1019.4   0.00    0.0    0.000   0.128   30.8    39   15.3   30.8    7.30   1.1489     351     1    100.0   15 
 8/07/22  13:00   30.4   30.8   30.1    51   19.1    8.0      S   2.01  17.7    SO   30.4   32.2   32.2  1019.2   0.00    0.0    0.000   0.126   31.0    42   16.6   31.4    7.79   1.1464     352     1    100.0   15 
 8/07/22  13:15   30.3   30.6   30.1    52   19.4    8.0      S   2.01  22.5    SO   30.3   32.2   32.2  1019.2   0.00    0.0    0.000   0.125   31.1    43   17.1   31.7    7.95   1.1454     350     1    100.0   15 
 8/07/22  13:30   30.4   30.7   30.3    51   19.2    8.0    SSO   2.01  20.9     S   30.4   32.3   32.3  1019.2   0.00    0.0    0.000   0.126   31.2    44   17.5   32.1    8.09   1.1442     350     1    100.0   15 
 8/07/22  13:45   30.6   30.7   30.4    50   19.0    6.4    SSO   1.61  19.3     S   30.6   32.3   32.3  1019.2   0.00    0.0    0.000   0.127   31.3    44   17.6   32.3    8.08   1.1437     350     1    100.0   15 
 8/07/22  14:00   30.4   30.7   30.3    51   19.2    8.0    SSO   2.01  20.9    SO   30.4   32.3   32.3  1019.3   0.00    0.0    0.000   0.126   31.4    43   17.3   32.3    7.95   1.1441     352     1    100.0   15 
 8/07/22  14:15   30.3   30.4   30.1    51   19.0    6.4    SSO   1.61  17.7     S   30.3   31.9   31.9  1019.4   0.00    0.0    0.000   0.124   31.2    45   17.9   32.3    8.19   1.1439     351     1    100.0   15 
 8/07/22  14:30   30.1   30.4   29.9    51   18.9    8.0    SSO   2.01  22.5    SO   30.1   31.6   31.6  1019.3   0.00    0.0    0.000   0.123   31.1    43   17.0   31.7    7.95   1.1457     351     1    100.0   15 
 8/07/22  14:45   29.9   30.0   29.8    52   19.0    8.0      S   2.01  20.9     S   29.9   31.4   31.4  1019.3   0.00    0.0    0.000   0.120   30.9    45   17.6   31.9    8.20   1.1452     351     1    100.0   15 
 8/07/22  15:00   29.7   30.1   29.3    52   18.8    8.0    SSO   2.01  19.3     S   29.7   31.1   31.1  1019.3   0.00    0.0    0.000   0.119   30.7    43   16.7   31.3    7.95   1.1474     351     1    100.0   15 
 8/07/22  15:15   29.3   29.4   29.2    52   18.4    8.0    SSO   2.01  27.4     S   29.3   30.5   30.5  1019.3   0.00    0.0    0.000   0.114   30.6    44   16.9   31.3    8.11   1.1477     351     1    100.0   15 
 8/07/22  15:30   29.1   29.3   28.9    53   18.6    9.7    SSO   2.41  20.9     O   29.1   30.4   30.4  1019.5   0.00    0.0    0.000   0.112   30.4    43   16.5   31.0    7.95   1.1490     350     1    100.0   15 
 8/07/22  15:45   28.8   29.1   28.7    52   18.0    8.0    SSO   2.01  17.7    SO   28.8   30.0   30.0  1019.4   0.00    0.0    0.000   0.109   30.4    44   16.8   31.1    8.12   1.1487     350     1    100.0   15 
 8/07/22  16:00   29.0   29.3   28.7    52   18.1    8.0    SSO   2.01  20.9   SSE   29.0   30.2   30.2  1019.3   0.00    0.0    0.000   0.111   30.2    43   16.3   30.7    7.95   1.1499     351     1    100.0   15 
 8/07/22  16:15   28.7   29.1   28.4    52   17.8    9.7     SO   2.41  20.9    SO   28.7   29.7   29.7  1019.5   0.00    0.0    0.000   0.108   30.2    45   16.9   30.9    8.22   1.1494     351     1    100.0   15 
 8/07/22  16:30   28.3   28.6   28.1    53   17.8    8.0    SSO   2.01  19.3   SSO   28.3   29.2   29.2  1019.5   0.00    0.0    0.000   0.104   30.0    41   15.3   30.2    7.65   1.1523     351     1    100.0   15 
 8/07/22  16:45   28.3   28.6   28.1    53   17.8    6.4      O   1.61  19.3     S   28.3   29.2   29.2  1019.6   0.00    0.0    0.000   0.104   29.6    40   14.6   29.7    7.54   1.1547     351     1    100.0   15 
 8/07/22  17:00   28.1   28.4   28.0    54   17.9    6.4      S   1.61  19.3     S   28.1   29.0   29.0  1019.7   0.00    0.0    0.000   0.102   29.3    39   13.9   29.3    7.36   1.1570     349     1    100.0   15 
 8/07/22  17:15   27.7   28.0   27.4    54   17.5    8.0    SSO   2.01  20.9     S   27.7   28.3   28.3  1019.8   0.00    0.0    0.000   0.097   29.1    39   13.7   29.1    7.36   1.1581     351     1    100.0   15 
 8/07/22  17:30   27.3   27.4   27.2    55   17.5    6.4    SSO   1.61  16.1   SSO   27.3   27.9   27.9  1019.9   0.00    0.0    0.000   0.094   28.8    39   13.5   28.8    7.37   1.1593     351     1    100.0   15 
 8/07/22  17:45   27.2   27.4   27.1    56   17.6    6.4     SO   1.61  17.7     S   27.2   27.7   27.7  1020.0   0.00    0.0    0.000   0.092   28.7    39   13.3   28.6    7.38   1.1603     350     1    100.0   15 
 8/07/22  18:00   26.9   27.1   26.6    56   17.4    6.4    SSO   1.61  17.7     S   26.9   27.4   27.4  1020.1   0.00    0.0    0.000   0.089   28.5    43   14.7   28.7    7.98   1.1594     351     1    100.0   15 
 8/07/22  18:15   26.6   26.6   26.5    58   17.6    4.8    SSO   1.21  12.9     S   26.6   27.1   27.1  1020.1   0.00    0.0    0.000   0.086   28.7    46   16.0   29.3    8.45   1.1570     351     1    100.0   15 
 8/07/22  18:30   26.3   26.5   26.1    59   17.6    4.8    OSO   1.21  16.1    SO   26.3   26.9   26.9  1020.3   0.00    0.0    0.000   0.083   29.1    47   16.6   29.9    8.56   1.1547     352     1    100.0   15 
 8/07/22  18:45   25.9   26.1   25.5    59   17.3    4.8    OSO   1.21  14.5     O   25.9   26.4   26.4  1020.5   0.00    0.0    0.000   0.079   29.3    47   16.8   30.0    8.56   1.1541     351     1    100.0   15 
 8/07/22  19:00   25.2   25.5   24.9    60   16.9    4.8    OSO   1.21  12.9    SO   25.2   25.7   25.7  1020.6   0.00    0.0    0.000   0.072   29.3    47   16.9   30.1    8.55   1.1539     350     1    100.0   15 
 8/07/22  19:15   24.6   24.9   24.4    63   17.1    4.8      O   1.21  17.7     S   24.6   25.2   25.2  1020.6   0.00    0.0    0.000   0.065   29.3    47   16.9   30.1    8.55   1.1540     349     1    100.0   15 
 8/07/22  19:30   24.3   24.4   24.1    66   17.5    3.2    OSO   0.80  11.3    SO   24.3   25.0   25.0  1020.8   0.00    0.0    0.000   0.062   29.3    48   17.2   30.2    8.75   1.1537     352     1    100.0   15 
 8/07/22  19:45   23.9   24.1   23.8    68   17.7    3.2      O   0.80   9.7   SSO   23.9   24.8   24.8  1020.9   0.00    0.0    0.000   0.058   29.3    49   17.5   30.2    8.86   1.1536     351     1    100.0   15 
 8/07/22  20:00   23.7   23.8   23.6    70   17.9    1.6      O   0.40   8.0     O   23.7   24.7   24.7  1021.0   0.00    0.0    0.000   0.056   29.2    49   17.4   30.1    8.86   1.1541     351     1    100.0   15 
 8/07/22  20:15   23.5   23.6   23.3    71   17.9    1.6      O   0.40   8.0     O   23.5   24.4   24.4  1021.2   0.00    0.0    0.000   0.054   29.2    50   17.7   30.2    9.06   1.1538     351     1    100.0   15 
 8/07/22  20:30   23.2   23.3   23.1    72   17.9    3.2      O   0.80   6.4   OSO   23.2   24.1   24.1  1021.4   0.00    0.0    0.000   0.051   29.2    51   18.0   30.3    9.26   1.1539     352     1    100.0   15 
 8/07/22  20:45   22.9   23.1   22.8    74   18.1    1.6      O   0.40   4.8     O   22.9   23.8   23.8  1021.5   0.00    0.0    0.000   0.048   29.1    51   17.9   30.2    9.26   1.1545     351     1    100.0   15 
 8/07/22  21:00   22.7   22.8   22.6    75   18.1    1.6      O   0.40   4.8   OSO   22.7   23.6   23.6  1021.5   0.00    0.0    0.000   0.046   29.0    51   17.8   30.1    9.27   1.1549     351     1    100.0   15 
 8/07/22  21:15   22.4   22.6   22.4    75   17.8    1.6      O   0.40   3.2     O   22.4   23.1   23.1  1021.7   0.00    0.0    0.000   0.043   28.9    52   18.1   30.1    9.37   1.1549     350     1    100.0   15 
 8/07/22  21:30   22.3   22.4   22.1    76   17.8    1.6      O   0.40   4.8     O   22.3   22.9   22.9  1021.7   0.00    0.0    0.000   0.041   28.9    52   18.0   30.1    9.37   1.1552     350     1    100.0   15 
 8/07/22  21:45   22.0   22.1   21.8    77   17.8    1.6      O   0.40   4.8     O   22.0   22.6   22.6  1021.7   0.00    0.0    0.000   0.038   28.8    52   17.9   29.9    9.37   1.1558     351     1    100.0   15 
 8/07/22  22:00   21.8   21.9   21.7    78   17.8    1.6      O   0.40   3.2     O   21.8   22.4   22.4  1021.7   0.00    0.0    0.000   0.036   28.7    52   17.9   29.8    9.38   1.1561     350     1    100.0   15 
 8/07/22  22:15   21.7   21.7   21.7    78   17.7    0.0      O   0.00   3.2     O   21.7   22.3   22.3  1021.7   0.00    0.0    0.000   0.035   28.7    52   17.8   29.7    9.38   1.1564     351     1    100.0   15 
 8/07/22  22:30   21.6   21.7   21.6    78   17.6    0.0      O   0.00   3.2     O   21.6   22.2   22.2  1021.8   0.00    0.0    0.000   0.034   28.6    52   17.8   29.6    9.38   1.1567     351     1    100.0   15 
 8/07/22  22:45   21.4   21.6   21.2    77   17.2    1.6      O   0.40   3.2     O   21.4   21.9   21.9  1021.7   0.00    0.0    0.000   0.032   28.6    52   17.8   29.6    9.38   1.1566     352     1    100.0   15 
 8/07/22  23:00   21.2   21.2   21.1    77   17.0    1.6      O   0.40   3.2     O   21.2   21.6   21.6  1021.6   0.00    0.0    0.000   0.030   28.5    52   17.7   29.4    9.38   1.1571     351     1    100.0   15 
 8/07/22  23:15   21.0   21.1   21.0    76   16.6    1.6      O   0.40   4.8     O   21.0   21.4   21.4  1021.5   0.00    0.0    0.000   0.028   28.4    51   17.3   29.3    9.29   1.1577     351     1    100.0   15 
 8/07/22  23:30   21.0   21.0   21.0    73   16.0    1.6      O   0.40   4.8     O   21.0   21.3   21.3  1021.5   0.00    0.0    0.000   0.028   28.3    51   17.2   29.1    9.29   1.1583     350     1    100.0   15 
 8/07/22  23:45   21.0   21.0   20.9    69   15.1    0.0      O   0.00   3.2     O   21.0   21.1   21.1  1021.5   0.00    0.0    0.000   0.028   28.3    50   16.9   28.9    9.09   1.1590     352     1    100.0   15 
 9/07/22  00:00   20.8   20.9   20.7    68   14.7    0.0      O   0.00   4.8     O   20.8   20.9   20.9  1021.3   0.00    0.0    0.000   0.026   28.2    48   16.1   28.6    8.80   1.1603     351     1    100.0   15 
 9/07/22   0:15   20.8   21.0   20.7    63   13.5    1.6      O   0.40   4.8     O   20.8   20.6   20.6  1021.3   0.00    0.0    0.000   0.025   27.9    47   15.6   28.2    8.60   1.1618     349     1    100.0   15 
 9/07/22   0:30   21.3   21.5   21.0    60   13.2    1.6    ONO   0.40   3.2   ONO   21.3   20.9   20.9  1021.3   0.00    0.0    0.000   0.031   27.8    46   15.1   27.8    8.45   1.1631     350     1    100.0   15 
 9/07/22   0:45   21.6   21.7   21.5    59   13.2    0.0      O   0.00   3.2     O   21.6   21.2   21.2  1021.3   0.00    0.0    0.000   0.034   27.6    45   14.6   27.5    8.32   1.1644     351     1    100.0   15 
 9/07/22   1:00   21.7   21.7   21.6    59   13.3    1.6      O   0.40   3.2     O   21.7   21.3   21.3  1021.2   0.00    0.0    0.000   0.035   27.6    45   14.6   27.4    8.32   1.1645     351     1    100.0   15 
 9/07/22   1:15   21.3   21.6   21.0    61   13.5    3.2      O   0.80   4.8     O   21.3   20.9   20.9  1021.2   0.00    0.0    0.000   0.031   27.4    45   14.5   27.3    8.32   1.1651     352     1    100.0   15 
 9/07/22   1:30   21.3   21.5   21.1    59   13.0    1.6      O   0.40   4.8     O   21.3   20.9   20.9  1021.2   0.00    0.0    0.000   0.031   27.3    45   14.4   27.2    8.33   1.1656     349     1    100.0   15 
 9/07/22   1:45   21.4   21.6   21.4    59   13.1    1.6    ONO   0.40   4.8   ONO   21.4   21.1   21.1  1021.1   0.00    0.0    0.000   0.032   27.3    45   14.3   27.1    8.33   1.1658     349     1    100.0   15 
 9/07/22   2:00   21.7   21.7   21.6    59   13.3    1.6    ONO   0.40   4.8   ONO   21.7   21.3   21.3  1021.0   0.00    0.0    0.000   0.035   27.2    45   14.3   27.0    8.33   1.1659     352     1    100.0   15 
 9/07/22   2:15   21.8   21.9   21.7    58   13.1    1.6    ONO   0.40   4.8   ONO   21.8   21.4   21.4  1021.0   0.00    0.0    0.000   0.036   27.1    45   14.2   26.9    8.33   1.1664     350     1    100.0   15 
 9/07/22   2:30   22.1   22.2   21.8    59   13.7    1.6    ONO   0.40   4.8   ONO   22.1   21.9   21.9  1020.9   0.00    0.0    0.000   0.039   27.1    45   14.2   26.9    8.33   1.1664     351     1    100.0   15 
 9/07/22   2:45   21.5   21.8   21.4    59   13.1    1.6     NO   0.40   4.8    NO   21.5   21.1   21.1  1020.9   0.00    0.0    0.000   0.033   27.1    45   14.1   26.8    8.34   1.1666     351     1    100.0   15 
 9/07/22   3:00   21.4   21.5   21.4    59   13.1    0.0    ---   0.00   0.0   ---   21.4   21.1   21.1  1020.8   0.00    0.0    0.000   0.032   26.9    45   14.0   26.7    8.34   1.1671     350     1    100.0   15 
 9/07/22   3:15   21.6   21.6   21.5    60   13.5    0.0     NO   0.00   1.6    NO   21.6   21.2   21.2  1020.9   0.00    0.0    0.000   0.034   26.9    45   14.0   26.7    8.34   1.1672     351     1    100.0   15 
 9/07/22   3:30   21.4   21.6   21.3    60   13.4    0.0     NO   0.00   1.6    NO   21.4   21.1   21.1  1020.7   0.00    0.0    0.000   0.032   26.9    45   14.0   26.7    8.34   1.1672     352     1    100.0   15 
 9/07/22   3:45   21.1   21.3   20.9    62   13.5    1.6     NO   0.40   4.8     N   21.1   20.8   20.8  1020.8   0.00    0.0    0.000   0.029   26.8    45   13.9   26.6    8.35   1.1679     351     1    100.0   15 
