                 Temp.  Temp.  Temp.  Hum.   Punt   Vel.   Dir.   Rec.  Vel.  Dir.  Sens.   Índ.   Índ.                  Int. Graus D.Graus D.  Temp.  Hum. Rosada  In.Cal.  EMC     Dens.    Mostr   Tx   Recep.  Int.
  Data    Hora    Ext.   Màx.   Mín.  Ext. Rosada   Vent   Vent   Vent  Màx.  Màx.  Tèrm.  Calor   THW    Bar    Pluja   Pluja  Calor    Fred    Int.  Int.   Int.   Int.    Int.  Int.Aire    Vent   Vent   ISS   Arc.
-------------------------------------------------------------------------------------------------------------------------------------------------------------------------------------------------------------------------
12/10/22   0:15   16.9   16.9   16.9    90   15.2    0.0     NE   0.00   3.2    NE   16.9   17.2   17.2  1019.6   0.00    0.0    0.015   0.000   25.5    63   17.9   26.2   11.39   1.1660     349     1    100.0   15 
12/10/22   0:30   16.9   16.9   16.8    90   15.2    1.6     NE   0.40   4.8    NE   16.9   17.2   17.2  1019.6   0.00    0.0    0.015   0.000   25.8    62   18.0   26.5   11.18   1.1646     351     1    100.0   15 
12/10/22   0:45   16.9   16.9   16.8    90   15.2    1.6     NE   0.40   4.8    NE   16.9   17.2   17.2  1019.5   0.00    0.0    0.015   0.000   26.1    62   18.3   26.8   11.17   1.1630     350     1    100.0   15 
12/10/22   1:00   16.8   16.9   16.8    89   15.0    1.6     NE   0.40   4.8    NE   16.8   17.1   17.1  1019.4   0.00    0.0    0.016   0.000   26.3    61   18.2   27.1   10.96   1.1621     351     1    100.0   15 
12/10/22   1:15   16.8   16.8   16.7    89   15.0    0.0     NE   0.00   3.2    NE   16.8   17.1   17.1  1019.3   0.00    0.0    0.016   0.000   26.5    60   18.1   27.2   10.76   1.1615     349     1    100.0   15 
12/10/22   1:30   16.7   16.7   16.7    90   15.1    0.0     NE   0.00   3.2    NE   16.7   17.0   17.0  1019.3   0.00    0.0    0.017   0.000   26.0    61   17.9   26.7   10.97   1.1638     351     1    100.0   15 
12/10/22   1:45   16.6   16.7   16.6    90   15.0    0.0     NE   0.00   3.2    NE   16.6   16.9   16.9  1019.0   0.00    0.0    0.018   0.000   25.3    62   17.5   25.9   11.20   1.1666     351     1    100.0   15 
12/10/22   2:00   16.6   16.7   16.4    90   14.9    0.0     NE   0.00   1.6    NE   16.6   16.8   16.8  1019.1   0.00    0.0    0.019   0.000   24.8    63   17.3   25.4   11.42   1.1689     352     1    100.0   15 
12/10/22   2:15   16.3   16.4   16.2    91   14.9    0.0     NE   0.00   3.2    NE   16.3   16.6   16.6  1019.1   0.00    0.0    0.021   0.000   24.4    63   16.9   25.0   11.43   1.1710     350     1    100.0   15 
12/10/22   2:30   16.2   16.2   16.1    92   14.9    0.0     NE   0.00   1.6    NE   16.2   16.4   16.4  1019.1   0.00    0.0    0.023   0.000   24.1    64   16.9   24.8   11.64   1.1724     351     1    100.0   15 
12/10/22   2:45   16.0   16.1   15.9    92   14.7    0.0     NE   0.00   1.6    NE   16.0   16.2   16.2  1019.0   0.00    0.0    0.024   0.000   23.8    64   16.6   24.5   11.65   1.1738     350     1    100.0   15 
12/10/22   3:00   15.8   15.9   15.8    93   14.7    0.0     NE   0.00   3.2   ENE   15.8   16.1   16.1  1018.9   0.00    0.0    0.026   0.000   23.6    65   16.6   24.2   11.85   1.1748     352     1    100.0   15 
12/10/22   3:15   15.8   15.8   15.8    93   14.7    0.0    ---   0.00   0.0   ---   15.8   16.1   16.1  1019.0   0.00    0.0    0.026   0.000   23.3    65   16.4   24.0   11.85   1.1760     350     1    100.0   15 
12/10/22   3:30   15.8   15.8   15.8    93   14.7    0.0    ---   0.00   0.0   ---   15.8   16.1   16.1  1019.0   0.00    0.0    0.026   0.000   23.2    65   16.2   23.7   11.85   1.1769     350     1    100.0   15 
12/10/22   3:45   15.7   15.8   15.7    93   14.6    0.0    ---   0.00   0.0   ---   15.7   15.9   15.9  1018.9   0.00    0.0    0.027   0.000   23.0    65   16.1   23.5   11.85   1.1777     350     1    100.0   15 
12/10/22   4:00   15.7   15.8   15.7    93   14.6    0.0    ENE   0.00   3.2   ENE   15.7   15.9   15.9  1018.7   0.00    0.0    0.027   0.000   22.8    66   16.1   23.3   12.09   1.1781     352     1    100.0   15 
12/10/22   4:15   15.7   15.7   15.6    93   14.5    0.0    ENE   0.00   3.2   ENE   15.7   15.9   15.9  1018.8   0.00    0.0    0.028   0.000   22.7    66   16.0   23.1   12.09   1.1790     351     1    100.0   15 
12/10/22   4:30   15.6   15.7   15.5    93   14.4    0.0    ENE   0.00   1.6   ENE   15.6   15.8   15.8  1018.7   0.00    0.0    0.029   0.000   22.5    66   15.8   22.8   12.10   1.1798     349     1    100.0   15 
12/10/22   4:45   15.4   15.5   15.2    93   14.3    0.0    ENE   0.00   4.8   ONO   15.4   15.6   15.6  1018.7   0.00    0.0    0.031   0.000   22.4    66   15.7   22.7   12.10   1.1804     351     1    100.0   15 
12/10/22   5:00   15.1   15.2   14.9    93   14.0    1.6    ONO   0.40   4.8   ONO   15.1   15.3   15.3  1018.6   0.00    0.0    0.034   0.000   22.3    66   15.6   22.5   12.11   1.1808     351     1    100.0   15 
12/10/22   5:15   14.9   14.9   14.8    94   13.9    1.6    ONO   0.40   3.2   ONO   14.9   15.1   15.1  1018.6   0.00    0.0    0.036   0.000   22.2    66   15.5   22.3   12.11   1.1814     350     1    100.0   15 
12/10/22   5:30   14.8   14.9   14.7    94   13.8    1.6    ONO   0.40   4.8   ONO   14.8   14.9   14.9  1018.6   0.00    0.0    0.037   0.000   22.1    66   15.4   22.2   12.12   1.1820     351     1    100.0   15 
12/10/22   5:45   14.9   15.1   14.7    95   14.2    0.0     NO   0.00   1.6    NO   14.9   15.2   15.2  1018.6   0.00    0.0    0.035   0.000   21.9    67   15.5   22.1   12.32   1.1823     351     1    100.0   15 
12/10/22   6:00   15.2   15.2   15.1    94   14.2    0.0     NO   0.00   1.6    NO   15.2   15.4   15.4  1018.7   0.00    0.0    0.033   0.000   22.0    66   15.4   22.1   12.12   1.1824     351     1    100.0   15 
12/10/22   6:15   15.2   15.3   15.1    94   14.3    0.0     NO   0.00   1.6    NO   15.2   15.4   15.4  1018.8   0.00    0.0    0.032   0.000   22.2    66   15.5   22.3   12.11   1.1817     352     1    100.0   15 
12/10/22   6:30   15.1   15.1   15.1    94   14.1    1.6     NO   0.40   3.2    NO   15.1   15.3   15.3  1018.8   0.00    0.0    0.034   0.000   22.3    66   15.7   22.6   12.11   1.1808     351     1    100.0   15 
12/10/22   6:45   15.1   15.1   14.9    94   14.1    0.0     NO   0.00   1.6    NO   15.1   15.3   15.3  1018.9   0.00    0.0    0.034   0.000   22.4    65   15.5   22.7   11.85   1.1807     351     1    100.0   15 
12/10/22   7:00   14.9   14.9   14.9    95   14.2    0.0     NO   0.00   1.6    NO   14.9   15.2   15.2  1019.0   0.00    0.0    0.035   0.000   22.5    65   15.6   22.8   11.85   1.1805     351     1    100.0   15 
12/10/22   7:15   14.9   14.9   14.8    95   14.1    1.6    ONO   0.40   4.8   ONO   14.9   15.1   15.1  1019.0   0.00    0.0    0.036   0.000   22.4    65   15.5   22.7   11.85   1.1808     352     1    100.0   15 
12/10/22   7:30   14.7   14.9   14.6    95   13.9    1.6    ONO   0.40   4.8   ONO   14.7   14.9   14.9  1019.1   0.20    0.0    0.038   0.000   22.3    65   15.4   22.6   11.85   1.1814     351     1    100.0   15 
12/10/22   7:45   14.4   14.7   14.2    95   13.6    1.6    ONO   0.40   4.8   ONO   14.4   14.6   14.6  1019.2   0.00    0.0    0.041   0.000   22.2    65   15.3   22.4   11.85   1.1821     350     1    100.0   15 
12/10/22   8:00   14.2   14.3   14.2    95   13.4    0.0     NO   0.00   3.2    NO   14.2   14.4   14.4  1019.3   0.00    0.0    0.043   0.000   22.1    66   15.4   22.2   12.12   1.1829     350     1    100.0   15 
12/10/22   8:15   14.1   14.2   13.8    95   13.3    0.0     NO   0.00   1.6    NO   14.1   14.2   14.2  1019.4   0.00    0.0    0.045   0.000   21.9    66   15.2   22.0   12.12   1.1839     351     1    100.0   15 
12/10/22   8:30   13.8   13.8   13.7    94   12.8    0.0     NO   0.00   3.2    NO   13.8   13.9   13.9  1019.5   0.00    0.0    0.047   0.000   21.7    67   15.3   21.8   12.33   1.1845     351     1    100.0   15 
12/10/22   8:45   13.8   13.9   13.7    94   12.8    0.0     NO   0.00   1.6    NO   13.8   13.9   13.9  1019.6   0.00    0.0    0.047   0.000   21.9    68   15.8   22.2   12.55   1.1832     351     1    100.0   15 
12/10/22   9:00   14.1   14.5   13.9    94   13.2    0.0     NO   0.00   1.6    NO   14.1   14.2   14.2  1019.8   0.00    0.0    0.044   0.000   22.3    67   15.9   22.6   12.31   1.1816     351     1    100.0   15 
12/10/22   9:15   14.6   14.6   14.5    94   13.6    0.0     NO   0.00   1.6    NO   14.6   14.7   14.7  1019.9   0.00    0.0    0.039   0.000   22.6    66   15.9   23.0   12.10   1.1807     351     1    100.0   15 
12/10/22   9:30   14.7   14.8   14.6    94   13.8    0.0     NO   0.00   1.6    NO   14.7   14.9   14.9  1020.0   0.00    0.0    0.038   0.000   22.8    66   16.1   23.3   12.09   1.1796     351     1    100.0   15 
12/10/22   9:45   14.8   14.9   14.8    94   13.9    0.0     NO   0.00   1.6    NO   14.8   15.0   15.0  1020.2   0.00    0.0    0.036   0.000   23.0    66   16.3   23.6   12.08   1.1789     351     1    100.0   15 
12/10/22  10:00   14.9   14.9   14.8    94   13.9    1.6     NO   0.40   3.2    NO   14.9   15.1   15.1  1020.3   0.00    0.0    0.036   0.000   23.1    66   16.4   23.7   12.08   1.1784     350     1    100.0   15 
12/10/22  10:15   15.2   15.4   14.9    94   14.2    0.0      O   0.00   4.8     O   15.2   15.4   15.4  1020.4   0.00    0.0    0.033   0.000   23.3    66   16.6   23.9   12.07   1.1777     351     1    100.0   15 
12/10/22  10:30   15.8   16.3   15.4    93   14.6    1.6     SO   0.40   4.8    SO   15.8   16.0   16.0  1020.4   0.00    0.0    0.027   0.000   23.4    66   16.7   24.2   12.07   1.1768     351     1    100.0   15 
12/10/22  10:45   16.6   16.9   16.3    89   14.8    0.0     SO   0.00   3.2    SO   16.6   16.9   16.9  1020.6   0.00    0.0    0.018   0.000   23.6    66   16.9   24.3   12.06   1.1761     352     1    100.0   15 
12/10/22  11:00   17.2   17.7   16.9    84   14.5    0.0     SO   0.00   3.2    SO   17.2   17.5   17.5  1020.5   0.00    0.0    0.012   0.000   23.8    65   16.9   24.6   11.85   1.1752     350     1    100.0   15 
12/10/22  11:15   17.9   18.0   17.7    82   14.8    1.6      O   0.40   4.8     O   17.9   18.3   18.3  1020.5   0.00    0.0    0.004   0.000   24.1    64   16.8   24.7   11.64   1.1744     348     1    100.0   15 
12/10/22  11:30   18.5   18.8   18.0    80   15.0    1.6     NO   0.40   4.8     O   18.5   18.9   18.9  1020.5   0.00    0.0    0.000   0.002   24.2    63   16.7   24.8   11.44   1.1738     351     1    100.0   15 
12/10/22  11:45   19.3   19.8   18.8    75   14.7    1.6    SSO   0.40   6.4    SE   19.3   19.6   19.6  1020.4   0.00    0.0    0.000   0.010   24.4    63   16.9   24.9   11.43   1.1728     352     1    100.0   15 
12/10/22  12:00   20.1   20.4   19.8    75   15.5    1.6    ESE   0.40   6.4    SE   20.1   20.6   20.6  1020.4   0.00    0.0    0.000   0.019   24.5    62   16.7   25.0   11.23   1.1726     351     1    100.0   15 
12/10/22  12:15   20.5   20.6   20.4    73   15.5    1.6    SSE   0.40   8.0    SE   20.5   20.9   20.9  1020.3   0.00    0.0    0.000   0.023   24.7    62   16.9   25.2   11.22   1.1716     350     1    100.0   15 
12/10/22  12:30   20.7   20.8   20.6    73   15.7    3.2    ESE   0.80   8.0     E   20.7   21.1   21.1  1020.2   0.00    0.0    0.000   0.025   24.8    61   16.7   25.3   11.02   1.1712     351     1    100.0   15 
12/10/22  12:45   20.8   21.0   20.6    71   15.3    1.6      E   0.40   8.0     E   20.8   21.0   21.0  1020.1   0.00    0.0    0.000   0.025   24.9    60   16.6   25.4   10.87   1.1707     352     1    100.0   15 
12/10/22  13:00   21.1   21.3   21.0    70   15.4    3.2    ESE   0.80   8.0     E   21.1   21.2   21.2  1020.0   0.00    0.0    0.000   0.029   25.0    60   16.7   25.4   10.87   1.1703     351     1    100.0   15 
12/10/22  13:15   21.3   21.6   21.3    68   15.2    3.2    ENE   0.80  12.9   ESE   21.3   21.3   21.3  1019.8   0.00    0.0    0.000   0.031   25.2    60   16.9   25.6   10.86   1.1692     350     1    100.0   15 
12/10/22  13:30   21.9   22.3   21.6    64   14.8    1.6      S   0.40  11.3     E   21.9   21.9   21.9  1019.9   0.00    0.0    0.000   0.038   25.3    59   16.7   25.8   10.65   1.1687     351     1    100.0   15 
12/10/22  13:45   22.4   22.6   22.2    62   14.7    1.6    ESE   0.40   8.0   ESE   22.4   22.5   22.5  1019.8   0.00    0.0    0.000   0.042   25.4    55   15.7   25.6    9.94   1.1698     351     1    100.0   15 
12/10/22  14:00   22.7   23.1   22.6    59   14.2    1.6      S   0.40   6.4     S   22.7   22.8   22.8  1019.5   0.00    0.0    0.000   0.045   25.4    55   15.7   25.7    9.94   1.1693     352     1    100.0   15 
12/10/22  14:15   23.3   23.3   23.1    56   14.0    1.6     NO   0.40   6.4    NO   23.3   23.4   23.4  1019.4   0.00    0.0    0.000   0.052   25.7    54   15.7   25.9    9.79   1.1683     350     1    100.0   15 
12/10/22  14:30   23.4   23.5   23.2    55   13.8    3.2      E   0.80  11.3     E   23.4   23.5   23.5  1019.3   0.00    0.0    0.000   0.053   25.8    53   15.5   26.1    9.65   1.1678     351     1    100.0   15 
12/10/22  14:45   23.2   23.4   23.1    55   13.7    3.2     NE   0.80  11.3   ENE   23.2   23.3   23.3  1019.1   0.00    0.0    0.000   0.051   26.1    54   16.0   26.3    9.77   1.1660     350     1    100.0   15 
12/10/22  15:00   23.8   23.9   23.3    53   13.6    1.6     NE   0.40   9.7     E   23.8   23.9   23.9  1019.0   0.00    0.0    0.000   0.057   26.2    54   16.2   26.5    9.77   1.1650     352     1    100.0   15 
12/10/22  15:15   23.8   23.8   23.7    52   13.3    3.2    ENE   0.80   9.7     E   23.8   23.9   23.9  1018.8   0.00    0.0    0.000   0.057   26.4    53   16.0   26.6    9.65   1.1643     348     1    100.0   15 
12/10/22  15:30   23.7   23.9   23.6    52   13.2    3.2    ENE   0.80   9.7     E   23.7   23.7   23.7  1018.7   0.00    0.0    0.000   0.056   26.6    53   16.2   26.8    9.65   1.1634     351     1    100.0   15 
12/10/22  15:45   24.4   24.7   24.0    49   13.0    1.6      O   0.40   8.0   OSO   24.4   24.4   24.4  1018.6   0.00    0.0    0.000   0.064   26.6    53   16.2   26.9    9.65   1.1629     349     1    100.0   15 
12/10/22  16:00   24.8   24.9   24.7    47   12.7    1.6     NO   0.40   4.8   OSO   24.8   24.6   24.6  1018.5   0.00    0.0    0.000   0.067   26.7    52   16.0   26.9    9.45   1.1627     352     1    100.0   15 
12/10/22  16:15   25.0   25.2   24.9    46   12.6    3.2    SSO   0.80   9.7   SSO   25.0   24.8   24.8  1018.4   0.00    0.0    0.000   0.069   26.8    52   16.1   27.0    9.45   1.1623     351     1    100.0   15 
12/10/22  16:30   24.6   24.9   24.3    54   14.7    6.4      S   1.61  14.5    SO   24.6   24.7   24.7  1018.4   0.00    0.0    0.000   0.065   26.8    53   16.4   27.1    9.64   1.1616     349     1    100.0   15 
12/10/22  16:45   24.1   24.3   24.0    55   14.5    6.4      S   1.61  19.3     S   24.1   24.3   24.3  1018.4   0.00    0.0    0.000   0.060   26.9    53   16.5   27.2    9.64   1.1613     351     1    100.0   15 
12/10/22  17:00   24.1   24.2   23.7    57   15.0    6.4    SSE   1.61  17.7    SE   24.1   24.4   24.4  1018.5   0.00    0.0    0.000   0.060   27.0    53   16.6   27.3    9.64   1.1608     350     1    100.0   15 
12/10/22  17:15   23.6   23.7   23.6    58   14.9    6.4      S   1.61  19.3     S   23.6   23.9   23.9  1018.6   0.00    0.0    0.000   0.055   27.1    53   16.7   27.4    9.64   1.1607     352     1    100.0   15 
12/10/22  17:30   23.4   23.7   23.3    60   15.2    8.0      S   2.01  17.7     S   23.4   23.8   23.8  1018.8   0.00    0.0    0.000   0.053   27.0    53   16.6   27.3    9.64   1.1612     350     1    100.0   15 
12/10/22  17:45   22.9   23.3   22.4    61   15.0    8.0    ESE   2.01  17.7   SSE   22.9   23.2   23.2  1019.0   0.00    0.0    0.000   0.047   26.9    53   16.5   27.2    9.64   1.1619     351     1    100.0   15 
12/10/22  18:00   22.1   22.4   21.8    65   15.2    4.8    SSE   1.21  12.9   ESE   22.1   22.2   22.2  1019.0   0.00    0.0    0.000   0.039   26.8    53   16.4   27.1    9.65   1.1626     351     1    100.0   15 
12/10/22  18:15   21.4   21.8   20.9    66   14.8    8.0     SE   2.01  16.1     E   21.4   21.4   21.4  1019.1   0.00    0.0    0.000   0.032   26.6    52   15.9   26.7    9.45   1.1642     351     1    100.0   15 
12/10/22  18:30   20.7   20.9   20.4    69   14.8    6.4    ESE   1.61  16.1   ESE   20.7   20.8   20.8  1019.3   0.00    0.0    0.000   0.024   26.1    52   15.5   26.3    9.47   1.1667     350     1    100.0   15 
12/10/22  18:45   20.3   20.4   20.2    71   14.9    4.8      E   1.21  12.9     E   20.3   20.7   20.7  1019.5   0.00    0.0    0.000   0.021   25.8    53   15.5   26.1    9.65   1.1680     350     1    100.0   15 
12/10/22  19:00   20.0   20.2   19.8    75   15.4    3.2      E   0.80   8.0     E   20.0   20.5   20.5  1019.7   0.00    0.0    0.000   0.017   25.6    54   15.6   25.8    9.79   1.1690     351     1    100.0   15 
12/10/22  19:15   19.6   19.8   19.4    77   15.5    1.6     SE   0.40   8.0     E   19.6   20.1   20.1  1019.8   0.00    0.0    0.000   0.013   25.5    55   15.8   25.8    9.93   1.1693     350     1    100.0   15 
12/10/22  19:30   19.3   19.4   19.2    78   15.4    0.0      E   0.00   4.8     E   19.3   19.8   19.8  1019.9   0.00    0.0    0.000   0.010   25.4    56   16.0   25.7   10.14   1.1697     350     1    100.0   15 
12/10/22  19:45   19.2   19.2   19.1    78   15.2    0.0     SE   0.00   4.8    SE   19.2   19.6   19.6  1020.3   0.00    0.0    0.000   0.009   25.3    57   16.2   25.7   10.25   1.1699     351     1    100.0   15 
12/10/22  20:00   19.1   19.2   19.0    79   15.3    0.0    ESE   0.00   1.6   ESE   19.1   19.6   19.6  1020.5   0.00    0.0    0.000   0.008   25.2    57   16.1   25.6   10.25   1.1708     350     1    100.0   15 
12/10/22  20:15   19.1   19.1   19.0    79   15.3    0.0    ESE   0.00   3.2   ESE   19.1   19.6   19.6  1020.7   0.00    0.0    0.000   0.008   25.2    58   16.3   25.5   10.46   1.1709     350     2    100.0   15 
12/10/22  20:30   18.9   19.0   18.8    79   15.2    0.0    SSE   0.00   3.2   ESE   18.9   19.3   19.3  1020.9   0.00    0.0    0.000   0.006   25.1    58   16.2   25.4   10.47   1.1717     351     1    100.0   15 
12/10/22  20:45   18.8   18.9   18.8    77   14.7    0.0    SSO   0.00   4.8   SSO   18.8   19.2   19.2  1020.8   0.00    0.0    0.000   0.005   25.1    59   16.5   25.4   10.67   1.1713     351     1    100.0   15 
12/10/22  21:00   18.8   18.9   18.7    78   14.9    0.0    SSO   0.00   3.2   SSO   18.8   19.2   19.2  1021.1   0.00    0.0    0.000   0.005   25.1    59   16.5   25.5   10.66   1.1713     351     1    100.0   15 
12/10/22  21:15   18.6   18.7   18.6    80   15.1    0.0     SO   0.00   4.8   SSO   18.6   19.1   19.1  1021.1   0.00    0.0    0.000   0.003   25.2    59   16.6   25.6   10.66   1.1710     351     1    100.0   15 
12/10/22  21:30   18.6   18.6   18.5    80   15.0    0.0      O   0.00   3.2     O   18.6   19.0   19.0  1021.2   0.00    0.0    0.000   0.002   25.2    60   16.9   25.6   10.86   1.1708     351     1    100.0   15 
12/10/22  21:45   18.4   18.5   18.3    82   15.3    0.0      O   0.00   4.8     O   18.4   18.8   18.8  1021.4   0.00    0.0    0.000   0.001   25.2    60   16.9   25.6   10.86   1.1710     349     1    100.0   15 
12/10/22  22:00   18.3   18.3   18.3    82   15.2    0.0      O   0.00   3.2     O   18.3   18.7   18.7  1021.4   0.00    0.0    0.000   0.000   25.2    60   16.9   25.6   10.86   1.1710     350     1    100.0   15 
12/10/22  22:15   18.3   18.3   18.2    82   15.2    0.0      O   0.00   1.6     O   18.3   18.7   18.7  1021.6   0.00    0.0    0.001   0.000   25.1    61   17.1   25.6   11.01   1.1712     351     1    100.0   15 
12/10/22  22:30   18.2   18.2   18.2    82   15.0    0.0      O   0.00   3.2     O   18.2   18.6   18.6  1022.0   0.00    0.0    0.002   0.000   25.1    61   17.0   25.6   11.01   1.1719     351     1    100.0   15 
12/10/22  22:45   18.2   18.2   18.2    81   14.9    0.0      O   0.00   1.6     O   18.2   18.6   18.6  1022.0   0.00    0.0    0.001   0.000   24.9    61   16.9   25.4   11.01   1.1726     349     1    100.0   15 
12/10/22  23:00   18.2   18.2   18.1    82   15.0    0.0      O   0.00   3.2     O   18.2   18.6   18.6  1022.1   0.00    0.0    0.002   0.000   24.9    61   16.9   25.4   11.01   1.1729     351     1    100.0   15 
12/10/22  23:15   17.9   18.1   17.8    83   15.0    1.6      O   0.40   4.8   ONO   17.9   18.3   18.3  1022.2   0.00    0.0    0.004   0.000   24.8    61   16.8   25.3   11.02   1.1733     350     1    100.0   15 
12/10/22  23:30   17.8   17.9   17.8    84   15.1    3.2    ONO   0.80   9.7    NO   17.8   18.2   18.2  1022.3   0.00    0.0    0.005   0.000   24.7    62   16.9   25.2   11.22   1.1736     350     1    100.0   15 
12/10/22  23:45   17.9   17.9   17.8    84   15.1    1.6      O   0.40   9.7   ONO   17.9   18.2   18.2  1022.2   0.00    0.0    0.005   0.000   24.6    62   16.8   25.1   11.22   1.1742     352     1    100.0   15 
13/10/22  00:00   17.8   17.8   17.8    84   15.1    0.0      O   0.00   3.2     O   17.8   18.2   18.2  1022.2   0.00    0.0    0.005   0.000   24.6    62   16.8   25.1   11.23   1.1744     351     1    100.0   15 
13/10/22   0:15   17.8   17.8   17.7    85   15.2    0.0      O   0.00   4.8     O   17.8   18.1   18.1  1022.2   0.00    0.0    0.006   0.000   24.4    62   16.7   24.9   11.23   1.1750     349     1    100.0   15 
13/10/22   0:30   17.7   17.7   17.6    85   15.1    0.0    SSO   0.00   3.2     O   17.7   18.0   18.0  1022.2   0.00    0.0    0.007   0.000   24.4    62   16.6   24.9   11.23   1.1752     351     1    100.0   15 
13/10/22   0:45   17.4   17.6   17.4    86   15.1    0.0    ---   0.00   0.0   ---   17.4   17.8   17.8  1022.0   0.00    0.0    0.009   0.000   24.3    62   16.5   24.8   11.24   1.1757     350     1    100.0   15 
13/10/22   1:00   17.3   17.4   17.3    86   15.0    0.0    SSO   0.00   1.6   SSO   17.3   17.7   17.7  1022.0   0.00    0.0    0.010   0.000   24.2    62   16.4   24.7   11.24   1.1763     352     1    100.0   15 
13/10/22   1:15   17.2   17.3   17.2    86   14.9    0.0     SO   0.00   3.2    SO   17.2   17.5   17.5  1022.1   0.00    0.0    0.012   0.000   24.1    63   16.6   24.7   11.44   1.1763     351     1    100.0   15 
13/10/22   1:30   17.2   17.3   17.1    87   15.0    1.6     NO   0.40   4.8     O   17.2   17.6   17.6  1022.1   0.00    0.0    0.012   0.000   24.0    63   16.5   24.6   11.45   1.1769     351     1    100.0   15 
13/10/22   1:45   16.9   17.1   16.8    88   14.9    1.6     NO   0.40   6.4    NO   16.9   17.2   17.2  1021.9   0.00    0.0    0.015   0.000   23.9    63   16.5   24.6   11.45   1.1770     348     1    100.0   15 
13/10/22   2:00   16.9   16.9   16.8    87   14.7    1.6    ONO   0.40   6.4   ONO   16.9   17.2   17.2  1021.8   0.00    0.0    0.015   0.000   23.8    63   16.4   24.4   11.45   1.1775     351     1    100.0   15 
13/10/22   2:15   16.7   16.9   16.7    88   14.7    0.0    ONO   0.00   3.2   ONO   16.7   16.9   16.9  1021.7   0.00    0.0    0.017   0.000   23.8    63   16.3   24.4   11.45   1.1776     350     1    100.0   15 
13/10/22   2:30   16.7   16.7   16.6    88   14.7    0.0    ONO   0.00   3.2   ONO   16.7   16.9   16.9  1021.9   0.00    0.0    0.017   0.000   23.7    63   16.2   24.3   11.46   1.1785     351     1    100.0   15 
13/10/22   2:45   16.7   16.8   16.7    87   14.5    0.0    ONO   0.00   3.2   ONO   16.7   16.9   16.9  1021.9   0.00    0.0    0.017   0.000   23.6    63   16.2   24.2   11.46   1.1788     351     1    100.0   15 
13/10/22   3:00   16.8   16.9   16.8    85   14.3    0.0    ONO   0.00   1.6   ONO   16.8   17.1   17.1  1021.9   0.00    0.0    0.016   0.000   23.5    64   16.3   24.1   11.65   1.1790     351     1    100.0   15 
13/10/22   3:15   16.9   16.9   16.8    85   14.3    0.0    ONO   0.00   1.6   ONO   16.9   17.1   17.1  1022.0   0.00    0.0    0.015   0.000   23.4    64   16.2   24.1   11.65   1.1794     350     1    100.0   15 
13/10/22   3:30   16.6   16.8   16.3    86   14.3    0.0    ONO   0.00   3.2   ONO   16.6   16.8   16.8  1022.0   0.00    0.0    0.018   0.000   23.3    64   16.1   23.9   11.65   1.1799     351     1    100.0   15 
13/10/22   3:45   16.2   16.3   16.1    87   14.1    0.0    ONO   0.00   3.2   ONO   16.2   16.4   16.4  1021.9   0.00    0.0    0.022   0.000   23.3    64   16.1   23.9   11.65   1.1802     351     1    100.0   15 
13/10/22   4:00   16.3   16.4   16.2    86   14.0    0.0    ONO   0.00   3.2   ONO   16.3   16.5   16.5  1021.8   0.00    0.0    0.021   0.000   23.2    64   16.0   23.8   11.65   1.1804     351     1    100.0   15 
13/10/22   4:15   16.4   16.5   16.4    86   14.1    0.0    ONO   0.00   3.2   ONO   16.4   16.6   16.6  1021.8   0.00    0.0    0.020   0.000   23.1    64   15.9   23.6   11.65   1.1809     351     1    100.0   15 
13/10/22   4:30   16.5   16.5   16.4    86   14.1    0.0    ONO   0.00   3.2   ONO   16.5   16.7   16.7  1021.7   0.00    0.0    0.019   0.000   23.1    64   15.9   23.6   11.65   1.1808     352     1    100.0   15 
13/10/22   4:45   16.4   16.5   16.4    86   14.1    0.0    ---   0.00   0.0   ---   16.4   16.6   16.6  1021.7   0.00    0.0    0.020   0.000   23.1    64   15.9   23.6   11.65   1.1811     349     1    100.0   15 
13/10/22   5:00   16.5   16.5   16.4    86   14.1    0.0    ONO   0.00   3.2   ONO   16.5   16.7   16.7  1021.8   0.00    0.0    0.019   0.000   22.9    64   15.8   23.4   11.65   1.1817     351     1    100.0   15 
13/10/22   5:15   16.4   16.5   16.3    86   14.0    0.0    ONO   0.00   1.6   ONO   16.4   16.6   16.6  1021.6   0.00    0.0    0.020   0.000   22.9    64   15.7   23.3   11.65   1.1818     351     1    100.0   15 
13/10/22   5:30   16.2   16.3   16.2    87   14.1    0.0    ONO   0.00   1.6   ONO   16.2   16.4   16.4  1021.5   0.00    0.0    0.022   0.000   22.8    64   15.7   23.2   11.65   1.1820     352     1    100.0   15 
13/10/22   5:45   16.0   16.2   15.8    87   13.8    0.0    ONO   0.00   3.2   ONO   16.0   16.2   16.2  1021.6   0.00    0.0    0.024   0.000   22.8    64   15.6   23.1   11.65   1.1824     351     1    100.0   15 
13/10/22   6:00   15.9   16.1   15.8    88   13.9    0.0    ONO   0.00   3.2   ONO   15.9   16.1   16.1  1021.5   0.00    0.0    0.025   0.000   22.7    65   15.7   23.0   11.85   1.1826     351     1    100.0   15 
13/10/22   6:15   16.1   16.2   16.1    87   13.9    1.6    ONO   0.40   4.8   ONO   16.1   16.3   16.3  1021.5   0.00    0.0    0.023   0.000   22.6    65   15.7   22.9   11.85   1.1828     351     1    100.0   15 
13/10/22   6:30   16.0   16.1   15.9    88   14.0    1.6    ONO   0.40   4.8   ONO   16.0   16.2   16.2  1021.6   0.00    0.0    0.024   0.000   22.6    65   15.6   22.8   11.85   1.1832     351     1    100.0   15 
13/10/22   6:45   15.8   15.9   15.7    88   13.8    0.0    ONO   0.00   1.6   ONO   15.8   16.0   16.0  1021.7   0.00    0.0    0.026   0.000   22.5    65   15.6   22.8   11.85   1.1837     348     1    100.0   15 
13/10/22   7:00   15.7   15.8   15.7    89   13.9    0.0    ---   0.00   0.0   ---   15.7   15.8   15.8  1021.9   0.00    0.0    0.028   0.000   22.4    65   15.5   22.7   11.85   1.1842     350     1    100.0   15 
