                 Temp.  Temp.  Temp.  Hum.   Punt   Vel.   Dir.   Rec.  Vel.  Dir.  Sens.   Índ.   Índ.                  Int. Graus D.Graus D.  Temp.  Hum. Rosada  In.Cal.  EMC     Dens.    Mostr   Tx   Recep.  Int.
  Data    Hora    Ext.   Màx.   Mín.  Ext. Rosada   Vent   Vent   Vent  Màx.  Màx.  Tèrm.  Calor   THW    Bar    Pluja   Pluja  Calor    Fred    Int.  Int.   Int.   Int.    Int.  Int.Aire    Vent   Vent   ISS   Arc.
-------------------------------------------------------------------------------------------------------------------------------------------------------------------------------------------------------------------------
24/10/22   0:15   18.9   18.9   18.8    94   17.9    0.0    OSO   0.00   4.8   OSO   18.9   19.7   19.7  1015.9   0.00    0.0    0.000   0.006   23.4    64   16.2   24.0   11.65   1.1725     349     1    100.0   15 
24/10/22   0:30   18.7   18.8   18.7    94   17.7    1.6      O   0.40   4.8   ONO   18.7   19.4   19.4  1015.8   0.00    0.0    0.000   0.004   23.3    64   16.1   23.9   11.65   1.1726     351     1    100.0   15 
24/10/22   0:45   18.6   18.7   18.6    94   17.6    1.6    ONO   0.40   6.4     O   18.6   19.3   19.3  1015.7   0.00    0.0    0.000   0.003   23.2    64   16.0   23.8   11.65   1.1731     350     1    100.0   15 
24/10/22   1:00   18.5   18.6   18.4    94   17.5    1.6      O   0.40   6.4   OSO   18.5   19.2   19.2  1015.7   0.00    0.0    0.000   0.002   23.2    64   16.0   23.8   11.65   1.1731     352     1    100.0   15 
24/10/22   1:15   18.3   18.4   18.2    94   17.3    0.0      O   0.00   6.4     O   18.3   18.9   18.9  1015.6   0.00    0.0    0.001   0.000   23.2    64   16.0   23.7   11.65   1.1734     351     1    100.0   15 
24/10/22   1:30   18.0   18.2   17.8    94   17.0    1.6      O   0.40   4.8     O   18.0   18.6   18.6  1015.6   0.00    0.0    0.003   0.000   23.1    64   15.9   23.6   11.65   1.1736     351     1    100.0   15 
24/10/22   1:45   17.8   17.9   17.8    94   16.9    0.0      O   0.00   3.2     O   17.8   18.4   18.4  1015.6   0.00    0.0    0.005   0.000   23.1    64   15.9   23.6   11.65   1.1739     349     1    100.0   15 
24/10/22   2:00   17.8   17.8   17.7    94   16.8    0.0      O   0.00   3.2     O   17.8   18.3   18.3  1015.6   0.00    0.0    0.006   0.000   23.0    64   15.8   23.4   11.65   1.1742     352     1    100.0   15 
24/10/22   2:15   17.7   17.8   17.6    94   16.7    0.0      O   0.00   3.2     O   17.7   18.2   18.2  1015.7   0.00    0.0    0.006   0.000   22.9    64   15.8   23.4   11.65   1.1746     351     1    100.0   15 
24/10/22   2:30   17.6   17.6   17.6    95   16.8    0.0      O   0.00   3.2     O   17.6   18.1   18.1  1015.6   0.00    0.0    0.008   0.000   22.9    64   15.7   23.3   11.65   1.1747     351     1    100.0   15 
24/10/22   2:45   17.6   17.6   17.4    94   16.6    0.0      O   0.00   3.2     O   17.6   18.1   18.1  1015.6   0.00    0.0    0.008   0.000   22.8    65   15.9   23.2   11.85   1.1748     351     1    100.0   15 
24/10/22   3:00   17.4   17.6   17.3    93   16.3    1.6      O   0.40   8.0     O   17.4   17.9   17.9  1015.6   0.00    0.0    0.009   0.000   22.8    65   15.9   23.2   11.85   1.1750     351     1    100.0   15 
24/10/22   3:15   17.4   17.6   17.4    93   16.3    1.6      O   0.40   6.4     O   17.4   17.9   17.9  1015.5   0.00    0.0    0.009   0.000   22.7    65   15.8   23.1   11.85   1.1752     352     1    100.0   15 
24/10/22   3:30   17.5   17.6   17.4    92   16.2    1.6    ONO   0.40   4.8     O   17.5   17.9   17.9  1015.6   0.00    0.0    0.009   0.000   22.6    65   15.7   22.9   11.85   1.1759     348     1    100.0   15 
24/10/22   3:45   17.8   18.0   17.6    90   16.1    1.6    ONO   0.40   8.0   ONO   17.8   18.2   18.2  1015.6   0.00    0.0    0.006   0.000   22.6    65   15.7   22.9   11.85   1.1759     351     1    100.0   15 
24/10/22   4:00   18.1   18.1   18.0    88   16.0    3.2    ONO   0.80   9.7    NO   18.1   18.5   18.5  1015.5   0.00    0.0    0.003   0.000   22.6    65   15.6   22.8   11.85   1.1761     351     1    100.0   15 
24/10/22   4:15   17.9   18.1   17.8    87   15.7    1.6      O   0.40   4.8   ONO   17.9   18.3   18.3  1015.4   0.00    0.0    0.004   0.000   22.5    65   15.6   22.8   11.85   1.1762     352     1    100.0   15 
24/10/22   4:30   17.7   17.8   17.6    87   15.5    0.0      N   0.00   4.8   ESE   17.7   18.1   18.1  1015.3   0.00    0.0    0.006   0.000   22.4    65   15.5   22.7   11.85   1.1764     351     1    100.0   15 
24/10/22   4:45   17.1   17.6   16.8    88   15.1    3.2      E   0.80   9.7     E   17.1   17.4   17.4  1015.1   0.00    0.0    0.013   0.000   22.4    65   15.5   22.6   11.85   1.1765     351     1    100.0   15 
24/10/22   5:00   16.6   16.8   16.5    89   14.8    3.2      E   0.80   9.7     E   16.6   16.9   16.9  1015.2   0.00    0.0    0.018   0.000   22.3    65   15.4   22.6   11.85   1.1768     350     1    100.0   15 
24/10/22   5:15   17.0   17.2   16.8    87   14.8    1.6      E   0.40   9.7     E   17.0   17.3   17.3  1015.3   0.00    0.0    0.014   0.000   22.3    65   15.4   22.4   11.85   1.1773     350     1    100.0   15 
24/10/22   5:30   17.2   17.2   17.2    85   14.7    1.6      E   0.40   4.8     E   17.2   17.5   17.5  1015.3   0.00    0.0    0.012   0.000   22.2    65   15.3   22.4   11.85   1.1776     350     1    100.0   15 
24/10/22   5:45   17.3   17.5   17.2    87   15.1    1.6      E   0.40   6.4   OSO   17.3   17.7   17.7  1015.6   0.00    0.0    0.010   0.000   22.2    65   15.3   22.3   11.85   1.1782     350     1    100.0   15 
24/10/22   6:00   17.1   17.2   17.0    88   15.1    0.0    ONO   0.00   3.2   ONO   17.1   17.4   17.4  1015.5   0.00    0.0    0.013   0.000   22.2    65   15.3   22.4   11.85   1.1778     351     1    100.0   15 
24/10/22   6:15   17.0   17.1   17.0    88   15.0    0.0    ONO   0.00   3.2   ONO   17.0   17.3   17.3  1015.6   0.00    0.0    0.014   0.000   22.3    65   15.4   22.6   11.85   1.1774     351     1    100.0   15 
24/10/22   6:30   17.0   17.0   16.9    88   15.0    0.0     NO   0.00   3.2   ONO   17.0   17.3   17.3  1016.0   0.00    0.0    0.014   0.000   22.4    64   15.3   22.7   11.65   1.1776     351     1    100.0   15 
24/10/22   6:45   16.8   16.9   16.7    88   14.8    0.0     NO   0.00   3.2    NO   16.8   17.1   17.1  1015.6   0.00    0.0    0.016   0.000   22.6    64   15.4   22.8   11.65   1.1765     348     1    100.0   15 
24/10/22   7:00   16.7   16.9   16.6    85   14.1    0.0     NO   0.00   4.8   ESE   16.7   16.8   16.8  1015.4   0.00    0.0    0.017   0.000   22.6    64   15.5   22.9   11.65   1.1759     351     1    100.0   15 
24/10/22   7:15   17.1   17.2   16.9    84   14.4    1.6    SSE   0.40   3.2     E   17.1   17.3   17.3  1015.6   0.00    0.0    0.013   0.000   22.6    64   15.4   22.8   11.65   1.1766     351     1    100.0   15 
24/10/22   7:30   16.9   17.1   16.8    85   14.3    0.0     SO   0.00   3.2    SO   16.9   17.1   17.1  1015.6   0.00    0.0    0.015   0.000   22.5    64   15.3   22.7   11.65   1.1768     352     1    100.0   15 
24/10/22   7:45   16.9   16.9   16.8    82   13.8    0.0     SO   0.00   3.2    SO   16.9   17.1   17.1  1015.5   0.00    0.0    0.015   0.000   22.4    64   15.2   22.6   11.65   1.1773     351     1    100.0   15 
24/10/22   8:00   17.0   17.1   16.9    80   13.5    0.0     SO   0.00   1.6    SO   17.0   17.2   17.2  1015.7   0.00    0.0    0.014   0.000   22.3    64   15.2   22.5   11.65   1.1778     349     1    100.0   15 
24/10/22   8:15   17.3   17.4   17.1    77   13.2    0.0     SO   0.00   1.6    SO   17.3   17.3   17.3  1015.6   0.00    0.0    0.011   0.000   22.2    65   15.3   22.4   11.85   1.1779     351     1    100.0   15 
24/10/22   8:30   17.4   17.4   17.2    77   13.3    0.0    OSO   0.00   3.2   OSO   17.4   17.4   17.4  1015.7   0.00    0.0    0.010   0.000   22.1    65   15.2   22.2   11.85   1.1786     350     1    100.0   15 
24/10/22   8:45   17.1   17.2   17.0    77   13.0    0.0    OSO   0.00   3.2   OSO   17.1   17.1   17.1  1015.8   0.00    0.0    0.013   0.000   22.1    66   15.5   22.3   12.11   1.1784     350     1    100.0   15 
24/10/22   9:00   17.2   17.4   17.0    75   12.7    0.0    OSO   0.00   3.2   OSO   17.2   17.1   17.1  1016.0   0.00    0.0    0.012   0.000   22.2    66   15.6   22.4   12.11   1.1781     350     1    100.0   15 
24/10/22   9:15   17.6   17.7   17.4    74   12.9    1.6    OSO   0.40   4.8   OSO   17.6   17.6   17.6  1016.2   0.00    0.0    0.008   0.000   22.3    66   15.6   22.5   12.11   1.1781     351     1    100.0   15 
24/10/22   9:30   17.8   17.9   17.7    74   13.1    1.6    OSO   0.40   6.4     O   17.8   17.9   17.9  1016.5   0.00    0.0    0.005   0.000   22.4    66   15.8   22.7   12.10   1.1775     351     1    100.0   15 
24/10/22   9:45   18.0   18.1   17.9    74   13.3    1.6      O   0.40   6.4     O   18.0   18.1   18.1  1016.8   0.00    0.0    0.003   0.000   22.6    66   15.9   22.9   12.10   1.1773     352     1    100.0   15 
24/10/22  10:00   18.2   18.4   18.1    73   13.3    1.6      O   0.40   6.4   OSO   18.2   18.3   18.3  1016.8   0.00    0.0    0.001   0.000   22.7    66   16.0   23.1   12.09   1.1764     351     1    100.0   15 
24/10/22  10:15   18.8   19.1   18.4    70   13.2    3.2    ONO   0.80  11.3   OSO   18.8   18.9   18.9  1017.0   0.00    0.0    0.000   0.005   22.8    65   15.9   23.2   11.85   1.1763     348     1    100.0   15 
24/10/22  10:30   19.7   20.2   19.1    66   13.1    3.2    ONO   0.80   9.7   OSO   19.7   19.8   19.8  1017.0   0.00    0.0    0.000   0.014   23.0    65   16.1   23.5   11.85   1.1755     350     1    100.0   15 
24/10/22  10:45   20.5   20.7   20.2    65   13.7    1.6    OSO   0.40   9.7   OSO   20.5   20.4   20.4  1017.1   0.00    0.0    0.000   0.023   23.2    64   16.0   23.8   11.65   1.1748     352     1    100.0   15 
24/10/22  11:00   20.6   20.7   20.6    65   13.8    3.2      O   0.80   9.7     O   20.6   20.6   20.6  1017.4   0.00    0.0    0.000   0.024   23.3    64   16.1   23.9   11.65   1.1745     350     1    100.0   15 
24/10/22  11:15   20.9   21.2   20.7    62   13.3    3.2    ONO   0.80  11.3   ONO   20.9   20.6   20.6  1017.4   0.00    0.0    0.000   0.027   23.4    64   16.2   24.1   11.65   1.1739     351     1    100.0   15 
24/10/22  11:30   21.5   21.7   21.2    60   13.4    4.8      O   1.21  14.5   OSO   21.5   21.2   21.2  1017.3   0.00    0.0    0.000   0.033   23.6    63   16.2   24.2   11.46   1.1734     351     1    100.0   15 
24/10/22  11:45   22.0   22.3   21.7    58   13.4    3.2    OSO   0.80  12.9   OSO   22.0   21.8   21.8  1017.2   0.00    0.0    0.000   0.038   23.8    63   16.3   24.4   11.45   1.1724     351     1    100.0   15 
24/10/22  12:00   22.6   22.8   22.3    55   13.1    3.2      O   0.80  11.3   NNO   22.6   22.5   22.5  1017.2   0.00    0.0    0.000   0.045   23.9    62   16.2   24.5   11.25   1.1718     351     1    100.0   15 
24/10/22  12:15   22.9   23.2   22.8    55   13.4    4.8      O   1.21  14.5   OSO   22.9   22.9   22.9  1017.2   0.00    0.0    0.000   0.047   24.1    62   16.4   24.7   11.24   1.1709     350     1    100.0   15 
24/10/22  12:30   23.3   23.4   23.1    54   13.4    4.8    OSO   1.21  17.7     O   23.3   23.3   23.3  1017.1   0.00    0.0    0.000   0.052   24.3    61   16.3   24.8   11.04   1.1703     351     1    100.0   15 
24/10/22  12:45   23.7   24.1   23.4    53   13.6    3.2      O   0.80  11.3   OSO   23.7   23.8   23.8  1017.0   0.00    0.0    0.000   0.056   24.4    61   16.4   24.9   11.03   1.1692     351     1    100.0   15 
24/10/22  13:00   24.2   24.3   24.1    51   13.4    4.8      O   1.21  16.1   ONO   24.2   24.3   24.3  1016.9   0.00    0.0    0.000   0.061   24.6    60   16.3   25.0   10.90   1.1686     351     1    100.0   15 
24/10/22  13:15   24.3   24.4   24.2    52   13.8    4.8      O   1.21  11.3   OSO   24.3   24.4   24.4  1016.8   0.00    0.0    0.000   0.062   24.8    60   16.5   25.2   10.89   1.1676     351     1    100.0   15 
24/10/22  13:30   24.5   24.7   24.4    52   14.0    4.8    OSO   1.21  11.3   OSO   24.5   24.6   24.6  1016.5   0.00    0.0    0.000   0.064   24.9    59   16.4   25.3   10.67   1.1668     351     1    100.0   15 
24/10/22  13:45   24.5   24.7   24.4    51   13.7    3.2      O   0.80  11.3     O   24.5   24.5   24.5  1016.4   0.00    0.0    0.000   0.064   25.1    59   16.5   25.4   10.67   1.1661     350     1    100.0   15 
24/10/22  14:00   24.9   25.2   24.6    49   13.4    3.2    OSO   0.80  11.3     O   24.9   24.8   24.8  1016.2   0.00    0.0    0.000   0.068   25.2    58   16.3   25.5   10.46   1.1657     352     1    100.0   15 
24/10/22  14:15   25.1   25.2   24.9    49   13.6    4.8     NO   1.21  16.1     O   25.1   24.9   24.9  1016.0   0.00    0.0    0.000   0.070   25.3    58   16.5   25.7   10.45   1.1646     351     1    100.0   15 
24/10/22  14:30   24.9   25.1   24.9    48   13.2    6.4      O   1.61  16.1   ONO   24.9   24.8   24.8  1015.9   0.00    0.0    0.000   0.069   25.4    58   16.5   25.8   10.44   1.1642     351     1    100.0   15 
24/10/22  14:45   24.9   24.9   24.8    48   13.1    6.4      O   1.61  14.5    NO   24.9   24.7   24.7  1015.7   0.00    0.0    0.000   0.068   25.5    58   16.6   25.9   10.43   1.1634     351     1    100.0   15 
24/10/22  15:00   24.9   25.2   24.8    48   13.1    3.2     NO   0.80  12.9     O   24.9   24.7   24.7  1015.5   0.00    0.0    0.000   0.068   25.6    58   16.7   25.9   10.43   1.1629     351     1    100.0   15 
24/10/22  15:15   25.6   25.8   25.2    46   13.1    6.4    ONO   1.61  17.7     O   25.6   25.4   25.4  1015.3   0.00    0.0    0.000   0.076   25.7    58   16.8   26.2   10.42   1.1618     352     1    100.0   15 
24/10/22  15:30   25.5   25.7   25.2    46   13.0    8.0    ONO   2.01  20.9    SO   25.5   25.3   25.3  1015.2   0.00    0.0    0.000   0.075   25.7    58   16.8   26.2   10.42   1.1616     351     1    100.0   15 
24/10/22  15:45   25.7   26.1   25.3    45   12.8    6.4     NO   1.61  25.7   ONO   25.7   25.4   25.4  1015.1   0.00    0.0    0.000   0.076   25.8    57   16.6   26.2   10.21   1.1616     351     1    100.0   15 
24/10/22  16:00   25.7   26.0   25.4    47   13.5    8.0     NO   2.01  25.7   ONO   25.7   25.6   25.6  1015.2   0.00    0.0    0.000   0.076   25.9    56   16.4   26.3   10.11   1.1615     350     1    100.0   15 
24/10/22  16:15   25.6   25.7   25.6    47   13.5    6.4      O   1.61  19.3     O   25.6   25.5   25.5  1015.3   0.00    0.0    0.000   0.076   25.9    55   16.2   26.2    9.91   1.1620     351     1    100.0   15 
24/10/22  16:30   25.4   25.6   25.2    47   13.3    9.7     NO   2.41  24.1    NO   25.4   25.3   25.3  1015.3   0.00    0.0    0.000   0.074   25.9    54   15.9   26.2    9.78   1.1621     351     1    100.0   15 
24/10/22  16:45   25.1   25.3   25.0    47   13.0    8.0    ONO   2.01  22.5    NO   25.1   24.9   24.9  1015.3   0.00    0.0    0.000   0.071   25.9    53   15.6   26.1    9.65   1.1628     351     1    100.0   15 
24/10/22  17:00   25.3   25.3   25.2    46   12.8    8.0    ONO   2.01  19.3   OSO   25.3   25.1   25.1  1015.3   0.00    0.0    0.000   0.072   25.9    53   15.6   26.1    9.65   1.1628     350     1    100.0   15 
24/10/22  17:15   25.0   25.2   24.9    46   12.6    9.7    ONO   2.41  27.4    SO   25.0   24.8   24.8  1015.5   0.00    0.0    0.000   0.069   25.8    53   15.5   26.1    9.65   1.1633     352     1    100.0   15 
24/10/22  17:30   24.7   24.8   24.7    46   12.3    8.0      O   2.01  24.1     O   24.7   24.5   24.5  1015.5   0.00    0.0    0.000   0.067   25.8    52   15.2   25.9    9.48   1.1640     351     1    100.0   15 
24/10/22  17:45   24.4   24.7   23.9    49   13.0    8.0    ONO   2.01  17.7    NO   24.4   24.3   24.3  1015.6   0.00    0.0    0.000   0.063   25.7    52   15.1   25.8    9.48   1.1644     351     1    100.0   15 
24/10/22  18:00   23.4   23.8   23.2    52   13.0    6.4      O   1.61  16.1     O   23.4   23.4   23.4  1015.9   0.00    0.0    0.000   0.053   25.6    52   15.0   25.7    9.49   1.1652     350     1    100.0   15 
24/10/22  18:15   23.1   23.2   22.9    53   13.0    4.8      O   1.21  12.9     O   23.1   23.0   23.0  1015.8   0.00    0.0    0.000   0.049   25.6    52   15.0   25.7    9.49   1.1655     351     1    100.0   15 
24/10/22  18:30   22.7   22.9   22.5    55   13.2    3.2    ONO   0.80   8.0   ONO   22.7   22.7   22.7  1015.9   0.00    0.0    0.000   0.046   25.5    52   14.9   25.6    9.49   1.1659     352     1    100.0   15 
24/10/22  18:45   22.2   22.5   22.1    56   13.0    3.2    ONO   0.80   9.7   ONO   22.2   22.0   22.0  1016.0   0.00    0.0    0.000   0.041   25.4    52   14.8   25.4    9.50   1.1665     350     1    100.0   15 
24/10/22  19:00   21.9   22.1   21.8    57   13.0    4.8    ONO   1.21  11.3   ONO   21.9   21.6   21.6  1016.0   0.00    0.0    0.000   0.038   25.3    52   14.7   25.3    9.50   1.1671     351     1    100.0   15 
24/10/22  19:15   21.6   21.8   21.4    58   13.0    3.2    ONO   0.80   9.7     O   21.6   21.2   21.2  1016.0   0.00    0.0    0.000   0.034   25.2    53   15.0   25.3    9.65   1.1670     350     1    100.0   15 
24/10/22  19:30   21.4   21.5   21.3    60   13.3    3.2    ONO   0.80   8.0     O   21.4   21.0   21.0  1016.4   0.00    0.0    0.000   0.032   25.1    53   14.9   25.2    9.65   1.1680     352     1    100.0   15 
24/10/22  19:45   21.3   21.3   21.2    60   13.2    1.6      O   0.40  14.5    SO   21.3   20.9   20.9  1016.5   0.00    0.0    0.000   0.031   25.1    53   14.8   25.1    9.65   1.1684     349     1    100.0   15 
24/10/22  20:00   21.0   21.2   20.9    62   13.4    1.6      O   0.40   6.4     O   21.0   20.7   20.7  1016.7   0.00    0.0    0.000   0.028   25.0    53   14.8   25.1    9.65   1.1689     351     1    100.0   15 
24/10/22  20:15   20.8   20.9   20.6    63   13.5    1.6      O   0.40   6.4   ONO   20.8   20.6   20.6  1016.7   0.00    0.0    0.000   0.025   24.9    54   15.0   25.1    9.81   1.1689     351     1    100.0   15 
24/10/22  20:30   20.4   20.6   20.2    64   13.3    1.6      O   0.40   6.4     O   20.4   20.3   20.3  1016.8   0.00    0.0    0.000   0.021   24.9    54   14.9   25.0    9.81   1.1693     352     1    100.0   15 
24/10/22  20:45   20.2   20.3   20.2    65   13.4    1.6      O   0.40   9.7   OSO   20.2   20.3   20.3  1017.0   0.00    0.0    0.000   0.020   24.9    55   15.2   25.1    9.98   1.1692     351     1    100.0   15 
24/10/22  21:00   19.9   20.2   19.6    66   13.4    1.6      O   0.40   4.8     O   19.9   20.1   20.1  1017.1   0.00    0.0    0.000   0.017   24.8    55   15.1   24.9    9.99   1.1698     351     1    100.0   15 
24/10/22  21:15   19.4   19.6   19.3    67   13.2    1.6      O   0.40   6.4   OSO   19.4   19.6   19.6  1017.4   0.00    0.0    0.000   0.012   24.7    55   15.0   24.8    9.99   1.1708     350     1    100.0   15 
24/10/22  21:30   19.2   19.3   19.0    69   13.3    0.0      O   0.00   4.8     O   19.2   19.3   19.3  1017.3   0.00    0.0    0.000   0.009   24.6    56   15.2   24.8   10.20   1.1706     351     1    100.0   15 
24/10/22  21:45   19.0   19.1   18.9    69   13.2    1.6    ONO   0.40   4.8   ONO   19.0   19.1   19.1  1017.3   0.00    0.0    0.000   0.007   24.6    56   15.2   24.8   10.20   1.1709     351     1    100.0   15 
24/10/22  22:00   19.0   19.0   18.9    69   13.2    1.6    ONO   0.40   4.8   ONO   19.0   19.1   19.1  1017.4   0.00    0.0    0.000   0.007   24.6    57   15.5   24.8   10.30   1.1707     351     1    100.0   15 
24/10/22  22:15   18.9   19.0   18.9    69   13.1    3.2      O   0.80   9.7     O   18.9   19.0   19.0  1017.6   0.00    0.0    0.000   0.006   24.6    57   15.5   24.8   10.30   1.1709     351     1    100.0   15 
24/10/22  22:30   19.1   19.2   19.0    69   13.3    3.2      O   0.80   9.7     O   19.1   19.2   19.2  1017.6   0.00    0.0    0.000   0.008   24.5    57   15.4   24.8   10.31   1.1712     351     1    100.0   15 
24/10/22  22:45   19.0   19.1   18.9    69   13.2    3.2    ONO   0.80  11.3   ONO   19.0   19.1   19.1  1017.6   0.00    0.0    0.000   0.007   24.5    57   15.4   24.8   10.31   1.1712     350     1    100.0   15 
24/10/22  23:00   19.2   19.3   19.1    68   13.2    4.8      O   1.21  11.3    SO   19.2   19.3   19.3  1017.7   0.00    0.0    0.000   0.009   24.4    58   15.6   24.7   10.51   1.1712     350     1    100.0   15 
24/10/22  23:15   19.3   19.4   19.2    67   13.0    3.2      O   0.80  11.3   ONO   19.3   19.4   19.4  1018.0   0.00    0.0    0.000   0.010   24.4    58   15.6   24.7   10.51   1.1718     351     1    100.0   15 
24/10/22  23:30   19.3   19.3   19.3    67   13.0    4.8    ONO   1.21  11.3   ONO   19.3   19.3   19.3  1018.0   0.00    0.0    0.000   0.010   24.3    58   15.5   24.7   10.52   1.1721     351     1    100.0   15 
24/10/22  23:45   19.4   19.6   19.3    65   12.6    4.8    ONO   1.21  12.9     O   19.4   19.4   19.4  1018.1   0.00    0.0    0.000   0.011   24.3    58   15.5   24.6   10.52   1.1725     351     1    100.0   15 
25/10/22  00:00   19.7   19.8   19.6    64   12.7    4.8    ONO   1.21  11.3     O   19.7   19.7   19.7  1018.1   0.00    0.0    0.000   0.014   24.2    59   15.7   24.6   10.73   1.1725     352     1    100.0   15 
25/10/22   0:15   19.8   19.8   19.7    63   12.5    4.8    ONO   1.21  12.9     O   19.8   19.7   19.7  1018.2   0.00    0.0    0.000   0.015   24.3    59   15.8   24.7   10.72   1.1722     349     1    100.0   15 
25/10/22   0:30   19.7   19.8   19.6    64   12.7    3.2    ONO   0.80   9.7   ONO   19.7   19.7   19.7  1018.1   0.00    0.0    0.000   0.014   24.2    59   15.6   24.6   10.73   1.1727     351     1    100.0   15 
25/10/22   0:45   19.3   19.6   19.1    66   12.8    3.2    ONO   0.80   8.0     O   19.3   19.3   19.3  1018.0   0.00    0.0    0.000   0.010   24.1    59   15.6   24.5   10.73   1.1729     351     1    100.0   15 
25/10/22   1:00   19.1   19.1   18.9    66   12.6    0.0      O   0.00   1.6     O   19.1   19.0   19.0  1018.2   0.00    0.0    0.000   0.008   24.1    59   15.5   24.5   10.74   1.1734     351     1    100.0   15 
25/10/22   1:15   18.6   18.9   18.3    68   12.6    0.0      O   0.00   1.6     O   18.6   18.6   18.6  1018.1   0.00    0.0    0.000   0.003   24.0    60   15.8   24.5   10.94   1.1733     352     1    100.0   15 
25/10/22   1:30   18.3   18.4   18.2    69   12.5    1.6      O   0.40   4.8     O   18.3   18.3   18.3  1018.2   0.00    0.0    0.000   0.000   23.9    60   15.7   24.4   10.95   1.1736     351     1    100.0   15 
25/10/22   1:45   18.3   18.5   17.9    70   12.7    1.6      O   0.40   4.8     O   18.3   18.3   18.3  1018.2   0.00    0.0    0.001   0.000   23.9    60   15.7   24.4   10.95   1.1739     351     1    100.0   15 
25/10/22   2:00   18.1   18.1   18.0    70   12.5    0.0      O   0.00   3.2     O   18.1   18.0   18.0  1018.0   0.00    0.0    0.003   0.000   23.8    60   15.5   24.3   10.95   1.1743     351     1    100.0   15 
25/10/22   2:15   18.1   18.2   18.1    70   12.6    1.6    ONO   0.40   4.8   ONO   18.1   18.1   18.1  1017.9   0.00    0.0    0.002   0.000   23.7    60   15.5   24.2   10.96   1.1745     350     1    100.0   15 
25/10/22   2:30   18.4   18.5   18.2    69   12.6    3.2    ENE   0.80   6.4    NE   18.4   18.4   18.4  1017.8   0.00    0.0    0.000   0.001   23.7    60   15.4   24.1   10.96   1.1746     351     1    100.0   15 
25/10/22   2:45   18.3   18.3   18.2    69   12.5    1.6    ENE   0.40   4.8   ENE   18.3   18.2   18.2  1017.7   0.00    0.0    0.001   0.000   23.6    60   15.4   24.1   10.96   1.1749     351     1    100.0   15 
25/10/22   3:00   18.1   18.2   17.9    70   12.5    0.0    ENE   0.00   1.6   ENE   18.1   18.0   18.0  1017.7   0.00    0.0    0.003   0.000   23.6    60   15.3   24.0   10.96   1.1751     351     1    100.0   15 
25/10/22   3:15   17.8   17.9   17.8    70   12.3    0.0    ---   0.00   0.0   ---   17.8   17.7   17.7  1017.5   0.00    0.0    0.005   0.000   23.5    60   15.3   23.9   10.96   1.1752     351     1    100.0   15 
25/10/22   3:30   17.8   17.8   17.8    70   12.3    1.6     SE   0.40   4.8     E   17.8   17.7   17.7  1017.5   0.00    0.0    0.005   0.000   23.4    61   15.5   23.9   11.08   1.1751     351     1    100.0   15 
25/10/22   3:45   17.9   18.1   17.8    70   12.4    1.6     SE   0.40   4.8    SE   17.9   17.9   17.9  1017.3   0.00    0.0    0.004   0.000   23.3    61   15.4   23.8   11.09   1.1755     351     1    100.0   15 
25/10/22   4:00   18.1   18.2   18.1    69   12.3    0.0     SE   0.00   4.8    SE   18.1   18.1   18.1  1017.3   0.00    0.0    0.002   0.000   23.3    61   15.3   23.7   11.09   1.1757     350     1    100.0   15 
25/10/22   4:15   17.9   18.1   17.9    70   12.4    0.0     SE   0.00   3.2    SE   17.9   17.9   17.9  1017.3   0.00    0.0    0.004   0.000   23.2    61   15.3   23.6   11.10   1.1760     351     1    100.0   15 
25/10/22   4:30   18.1   18.2   17.9    69   12.3    1.6     SE   0.40   3.2    SE   18.1   18.1   18.1  1017.2   0.00    0.0    0.002   0.000   23.2    61   15.2   23.6   11.10   1.1762     352     1    100.0   15 
25/10/22   4:45   17.6   18.0   17.2    73   12.7    0.0    NNO   0.00   3.2    NE   17.6   17.5   17.5  1017.1   0.00    0.0    0.008   0.000   23.1    61   15.2   23.5   11.11   1.1764     351     1    100.0   15 
25/10/22   5:00   17.2   17.3   17.1    73   12.3    1.6    NNO   0.40   3.2   NNO   17.2   17.1   17.1  1017.2   0.00    0.0    0.012   0.000   23.1    61   15.1   23.4   11.11   1.1767     350     1    100.0   15 
25/10/22   5:15   17.4   17.4   17.3    72   12.3    0.0    ---   0.00   0.0   ---   17.4   17.3   17.3  1016.9   0.00    0.0    0.010   0.000   22.9    61   15.0   23.3   11.12   1.1770     351     1    100.0   15 
25/10/22   5:30   17.4   17.4   17.3    73   12.6    1.6    NNO   0.40   4.8   NNO   17.4   17.4   17.4  1016.9   0.00    0.0    0.009   0.000   22.9    61   15.0   23.3   11.12   1.1769     351     1    100.0   15 
25/10/22   5:45   17.1   17.3   17.0    74   12.4    1.6    NNO   0.40   4.8   NNO   17.1   17.0   17.0  1016.9   0.00    0.0    0.013   0.000   22.8    62   15.2   23.2   11.29   1.1772     350     1    100.0   15 
25/10/22   6:00   17.2   17.3   17.1    73   12.3    1.6    NNO   0.40   3.2   NNO   17.2   17.1   17.1  1017.0   0.00    0.0    0.012   0.000   22.8    62   15.1   23.1   11.29   1.1777     350     1    100.0   15 
25/10/22   6:15   17.3   17.3   17.2    73   12.4    1.6    NNO   0.40   3.2   NNO   17.3   17.2   17.2  1017.2   0.00    0.0    0.011   0.000   22.7    62   15.1   23.0   11.29   1.1782     350     1    100.0   15 
25/10/22   6:30   17.4   17.6   17.3    72   12.3    1.6    NNO   0.40   4.8   NNO   17.4   17.3   17.3  1017.2   0.00    0.0    0.009   0.000   22.7    62   15.1   23.0   11.29   1.1782     351     1    100.0   15 
25/10/22   6:45   17.7   17.7   17.5    71   12.3    1.6    NNO   0.40   6.4   NNO   17.7   17.6   17.6  1017.4   0.00    0.0    0.007   0.000   22.7    62   15.0   22.9   11.29   1.1787     352     1    100.0   15 
25/10/22   7:00   17.5   17.6   17.4    71   12.2    1.6     NO   0.40   4.8    NO   17.5   17.4   17.4  1017.2   0.00    0.0    0.009   0.000   22.6    62   15.0   22.8   11.30   1.1788     351     1    100.0   15 
