                 Temp.  Temp.  Temp.  Hum.   Punt   Vel.   Dir.   Rec.  Vel.  Dir.  Sens.   Índ.   Índ.                  Int. Graus D.Graus D.  Temp.  Hum. Rosada  In.Cal.  EMC     Dens.    Mostr   Tx   Recep.  Int.
  Data    Hora    Ext.   Màx.   Mín.  Ext. Rosada   Vent   Vent   Vent  Màx.  Màx.  Tèrm.  Calor   THW    Bar    Pluja   Pluja  Calor    Fred    Int.  Int.   Int.   Int.    Int.  Int.Aire    Vent   Vent   ISS   Arc.
-------------------------------------------------------------------------------------------------------------------------------------------------------------------------------------------------------------------------
 9/06/24   0:15   19.5   19.5   19.3    84   16.7    1.6      N   0.40   4.8     N   19.5   20.2   20.2  1004.5   0.00    0.0    0.000   0.012   26.6    54   16.5   26.9    9.75   1.1464     349     1    100.0   15 
 9/06/24   0:30   19.2   19.3   19.0    85   16.6    1.6     NO   0.40   6.4   ONO   19.2   19.8   19.8  1004.2   0.00    0.0    0.000   0.009   26.5    54   16.4   26.8    9.76   1.1464     351     1    100.0   15 
 9/06/24   0:45   18.9   19.0   18.8    86   16.5    1.6     NE   0.40   6.4    NE   18.9   19.6   19.6  1004.2   0.00    0.0    0.000   0.006   26.4    54   16.4   26.8    9.76   1.1467     351     1    100.0   15 
 9/06/24   1:00   18.8   18.9   18.8    86   16.4    1.6     NE   0.40   3.2    NE   18.8   19.4   19.4  1004.0   0.00    0.0    0.000   0.005   26.4    54   16.3   26.7    9.76   1.1467     351     1    100.0   15 
 9/06/24   1:15   18.8   18.8   18.7    84   16.0    1.6     NO   0.40   6.4   ONO   18.8   19.3   19.3  1003.8   0.00    0.0    0.000   0.005   26.3    54   16.3   26.6    9.76   1.1468     351     1    100.0   15 
 9/06/24   1:30   18.8   18.8   18.7    83   15.8    3.2    ONO   0.80   6.4   ONO   18.8   19.3   19.3  1004.0   0.00    0.0    0.000   0.005   26.2    54   16.2   26.5    9.77   1.1475     350     1    100.0   15 
 9/06/24   1:45   18.8   18.8   18.8    83   15.9    0.0    ONO   0.00   3.2   ONO   18.8   19.3   19.3  1004.1   0.00    0.0    0.000   0.005   26.2    54   16.1   26.4    9.77   1.1479     351     1    100.0   15 
 9/06/24   2:00   18.9   19.1   18.8    82   15.8    1.6    ONO   0.40   6.4   ONO   18.9   19.5   19.5  1004.0   0.00    0.0    0.000   0.006   26.1    54   16.1   26.4    9.77   1.1481     350     1    100.0   15 
 9/06/24   2:15   19.1   19.2   19.1    82   15.9    0.0    ONO   0.00   3.2   ONO   19.1   19.6   19.6  1003.9   0.00    0.0    0.000   0.008   26.1    54   16.1   26.4    9.77   1.1480     351     1    100.0   15 
 9/06/24   2:30   19.2   19.3   19.2    83   16.3    1.6    ONO   0.40   3.2   ONO   19.2   19.8   19.8  1003.8   0.00    0.0    0.000   0.009   26.1    54   16.0   26.3    9.77   1.1482     351     1    100.0   15 
 9/06/24   2:45   19.2   19.2   19.2    83   16.2    1.6    ONO   0.40   4.8   ONO   19.2   19.8   19.8  1003.8   0.00    0.0    0.000   0.009   26.0    54   16.0   26.3    9.77   1.1484     350     1    100.0   15 
 9/06/24   3:00   19.2   19.2   19.1    83   16.2    3.2    ONO   0.80   4.8   ONO   19.2   19.8   19.8  1003.6   0.00    0.0    0.000   0.009   25.9    54   15.9   26.2    9.78   1.1485     350     1    100.0   15 
 9/06/24   3:15   19.1   19.2   19.1    81   15.8    1.6    ONO   0.40   4.8   NNE   19.1   19.7   19.7  1003.4   0.00    0.0    0.000   0.008   25.9    54   15.9   26.2    9.78   1.1482     351     1    100.0   15 
 9/06/24   3:30   19.2   19.3   19.1    77   15.0    3.2    ENE   0.80   6.4    NE   19.2   19.6   19.6  1003.0   0.00    0.0    0.000   0.009   25.9    54   15.9   26.2    9.78   1.1481     352     1    100.0   15 
 9/06/24   3:45   19.3   19.3   19.3    75   14.8    3.2     NE   0.80   8.0   ENE   19.3   19.7   19.7  1002.9   0.00    0.0    0.000   0.010   25.8    54   15.8   26.1    9.78   1.1483     351     1    100.0   15 
 9/06/24   4:00   19.1   19.3   18.8    80   15.6    1.6    ENE   0.40   6.4   ENE   19.1   19.7   19.7  1003.0   0.00    0.0    0.000   0.008   25.8    54   15.8   26.0    9.78   1.1486     351     1    100.0   15 
 9/06/24   4:15   18.6   18.8   18.3    81   15.3    1.6     NO   0.40   4.8    NO   18.6   19.1   19.1  1003.0   0.00    0.0    0.000   0.003   25.7    54   15.7   25.9    9.78   1.1489     351     1    100.0   15 
 9/06/24   4:30   18.1   18.3   18.1    83   15.2    1.6     NO   0.40   4.8    NO   18.1   18.5   18.5  1003.0   0.00    0.0    0.002   0.000   25.7    54   15.7   25.9    9.79   1.1492     350     1    100.0   15 
 9/06/24   4:45   18.2   18.2   18.1    82   15.0    0.0     NO   0.00   3.2    NO   18.2   18.6   18.6  1003.0   0.00    0.0    0.002   0.000   25.6    54   15.6   25.8    9.79   1.1495     351     1    100.0   15 
 9/06/24   5:00   18.3   18.3   18.2    82   15.2    0.0     NO   0.00   3.2    NO   18.3   18.7   18.7  1003.3   0.00    0.0    0.000   0.000   25.6    54   15.6   25.8    9.79   1.1501     351     1    100.0   15 
 9/06/24   5:15   18.3   18.4   18.3    81   15.0    3.2    ESE   0.80   6.4   NNE   18.3   18.7   18.7  1003.5   0.00    0.0    0.000   0.000   25.5    54   15.5   25.7    9.79   1.1507     350     1    100.0   15 
 9/06/24   5:30   18.4   18.4   18.4    80   14.9    1.6    ESE   0.40   4.8   ESE   18.4   18.8   18.8  1003.6   0.00    0.0    0.000   0.001   25.4    54   15.5   25.7    9.79   1.1510     352     1    100.0   15 
 9/06/24   5:45   18.4   18.4   18.4    80   14.9    1.6    ESE   0.40   4.8   ENE   18.4   18.8   18.8  1003.5   0.00    0.0    0.000   0.001   25.4    54   15.5   25.7    9.79   1.1509     350     1    100.0   15 
 9/06/24   6:00   18.6   18.7   18.4    80   15.0    3.2    ENE   0.80   9.7     E   18.6   19.0   19.0  1003.7   0.00    0.0    0.000   0.002   25.4    54   15.5   25.7    9.79   1.1511     351     1    100.0   15 
 9/06/24   6:15   18.7   18.7   18.7    80   15.1    4.8    ENE   1.21  11.3   ENE   18.7   19.1   19.1  1003.6   0.00    0.0    0.000   0.003   25.4    54   15.5   25.7    9.79   1.1510     351     1    100.0   15 
 9/06/24   6:30   18.7   18.7   18.6    81   15.3    4.8    ENE   1.21  12.9   ENE   18.7   19.1   19.1  1003.4   0.00    0.0    0.000   0.003   25.5    55   15.8   25.8    9.93   1.1502     351     1    100.0   15 
 9/06/24   6:45   18.7   18.8   18.7    79   15.0    3.2    ENE   0.80  14.5   ENE   18.7   19.2   19.2  1003.6   0.00    0.0    0.000   0.004   25.6    54   15.6   25.8    9.79   1.1504     352     1    100.0   15 
 9/06/24   7:00   18.8   18.9   18.7    79   15.1    3.2    ENE   0.80   8.0    NE   18.8   19.2   19.2  1003.5   0.00    0.0    0.000   0.005   25.6    54   15.6   25.8    9.79   1.1500     351     1    100.0   15 
 9/06/24   7:15   19.2   19.4   18.9    79   15.4    3.2    ENE   0.80   8.0     E   19.2   19.7   19.7  1003.5   0.00    0.0    0.000   0.009   25.6    54   15.6   25.8    9.79   1.1501     350     1    100.0   15 
 9/06/24   7:30   19.4   19.6   19.4    78   15.5    3.2    ENE   0.80   6.4   ENE   19.4   19.9   19.9  1003.7   0.00    0.0    0.000   0.012   25.7    55   15.9   25.9    9.92   1.1496     350     1    100.0   15 
 9/06/24   7:45   19.7   19.8   19.6    77   15.5    1.6    ENE   0.40   4.8   ENE   19.7   20.2   20.2  1003.7   0.00    0.0    0.000   0.014   25.7    54   15.7   25.9    9.78   1.1497     352     1    100.0   15 
 9/06/24   8:00   19.9   20.0   19.8    77   15.8    1.6    ESE   0.40   8.0   ESE   19.9   20.5   20.5  1003.7   0.00    0.0    0.000   0.017   25.9    54   15.9   26.2    9.78   1.1489     350     1    100.0   15 
 9/06/24   8:15   20.1   20.3   19.9    76   15.7    0.0    ESE   0.00   4.8   ESE   20.1   20.7   20.7  1003.7   0.00    0.0    0.000   0.019   26.0    54   16.0   26.3    9.77   1.1483     351     1    100.0   15 
 9/06/24   8:30   20.5   20.7   20.3    75   15.9    1.6    ESE   0.40   4.8   ESE   20.5   21.1   21.1  1003.8   0.00    0.0    0.000   0.023   26.1    54   16.1   26.4    9.77   1.1479     349     1    100.0   15 
 9/06/24   8:45   20.8   20.9   20.7    74   16.0    3.2    ENE   0.80  14.5   ENE   20.8   21.2   21.2  1004.0   0.00    0.0    0.000   0.025   26.2    54   16.2   26.5    9.77   1.1475     352     1    100.0   15 
 9/06/24   9:00   20.9   21.2   20.8    73   15.9    3.2    ENE   0.80   6.4   ENE   20.9   21.2   21.2  1004.2   0.00    0.0    0.000   0.027   26.3    54   16.3   26.6    9.76   1.1472     351     1    100.0   15 
 9/06/24   9:15   21.2   21.2   21.1    74   16.3    3.2     SE   0.80   8.0    SE   21.2   21.4   21.4  1004.1   0.00    0.0    0.000   0.030   26.3    54   16.3   26.6    9.76   1.1471     351     1    100.0   15 
 9/06/24   9:30   20.9   21.1   20.9    73   15.9    4.8    ESE   1.21   8.0     E   20.9   21.2   21.2  1004.0   0.00    0.0    0.000   0.027   26.3    54   16.2   26.6    9.76   1.1473     351     1    100.0   15 
 9/06/24   9:45   21.2   21.6   20.9    73   16.2    3.2      S   0.80   8.0   SSE   21.2   21.4   21.4  1004.1   0.00    0.0    0.000   0.030   26.4    54   16.3   26.7    9.76   1.1469     351     1    100.0   15 
 9/06/24  10:00   21.8   22.1   21.6    72   16.6    1.6      S   0.40   8.0   SSO   21.8   22.2   22.2  1004.0   0.00    0.0    0.000   0.036   26.5    53   16.1   26.8    9.65   1.1466     352     1    100.0   15 
 9/06/24  10:15   21.9   22.1   21.9    72   16.7    3.2      E   0.80   8.0     E   21.9   22.3   22.3  1003.9   0.00    0.0    0.000   0.038   26.6    53   16.2   26.9    9.65   1.1459     351     1    100.0   15 
 9/06/24  10:30   22.3   22.6   21.9    70   16.5    3.2    ENE   0.80  16.1     E   22.3   22.7   22.7  1004.1   0.00    0.0    0.000   0.041   26.7    53   16.3   27.0    9.65   1.1456     349     1    100.0   15 
 9/06/24  10:45   22.4   22.7   22.4    71   16.9    4.8      E   1.21  16.1   ENE   22.4   22.9   22.9  1004.2   0.00    0.0    0.000   0.043   26.8    53   16.4   27.1    9.64   1.1451     351     1    100.0   15 
 9/06/24  11:00   23.3   23.8   22.7    66   16.6    4.8      S   1.21  12.9     E   23.3   24.1   24.1  1004.1   0.00    0.0    0.000   0.052   27.0    53   16.6   27.3    9.64   1.1441     351     1    100.0   15 
 9/06/24  11:15   23.8   24.1   23.7    64   16.6    4.8    ESE   1.21  12.9     E   23.8   24.4   24.4  1004.0   0.00    0.0    0.000   0.057   27.2    52   16.5   27.4    9.43   1.1436     350     1    100.0   15 
 9/06/24  11:30   24.7   24.8   24.1    59   16.1    3.2      S   0.80   9.7   SSE   24.7   25.1   25.1  1003.8   0.00    0.0    0.000   0.066   27.3    52   16.6   27.6    9.43   1.1428     351     1    100.0   15 
 9/06/24  11:45   24.9   25.2   24.4    63   17.4    4.8    ENE   1.21  16.1   ENE   24.9   25.6   25.6  1004.0   0.00    0.0    0.000   0.069   27.4    52   16.7   27.7    9.42   1.1425     350     1    100.0   15 
 9/06/24  12:00   23.9   24.4   23.3    68   17.6    6.4    ENE   1.61  14.5   ENE   23.9   24.7   24.7  1003.9   0.00    0.0    0.000   0.058   27.4    52   16.7   27.7    9.42   1.1423     350     1    100.0   15 
 9/06/24  12:15   23.3   23.7   23.2    68   17.1   11.3      E   2.82  19.3   ENE   23.3   24.1   24.1  1003.8   0.00    0.0    0.000   0.052   27.5    53   17.1   28.0    9.62   1.1412     352     1    100.0   15 
 9/06/24  12:30   23.5   23.7   23.3    68   17.3    9.7      E   2.41  17.7   ESE   23.5   24.3   24.3  1004.0   0.00    0.0    0.000   0.054   27.6    53   17.1   28.1    9.62   1.1412     350     1    100.0   15 
 9/06/24  12:45   22.6   23.3   22.1    81   19.1    4.8      E   1.21  12.9   ENE   22.6   23.5   23.5  1004.2   1.60   31.0    0.000   0.044   27.4    56   17.9   28.2   10.05   1.1406     348     1    100.0   15 
 9/06/24  13:00   21.6   22.2   21.2    84   18.7    8.0      S   2.01  14.5     S   21.6   22.4   22.4  1004.2   0.00    0.0    0.000   0.034   27.1    60   18.7   28.0   10.75   1.1408     351     1    100.0   15 
 9/06/24  13:15   21.5   21.8   21.1    86   19.1    8.0     SE   2.01  17.7   ESE   21.5   22.5   22.5  1004.4   0.00    0.0    0.000   0.033   26.8    62   18.9   27.7   11.15   1.1419     351     1    100.0   15 
 9/06/24  13:30   20.7   21.1   20.2    87   18.4    9.7    SSE   2.41  20.9     S   20.7   21.7   21.7  1004.4   0.00    0.0    0.000   0.024   26.8    61   18.6   27.6   10.95   1.1423     350     1    100.0   15 
 9/06/24  13:45   20.2   20.3   20.1    89   18.3   11.3    SSE   2.82  24.1   SSE   20.2   21.2   21.2  1004.4   0.00    0.0    0.000   0.019   26.8    61   18.6   27.6   10.95   1.1423     351     1    100.0   15 
 9/06/24  14:00   20.4   20.5   20.3    88   18.4    8.0     SE   2.01  16.1   ESE   20.4   21.5   21.5  1004.5   0.00    0.0    0.000   0.022   26.8    61   18.7   27.7   10.95   1.1422     350     1    100.0   15 
 9/06/24  14:15   20.2   20.5   19.9    88   18.2    6.4      E   1.61  14.5   ESE   20.2   21.2   21.2  1004.8   0.00    0.0    0.000   0.020   26.8    61   18.6   27.6   10.95   1.1428     351     1    100.0   15 
 9/06/24  14:30   19.9   19.9   19.8    89   18.0    4.8    ENE   1.21   9.7     S   19.9   20.8   20.8  1005.0   0.00    0.0    0.000   0.016   26.8    61   18.6   27.6   10.95   1.1430     351     1    100.0   15 
 9/06/24  14:45   20.1   20.2   19.9    89   18.2    4.8      E   1.21  11.3     E   20.1   21.0   21.0  1005.2   0.00    0.0    0.000   0.018   26.7    61   18.5   27.4   10.95   1.1438     351     1    100.0   15 
 9/06/24  15:00   19.8   19.9   19.6    90   18.1    3.2     NO   0.80  11.3   ENE   19.8   20.7   20.7  1005.3   0.00    0.0    0.000   0.016   26.5    62   18.6   27.3   11.16   1.1444     351     1    100.0   15 
 9/06/24  15:15   19.4   19.6   19.4    90   17.8    4.8    ENE   1.21  11.3   ENE   19.4   20.3   20.3  1005.1   0.00    0.0    0.000   0.012   26.4    61   18.3   27.1   10.96   1.1452     350     1    100.0   15 
 9/06/24  15:30   19.9   20.3   19.6    87   17.7    3.2    ESE   0.80   8.0   ESE   19.9   20.7   20.7  1005.1   0.00    0.0    0.000   0.016   26.3    61   18.2   27.0   10.96   1.1458     352     1    100.0   15 
 9/06/24  15:45   20.7   20.9   20.3    82   17.5    4.8     SE   1.21  12.9   ESE   20.7   21.5   21.5  1005.2   0.00    0.0    0.000   0.024   26.2    61   18.1   26.8   10.97   1.1465     350     1    100.0   15 
 9/06/24  16:00   21.1   21.3   20.9    82   17.9    3.2    ENE   0.80  11.3   ESE   21.1   21.8   21.8  1005.2   0.00    0.0    0.000   0.029   26.2    61   18.1   26.9   10.97   1.1462     350     1    100.0   15 
 9/06/24  16:15   21.2   21.3   21.1    82   18.0    3.2      E   0.80   8.0   ENE   21.2   21.9   21.9  1005.2   0.00    0.0    0.000   0.030   26.3    61   18.2   27.0   10.96   1.1459     351     1    100.0   15 
 9/06/24  16:30   21.1   21.1   21.0    86   18.6    4.8     NE   1.21  11.3     E   21.1   21.9   21.9  1005.4   0.00    0.0    0.000   0.028   26.2    62   18.4   27.0   11.17   1.1460     352     1    100.0   15 
 9/06/24  16:45   21.0   21.1   20.8    87   18.8    3.2    ENE   0.80   6.4   ENE   21.0   21.9   21.9  1005.3   0.00    0.0    0.000   0.028   26.2    63   18.6   27.1   11.37   1.1454     351     1    100.0   15 
 9/06/24  17:00   20.7   20.8   20.6    88   18.7    1.6      E   0.40   8.0     E   20.7   21.8   21.8  1005.3   0.00    0.0    0.000   0.025   26.2    64   18.8   27.1   11.57   1.1454     351     1    100.0   15 
 9/06/24  17:15   20.7   20.8   20.6    88   18.7    4.8      E   1.21   9.7     E   20.7   21.8   21.8  1005.3   0.00    0.0    0.000   0.025   26.1    64   18.8   27.0   11.57   1.1457     351     1    100.0   15 
 9/06/24  17:30   20.7   20.8   20.7    86   18.3    3.2    ENE   0.80   9.7     E   20.7   21.7   21.7  1005.4   0.00    0.0    0.000   0.025   26.1    63   18.5   26.9   11.37   1.1462     352     1    100.0   15 
 9/06/24  17:45   20.8   20.9   20.7    86   18.4    4.8    ENE   1.21   8.0   ENE   20.8   21.8   21.8  1005.4   0.00    0.0    0.000   0.026   26.1    63   18.5   26.8   11.37   1.1465     351     1    100.0   15 
 9/06/24  18:00   20.9   21.0   20.7    86   18.5    4.8    ENE   1.21   9.7     E   20.9   21.8   21.8  1005.6   0.00    0.0    0.000   0.027   26.1    63   18.5   26.8   11.37   1.1467     351     1    100.0   15 
 9/06/24  18:15   20.8   20.8   20.8    85   18.2    4.8    ENE   1.21  11.3     E   20.8   21.8   21.8  1005.8   0.00    0.0    0.000   0.026   26.0    63   18.4   26.8   11.37   1.1473     351     1    100.0   15 
 9/06/24  18:30   20.8   20.9   20.8    84   18.0    3.2    ENE   0.80   9.7     E   20.8   21.7   21.7  1006.0   0.00    0.0    0.000   0.026   25.9    63   18.3   26.7   11.38   1.1481     351     1    100.0   15 
 9/06/24  18:45   20.8   20.8   20.7    83   17.8    3.2    ENE   0.80   4.8   ENE   20.8   21.6   21.6  1006.3   0.00    0.0    0.000   0.025   25.8    62   17.9   26.4   11.18   1.1494     351     1    100.0   15 
 9/06/24  19:00   20.7   20.7   20.7    82   17.5    3.2    ENE   0.80   4.8   ENE   20.7   21.6   21.6  1006.5   0.00    0.0    0.000   0.025   25.7    62   17.9   26.4   11.18   1.1499     351     1    100.0   15 
 9/06/24  19:15   20.8   20.8   20.7    83   17.8    1.6    ENE   0.40   4.8   ENE   20.8   21.6   21.6  1006.8   0.00    0.0    0.000   0.025   25.7    62   17.9   26.4   11.18   1.1503     350     1    100.0   15 
 9/06/24  19:30   20.6   20.8   20.4    82   17.4    1.6    ENE   0.40   4.8   ENE   20.6   21.4   21.4  1006.9   0.00    0.0    0.000   0.023   25.7    62   17.9   26.4   11.18   1.1505     351     1    100.0   15 
 9/06/24  19:45   20.5   20.6   20.4    82   17.3    1.6    ENE   0.40   4.8   ENE   20.5   21.4   21.4  1007.1   0.00    0.0    0.000   0.023   25.6    62   17.8   26.2   11.19   1.1512     351     1    100.0   15 
 9/06/24  20:00   20.6   20.6   20.5    80   17.0    1.6    ENE   0.40   3.2   ENE   20.6   21.4   21.4  1007.2   0.00    0.0    0.000   0.023   25.6    61   17.5   26.1   10.99   1.1520     351     1    100.0   15 
 9/06/24  20:15   20.7   20.7   20.6    82   17.5    1.6    ENE   0.40   4.8   ENE   20.7   21.5   21.5  1007.3   0.00    0.0    0.000   0.024   25.5    61   17.4   26.1   10.99   1.1524     350     1    100.0   15 
 9/06/24  20:30   20.7   20.8   20.6    82   17.5    1.6    ENE   0.40   4.8   ENE   20.7   21.5   21.5  1007.6   0.00    0.0    0.000   0.024   25.4    62   17.6   26.1   11.19   1.1527     351     1    100.0   15 
 9/06/24  20:45   20.5   20.6   20.4    82   17.3    1.6    ENE   0.40   4.8   ENE   20.5   21.4   21.4  1007.9   0.00    0.0    0.000   0.023   25.4    62   17.6   26.1   11.19   1.1530     352     1    100.0   15 
 9/06/24  21:00   20.5   20.6   20.3    82   17.3    3.2    ENE   0.80   4.8   ENE   20.5   21.4   21.4  1008.0   0.00    0.0    0.000   0.023   25.4    62   17.6   26.0   11.20   1.1534     350     1    100.0   15 
 9/06/24  21:15   20.2   20.3   20.1    80   16.6    1.6    ENE   0.40   4.8   ENE   20.2   20.9   20.9  1008.1   0.00    0.0    0.000   0.019   25.3    61   17.3   25.9   11.00   1.1542     350     1    100.0   15 
 9/06/24  21:30   20.1   20.1   20.1    78   16.1    1.6    ENE   0.40   6.4   ENE   20.1   20.7   20.7  1008.2   0.00    0.0    0.000   0.018   25.2    60   16.9   25.7   10.85   1.1553     351     1    100.0   15 
 9/06/24  21:45   20.2   20.3   20.1    80   16.6    1.6    ENE   0.40   4.8   ENE   20.2   20.9   20.9  1008.3   0.00    0.0    0.000   0.019   25.2    60   16.9   25.6   10.86   1.1557     351     1    100.0   15 
 9/06/24  22:00   20.2   20.3   20.1    82   17.0    1.6    ENE   0.40   3.2   ENE   20.2   21.1   21.1  1008.5   0.00    0.0    0.000   0.020   25.2    61   17.1   25.7   11.00   1.1556     350     1    100.0   15 
 9/06/24  22:15   20.0   20.1   19.8    81   16.6    1.6     NO   0.40   4.8   ENE   20.0   20.7   20.7  1008.5   0.00    0.0    0.000   0.017   25.2    61   17.1   25.7   11.00   1.1556     351     1    100.0   15 
 9/06/24  22:30   19.8   19.9   19.5    78   15.8    1.6     NO   0.40   4.8    NO   19.8   20.4   20.4  1008.8   0.00    0.0    0.000   0.015   25.2    60   16.9   25.6   10.86   1.1563     350     1    100.0   15 
 9/06/24  22:45   19.6   19.8   19.4    76   15.2    3.2     NO   0.80   4.8    NO   19.6   20.0   20.0  1008.7   0.00    0.0    0.000   0.013   25.1    58   16.3   25.4   10.46   1.1572     351     1    100.0   15 
 9/06/24  23:00   19.4   19.7   19.3    74   14.7    3.2     NO   0.80   8.0    NO   19.4   19.8   19.8  1008.8   0.00    0.0    0.000   0.012   25.1    57   15.9   25.3   10.27   1.1580     352     1    100.0   15 
 9/06/24  23:15   19.2   19.3   19.1    73   14.2    3.2     NO   0.80   4.8    NO   19.2   19.4   19.4  1009.1   0.00    0.0    0.000   0.009   24.9    57   15.8   25.2   10.28   1.1592     349     1    100.0   15 
 9/06/24  23:30   19.0   19.1   18.8    74   14.3    3.2     NO   0.80   4.8    NO   19.0   19.3   19.3  1009.1   0.00    0.0    0.000   0.007   24.7    56   15.4   24.9   10.19   1.1605     349     1    100.0   15 
 9/06/24  23:45   18.8   18.9   18.8    72   13.7    3.2    ONO   0.80   8.0    NO   18.8   19.0   19.0  1009.2   0.00    0.0    0.000   0.005   24.6    56   15.2   24.8   10.20   1.1614     350     1    100.0   15 
10/06/24  00:00   19.0   19.1   18.9    71   13.6    3.2     NO   0.80   6.4    NO   19.0   19.2   19.2  1009.1   0.00    0.0    0.000   0.007   24.4    55   14.8   24.6   10.01   1.1622     352     1    100.0   15 
10/06/24   0:15   18.9   18.9   18.8    72   13.7    3.2    ONO   0.80   9.7   ONO   18.9   19.1   19.1  1009.1   0.00    0.0    0.000   0.006   24.3    55   14.7   24.5   10.02   1.1628     349     1    100.0   15 
10/06/24   0:30   18.7   18.8   18.6    72   13.6    1.6      O   0.40   6.4   ONO   18.7   18.9   18.9  1009.4   0.00    0.0    0.000   0.004   24.3    55   14.7   24.5   10.02   1.1634     351     1    100.0   15 
10/06/24   0:45   18.6   18.6   18.4    72   13.4    3.2    ONO   0.80   8.0     O   18.6   18.7   18.7  1008.9   0.00    0.0    0.000   0.002   24.2    54   14.3   24.3    9.84   1.1638     350     1    100.0   15 
10/06/24   1:00   18.2   18.4   18.1    72   13.1    3.2      O   0.80  11.3    NO   18.2   18.3   18.3  1008.7   0.00    0.0    0.001   0.000   24.1    54   14.2   24.3    9.84   1.1638     350     1    100.0   15 
10/06/24   1:15   17.9   18.1   17.8    73   13.0    3.2      O   0.80   8.0     O   17.9   17.9   17.9  1009.0   0.00    0.0    0.004   0.000   24.0    54   14.1   24.2    9.85   1.1647     351     1    100.0   15 
10/06/24   1:30   17.7   17.8   17.6    73   12.8    3.2    ONO   0.80   8.0   ONO   17.7   17.7   17.7  1009.1   0.00    0.0    0.006   0.000   23.8    54   14.0   24.1    9.85   1.1656     352     1    100.0   15 
10/06/24   1:45   17.6   17.7   17.6    72   12.5    3.2      O   0.80   8.0     O   17.6   17.6   17.6  1009.1   0.00    0.0    0.008   0.000   23.7    53   13.6   23.8    9.66   1.1665     350     1    100.0   15 
10/06/24   2:00   17.6   17.7   17.4    72   12.4    3.2    ONO   0.80   8.0   ONO   17.6   17.5   17.5  1009.1   0.00    0.0    0.008   0.000   23.6    53   13.5   23.7    9.67   1.1671     350     1    100.0   15 
10/06/24   2:15   17.5   17.5   17.4    71   12.2    3.2     NO   0.80  16.1     O   17.5   17.4   17.4  1009.1   0.00    0.0    0.009   0.000   23.5    53   13.4   23.6    9.68   1.1677     351     1    100.0   15 
10/06/24   2:30   17.4   17.5   17.3    72   12.3    4.8     NO   1.21  12.9    NO   17.4   17.3   17.3  1009.1   0.00    0.0    0.010   0.000   23.4    53   13.3   23.4    9.69   1.1683     352     1    100.0   15 
10/06/24   2:45   17.2   17.3   17.1    72   12.1    4.8    ONO   1.21  12.9   ONO   17.2   17.1   17.1  1009.1   0.00    0.0    0.012   0.000   23.3    52   12.9   23.3    9.57   1.1688     351     1    100.0   15 
10/06/24   3:00   16.9   17.1   16.8    72   11.9    6.4    ONO   1.61  16.1     O   16.9   16.8   16.8  1009.1   0.00    0.0    0.014   0.000   23.2    52   12.8   23.2    9.57   1.1694     351     1    100.0   15 
10/06/24   3:15   16.7   16.8   16.6    72   11.6    4.8     NO   1.21  14.5     O   16.7   16.4   16.4  1009.2   0.00    0.0    0.017   0.000   23.1    52   12.7   23.0    9.58   1.1701     351     1    100.0   15 
