                 Temp.  Temp.  Temp.  Hum.   Punt   Vel.   Dir.   Rec.  Vel.  Dir.  Sens.   Índ.   Índ.                  Int. Graus D.Graus D.  Temp.  Hum. Rosada  In.Cal.  EMC     Dens.    Mostr   Tx   Recep.  Int.
  Data    Hora    Ext.   Màx.   Mín.  Ext. Rosada   Vent   Vent   Vent  Màx.  Màx.  Tèrm.  Calor   THW    Bar    Pluja   Pluja  Calor    Fred    Int.  Int.   Int.   Int.    Int.  Int.Aire    Vent   Vent   ISS   Arc.
-------------------------------------------------------------------------------------------------------------------------------------------------------------------------------------------------------------------------
14/06/24   0:15   15.9   16.0   15.9    93   14.8    1.6    OSO   0.40   4.8   OSO   15.9   16.2   16.2  1017.0   0.00    0.0    0.025   0.000   23.1    59   14.7   23.4   10.81   1.1769     349     1    100.0   15 
14/06/24   0:30   15.9   15.9   15.8    93   14.8    1.6      O   0.40   6.4     O   15.9   16.1   16.1  1016.8   0.00    0.0    0.025   0.000   23.1    59   14.6   23.3   10.81   1.1770     351     1    100.0   15 
14/06/24   0:45   15.9   15.9   15.9    93   14.8    1.6      O   0.40   4.8     O   15.9   16.1   16.1  1016.7   0.00    0.0    0.025   0.000   23.0    59   14.6   23.2   10.81   1.1771     352     1    100.0   15 
14/06/24   1:00   15.9   15.9   15.9    93   14.8    1.6      O   0.40   4.8     O   15.9   16.2   16.2  1016.6   0.00    0.0    0.025   0.000   22.9    59   14.5   23.2   10.82   1.1772     351     1    100.0   15 
14/06/24   1:15   15.9   16.0   15.9    94   15.0    1.6    OSO   0.40   6.4    SO   15.9   16.2   16.2  1016.4   0.00    0.0    0.025   0.000   22.9    59   14.5   23.1   10.82   1.1773     351     1    100.0   15 
14/06/24   1:30   16.1   16.1   16.0    94   15.1    1.6    ONO   0.40   8.0   ONO   16.1   16.3   16.3  1016.3   0.00    0.0    0.024   0.000   22.8    59   14.3   22.9   10.83   1.1777     349     1    100.0   15 
14/06/24   1:45   16.1   16.1   16.1    94   15.1    3.2    ONO   0.80   8.0   ONO   16.1   16.3   16.3  1016.1   0.00    0.0    0.024   0.000   22.7    59   14.3   22.9   10.83   1.1778     352     1    100.0   15 
14/06/24   2:00   16.1   16.1   16.0    94   15.1    1.6    ONO   0.40   6.4     O   16.1   16.3   16.3  1015.9   0.00    0.0    0.024   0.000   22.7    59   14.2   22.8   10.84   1.1779     350     1    100.0   15 
14/06/24   2:15   16.1   16.2   16.1    94   15.1    1.6    ONO   0.40   6.4   OSO   16.1   16.3   16.3  1015.8   0.00    0.0    0.024   0.000   22.6    59   14.2   22.7   10.84   1.1781     349     1    100.0   15 
14/06/24   2:30   16.1   16.2   16.1    94   15.1    1.6      O   0.40   4.8     O   16.1   16.4   16.4  1015.7   0.00    0.0    0.023   0.000   22.6    60   14.4   22.7   11.00   1.1779     350     1    100.0   15 
14/06/24   2:45   16.2   16.2   16.1    94   15.2    0.0      O   0.00   4.8     O   16.2   16.4   16.4  1015.6   0.00    0.0    0.023   0.000   22.5    60   14.3   22.6   11.00   1.1781     351     1    100.0   15 
14/06/24   3:00   16.3   16.4   16.2    94   15.3    1.6      O   0.40   6.4     O   16.3   16.6   16.6  1015.5   0.00    0.0    0.021   0.000   22.4    60   14.3   22.5   11.00   1.1783     352     1    100.0   15 
14/06/24   3:15   16.6   16.7   16.4    94   15.6    1.6      O   0.40   3.2     O   16.6   16.9   16.9  1015.4   0.00    0.0    0.019   0.000   22.4    60   14.2   22.4   11.00   1.1785     351     1    100.0   15 
14/06/24   3:30   16.7   16.8   16.6    94   15.8    0.0      O   0.00   3.2     O   16.7   17.1   17.1  1015.4   0.00    0.0    0.017   0.000   22.4    60   14.2   22.4   11.00   1.1784     351     1    100.0   15 
14/06/24   3:45   16.8   16.8   16.7    93   15.7    0.0      O   0.00   1.6     O   16.8   17.2   17.2  1015.4   0.00    0.0    0.016   0.000   22.3    60   14.2   22.3   11.01   1.1787     349     1    100.0   15 
14/06/24   4:00   16.6   16.7   16.6    93   15.5    0.0      O   0.00   1.6     O   16.6   16.9   16.9  1015.3   0.00    0.0    0.018   0.000   22.3    60   14.2   22.3   11.01   1.1786     351     1    100.0   15 
14/06/24   4:15   16.4   16.6   16.4    93   15.3    0.0      O   0.00   3.2     O   16.4   16.8   16.8  1015.4   0.00    0.0    0.020   0.000   22.3    60   14.1   22.3   11.01   1.1790     351     1    100.0   15 
14/06/24   4:30   16.2   16.4   16.1    93   15.1    1.6      O   0.40   4.8     O   16.2   16.5   16.5  1015.5   0.00    0.0    0.022   0.000   22.3    60   14.1   22.3   11.01   1.1792     351     1    100.0   15 
14/06/24   4:45   16.0   16.1   15.9    94   15.0    0.0      O   0.00   3.2     O   16.0   16.3   16.3  1015.4   0.00    0.0    0.024   0.000   22.2    60   14.1   22.2   11.01   1.1793     351     1    100.0   15 
14/06/24   5:00   16.2   16.6   16.0    94   15.3    0.0      O   0.00   1.6     O   16.2   16.5   16.5  1015.5   0.00    0.0    0.022   0.000   22.2    60   14.1   22.2   11.01   1.1794     351     1    100.0   15 
14/06/24   5:15   16.4   16.6   16.2    94   15.4    1.6      O   0.40   4.8     O   16.4   16.7   16.7  1015.5   0.00    0.0    0.020   0.000   22.2    60   14.0   22.1   11.01   1.1796     351     1    100.0   15 
14/06/24   5:30   16.3   16.3   16.2    94   15.3    0.0      O   0.00   3.2     O   16.3   16.6   16.6  1015.4   0.00    0.0    0.021   0.000   22.2    60   14.0   22.1   11.01   1.1795     350     1    100.0   15 
14/06/24   5:45   16.4   16.5   16.3    95   15.6    0.0    ---   0.00   0.0   ---   16.4   16.8   16.8  1015.3   0.00    0.0    0.020   0.000   22.2    60   14.0   22.1   11.01   1.1794     351     1    100.0   15 
14/06/24   6:00   16.6   16.6   16.5    94   15.6    0.0      O   0.00   4.8     O   16.6   16.9   16.9  1015.4   0.00    0.0    0.019   0.000   22.1    60   14.0   22.0   11.01   1.1798     351     1    100.0   15 
14/06/24   6:15   16.7   16.8   16.6    95   15.9    0.0      O   0.00   3.2     O   16.7   17.1   17.1  1015.4   0.00    0.0    0.017   0.000   22.1    60   14.0   22.0   11.01   1.1799     352     1    100.0   15 
14/06/24   6:30   16.8   16.9   16.7    94   15.9    1.6      O   0.40   6.4     O   16.8   17.2   17.2  1015.4   0.00    0.0    0.016   0.000   22.1    61   14.2   22.1   11.18   1.1795     351     1    100.0   15 
14/06/24   6:45   16.8   17.1   16.7    95   16.0    1.6      O   0.40   4.8     O   16.8   17.2   17.2  1015.3   0.00    0.0    0.016   0.000   22.3    61   14.4   22.3   11.17   1.1786     351     1    100.0   15 
14/06/24   7:00   17.4   17.6   17.1    95   16.6    1.6      O   0.40   4.8     O   17.4   17.9   17.9  1015.4   0.00    0.0    0.010   0.000   22.5    61   14.6   22.6   11.15   1.1776     351     1    100.0   15 
14/06/24   7:15   17.7   17.9   17.6    95   16.9    0.0      O   0.00   3.2     O   17.7   18.2   18.2  1015.4   0.00    0.0    0.007   0.000   22.7    61   14.8   22.9   11.13   1.1763     352     1    100.0   15 
14/06/24   7:30   18.2   18.4   17.9    94   17.2    1.6     SO   0.40   6.4   SSO   18.2   18.8   18.8  1015.5   0.00    0.0    0.002   0.000   23.1    60   14.9   23.4   10.98   1.1748     351     1    100.0   15 
14/06/24   7:45   18.5   18.7   18.3    94   17.5    1.6     SO   0.40   8.0     S   18.5   19.2   19.2  1015.4   0.00    0.0    0.000   0.002   23.5    60   15.3   23.9   10.96   1.1727     351     1    100.0   15 
14/06/24   8:00   18.9   19.1   18.7    93   17.7    3.2      S   0.80   9.7   SSO   18.9   19.7   19.7  1015.3   0.00    0.0    0.000   0.006   24.0    59   15.5   24.4   10.74   1.1704     350     1    100.0   15 
14/06/24   8:15   19.3   19.5   19.1    91   17.8    4.8    SSO   1.21  12.9     S   19.3   20.1   20.1  1015.4   0.00    0.0    0.000   0.010   24.4    58   15.6   24.7   10.51   1.1685     352     1    100.0   15 
14/06/24   8:30   19.8   20.1   19.5    89   17.9    3.2    SSO   0.80   9.7   SSO   19.8   20.7   20.7  1015.2   0.00    0.0    0.000   0.015   24.7    58   15.8   25.0   10.49   1.1671     351     1    100.0   15 
14/06/24   8:45   20.5   20.8   20.1    85   17.9    4.8    OSO   1.21  12.9     S   20.5   21.5   21.5  1015.2   0.00    0.0    0.000   0.023   24.9    57   15.8   25.2   10.28   1.1663     351     1    100.0   15 
14/06/24   9:00   21.0   21.3   20.8    82   17.8    4.8    SSO   1.21  12.9    SO   21.0   21.7   21.7  1015.2   0.00    0.0    0.000   0.028   25.1    57   15.9   25.3   10.27   1.1655     351     1    100.0   15 
14/06/24   9:15   21.5   21.7   21.3    81   18.1    4.8    SSO   1.21  12.9   SSO   21.5   22.2   22.2  1015.2   0.00    0.0    0.000   0.033   25.1    57   16.0   25.4   10.26   1.1651     350     1    100.0   15 
14/06/24   9:30   21.8   22.0   21.7    80   18.2    8.0     SE   2.01  14.5     S   21.8   22.6   22.6  1014.9   0.00    0.0    0.000   0.036   25.2    57   16.0   25.4   10.26   1.1645     352     1    100.0   15 
14/06/24   9:45   22.2   22.3   22.0    78   18.1    6.4      S   1.61  16.1   OSO   22.2   22.8   22.8  1014.9   0.00    0.0    0.000   0.040   25.2    57   16.1   25.6   10.25   1.1642     351     1    100.0   15 
14/06/24  10:00   22.4   22.7   22.2    76   18.0    8.0      S   2.01  17.7     S   22.4   23.2   23.2  1014.9   0.00    0.0    0.000   0.043   25.3    57   16.1   25.6   10.25   1.1640     351     1    100.0   15 
14/06/24  10:15   23.2   23.7   22.7    74   18.3    4.8      S   1.21  12.9   SSO   23.2   24.2   24.2  1014.8   0.00    0.0    0.000   0.051   25.3    57   16.2   25.7   10.25   1.1635     351     1    100.0   15 
14/06/24  10:30   23.4   23.7   23.1    75   18.7    6.4      S   1.61  16.1     S   23.4   24.4   24.4  1014.7   0.00    0.0    0.000   0.053   25.4    57   16.3   25.7   10.24   1.1631     352     1    100.0   15 
14/06/24  10:45   23.2   23.3   23.1    75   18.5    6.4      S   1.61  16.1   ESE   23.2   24.2   24.2  1014.5   0.00    0.0    0.000   0.050   25.4    57   16.3   25.8   10.24   1.1626     351     1    100.0   15 
14/06/24  11:00   23.5   23.6   23.3    72   18.2    8.0      S   2.01  20.9     S   23.5   24.5   24.5  1014.4   0.00    0.0    0.000   0.054   25.4    57   16.3   25.8   10.24   1.1625     350     1    100.0   15 
14/06/24  11:15   23.9   24.3   23.6    71   18.3    8.0    SSO   2.01  19.3    SO   23.9   24.9   24.9  1014.4   0.00    0.0    0.000   0.058   25.5    57   16.4   25.8   10.23   1.1622     351     1    100.0   15 
14/06/24  11:30   24.4   24.6   24.2    69   18.3    6.4      S   1.61  17.7     S   24.4   25.3   25.3  1014.3   0.00    0.0    0.000   0.063   25.5    57   16.4   25.8   10.23   1.1621     351     1    100.0   15 
14/06/24  11:45   24.4   24.6   24.2    70   18.6    8.0      S   2.01  17.7     S   24.4   25.4   25.4  1014.0   0.00    0.0    0.000   0.063   25.6    58   16.7   25.9   10.43   1.1611     349     1    100.0   15 
14/06/24  12:00   24.8   25.0   24.6    69   18.8    6.4     SO   1.61  17.7     S   24.8   25.8   25.8  1014.0   0.00    0.0    0.000   0.068   25.7    59   17.1   26.2   10.62   1.1601     351     1    100.0   15 
14/06/24  12:15   24.7   24.9   24.6    71   19.1    8.0      S   2.01  20.9   SSO   24.7   25.8   25.8  1013.7   0.00    0.0    0.000   0.067   25.8    59   17.2   26.3   10.61   1.1592     351     1    100.0   15 
14/06/24  12:30   24.9   24.9   24.8    70   19.0    8.0    SSO   2.01  17.7     S   24.9   25.9   25.9  1013.5   0.00    0.0    0.000   0.068   25.9    59   17.3   26.4   10.61   1.1584     351     1    100.0   15 
14/06/24  12:45   24.8   24.9   24.8    70   19.0    8.0    SSE   2.01  17.7   ESE   24.8   25.9   25.9  1013.3   0.00    0.0    0.000   0.068   25.9    59   17.3   26.4   10.60   1.1579     351     1    100.0   15 
14/06/24  13:00   24.7   24.9   24.6    71   19.1    9.7      S   2.41  24.1   ESE   24.7   25.8   25.8  1013.1   0.00    0.0    0.000   0.067   26.0    59   17.4   26.6   10.60   1.1574     351     1    100.0   15 
14/06/24  13:15   24.8   24.9   24.7    71   19.2    9.7    SSO   2.41  20.9     S   24.8   25.9   25.9  1012.9   0.00    0.0    0.000   0.067   26.1    59   17.5   26.7   10.59   1.1566     347     1    100.0   15 
14/06/24  13:30   25.2   25.4   24.9    69   19.1    8.0    SSO   2.01  16.1   OSO   25.2   26.2   26.2  1012.8   0.00    0.0    0.000   0.072   26.1    59   17.5   26.7   10.59   1.1564     351     1    100.0   15 
14/06/24  13:45   25.7   25.9   25.4    68   19.4    8.0    SSO   2.01  24.1    SO   25.7   26.8   26.8  1012.7   0.00    0.0    0.000   0.077   26.2    59   17.5   26.7   10.59   1.1560     352     1    100.0   15 
14/06/24  14:00   25.2   25.8   24.9    71   19.5    9.7      S   2.41  19.3     S   25.2   26.3   26.3  1012.6   0.00    0.0    0.000   0.071   26.2    59   17.5   26.7   10.59   1.1558     351     1    100.0   15 
14/06/24  14:15   25.0   25.1   24.8    71   19.4    8.0      S   2.01  17.7     S   25.0   26.1   26.1  1012.5   0.00    0.0    0.000   0.069   26.2    59   17.6   26.8   10.58   1.1554     350     1    100.0   15 
14/06/24  14:30   25.2   25.6   24.8    65   18.2    8.0    SSO   2.01  22.5     S   25.2   25.9   25.9  1012.4   0.00    0.0    0.000   0.072   26.3    59   17.6   26.9   10.58   1.1551     351     1    100.0   15 
14/06/24  14:45   25.7   25.8   25.6    65   18.6    6.4    SSO   1.61  19.3     S   25.7   26.6   26.6  1012.2   0.00    0.0    0.000   0.077   26.3    59   17.7   26.9   10.57   1.1545     350     1    100.0   15 
14/06/24  15:00   25.8   26.1   25.6    66   19.0    6.4      S   1.61  17.7   SSE   25.8   26.8   26.8  1012.0   0.00    0.0    0.000   0.078   26.4    58   17.5   26.9   10.37   1.1544     351     1    100.0   15 
14/06/24  15:15   25.6   25.7   25.5    67   19.0    8.0      S   2.01  19.3   SSE   25.6   26.4   26.4  1011.9   0.00    0.0    0.000   0.075   26.4    58   17.5   27.0   10.37   1.1540     351     1    100.0   15 
14/06/24  15:30   25.6   25.7   25.5    68   19.3    9.7    SSO   2.41  25.7    SO   25.6   26.6   26.6  1011.8   0.00    0.0    0.000   0.076   26.5    58   17.6   27.1   10.36   1.1536     351     1    100.0   15 
14/06/24  15:45   25.6   25.6   25.3    67   19.0    9.7    SSO   2.41  27.4     S   25.6   26.4   26.4  1011.7   0.00    0.0    0.000   0.075   26.5    58   17.6   27.1   10.36   1.1534     349     1    100.0   15 
14/06/24  16:00   25.1   25.3   24.8    69   19.0   11.3      S   2.82  24.1    SO   25.1   26.1   26.1  1011.6   0.00    0.0    0.000   0.070   26.6    58   17.6   27.1   10.36   1.1531     352     1    100.0   15 
14/06/24  16:15   24.6   24.8   24.3    70   18.7   11.3    SSO   2.82  24.1    SE   24.6   25.6   25.6  1011.5   0.00    0.0    0.000   0.065   26.6    58   17.7   27.2   10.35   1.1527     351     1    100.0   15 
14/06/24  16:30   24.2   24.3   24.2    68   17.9    9.7    SSO   2.41  25.7     S   24.2   25.1   25.1  1011.4   0.00    0.0    0.000   0.061   26.6    58   17.7   27.2   10.35   1.1525     347     1    100.0   15 
14/06/24  16:45   24.4   24.4   24.3    66   17.6    8.0    SSO   2.01  22.5   SSO   24.4   25.1   25.1  1011.3   0.00    0.0    0.000   0.063   26.7    58   17.7   27.3   10.35   1.1522     351     1    100.0   15 
14/06/24  17:00   24.3   24.4   24.3    63   16.8    8.0      S   2.01  22.5    SO   24.3   24.9   24.9  1011.1   0.00    0.0    0.000   0.063   26.6    58   17.7   27.2   10.35   1.1523     352     1    100.0   15 
14/06/24  17:15   24.1   24.3   23.8    64   16.8    8.0    SSO   2.01  24.1   SSO   24.1   24.7   24.7  1011.1   0.00    0.0    0.000   0.060   26.6    58   17.7   27.2   10.35   1.1522     351     1    100.0   15 
14/06/24  17:30   24.0   24.2   23.9    62   16.3    6.4     SO   1.61  14.5     S   24.0   24.6   24.6  1010.9   0.00    0.0    0.000   0.059   26.6    57   17.3   27.1   10.16   1.1527     351     1    100.0   15 
14/06/24  17:45   24.1   24.3   24.0    61   16.1    6.4    SSO   1.61  20.9    SO   24.1   24.6   24.6  1010.6   0.00    0.0    0.000   0.060   26.5    57   17.3   27.0   10.16   1.1526     351     1    100.0   15 
14/06/24  18:00   23.9   24.2   23.7    61   16.0    6.4      S   1.61  17.7   SSO   23.9   24.5   24.5  1010.8   0.00    0.0    0.000   0.058   26.4    57   17.2   26.9   10.17   1.1531     349     1    100.0   15 
14/06/24  18:15   23.7   23.7   23.7    61   15.7    6.4    SSO   1.61  14.5    SO   23.7   24.2   24.2  1010.7   0.00    0.0    0.000   0.056   26.4    57   17.2   26.9   10.17   1.1533     352     1    100.0   15 
14/06/24  18:30   23.8   23.9   23.7    61   15.8    3.2    OSO   0.80  11.3    SO   23.8   24.3   24.3  1010.8   0.00    0.0    0.000   0.057   26.3    57   17.1   26.7   10.18   1.1540     349     1    100.0   15 
14/06/24  18:45   23.7   23.9   23.4    63   16.3    4.8     SO   1.21  12.9   SSO   23.7   24.3   24.3  1010.8   0.00    0.0    0.000   0.056   26.2    57   17.0   26.7   10.18   1.1542     351     1    100.0   15 
14/06/24  19:00   22.9   23.4   22.5    68   16.7    4.8    SSO   1.21  14.5     S   22.9   23.6   23.6  1010.7   0.00    0.0    0.000   0.048   26.2    57   17.0   26.6   10.19   1.1544     351     1    100.0   15 
14/06/24  19:15   22.1   22.4   21.8    71   16.6    4.8    SSO   1.21  11.3   SSO   22.1   22.5   22.5  1010.7   0.00    0.0    0.000   0.039   26.1    57   16.9   26.6   10.19   1.1548     351     1    100.0   15 
14/06/24  19:30   21.6   21.8   21.3    72   16.3    3.2    SSO   0.80  11.3   SSO   21.6   21.8   21.8  1010.8   0.00    0.0    0.000   0.034   26.1    58   17.2   26.6   10.39   1.1545     351     1    100.0   15 
14/06/24  19:45   21.1   21.3   20.8    72   15.9    3.2     SO   0.80   8.0   SSO   21.1   21.3   21.3  1011.0   0.00    0.0    0.000   0.029   26.1    58   17.2   26.6   10.39   1.1547     351     1    100.0   15 
14/06/24  20:00   20.6   20.8   20.3    75   16.0    1.6    OSO   0.40   6.4   OSO   20.6   21.1   21.1  1011.0   0.00    0.0    0.000   0.023   26.0    58   17.1   26.5   10.40   1.1553     351     1    100.0   15 
14/06/24  20:15   20.1   20.3   19.9    78   16.2    1.6    OSO   0.40   4.8   OSO   20.1   20.8   20.8  1011.1   0.00    0.0    0.000   0.019   25.9    58   17.0   26.4   10.40   1.1557     350     1    100.0   15 
14/06/24  20:30   19.8   19.9   19.7    81   16.5    3.2    OSO   0.80   8.0     O   19.8   20.6   20.6  1011.3   0.00    0.0    0.000   0.016   25.9    59   17.3   26.4   10.61   1.1558     351     1    100.0   15 
14/06/24  20:45   19.6   19.7   19.4    83   16.6    1.6    OSO   0.40   4.8   OSO   19.6   20.3   20.3  1011.5   0.00    0.0    0.000   0.013   25.8    59   17.2   26.3   10.61   1.1564     351     1    100.0   15 
14/06/24  21:00   19.3   19.4   19.3    85   16.7    3.2    ONO   0.80   6.4   ONO   19.3   20.0   20.0  1011.6   0.00    0.0    0.000   0.010   25.7    59   17.1   26.2   10.62   1.1570     350     1    100.0   15 
14/06/24  21:15   19.3   19.3   19.3    85   16.7    1.6    ONO   0.40   4.8   ONO   19.3   19.9   19.9  1011.6   0.00    0.0    0.000   0.010   25.7    59   17.1   26.2   10.62   1.1573     350     1    100.0   15 
14/06/24  21:30   19.2   19.3   19.2    86   16.8    1.6    ONO   0.40   4.8   ONO   19.2   19.9   19.9  1011.6   0.00    0.0    0.000   0.009   25.6    60   17.3   26.1   10.83   1.1572     352     1    100.0   15 
14/06/24  21:45   19.2   19.2   19.2    87   17.0    3.2    ONO   0.80   4.8   ONO   19.2   19.9   19.9  1011.5   0.00    0.0    0.000   0.009   25.6    60   17.2   26.1   10.83   1.1574     351     1    100.0   15 
14/06/24  22:00   19.1   19.2   19.1    87   16.9    1.6    ONO   0.40   3.2   ONO   19.1   19.8   19.8  1011.6   0.00    0.0    0.000   0.008   25.5    60   17.2   26.0   10.83   1.1578     351     1    100.0   15 
14/06/24  22:15   19.2   19.2   19.1    87   16.9    1.6    ONO   0.40   3.2   ONO   19.2   19.9   19.9  1011.5   0.00    0.0    0.000   0.009   25.4    60   17.1   25.9   10.84   1.1580     350     1    100.0   15 
14/06/24  22:30   18.9   19.1   18.7    86   16.5    3.2    ONO   0.80   4.8   ONO   18.9   19.6   19.6  1011.5   0.00    0.0    0.000   0.006   25.4    60   17.1   25.9   10.84   1.1583     352     1    100.0   15 
14/06/24  22:45   18.8   18.9   18.7    87   16.6    1.6    ONO   0.40   3.2   ONO   18.8   19.4   19.4  1011.5   0.00    0.0    0.000   0.005   25.3    60   17.0   25.8   10.85   1.1586     349     1    100.0   15 
14/06/24  23:00   18.9   18.9   18.8    86   16.5    1.6    ONO   0.40   4.8   ONO   18.9   19.5   19.5  1011.6   0.00    0.0    0.000   0.006   25.3    60   17.0   25.8   10.85   1.1590     350     1    100.0   15 
14/06/24  23:15   18.8   18.8   18.8    86   16.4    0.0    ONO   0.00   1.6   ONO   18.8   19.3   19.3  1011.5   0.00    0.0    0.000   0.005   25.2    60   16.9   25.7   10.85   1.1591     351     1    100.0   15 
14/06/24  23:30   18.8   18.9   18.8    87   16.6    1.6    ONO   0.40   4.8   ONO   18.8   19.4   19.4  1011.5   0.00    0.0    0.000   0.005   25.2    60   16.9   25.6   10.86   1.1594     352     1    100.0   15 
14/06/24  23:45   18.8   18.9   18.7    87   16.6    1.6    ONO   0.40   3.2   ONO   18.8   19.4   19.4  1011.4   0.00    0.0    0.000   0.005   25.1    60   16.8   25.6   10.86   1.1597     350     1    100.0   15 
15/06/24  00:00   18.8   18.8   18.7    87   16.6    1.6    ONO   0.40   4.8   ONO   18.8   19.4   19.4  1011.4   0.00    0.0    0.000   0.005   25.1    61   17.0   25.6   11.01   1.1596     350     1    100.0   15 
15/06/24   0:15   18.7   18.7   18.6    87   16.5    1.6    ONO   0.40   4.8   ONO   18.7   19.2   19.2  1011.5   0.00    0.0    0.000   0.003   25.0    61   17.0   25.5   11.01   1.1599     349     1    100.0   15 
15/06/24   0:30   18.5   18.6   18.4    87   16.3    1.6    ONO   0.40   4.8   ONO   18.5   19.1   19.1  1011.4   0.00    0.0    0.000   0.002   24.9    61   16.9   25.4   11.01   1.1602     351     1    100.0   15 
15/06/24   0:45   18.7   18.7   18.5    86   16.3    1.6    NNE   0.40   4.8   NNE   18.7   19.2   19.2  1011.2   0.00    0.0    0.000   0.003   24.9    61   16.9   25.4   11.01   1.1602     350     1    100.0   15 
15/06/24   1:00   18.7   18.8   18.7    84   16.0    0.0    NNE   0.00   3.2   NNE   18.7   19.2   19.2  1011.1   0.00    0.0    0.000   0.004   24.8    61   16.8   25.3   11.02   1.1604     352     1    100.0   15 
15/06/24   1:15   18.8   19.0   18.7    84   16.1    3.2    NNE   0.80   8.0   NNE   18.8   19.4   19.4  1010.9   0.00    0.0    0.000   0.005   24.8    61   16.7   25.3   11.02   1.1604     351     1    100.0   15 
15/06/24   1:30   19.0   19.1   18.9    85   16.4    3.2     NE   0.80   6.4    NE   19.0   19.6   19.6  1010.6   0.00    0.0    0.000   0.007   24.7    61   16.7   25.2   11.02   1.1604     350     1    100.0   15 
15/06/24   1:45   18.7   18.9   18.4    85   16.1    1.6    NNO   0.40   3.2   NNO   18.7   19.2   19.2  1010.5   0.00    0.0    0.000   0.004   24.7    61   16.6   25.1   11.02   1.1605     350     1    100.0   15 
15/06/24   2:00   18.2   18.4   18.1    80   14.7    3.2     NE   0.80   6.4    NE   18.2   18.6   18.6  1010.4   0.00    0.0    0.001   0.000   24.6    61   16.5   25.0   11.03   1.1610     352     1    100.0   15 
15/06/24   2:15   18.4   18.7   18.3    76   14.1    4.8     NE   1.21   6.4    NE   18.4   18.7   18.7  1010.4   0.00    0.0    0.000   0.001   24.5    61   16.5   24.9   11.03   1.1612     351     1    100.0   15 
15/06/24   2:30   18.8   18.8   18.7    74   14.0    4.8     NE   1.21   8.0    NE   18.8   19.0   19.0  1010.0   0.00    0.0    0.000   0.005   24.4    61   16.4   24.9   11.03   1.1611     351     1    100.0   15 
15/06/24   2:45   18.9   18.9   18.8    75   14.4    4.8     NE   1.21   8.0    NE   18.9   19.2   19.2  1010.4   0.00    0.0    0.000   0.006   24.4    61   16.4   24.8   11.03   1.1618     351     1    100.0   15 
15/06/24   3:00   18.8   18.9   18.7    75   14.3    3.2     NE   0.80   4.8    NE   18.8   19.1   19.1  1010.3   0.00    0.0    0.000   0.005   24.3    61   16.3   24.8   11.03   1.1620     351     1    100.0   15 
15/06/24   3:15   18.6   18.7   18.4    76   14.2    1.6     NE   0.40   4.8    NE   18.6   18.8   18.8  1010.0   0.00    0.0    0.000   0.002   24.3    61   16.3   24.8   11.04   1.1620     351     1    100.0   15 
