                 Temp.  Temp.  Temp.  Hum.   Punt   Vel.   Dir.   Rec.  Vel.  Dir.  Sens.   Índ.   Índ.                  Int. Graus D.Graus D.  Temp.  Hum. Rosada  In.Cal.  EMC     Dens.    Mostr   Tx   Recep.  Int.
  Data    Hora    Ext.   Màx.   Mín.  Ext. Rosada   Vent   Vent   Vent  Màx.  Màx.  Tèrm.  Calor   THW    Bar    Pluja   Pluja  Calor    Fred    Int.  Int.   Int.   Int.    Int.  Int.Aire    Vent   Vent   ISS   Arc.
-------------------------------------------------------------------------------------------------------------------------------------------------------------------------------------------------------------------------
 6/08/22   0:15   21.5   21.6   21.4    73   16.5    1.6    ONO   0.40   4.8   ONO   21.5   21.8   21.8  1015.6   0.00    0.0    0.000   0.033   27.4    53   17.0   27.8    9.62   1.1555     350     1    100.0   15 
 6/08/22   0:30   21.4   21.5   21.4    72   16.2    1.6     NO   0.40   6.4    NO   21.4   21.7   21.7  1015.4   0.00    0.0    0.000   0.032   27.4    53   17.0   27.8    9.62   1.1553     351     1    100.0   15 
 6/08/22   0:45   21.2   21.4   21.1    73   16.2    1.6     NO   0.40   6.4   NNO   21.2   21.4   21.4  1015.4   0.00    0.0    0.000   0.030   27.3    53   16.9   27.7    9.63   1.1556     349     1    100.0   15 
 6/08/22   1:00   21.3   21.6   21.1    69   15.4    1.6     NO   0.40   8.0    NO   21.3   21.4   21.4  1015.4   0.00    0.0    0.000   0.031   27.3    52   16.6   27.6    9.43   1.1562     351     1    100.0   15 
 6/08/22   1:15   21.6   21.7   21.6    67   15.2    0.0    OSO   0.00   3.2   OSO   21.6   21.7   21.7  1015.5   0.00    0.0    0.000   0.034   27.2    52   16.5   27.5    9.43   1.1566     352     1    100.0   15 
 6/08/22   1:30   22.0   22.2   21.8    64   14.9    3.2     NO   0.80   8.0    NO   22.0   22.1   22.1  1015.3   0.00    0.0    0.000   0.038   27.2    52   16.5   27.5    9.43   1.1564     351     1    100.0   15 
 6/08/22   1:45   22.4   22.4   22.2    64   15.2    0.0     NO   0.00   3.2    NO   22.4   22.6   22.6  1015.5   0.00    0.0    0.000   0.042   27.2    51   16.2   27.3    9.33   1.1573     351     1    100.0   15 
 6/08/22   2:00   21.8   22.3   21.3    70   16.1    0.0     NO   0.00   4.8    NO   21.8   22.1   22.1  1015.5   0.00    0.0    0.000   0.036   27.2    51   16.2   27.3    9.33   1.1574     351     1    100.0   15 
 6/08/22   2:15   21.0   21.2   20.8    72   15.8    1.6     NO   0.40   4.8    NO   21.0   21.2   21.2  1015.6   0.00    0.0    0.000   0.028   27.1    51   16.1   27.3    9.33   1.1578     351     1    100.0   15 
 6/08/22   2:30   20.9   20.9   20.8    71   15.4    0.0     NO   0.00   3.2    NO   20.9   21.1   21.1  1015.5   0.00    0.0    0.000   0.027   27.1    52   16.4   27.3    9.44   1.1575     351     1    100.0   15 
 6/08/22   2:45   21.1   21.3   20.9    69   15.2    0.0     NO   0.00   3.2    NO   21.1   21.1   21.1  1015.5   0.00    0.0    0.000   0.029   27.1    52   16.4   27.3    9.44   1.1575     351     1    100.0   15 
 6/08/22   3:00   21.4   21.4   21.3    70   15.7    0.0    ---   0.00   0.0   ---   21.4   21.6   21.6  1015.6   0.00    0.0    0.000   0.032   27.0    52   16.3   27.2    9.44   1.1579     350     1    100.0   15 
 6/08/22   3:15   21.5   21.6   21.4    69   15.6    0.0     NO   0.00   1.6    NO   21.5   21.6   21.6  1015.6   0.00    0.0    0.000   0.033   26.9    52   16.3   27.2    9.44   1.1582     350     1    100.0   15 
 6/08/22   3:30   21.6   21.6   21.5    69   15.6    1.6     SO   0.40   4.8    SO   21.6   21.7   21.7  1015.5   0.00    0.0    0.000   0.034   26.9    52   16.3   27.2    9.44   1.1581     352     1    100.0   15 
 6/08/22   3:45   21.6   21.6   21.5    69   15.6    0.0     SO   0.00   3.2    SO   21.6   21.7   21.7  1015.5   0.00    0.0    0.000   0.034   26.9    52   16.2   27.1    9.44   1.1583     351     1    100.0   15 
 6/08/22   4:00   21.5   21.6   21.4    69   15.6    0.0     SO   0.00   4.8    SO   21.5   21.6   21.6  1015.5   0.00    0.0    0.000   0.033   26.8    52   16.1   27.0    9.45   1.1590     350     1    100.0   15 
 6/08/22   4:15   21.4   21.4   21.4    70   15.7    0.0     SO   0.00   3.2    SO   21.4   21.6   21.6  1015.6   0.00    0.0    0.000   0.032   26.8    52   16.1   27.0    9.45   1.1590     351     1    100.0   15 
 6/08/22   4:30   21.4   21.5   21.4    69   15.5    0.0     SO   0.00   1.6    SO   21.4   21.6   21.6  1015.8   0.00    0.0    0.000   0.032   26.7    52   16.0   26.9    9.45   1.1595     351     1    100.0   15 
 6/08/22   4:45   21.5   21.6   21.4    69   15.6    0.0     SO   0.00   1.6    SO   21.5   21.6   21.6  1015.7   0.00    0.0    0.000   0.033   26.7    52   16.0   26.9    9.45   1.1594     350     1    100.0   15 
 6/08/22   5:00   21.3   21.4   21.1    71   15.8    0.0    ONO   0.00   1.6    SO   21.3   21.4   21.4  1015.9   0.00    0.0    0.000   0.031   26.7    52   16.0   26.9    9.45   1.1596     351     1    100.0   15 
 6/08/22   5:15   20.8   21.1   20.7    73   15.8    0.0    ONO   0.00   3.2   ONO   20.8   21.1   21.1  1016.0   0.00    0.0    0.000   0.025   26.7    53   16.3   26.9    9.65   1.1596     351     1    100.0   15 
 6/08/22   5:30   20.8   20.9   20.7    72   15.5    0.0    ONO   0.00   1.6   ONO   20.8   21.1   21.1  1016.0   0.00    0.0    0.000   0.025   26.7    53   16.3   27.0    9.65   1.1593     350     1    100.0   15 
 6/08/22   5:45   21.1   21.4   20.9    72   15.9    0.0    ---   0.00   0.0   ---   21.1   21.3   21.3  1016.2   0.00    0.0    0.000   0.029   26.9    52   16.2   27.1    9.44   1.1591     352     1    100.0   15 
 6/08/22   6:00   21.7   21.8   21.4    70   16.0    0.0    ONO   0.00   1.6   ONO   21.7   21.9   21.9  1016.2   0.00    0.0    0.000   0.035   27.2    52   16.5   27.4    9.43   1.1577     351     1    100.0   15 
 6/08/22   6:15   21.7   21.7   21.7    71   16.2    0.0    ONO   0.00   1.6   ONO   21.7   21.9   21.9  1016.2   0.00    0.0    0.000   0.035   27.5    51   16.5   27.8    9.32   1.1565     350     1    100.0   15 
 6/08/22   6:30   22.1   22.4   21.7    69   16.1    0.0    ONO   0.00   3.2   ONO   22.1   22.3   22.3  1016.2   0.00    0.0    0.000   0.039   27.8    51   16.8   28.3    9.31   1.1548     351     1    100.0   15 
 6/08/22   6:45   22.6   22.9   22.3    65   15.7    0.0    ONO   0.00   3.2   ONO   22.6   22.9   22.9  1016.2   0.00    0.0    0.000   0.045   28.2    50   16.8   28.7    9.10   1.1535     352     1    100.0   15 
 6/08/22   7:00   23.1   23.2   22.9    67   16.6    0.0    ONO   0.00   3.2   ONO   23.1   23.8   23.8  1016.3   0.00    0.0    0.000   0.050   28.4    49   16.7   29.1    8.89   1.1526     351     1    100.0   15 
 6/08/22   7:15   23.3   23.6   23.2    67   16.9    1.6    ONO   0.40   4.8   ONO   23.3   24.1   24.1  1016.3   0.00    0.0    0.000   0.052   28.7    50   17.2   29.6    9.08   1.1510     349     1    100.0   15 
 6/08/22   7:30   24.0   24.4   23.6    66   17.3    0.0    ONO   0.00   3.2   ONO   24.0   24.8   24.8  1016.4   0.00    0.0    0.000   0.059   28.7    50   17.2   29.6    9.08   1.1511     351     1    100.0   15 
 6/08/22   7:45   24.8   25.1   24.4    66   18.0    0.0     SE   0.00   4.8   SSO   24.8   25.6   25.6  1016.4   0.00    0.0    0.000   0.068   28.6    51   17.5   29.5    9.28   1.1509     351     1    100.0   15 
 6/08/22   8:00   25.1   25.2   25.0    66   18.3    0.0     SE   0.00   4.8   ESE   25.1   25.9   25.9  1016.4   0.00    0.0    0.000   0.071   28.5    52   17.7   29.4    9.38   1.1510     351     1    100.0   15 
 6/08/22   8:15   25.6   25.9   25.2    64   18.2    1.6      E   0.40   8.0     E   25.6   26.3   26.3  1016.2   0.00    0.0    0.000   0.075   28.6    52   17.7   29.5    9.38   1.1506     350     1    100.0   15 
 6/08/22   8:30   25.8   25.9   25.7    64   18.5    3.2      E   0.80   9.7     E   25.8   26.6   26.6  1016.3   0.00    0.0    0.000   0.078   28.7    52   17.8   29.7    9.38   1.1501     351     1    100.0   15 
 6/08/22   8:45   25.9   26.2   25.7    62   18.1    1.6      E   0.40   8.0     E   25.9   26.7   26.7  1016.3   0.00    0.0    0.000   0.079   28.8    52   17.9   29.9    9.37   1.1495     351     1    100.0   15 
 6/08/22   9:00   26.8   27.2   26.2    54   16.7    1.6    NNO   0.40   6.4    NO   26.8   27.1   27.1  1016.4   0.00    0.0    0.000   0.088   28.9    52   18.0   30.1    9.37   1.1490     352     1    100.0   15 
 6/08/22   9:15   27.7   28.1   27.2    50   16.3    1.6      N   0.40   3.2    NO   27.7   27.9   27.9  1016.4   0.00    0.0    0.000   0.097   29.0    50   17.5   30.0    9.07   1.1494     351     1    100.0   15 
 6/08/22   9:30   28.7   29.1   28.1    51   17.5    1.6      E   0.40   8.0     E   28.7   29.6   29.6  1016.4   0.00    0.0    0.000   0.108   29.2    50   17.7   30.2    9.06   1.1486     351     1    100.0   15 
 6/08/22   9:45   29.2   29.4   28.9    50   17.7    3.2      E   0.80  11.3   ESE   29.2   30.2   30.2  1016.4   0.00    0.0    0.000   0.113   29.4    50   17.9   30.4    9.05   1.1474     351     1    100.0   15 
 6/08/22  10:00   29.6   29.8   29.4    47   17.1    4.8    ENE   1.21  12.9   ESE   29.6   30.3   30.3  1016.4   0.00    0.0    0.000   0.117   29.6    49   17.7   30.5    8.85   1.1470     352     1    100.0   15 
 6/08/22  10:15   30.4   31.1   29.9    46   17.5    1.6      O   0.40   4.8     S   30.4   31.3   31.3  1016.3   0.00    0.0    0.000   0.126   29.8    48   17.6   30.7    8.74   1.1463     350     1    100.0   15 
 6/08/22  10:30   31.0   31.3   30.8    45   17.7    4.8      E   1.21  12.9   ENE   31.0   31.9   31.9  1016.3   0.00    0.0    0.000   0.132   29.9    48   17.7   30.9    8.73   1.1454     350     1    100.0   15 
 6/08/22  10:45   31.2   31.3   31.1    44   17.5    4.8      E   1.21  12.9    SE   31.2   32.0   32.0  1016.2   0.00    0.0    0.000   0.134   30.3    47   17.7   31.3    8.52   1.1440     349     1    100.0   15 
 6/08/22  11:00   31.1   31.1   31.0    45   17.7    4.8     SE   1.21  11.3    SE   31.1   32.0   32.0  1016.1   0.00    0.0    0.000   0.133   30.5    47   17.9   31.7    8.51   1.1428     352     1    100.0   15 
 6/08/22  11:15   31.4   31.6   31.1    44   17.7    4.8      S   1.21  12.9     S   31.4   32.4   32.4  1016.0   0.00    0.0    0.000   0.136   30.8    46   17.8   31.9    8.40   1.1418     350     1    100.0   15 
 6/08/22  11:30   31.6   31.6   31.5    44   17.8    8.0      E   2.01  16.1     E   31.6   32.8   32.8  1015.8   0.00    0.0    0.000   0.138   31.1    46   18.1   32.2    8.39   1.1399     350     1    100.0   15 
 6/08/22  11:45   31.9   32.2   31.6    42   17.4    6.4    ESE   1.61  14.5   ESE   31.9   32.9   32.9  1015.6   0.00    0.0    0.000   0.141   31.2    46   18.2   32.5    8.39   1.1391     351     1    100.0   15 
 6/08/22  12:00   32.5   32.7   32.2    42   17.9    4.8     SE   1.21  17.7    SE   32.5   33.8   33.8  1015.5   0.00    0.0    0.000   0.148   31.3    46   18.3   32.6    8.38   1.1387     350     1    100.0   15 
 6/08/22  12:15   32.4   32.7   32.3    42   17.8    8.0     SE   2.01  17.7    SE   32.4   33.7   33.7  1015.4   0.00    0.0    0.000   0.146   31.4    46   18.4   32.9    8.38   1.1380     351     1    100.0   15 
 6/08/22  12:30   32.3   32.4   32.2    43   18.1    8.0     SE   2.01  17.7   ESE   32.3   33.7   33.7  1015.3   0.00    0.0    0.000   0.145   31.5    46   18.5   33.1    8.38   1.1374     350     1    100.0   15 
 6/08/22  12:45   32.1   32.3   31.7    44   18.3    6.4     SE   1.61  19.3   ESE   32.1   33.6   33.6  1015.2   0.00    0.0    0.000   0.143   31.6    46   18.6   33.3    8.37   1.1366     350     1    100.0   15 
 6/08/22  13:00   32.7   33.1   32.3    40   17.4    4.8    SSO   1.21  14.5   OSO   32.7   33.7   33.7  1015.0   0.00    0.0    0.000   0.150   31.7    46   18.7   33.6    8.37   1.1358     351     1    100.0   15 
 6/08/22  13:15   33.2   33.4   33.1    41   18.2    4.8      S   1.21  17.7    SE   33.2   34.8   34.8  1014.8   0.00    0.0    0.000   0.155   31.9    46   18.8   33.8    8.36   1.1348     349     1    100.0   15 
 6/08/22  13:30   33.3   33.6   33.2    40   17.9    6.4      S   1.61  16.1    SE   33.3   34.7   34.7  1014.6   0.00    0.0    0.000   0.156   32.0    46   18.9   33.9    8.36   1.1340     349     1    100.0   15 
 6/08/22  13:45   33.3   33.7   33.1    42   18.7    9.7      S   2.41  22.5   ESE   33.3   35.3   35.3  1014.4   0.00    0.0    0.000   0.156   32.1    46   19.0   34.1    8.35   1.1331     351     1    100.0   15 
 6/08/22  14:00   33.2   33.4   32.9    43   19.0    9.7      S   2.41  22.5     S   33.2   35.3   35.3  1014.2   0.00    0.0    0.000   0.155   32.3    46   19.2   34.3    8.35   1.1320     351     1    100.0   15 
 6/08/22  14:15   33.1   33.2   32.9    43   18.9    9.7    SSO   2.41  22.5    SO   33.1   35.2   35.2  1014.0   0.00    0.0    0.000   0.154   32.4    46   19.3   34.7    8.34   1.1310     350     1    100.0   15 
 6/08/22  14:30   32.9   33.1   32.6    45   19.4   11.3    SSO   2.82  22.5    SO   32.9   35.3   35.3  1014.0   0.00    0.0    0.000   0.152   32.6    46   19.4   34.9    8.34   1.1304     351     1    100.0   15 
 6/08/22  14:45   32.6   32.8   32.4    45   19.1    9.7    SSO   2.41  27.4   SSO   32.6   34.7   34.7  1013.9   0.00    0.0    0.000   0.148   32.7    46   19.5   35.1    8.33   1.1298     350     1    100.0   15 
 6/08/22  15:00   32.2   32.7   32.0    46   19.1   11.3    SSO   2.82  27.4   SSO   32.2   34.3   34.3  1013.9   0.00    0.0    0.000   0.145   32.7    46   19.6   35.2    8.33   1.1295     349     1    100.0   15 
 6/08/22  15:15   32.1   32.3   31.9    46   19.0   11.3    SSO   2.82  25.7     S   32.1   34.1   34.1  1013.9   0.00    0.0    0.000   0.144   32.8    46   19.7   35.4    8.33   1.1288     350     1    100.0   15 
 6/08/22  15:30   31.6   32.2   31.2    49   19.6    9.7    SSO   2.41  22.5    SO   31.6   33.9   33.9  1013.9   0.00    0.0    0.000   0.138   32.9    46   19.7   35.5    8.33   1.1286     351     1    100.0   15 
 6/08/22  15:45   31.2   31.3   31.1    49   19.2    9.7      S   2.41  27.4     S   31.2   32.9   32.9  1013.9   0.00    0.0    0.000   0.134   32.9    46   19.7   35.5    8.33   1.1286     351     1    100.0   15 
 6/08/22  16:00   31.1   31.2   30.9    50   19.4    9.7    SSO   2.41  20.9    SO   31.1   32.9   32.9  1014.0   0.00    0.0    0.000   0.133   32.9    46   19.7   35.5    8.33   1.1287     351     1    100.0   15 
 6/08/22  16:15   30.9   31.1   30.8    53   20.2    8.0      S   2.01  22.5     S   30.9   33.3   33.3  1013.9   0.00    0.0    0.000   0.131   32.9    46   19.7   35.5    8.33   1.1286     351     1    100.0   15 
 6/08/22  16:30   30.8   30.8   30.6    56   21.0    8.0    SSO   2.01  22.5     S   30.8   33.7   33.7  1013.8   0.00    0.0    0.000   0.130   32.9    47   20.1   35.7    8.45   1.1279     351     1    100.0   15 
 6/08/22  16:45   30.2   30.5   30.0    59   21.3   11.3    SSO   2.82  22.5     S   30.2   33.2   33.2  1013.9   0.00    0.0    0.000   0.123   32.8    48   20.4   35.8    8.63   1.1277     350     1    100.0   15 
 6/08/22  17:00   30.1   30.1   30.0    58   20.9    9.7      S   2.41  20.9     S   30.1   32.8   32.8  1014.0   0.00    0.0    0.000   0.122   32.8    49   20.7   36.1    8.83   1.1273     351     1    100.0   15 
 6/08/22  17:15   30.4   30.7   30.0    54   20.0    6.4    SSO   1.61  19.3    SO   30.4   32.7   32.7  1014.2   0.00    0.0    0.000   0.126   32.8    49   20.7   36.1    8.83   1.1275     351     1    100.0   15 
 6/08/22  17:30   30.2   30.7   29.9    59   21.3    8.0      S   2.01  16.1     S   30.2   33.3   33.3  1014.4   0.00    0.0    0.000   0.124   32.8    49   20.7   36.1    8.83   1.1278     350     1    100.0   15 
 6/08/22  17:45   29.8   29.9   29.6    61   21.4    4.8    SSE   1.21  11.3    SE   29.8   32.8   32.8  1014.5   0.00    0.0    0.000   0.119   32.7    50   20.9   35.9    9.02   1.1282     351     1    100.0   15 
 6/08/22  18:00   29.4   29.6   29.3    62   21.3    4.8      S   1.21  12.9   ESE   29.4   32.2   32.2  1014.5   0.00    0.0    0.000   0.115   32.5    51   21.1   35.9    9.14   1.1284     351     2    100.0   15 
 6/08/22  18:15   29.4   29.7   29.3    60   20.9    3.2    SSO   0.80  11.3   SSO   29.4   31.9   31.9  1014.3   0.00    0.0    0.000   0.116   32.3    51   20.9   35.6    9.15   1.1291     351     1    100.0   15 
 6/08/22  18:30   29.6   29.7   29.3    60   21.0    3.2    OSO   0.80   9.7    SO   29.6   32.1   32.1  1014.2   0.00    0.0    0.000   0.117   32.3    51   20.9   35.4    9.15   1.1293     351     1    100.0   15 
 6/08/22  18:45   29.0   29.3   28.8    62   21.0    1.6    OSO   0.40   8.0   OSO   29.0   31.5   31.5  1014.8   0.00    0.0    0.000   0.111   32.3    51   20.9   35.4    9.15   1.1300     351     1    100.0   15 
 6/08/22  19:00   28.6   28.8   28.5    62   20.6    1.6      O   0.40   4.8   ONO   28.6   30.7   30.7  1014.9   0.00    0.0    0.000   0.107   32.1    51   20.7   35.2    9.15   1.1310     350     1    100.0   15 
 6/08/22  19:15   28.3   28.5   28.1    64   20.8    1.6      O   0.40   6.4    SO   28.3   30.3   30.3  1015.0   0.00    0.0    0.000   0.104   31.9    52   20.9   35.1    9.35   1.1315     351     1    100.0   15 
 6/08/22  19:30   27.9   28.1   27.7    65   20.8    1.6     SO   0.40   6.4     S   27.9   29.8   29.8  1014.6   0.00    0.0    0.000   0.100   31.8    52   20.7   34.8    9.35   1.1319     351     1    100.0   15 
 6/08/22  19:45   27.6   27.7   27.3    66   20.6    3.2    SSO   0.80  11.3   SSO   27.6   29.3   29.3  1014.5   0.00    0.0    0.000   0.096   31.7    52   20.6   34.7    9.35   1.1323     350     1    100.0   15 
 6/08/22  20:00   27.1   27.3   26.9    68   20.7    4.8    OSO   1.21  12.9   SSO   27.1   28.7   28.7  1014.6   0.00    0.0    0.000   0.091   31.5    53   20.8   34.4    9.48   1.1328     351     1    100.0   15 
 6/08/22  20:15   26.7   26.9   26.4    70   20.7    3.2    OSO   0.80   9.7     O   26.7   28.2   28.2  1014.4   0.00    0.0    0.000   0.087   31.4    53   20.7   34.2    9.48   1.1332     351     1    100.0   15 
 6/08/22  20:30   26.3   26.4   26.1    73   21.1    3.2    OSO   0.80   9.7   OSO   26.3   27.9   27.9  1014.2   0.00    0.0    0.000   0.083   31.3    54   20.9   34.2    9.68   1.1330     350     1    100.0   15 
 6/08/22  20:45   26.1   26.1   26.0    75   21.3    4.8      O   1.21  19.3   OSO   26.1   27.7   27.7  1014.5   0.00    0.0    0.000   0.080   31.2    55   21.1   34.1    9.79   1.1334     350     1    100.0   15 
 6/08/22  21:00   25.9   26.0   25.8    77   21.5    3.2    OSO   0.80  12.9    SO   25.9   27.7   27.7  1014.8   0.00    0.0    0.000   0.079   31.1    56   21.2   34.1    9.99   1.1339     352     1    100.0   15 
 6/08/22  21:15   25.7   25.8   25.6    78   21.5    1.6      O   0.40   4.8   OSO   25.7   27.4   27.4  1014.9   0.00    0.0    0.000   0.076   31.0    57   21.5   34.2   10.14   1.1338     350     1    100.0   15 
 6/08/22  21:30   25.5   25.6   25.3    79   21.6    1.6      O   0.40   6.4     O   25.5   27.3   27.3  1014.8   0.00    0.0    0.000   0.075   30.9    57   21.4   34.1   10.15   1.1343     351     1    100.0   15 
 6/08/22  21:45   25.2   25.3   25.0    80   21.5    1.6    ONO   0.40   4.8   ONO   25.2   26.9   26.9  1014.7   0.00    0.0    0.000   0.071   30.8    58   21.6   34.1   10.30   1.1342     351     1    100.0   15 
 6/08/22  22:00   24.9   25.0   24.8    80   21.2    1.6    OSO   0.40   3.2     O   24.9   26.6   26.6  1014.5   0.00    0.0    0.000   0.068   30.7    58   21.5   33.9   10.31   1.1346     350     1    100.0   15 
 6/08/22  22:15   24.7   24.8   24.7    81   21.2    0.0      O   0.00   3.2     O   24.7   26.4   26.4  1014.5   0.00    0.0    0.000   0.067   30.6    58   21.4   33.8   10.31   1.1352     351     1    100.0   15 
 6/08/22  22:30   24.7   24.8   24.6    79   20.8    0.0      O   0.00   1.6     O   24.7   26.2   26.2  1014.4   0.00    0.0    0.000   0.066   30.5    58   21.3   33.7   10.31   1.1353     351     1    100.0   15 
 6/08/22  22:45   24.8   24.8   24.7    80   21.1    0.0      O   0.00   1.6     O   24.8   26.4   26.4  1014.3   0.00    0.0    0.000   0.067   30.4    58   21.2   33.4   10.32   1.1359     350     1    100.0   15 
 6/08/22  23:00   24.7   24.7   24.6    80   21.0    1.6      O   0.40   4.8     O   24.7   26.3   26.3  1014.4   0.00    0.0    0.000   0.066   30.3    58   21.1   33.3   10.32   1.1363     352     1    100.0   15 
 6/08/22  23:15   24.4   24.6   24.1    77   20.1    1.6      O   0.40   4.8     O   24.4   25.9   25.9  1014.5   0.00    0.0    0.000   0.064   30.2    57   20.7   32.8   10.20   1.1377     351     1    100.0   15 
 6/08/22  23:30   23.9   24.1   23.8    75   19.2    0.0     NO   0.00   1.6    NO   23.9   25.1   25.1  1014.6   0.00    0.0    0.000   0.058   30.1    55   20.0   32.2    9.83   1.1394     351     1    100.0   15 
 6/08/22  23:45   23.9   24.2   23.8    74   19.0    1.6     NE   0.40   6.4    NE   23.9   25.1   25.1  1014.3   0.00    0.0    0.000   0.058   29.9    54   19.6   31.8    9.73   1.1402     351     1    100.0   15 
 7/08/22  00:00   24.3   24.4   24.1    75   19.6    3.2    ENE   0.80   6.4   ENE   24.3   25.6   25.6  1014.4   0.00    0.0    0.000   0.062   29.8    55   19.8   31.8    9.84   1.1404     351     1    100.0   15 
 7/08/22   0:15   23.9   24.1   23.8    75   19.2    3.2      E   0.80   8.0     E   23.9   25.1   25.1  1014.2   0.00    0.0    0.000   0.058   29.7    55   19.7   31.4    9.84   1.1411     349     1    100.0   15 
 7/08/22   0:30   23.7   23.8   23.6    75   19.0    4.8      E   1.21   9.7     E   23.7   24.8   24.8  1014.1   0.00    0.0    0.000   0.056   29.5    54   19.2   31.1    9.75   1.1423     352     1    100.0   15 
 7/08/22   0:45   23.7   23.8   23.6    72   18.3    4.8    ENE   1.21   6.4   ENE   23.7   24.7   24.7  1013.8   0.00    0.0    0.000   0.056   29.4    54   19.1   30.9    9.75   1.1426     351     1    100.0   15 
 7/08/22   1:00   23.6   23.6   23.5    75   18.9    3.2    ENE   0.80   6.4   ENE   23.6   24.7   24.7  1013.8   0.00    0.0    0.000   0.054   29.2    54   19.0   30.7    9.75   1.1434     351     1    100.0   15 
 7/08/22   1:15   23.4   23.6   23.3    75   18.7    3.2    ENE   0.80   6.4   ENE   23.4   24.4   24.4  1013.7   0.00    0.0    0.000   0.053   29.1    55   19.1   30.6    9.85   1.1434     350     1    100.0   15 
 7/08/22   1:30   23.7   23.8   23.6    66   16.9    3.2    ENE   0.80   4.8   ENE   23.7   24.4   24.4  1013.7   0.00    0.0    0.000   0.056   29.1    53   18.5   30.3    9.56   1.1446     352     1    100.0   15 
 7/08/22   1:45   24.1   24.2   23.8    62   16.3    0.0    ENE   0.00   3.2   ENE   24.1   24.6   24.6  1013.7   0.00    0.0    0.000   0.060   29.1    51   17.9   30.2    9.26   1.1455     350     1    100.0   15 
 7/08/22   2:00   24.2   24.2   24.1    61   16.2    1.6    ENE   0.40   4.8   ENE   24.2   24.7   24.7  1013.5   0.00    0.0    0.000   0.061   29.1    50   17.6   30.1    9.06   1.1458     350     1    100.0   15 
 7/08/22   2:15   24.1   24.2   23.7    69   18.0    1.6    NNO   0.40   4.8   NNO   24.1   24.9   24.9  1013.6   0.00    0.0    0.000   0.060   29.0    51   17.8   30.1    9.27   1.1457     351     1    100.0   15 
 7/08/22   2:30   23.2   23.7   22.9    71   17.7    1.6     NO   0.40   6.4    NO   23.2   24.1   24.1  1013.5   0.00    0.0    0.000   0.051   28.9    52   18.1   30.1    9.37   1.1455     352     1    100.0   15 
 7/08/22   2:45   22.5   22.9   22.1    71   17.0    3.2     NO   0.80   6.4    NO   22.5   23.1   23.1  1013.5   0.00    0.0    0.000   0.043   28.8    52   17.9   29.9    9.37   1.1464     350     1    100.0   15 
 7/08/22   3:00   21.9   22.1   21.8    72   16.7    1.6    ONO   0.40   6.4     O   21.9   22.3   22.3  1013.7   0.00    0.0    0.000   0.038   28.7    51   17.5   29.6    9.28   1.1476     351     1    100.0   15 
 7/08/22   3:15   21.8   21.8   21.8    79   18.0    1.6      O   0.40   4.8     O   21.8   22.5   22.5  1013.6   0.00    0.0    0.000   0.036   28.6    53   18.1   29.7    9.58   1.1468     351     1    100.0   15 
 7/08/22   3:30   21.8   21.8   21.6    80   18.2    1.6      O   0.40   4.8     O   21.8   22.5   22.5  1013.6   0.00    0.0    0.000   0.036   28.6    54   18.4   29.8    9.75   1.1464     351     1    100.0   15 
