                 Temp.  Temp.  Temp.  Hum.   Punt   Vel.   Dir.   Rec.  Vel.  Dir.  Sens.   Índ.   Índ.                  Int. Graus D.Graus D.  Temp.  Hum. Rosada  In.Cal.  EMC     Dens.    Mostr   Tx   Recep.  Int.
  Data    Hora    Ext.   Màx.   Mín.  Ext. Rosada   Vent   Vent   Vent  Màx.  Màx.  Tèrm.  Calor   THW    Bar    Pluja   Pluja  Calor    Fred    Int.  Int.   Int.   Int.    Int.  Int.Aire    Vent   Vent   ISS   Arc.
-------------------------------------------------------------------------------------------------------------------------------------------------------------------------------------------------------------------------
12/08/22   0:15   25.4   25.4   25.3    69   19.3    0.0    OSO   0.00   3.2   OSO   25.4   26.4   26.4  1014.2   0.00    0.0    0.000   0.073   32.1    45   18.6   33.8    8.16   1.1337     350     1    100.0   15 
12/08/22   0:30   25.2   25.3   25.1    70   19.4    0.0    OSO   0.00   3.2   OSO   25.2   26.3   26.3  1014.1   0.00    0.0    0.000   0.072   31.9    47   19.2   34.1    8.46   1.1331     351     1    100.0   15 
12/08/22   0:45   25.1   25.2   25.0    72   19.7    1.6    OSO   0.40   4.8   OSO   25.1   26.3   26.3  1014.0   0.00    0.0    0.000   0.071   31.9    48   19.6   34.3    8.66   1.1325     350     1    100.0   15 
12/08/22   1:00   24.9   25.0   24.8    73   19.7    0.0    OSO   0.00   4.8   OSO   24.9   26.1   26.1  1013.9   0.00    0.0    0.000   0.068   31.9    48   19.5   34.2    8.66   1.1327     351     1    100.0   15 
12/08/22   1:15   24.8   24.8   24.7    74   19.8    0.0    OSO   0.00   3.2   OSO   24.8   26.1   26.1  1014.0   0.00    0.0    0.000   0.067   31.8    49   19.7   34.2    8.85   1.1327     351     1    100.0   15 
12/08/22   1:30   24.6   24.7   24.5    75   19.9    0.0    OSO   0.00   3.2   OSO   24.6   25.9   25.9  1013.9   0.00    0.0    0.000   0.065   31.6    50   19.9   34.2    9.05   1.1330     352     1    100.0   15 
12/08/22   1:45   24.4   24.5   24.4    76   19.9    0.0    OSO   0.00   3.2   OSO   24.4   25.8   25.8  1013.8   0.00    0.0    0.000   0.064   31.5    51   20.1   34.1    9.18   1.1330     350     1    100.0   15 
12/08/22   2:00   24.3   24.4   24.3    78   20.2    0.0    OSO   0.00   3.2   OSO   24.3   25.8   25.8  1013.8   0.00    0.0    0.000   0.063   31.4    51   20.0   33.8    9.18   1.1335     351     1    100.0   15 
12/08/22   2:15   24.2   24.3   23.9    78   20.1    0.0    OSO   0.00   4.8   OSO   24.2   25.6   25.6  1013.7   0.00    0.0    0.000   0.061   31.3    52   20.2   33.8    9.35   1.1335     351     1    100.0   15 
12/08/22   2:30   23.8   23.9   23.7    79   20.0    0.0    OSO   0.00   3.2   OSO   23.8   25.2   25.2  1013.7   0.00    0.0    0.000   0.057   31.2    52   20.1   33.5    9.35   1.1341     350     1    100.0   15 
12/08/22   2:45   23.6   23.7   23.4    79   19.7    1.6    OSO   0.40   4.8   ONO   23.6   24.8   24.8  1013.7   0.00    0.0    0.000   0.054   31.1    52   20.0   33.3    9.35   1.1346     351     1    100.0   15 
12/08/22   3:00   23.4   23.4   23.3    78   19.3    1.6      O   0.40   4.8     O   23.4   24.5   24.5  1013.5   0.00    0.0    0.000   0.053   30.9    52   19.9   33.2    9.35   1.1350     351     1    100.0   15 
12/08/22   3:15   23.3   23.4   23.2    75   18.6    1.6    OSO   0.40   4.8   OSO   23.3   24.3   24.3  1013.4   0.00    0.0    0.000   0.052   30.8    51   19.5   32.8    9.20   1.1360     350     1    100.0   15 
12/08/22   3:30   23.1   23.2   23.1    73   18.0    1.6    OSO   0.40   6.4   OSO   23.1   24.0   24.0  1013.3   0.00    0.0    0.000   0.050   30.7    50   19.1   32.4    9.05   1.1373     350     1    100.0   15 
12/08/22   3:45   23.1   23.1   23.0    69   17.1    1.6    OSO   0.40   4.8   OSO   23.1   23.8   23.8  1013.1   0.00    0.0    0.000   0.050   30.6    49   18.6   32.1    8.85   1.1381     352     1    100.0   15 
12/08/22   4:00   23.0   23.1   23.0    67   16.5    1.6      O   0.40   4.8   OSO   23.0   23.6   23.6  1013.1   0.00    0.0    0.000   0.049   30.4    47   17.9   31.6    8.51   1.1397     351     1    100.0   15 
12/08/22   4:15   23.0   23.1   22.9    66   16.3    1.6    OSO   0.40   4.8     O   23.0   23.6   23.6  1013.1   0.00    0.0    0.000   0.049   30.3    47   17.8   31.4    8.52   1.1402     349     1    100.0   15 
12/08/22   4:30   23.1   23.1   23.1    68   16.8    1.6    OSO   0.40   4.8   OSO   23.1   23.7   23.7  1013.0   0.00    0.0    0.000   0.049   30.2    46   17.3   31.1    8.42   1.1412     350     1    100.0   15 
12/08/22   4:45   23.1   23.1   23.1    68   16.9    1.6    OSO   0.40   4.8   OSO   23.1   23.8   23.8  1012.9   0.00    0.0    0.000   0.050   30.2    47   17.6   31.1    8.52   1.1409     351     1    100.0   15 
12/08/22   5:00   23.2   23.2   23.1    68   16.9    1.6    OSO   0.40   4.8   OSO   23.2   23.9   23.9  1012.8   0.00    0.0    0.000   0.050   30.1    47   17.6   31.1    8.53   1.1410     351     1    100.0   15 
12/08/22   5:15   23.2   23.3   23.2    66   16.5    1.6    OSO   0.40   4.8   OSO   23.2   23.9   23.9  1012.7   0.00    0.0    0.000   0.051   30.1    47   17.5   30.9    8.53   1.1412     351     1    100.0   15 
12/08/22   5:30   23.1   23.2   22.9    64   15.9    1.6    OSO   0.40   3.2   OSO   23.1   23.6   23.6  1012.7   0.00    0.0    0.000   0.049   29.9    46   17.1   30.7    8.43   1.1422     350     1    100.0   15 
12/08/22   5:45   22.9   22.9   22.8    64   15.7    1.6    OSO   0.40   3.2   OSO   22.9   23.3   23.3  1012.5   0.00    0.0    0.000   0.047   29.9    45   16.7   30.5    8.23   1.1428     351     1    100.0   15 
12/08/22   6:00   22.8   22.9   22.7    65   15.9    1.6    ONO   0.40   4.8   ONO   22.8   23.2   23.2  1012.6   0.00    0.0    0.000   0.046   29.7    45   16.5   30.3    8.24   1.1437     352     1    100.0   15 
12/08/22   6:15   22.8   22.9   22.8    66   16.1    1.6    ONO   0.40   4.8   ONO   22.8   23.3   23.3  1012.4   0.00    0.0    0.000   0.047   29.6    46   16.7   30.2    8.45   1.1439     349     1    100.0   15 
12/08/22   6:30   22.9   22.9   22.8    63   15.5    3.2    ONO   0.80   4.8   ONO   22.9   23.3   23.3  1012.3   0.00    0.0    0.000   0.047   29.5    45   16.3   30.1    8.25   1.1445     351     1    100.0   15 
12/08/22   6:45   22.9   23.0   22.8    62   15.3    1.6    ONO   0.40   4.8   ONO   22.9   23.3   23.3  1012.2   0.00    0.0    0.000   0.048   29.4    45   16.2   29.9    8.25   1.1450     351     1    100.0   15 
12/08/22   7:00   22.8   22.9   22.7    61   14.9    1.6    ONO   0.40   4.8   ONO   22.8   23.1   23.1  1012.4   0.00    0.0    0.000   0.047   29.2    44   15.7   29.7    8.15   1.1465     350     1    100.0   15 
12/08/22   7:15   22.9   22.9   22.8    61   15.0    1.6    ONO   0.40   4.8   ONO   22.9   23.2   23.2  1012.4   0.00    0.0    0.000   0.047   29.2    44   15.7   29.7    8.15   1.1467     351     1    100.0   15 
12/08/22   7:30   22.8   22.9   22.8    61   14.9    1.6      O   0.40   4.8   OSO   22.8   23.1   23.1  1012.5   0.00    0.0    0.000   0.047   29.1    44   15.6   29.6    8.15   1.1471     351     1    100.0   15 
12/08/22   7:45   22.6   22.8   22.4    63   15.2    1.6      O   0.40   6.4     O   22.6   22.8   22.8  1012.4   0.00    0.0    0.000   0.045   29.1    44   15.6   29.6    8.15   1.1471     351     1    100.0   15 
12/08/22   8:00   22.5   22.7   22.4    66   15.8    1.6      O   0.40   6.4     O   22.5   22.8   22.8  1012.4   0.00    0.0    0.000   0.043   29.2    45   16.0   29.8    8.26   1.1463     351     1    100.0   15 
12/08/22   8:15   22.9   23.2   22.7    66   16.3    1.6    OSO   0.40   6.4   OSO   22.9   23.4   23.4  1012.5   0.00    0.0    0.000   0.048   29.3    45   16.1   29.8    8.26   1.1458     351     1    100.0   15 
12/08/22   8:30   23.5   23.7   23.2    67   17.0    1.6    OSO   0.40   4.8   OSO   23.5   24.3   24.3  1012.5   0.00    0.0    0.000   0.054   29.5    46   16.7   30.2    8.45   1.1442     351     1    100.0   15 
12/08/22   8:45   24.0   24.4   23.7    74   19.1    1.6    OSO   0.40   8.0   OSO   24.0   25.2   25.2  1012.5   0.00    0.0    0.000   0.059   29.8    47   17.3   30.6    8.54   1.1424     350     1    100.0   15 
12/08/22   9:00   24.7   24.9   24.4    79   20.8    3.2      O   0.80   8.0     O   24.7   26.3   26.3  1012.6   0.00    0.0    0.000   0.067   30.1    50   18.5   31.4    9.05   1.1393     351     1    100.0   15 
12/08/22   9:15   24.8   24.9   24.7    81   21.3    3.2      O   0.80   9.7    SO   24.8   26.5   26.5  1012.4   0.00    0.0    0.000   0.067   30.4    53   19.7   32.5    9.52   1.1362     351     1    100.0   15 
12/08/22   9:30   25.0   25.2   24.8    79   21.1    3.2      O   0.80   9.7     O   25.0   26.6   26.6  1012.5   0.00    0.0    0.000   0.069   30.6    54   20.2   33.1    9.71   1.1346     350     1    100.0   15 
12/08/22   9:45   25.7   26.0   25.2    78   21.5    3.2    OSO   0.80  16.1     S   25.7   27.4   27.4  1012.5   0.00    0.0    0.000   0.076   30.8    55   20.7   33.6    9.80   1.1329     351     1    100.0   15 
12/08/22  10:00   26.3   26.7   26.0    75   21.5    3.2    OSO   0.80  12.9   SSO   26.3   28.1   28.1  1012.4   0.00    0.0    0.000   0.083   30.9    55   20.8   33.7    9.80   1.1323     351     1    100.0   15 
12/08/22  10:15   27.1   27.4   26.7    71   21.4    3.2    OSO   0.80  11.3   OSO   27.1   29.1   29.1  1012.5   0.00    0.0    0.000   0.091   31.1    54   20.7   33.8    9.69   1.1320     351     1    100.0   15 
12/08/22  10:30   27.7   28.0   27.4    69   21.5    4.8      O   1.21  11.3   OSO   27.7   29.8   29.8  1012.5   0.00    0.0    0.000   0.097   31.2    54   20.8   34.0    9.69   1.1313     351     1    100.0   15 
12/08/22  10:45   28.4   28.6   28.0    62   20.4    3.2      O   0.80   9.7   SSO   28.4   30.2   30.2  1012.3   0.00    0.0    0.000   0.105   31.3    54   20.9   34.3    9.68   1.1305     351     1    100.0   15 
12/08/22  11:00   28.8   29.1   28.6    58   19.7    3.2      O   0.80  11.3     O   28.8   30.6   30.6  1012.2   0.00    0.0    0.000   0.109   31.5    53   20.8   34.4    9.48   1.1301     351     1    100.0   15 
12/08/22  11:15   29.7   30.0   29.1    60   21.1    3.2    SSO   0.80  11.3   SSE   29.7   32.3   32.3  1012.1   0.00    0.0    0.000   0.118   31.7    52   20.7   34.7    9.35   1.1293     351     1    100.0   15 
12/08/22  11:30   30.3   30.7   30.0    51   19.0    3.2      O   0.80   9.7    SO   30.3   31.9   31.9  1012.0   0.00    0.0    0.000   0.124   31.9    51   20.5   34.9    9.16   1.1286     351     1    100.0   15 
12/08/22  11:45   31.1   31.4   30.7    50   19.5    3.2      O   0.80  11.3   OSO   31.1   33.0   33.0  1011.9   0.00    0.0    0.000   0.133   32.2    51   20.7   35.2    9.15   1.1273     350     1    100.0   15 
12/08/22  12:00   31.6   32.1   31.3    43   17.5    4.8    OSO   1.21  16.1    SO   31.6   32.7   32.7  1011.8   0.00    0.0    0.000   0.138   32.4    50   20.6   35.4    9.04   1.1265     351     1    100.0   15 
12/08/22  12:15   32.5   32.9   32.1    47   19.7    3.2    OSO   0.80  11.3   OSO   32.5   35.0   35.0  1011.7   0.00    0.0    0.000   0.148   32.7    49   20.6   35.7    8.83   1.1255     351     1    100.0   15 
12/08/22  12:30   33.1   33.2   32.9    48   20.6    4.8    OSO   1.21  11.3    SO   33.1   36.4   36.4  1011.5   0.00    0.0    0.000   0.154   32.9    49   20.8   36.2    8.83   1.1242     352     1    100.0   15 
12/08/22  12:45   33.1   33.3   33.0    48   20.6    6.4    SSO   1.61  16.1    SO   33.1   36.4   36.4  1011.3   0.00    0.0    0.000   0.154   33.1    48   20.6   36.4    8.62   1.1233     351     1    100.0   15 
12/08/22  13:00   33.6   33.8   33.1    46   20.4    6.4    OSO   1.61  16.1     S   33.6   36.8   36.8  1011.0   0.00    0.0    0.000   0.159   33.4    48   20.9   36.9    8.61   1.1216     351     1    100.0   15 
12/08/22  13:15   34.1   34.6   33.8    45   20.5    6.4     SO   1.61  17.7   ESE   34.1   37.6   37.6  1010.9   0.00    0.0    0.000   0.164   33.6    47   20.7   37.1    8.45   1.1209     351     1    100.0   15 
12/08/22  13:30   34.8   35.1   34.5    45   21.1    4.8    SSO   1.21  16.1    SO   34.8   38.9   38.9  1010.7   0.00    0.0    0.000   0.171   33.8    47   20.9   37.6    8.45   1.1195     352     1    100.0   15 
12/08/22  13:45   35.2   35.3   35.1    44   21.1    6.4     SO   1.61  19.3    SE   35.2   39.6   39.6  1010.5   0.00    0.0    0.000   0.176   34.1    46   20.8   37.7    8.28   1.1187     349     1    100.0   15 
12/08/22  14:00   35.3   35.4   35.2    44   21.2    6.4    SSO   1.61  16.1     O   35.3   39.7   39.7  1010.4   0.00    0.0    0.000   0.177   34.3    46   21.0   38.2    8.28   1.1175     351     1    100.0   15 
12/08/22  14:15   35.7   35.9   35.2    43   21.2    6.4    SSO   1.61  16.1   OSO   35.7   40.3   40.3  1010.3   0.00    0.0    0.000   0.181   34.5    46   21.2   38.6    8.27   1.1161     349     1    100.0   15 
12/08/22  14:30   35.8   35.9   35.7    46   22.4    8.0    SSO   2.01  20.9    SO   35.8   41.4   41.4  1010.1   0.00    0.0    0.000   0.182   34.7    46   21.4   39.0    8.26   1.1151     352     1    100.0   15 
12/08/22  14:45   35.6   35.8   35.3    47   22.5    9.7    SSO   2.41  20.9    SO   35.6   41.3   41.3  1010.1   0.00    0.0    0.000   0.179   34.9    45   21.2   39.2    8.15   1.1145     351     1    100.0   15 
12/08/22  15:00   35.5   35.8   35.3    47   22.5    9.7    SSO   2.41  24.1   SSO   35.5   41.2   41.2  1009.8   0.00    0.0    0.000   0.179   35.1    45   21.3   39.5    8.15   1.1133     350     1    100.0   15 
12/08/22  15:15   35.9   36.3   35.6    46   22.5    8.0    SSO   2.01  24.1     S   35.9   41.7   41.7  1009.8   0.00    0.0    0.000   0.183   35.2    46   21.9   40.2    8.24   1.1118     351     1    100.0   15 
12/08/22  15:30   35.9   36.2   35.7    48   23.2    9.7     SO   2.41  20.9     S   35.9   42.4   42.4  1009.6   0.00    0.0    0.000   0.183   35.4    46   22.1   40.7    8.23   1.1104     351     1    100.0   15 
12/08/22  15:45   35.7   35.8   35.4    50   23.7   11.3    SSO   2.82  24.1     S   35.7   42.7   42.7  1009.5   0.00    0.0    0.000   0.181   35.6    46   22.2   41.1    8.23   1.1094     351     1    100.0   15 
12/08/22  16:00   35.5   35.8   35.3    49   23.1    9.7    SSO   2.41  24.1    SO   35.5   41.8   41.8  1009.3   0.00    0.0    0.000   0.179   35.8    46   22.4   41.4    8.22   1.1083     351     1    100.0   15 
12/08/22  16:15   35.7   35.8   35.5    50   23.6    9.7    SSO   2.41  24.1   SSE   35.7   42.6   42.6  1009.2   0.00    0.0    0.000   0.181   35.9    46   22.5   41.8    8.22   1.1074     351     1    100.0   15 
12/08/22  16:30   35.4   35.6   35.1    51   23.7   11.3    SSO   2.82  22.5     S   35.4   42.4   42.4  1009.1   0.00    0.0    0.000   0.178   36.1    46   22.6   42.1    8.21   1.1066     351     1    100.0   15 
12/08/22  16:45   34.8   35.3   34.4    52   23.5   12.9      S   3.22  29.0    SO   34.8   41.5   41.5  1009.1   0.00    0.0    0.000   0.172   36.2    46   22.8   42.4    8.21   1.1058     351     1    100.0   15 
12/08/22  17:00   34.6   34.7   34.3    51   23.0    9.7    SSO   2.41  24.1    SO   34.6   40.5   40.5  1009.2   0.00    0.0    0.000   0.170   36.3    46   22.9   42.7    8.20   1.1053     351     1    100.0   15 
12/08/22  17:15   34.4   34.7   34.3    51   22.8    9.7    SSO   2.41  32.2    SO   34.4   40.1   40.1  1009.1   0.00    0.0    0.000   0.168   36.4    46   23.0   43.0    8.20   1.1046     351     1    100.0   15 
12/08/22  17:30   34.1   34.7   33.5    54   23.4   12.9    SSO   3.22  27.4     S   34.1   40.4   40.4  1009.1   0.00    0.0    0.000   0.164   36.5    46   23.0   43.1    8.20   1.1043     350     1    100.0   15 
12/08/22  17:45   33.7   33.8   33.5    54   23.1    8.0    SSO   2.01  20.9    SO   33.7   39.6   39.6  1009.1   0.00    0.0    0.000   0.160   36.6    46   23.1   43.2    8.19   1.1040     352     1    100.0   15 
12/08/22  18:00   33.6   33.9   32.8    57   23.9    9.7      S   2.41  22.5   SSE   33.6   40.2   40.2  1009.3   0.00    0.0    0.000   0.159   36.6    46   23.1   43.4    8.19   1.1039     351     1    100.0   15 
12/08/22  18:15   32.7   33.0   32.6    56   22.8    9.7      S   2.41  20.9    SO   32.7   37.8   37.8  1009.2   0.00    0.0    0.000   0.150   36.6    46   23.1   43.4    8.19   1.1038     351     1    100.0   15 
12/08/22  18:30   33.2   33.3   33.0    54   22.6    9.7    SSO   2.41  22.5   SSO   33.2   38.2   38.2  1009.0   0.00    0.0    0.000   0.155   36.6    46   23.1   43.2    8.19   1.1039     350     1    100.0   15 
12/08/22  18:45   33.1   33.2   33.1    53   22.2    8.0      S   2.01  24.1   SSO   33.1   37.8   37.8  1009.5   0.00    0.0    0.000   0.154   36.3    46   22.9   42.7    8.20   1.1056     350     1    100.0   15 
12/08/22  19:00   32.5   33.1   32.3    53   21.7    8.0    SSE   2.01  17.7    SO   32.5   36.4   36.4  1009.9   0.00    0.0    0.000   0.148   36.1    46   22.7   42.2    8.21   1.1073     352     1    100.0   15 
12/08/22  19:15   32.2   32.3   32.0    52   21.1    8.0      S   2.01  16.1   SSE   32.2   35.5   35.5  1010.1   0.00    0.0    0.000   0.144   35.9    44   21.8   41.1    7.92   1.1097     351     1    100.0   15 
12/08/22  19:30   32.1   32.2   31.9    49   20.0    6.4    SSO   1.61  14.5   SSE   32.1   34.6   34.6  1010.0   0.00    0.0    0.000   0.143   35.8    44   21.6   40.7    7.92   1.1105     351     1    100.0   15 
12/08/22  19:45   32.2   32.3   32.1    49   20.2    6.4    SSO   1.61  12.9     S   32.2   34.8   34.8  1010.2   0.00    0.0    0.000   0.145   35.7    43   21.2   40.3    7.75   1.1116     350     1    100.0   15 
12/08/22  20:00   31.7   32.2   31.3    48   19.4    8.0    SSO   2.01  17.7   SSO   31.7   33.9   33.9  1010.1   0.00    0.0    0.000   0.139   35.7    42   20.8   39.9    7.55   1.1121     352     1    100.0   15 
12/08/22  20:15   31.1   31.3   30.9    48   18.8    6.4    SSO   1.61  16.1     S   31.1   32.6   32.6  1009.9   0.00    0.0    0.000   0.133   35.6    41   20.3   39.2    7.45   1.1135     351     1    100.0   15 
12/08/22  20:30   30.7   30.9   30.4    49   18.8    6.4     SO   1.61  16.1    SO   30.7   32.3   32.3  1009.9   0.00    0.0    0.000   0.129   35.4    41   20.2   39.0    7.45   1.1140     350     1    100.0   15 
12/08/22  20:45   30.1   30.4   29.9    51   18.9    4.8     SO   1.21  11.3   SSO   30.1   31.6   31.6  1009.8   0.00    0.0    0.000   0.123   35.3    41   20.0   38.7    7.45   1.1147     351     1    100.0   15 
12/08/22  21:00   29.6   29.9   29.3    53   19.0    3.2    OSO   0.80   9.7     O   29.6   31.1   31.1  1010.0   0.00    0.0    0.000   0.117   35.2    41   19.9   38.4    7.45   1.1155     351     1    100.0   15 
12/08/22  21:15   29.1   29.3   28.7    57   19.7    4.8      O   1.21  12.9   OSO   29.1   30.8   30.8  1010.2   0.00    0.0    0.000   0.112   35.1    42   20.2   38.6    7.55   1.1157     350     1    100.0   15 
12/08/22  21:30   28.4   28.7   28.2    60   19.9    3.2    OSO   0.80  11.3     O   28.4   30.1   30.1  1010.6   0.00    0.0    0.000   0.105   34.9    43   20.5   38.5    7.76   1.1163     351     1    100.0   15 
12/08/22  21:45   28.1   28.2   28.1    60   19.6    1.6      O   0.40   8.0   ONO   28.1   29.5   29.5  1010.7   0.00    0.0    0.000   0.102   34.8    43   20.4   38.3    7.77   1.1170     351     1    100.0   15 
12/08/22  22:00   27.9   28.1   27.7    63   20.2    3.2    OSO   0.80   9.7   OSO   27.9   29.6   29.6  1010.7   0.00    0.0    0.000   0.100   34.7    44   20.6   38.4    7.96   1.1170     351     1    100.0   15 
12/08/22  22:15   27.6   27.7   27.5    67   20.9    3.2      O   0.80   9.7   OSO   27.6   29.5   29.5  1010.7   0.00    0.0    0.000   0.097   34.4    45   20.8   38.2    8.15   1.1175     352     1    100.0   15 
12/08/22  22:30   27.3   27.5   27.2    71   21.6    3.2      O   0.80  11.3   ONO   27.3   29.4   29.4  1010.8   0.00    0.0    0.000   0.094   34.2    48   21.6   38.5    8.58   1.1172     351     1    100.0   15 
12/08/22  22:45   27.1   27.2   26.8    75   22.2    3.2    OSO   0.80  11.3    SO   27.1   29.4   29.4  1010.9   0.00    0.0    0.000   0.091   33.9    50   22.0   38.4    8.93   1.1176     351     1    100.0   15 
12/08/22  23:00   26.7   26.8   26.5    79   22.7    4.8    OSO   1.21  16.1   OSO   26.7   29.1   29.1  1010.8   0.00    0.0    0.000   0.087   33.7    52   22.4   38.7    9.25   1.1175     351     1    100.0   15 
12/08/22  23:15   26.4   26.5   26.3    81   22.9    3.2      O   0.80  11.3   OSO   26.4   28.8   28.8  1010.9   0.00    0.0    0.000   0.084   33.4    54   22.9   38.9    9.56   1.1176     351     1    100.0   15 
12/08/22  23:30   26.2   26.3   26.1    83   23.0    3.2    OSO   0.80  12.9   OSO   26.2   28.6   28.6  1010.8   0.00    0.0    0.000   0.082   33.2    55   23.0   38.7    9.68   1.1182     351     1    100.0   15 
12/08/22  23:45   26.0   26.1   25.9    83   22.9    1.6    OSO   0.40   6.4   OSO   26.0   28.3   28.3  1010.9   0.00    0.0    0.000   0.080   33.0    56   23.1   38.4    9.92   1.1189     348     1    100.0   15 
13/08/22  00:00   25.8   25.9   25.8    84   22.9    1.6      O   0.40   9.7     O   25.8   28.2   28.2  1010.8   0.00    0.0    0.000   0.078   32.8    56   22.9   38.1    9.93   1.1197     351     1    100.0   15 
13/08/22   0:15   25.7   25.8   25.6    84   22.8    3.2    OSO   0.80   8.0   OSO   25.7   28.0   28.0  1010.8   0.00    0.0    0.000   0.077   32.7    57   23.1   38.1   10.05   1.1197     349     1    100.0   15 
13/08/22   0:30   25.4   25.6   25.4    85   22.7    3.2      O   0.80   9.7   ONO   25.4   27.7   27.7  1010.9   0.00    0.0    0.000   0.074   32.6    57   23.0   37.8   10.05   1.1205     350     1    100.0   15 
13/08/22   0:45   25.3   25.4   25.3    86   22.8    1.6      O   0.40   8.0     O   25.3   27.6   27.6  1010.8   0.00    0.0    0.000   0.073   32.6    57   23.0   37.8   10.05   1.1203     351     1    100.0   15 
13/08/22   1:00   25.2   25.3   25.2    86   22.7    1.6      O   0.40   6.4     O   25.2   27.4   27.4  1010.7   0.00    0.0    0.000   0.072   32.6    58   23.2   37.9   10.25   1.1199     351     1    100.0   15 
13/08/22   1:15   25.1   25.2   25.0    86   22.5    1.6      O   0.40   6.4   OSO   25.1   27.1   27.1  1010.5   0.00    0.0    0.000   0.070   32.5    57   22.9   37.6   10.05   1.1206     350     1    100.0   15 
13/08/22   1:30   24.9   25.0   24.9    86   22.4    1.6    ONO   0.40   4.8   ONO   24.9   26.9   26.9  1010.4   0.00    0.0    0.000   0.069   32.3    58   23.0   37.4   10.25   1.1208     351     1    100.0   15 
13/08/22   1:45   24.8   24.9   24.7    86   22.3    0.0      O   0.00   4.8     O   24.8   26.8   26.8  1010.1   0.00    0.0    0.000   0.068   32.2    57   22.6   36.9   10.05   1.1217     352     1    100.0   15 
13/08/22   2:00   24.8   24.8   24.7    85   22.1    0.0      O   0.00   4.8     O   24.8   26.7   26.7  1010.0   0.00    0.0    0.000   0.067   32.1    58   22.8   36.9   10.25   1.1215     351     1    100.0   15 
13/08/22   2:15   24.8   24.8   24.7    84   21.9    1.6      O   0.40   4.8   ONO   24.8   26.6   26.6  1009.8   0.00    0.0    0.000   0.067   31.9    57   22.4   36.3   10.07   1.1228     350     1    100.0   15 
13/08/22   2:30   24.7   24.8   24.7    84   21.8    0.0      O   0.00   3.2     O   24.7   26.6   26.6  1009.8   0.00    0.0    0.000   0.067   31.8    57   22.3   36.0   10.08   1.1234     351     1    100.0   15 
13/08/22   2:45   24.7   24.7   24.6    84   21.8    0.0      O   0.00   3.2     O   24.7   26.5   26.5  1009.6   0.00    0.0    0.000   0.066   31.7    57   22.2   35.8   10.09   1.1238     351     1    100.0   15 
13/08/22   3:00   24.6   24.7   24.5    82   21.3    1.6      O   0.40   4.8    SO   24.6   26.3   26.3  1009.6   0.00    0.0    0.000   0.065   31.6    57   22.1   35.5   10.09   1.1244     351     1    100.0   15 
13/08/22   3:15   24.6   24.8   24.5    81   21.1    1.6    SSO   0.40   8.0    NE   24.6   26.3   26.3  1009.2   0.00    0.0    0.000   0.065   31.5    56   21.7   35.1    9.98   1.1250     349     1    100.0   15 
13/08/22   3:30   24.6   24.7   24.6    81   21.1    0.0    SSO   0.00   4.8   SSO   24.6   26.3   26.3  1009.1   0.00    0.0    0.000   0.065   31.4    56   21.6   34.8    9.98   1.1255     350     1    100.0   15 
13/08/22   3:45   24.8   25.0   24.7    80   21.1    1.6    SSO   0.40   4.8   SSO   24.8   26.5   26.5  1009.1   0.00    0.0    0.000   0.068   31.3    56   21.5   34.7    9.98   1.1258     348     1    100.0   15 
13/08/22   4:00   24.9   25.0   24.8    81   21.4    1.6     SO   0.40   4.8    SO   24.9   26.6   26.6  1008.9   0.00    0.0    0.000   0.068   31.3    56   21.5   34.6    9.98   1.1259     352     1    100.0   15 
13/08/22   4:15   24.6   24.8   24.3    78   20.5    0.0     SO   0.00   3.2    SO   24.6   26.1   26.1  1008.8   0.00    0.0    0.000   0.065   31.2    56   21.4   34.4    9.99   1.1261     350     1    100.0   15 
13/08/22   4:30   24.4   24.4   24.3    75   19.7    1.6    SSO   0.40   4.8    SO   24.4   25.7   25.7  1008.9   0.00    0.0    0.000   0.063   31.1    55   21.0   33.9    9.79   1.1273     351     1    100.0   15 
13/08/22   4:45   24.2   24.3   23.9    74   19.3    3.2    OSO   0.80   6.4   OSO   24.2   25.4   25.4  1008.9   0.00    0.0    0.000   0.061   31.1    53   20.4   33.5    9.49   1.1287     351     1    100.0   15 
13/08/22   5:00   23.7   23.9   23.5    79   19.9    3.2    OSO   0.80   6.4   OSO   23.7   25.0   25.0  1009.0   0.00    0.0    0.000   0.056   30.9    53   20.2   33.3    9.50   1.1294     352     1    100.0   15 
13/08/22   5:15   23.6   23.7   23.5    76   19.1    3.2    OSO   0.80   6.4   OSO   23.6   24.7   24.7  1008.8   0.00    0.0    0.000   0.054   30.8    53   20.1   33.2    9.50   1.1297     351     1    100.0   15 
13/08/22   5:30   23.7   23.7   23.6    74   18.8    1.6      O   0.40   6.4    NO   23.7   24.7   24.7  1008.8   0.00    0.0    0.000   0.056   30.7    52   19.7   32.9    9.35   1.1308     351     1    100.0   15 
13/08/22   5:45   23.6   23.6   23.4    74   18.6    1.6     NO   0.40   8.0   OSO   23.6   24.6   24.6  1008.8   0.00    0.0    0.000   0.054   30.6    52   19.6   32.7    9.35   1.1313     351     1    100.0   15 
