                 Temp.  Temp.  Temp.  Hum.   Punt   Vel.   Dir.   Rec.  Vel.  Dir.  Sens.   Índ.   Índ.                  Int. Graus D.Graus D.  Temp.  Hum. Rosada  In.Cal.  EMC     Dens.    Mostr   Tx   Recep.  Int.
  Data    Hora    Ext.   Màx.   Mín.  Ext. Rosada   Vent   Vent   Vent  Màx.  Màx.  Tèrm.  Calor   THW    Bar    Pluja   Pluja  Calor    Fred    Int.  Int.   Int.   Int.    Int.  Int.Aire    Vent   Vent   ISS   Arc.
-------------------------------------------------------------------------------------------------------------------------------------------------------------------------------------------------------------------------
23/08/22   0:15   22.7   22.7   22.7    86   20.2    0.0      O   0.00   3.2     O   22.7   23.8   23.8  1012.8   0.00    0.0    0.000   0.045   29.2    60   20.6   31.4   10.75   1.1398     349     1    100.0   15 
23/08/22   0:30   22.7   22.7   22.7    86   20.2    0.0      O   0.00   3.2     O   22.7   23.8   23.8  1012.9   0.00    0.0    0.000   0.045   29.1    60   20.6   31.3   10.75   1.1401     349     1    100.0   15 
23/08/22   0:45   22.6   22.7   22.6    86   20.1    0.0      O   0.00   3.2     O   22.6   23.7   23.7  1012.8   0.00    0.0    0.000   0.044   29.0    60   20.4   31.1   10.75   1.1407     352     1    100.0   15 
23/08/22   1:00   22.4   22.6   22.4    87   20.2    0.0      O   0.00   3.2     O   22.4   23.6   23.6  1012.9   0.00    0.0    0.000   0.043   28.9    60   20.4   31.1   10.75   1.1410     351     1    100.0   15 
23/08/22   1:15   22.4   22.4   22.3    87   20.1    0.0      O   0.00   3.2     O   22.4   23.6   23.6  1012.9   0.00    0.0    0.000   0.042   28.8    60   20.3   30.8   10.75   1.1417     351     1    100.0   15 
23/08/22   1:30   22.3   22.3   22.3    87   20.1    0.0      O   0.00   3.2     O   22.3   23.4   23.4  1012.9   0.00    0.0    0.000   0.042   28.8    60   20.2   30.7   10.75   1.1420     351     1    100.0   15 
23/08/22   1:45   22.3   22.3   22.2    87   20.0    1.6      O   0.40   3.2     O   22.3   23.4   23.4  1012.9   0.00    0.0    0.000   0.041   28.7    61   20.5   30.8   10.95   1.1418     351     1    100.0   15 
23/08/22   2:00   22.3   22.3   22.3    86   19.9    1.6      O   0.40   3.2     O   22.3   23.4   23.4  1012.7   0.00    0.0    0.000   0.042   28.7    61   20.4   30.7   10.95   1.1419     351     1    100.0   15 
23/08/22   2:15   22.3   22.3   22.2    87   20.0    0.0      O   0.00   3.2     O   22.3   23.4   23.4  1012.7   0.00    0.0    0.000   0.041   28.6    61   20.3   30.4   10.95   1.1424     349     1    100.0   15 
23/08/22   2:30   22.2   22.2   22.2    87   19.9    0.0      O   0.00   1.6     O   22.2   23.3   23.3  1012.7   0.00    0.0    0.000   0.040   28.5    61   20.2   30.3   10.95   1.1428     351     1    100.0   15 
23/08/22   2:45   22.1   22.2   21.9    87   19.8    0.0      O   0.00   3.2     O   22.1   23.2   23.2  1012.6   0.00    0.0    0.000   0.039   28.4    61   20.2   30.2   10.95   1.1430     351     1    100.0   15 
23/08/22   3:00   21.9   22.0   21.9    87   19.7    1.6    SSO   0.40   3.2     S   21.9   23.1   23.1  1012.6   0.00    0.0    0.000   0.038   28.3    61   20.1   29.9   10.95   1.1435     351     1    100.0   15 
23/08/22   3:15   21.9   22.0   21.8    88   19.8    1.6    ONO   0.40   4.8   ONO   21.9   23.0   23.0  1012.6   0.00    0.0    0.000   0.037   28.3    61   20.0   29.9   10.95   1.1438     351     1    100.0   15 
23/08/22   3:30   21.7   21.8   21.6    88   19.6    0.0    ONO   0.00   3.2   ONO   21.7   22.8   22.8  1012.6   0.00    0.0    0.000   0.035   28.2    61   20.0   29.8   10.95   1.1441     351     1    100.0   15 
23/08/22   3:45   21.6   21.6   21.5    88   19.5    1.6    ONO   0.40   3.2   ONO   21.6   22.7   22.7  1012.6   0.00    0.0    0.000   0.034   28.2    61   19.9   29.7   10.95   1.1445     351     1    100.0   15 
23/08/22   4:00   21.5   21.6   21.5    88   19.4    1.6    ONO   0.40   4.8   ONO   21.5   22.6   22.6  1012.8   0.00    0.0    0.000   0.033   28.1    61   19.8   29.6   10.95   1.1452     352     1    100.0   15 
23/08/22   4:15   21.5   21.6   21.4    88   19.4    0.0    ONO   0.00   3.2   ONO   21.5   22.6   22.6  1012.8   0.00    0.0    0.000   0.033   28.0    61   19.8   29.4   10.95   1.1455     351     1    100.0   15 
23/08/22   4:30   21.3   21.4   21.1    88   19.2    1.6    ONO   0.40   4.8   ONO   21.3   22.3   22.3  1012.8   0.00    0.0    0.000   0.031   27.9    61   19.7   29.4   10.95   1.1459     351     1    100.0   15 
23/08/22   4:45   21.0   21.1   20.9    89   19.1    1.6     NO   0.40   4.8    NO   21.0   22.1   22.1  1012.7   0.00    0.0    0.000   0.028   27.9    61   19.7   29.3   10.95   1.1461     350     1    100.0   15 
23/08/22   5:00   20.9   20.9   20.8    89   19.0    1.6     NO   0.40   4.8    NO   20.9   21.9   21.9  1012.7   0.00    0.0    0.000   0.027   27.8    61   19.6   29.1   10.95   1.1466     351     1    100.0   15 
23/08/22   5:15   20.8   20.8   20.7    89   18.9    1.6     NO   0.40   4.8    NO   20.8   21.8   21.8  1012.8   0.00    0.0    0.000   0.025   27.7    61   19.5   29.0   10.95   1.1471     352     1    100.0   15 
23/08/22   5:30   20.9   20.9   20.8    90   19.2    1.6     NO   0.40   3.2    NO   20.9   22.0   22.0  1012.8   0.00    0.0    0.000   0.027   27.7    61   19.5   28.9   10.95   1.1474     351     1    100.0   15 
23/08/22   5:45   20.9   20.9   20.9    91   19.4    1.6     NO   0.40   3.2    NO   20.9   22.1   22.1  1012.8   0.00    0.0    0.000   0.027   27.6    61   19.4   28.8   10.95   1.1476     349     1    100.0   15 
23/08/22   6:00   21.0   21.1   20.9    91   19.5    1.6     NO   0.40   3.2    NO   21.0   22.2   22.2  1012.8   0.00    0.0    0.000   0.028   27.6    61   19.4   28.8   10.95   1.1479     352     1    100.0   15 
23/08/22   6:15   20.9   21.1   20.6    90   19.2    0.0     NO   0.00   1.6    NO   20.9   22.0   22.0  1012.8   0.00    0.0    0.000   0.027   27.5    62   19.6   28.8   11.12   1.1478     351     1    100.0   15 
23/08/22   6:30   20.2   20.6   20.1    91   18.7    0.0     NO   0.00   3.2    NO   20.2   21.3   21.3  1012.9   0.00    0.0    0.000   0.020   27.4    62   19.5   28.7   11.12   1.1482     349     1    100.0   15 
23/08/22   6:45   20.2   20.2   20.1    90   18.5    0.0     NO   0.00   3.2    NO   20.2   21.2   21.2  1013.0   0.00    0.0    0.000   0.019   27.4    62   19.5   28.6   11.12   1.1487     351     1    100.0   15 
23/08/22   7:00   20.2   20.2   20.1    90   18.5    1.6      O   0.40   4.8   ONO   20.2   21.2   21.2  1013.1   0.00    0.0    0.000   0.019   27.3    62   19.4   28.5   11.13   1.1491     349     1    100.0   15 
23/08/22   7:15   20.1   20.2   20.0    89   18.2    1.6     NO   0.40   4.8    NO   20.1   21.1   21.1  1013.3   0.00    0.0    0.000   0.019   27.3    62   19.4   28.4   11.13   1.1496     350     1    100.0   15 
23/08/22   7:30   20.1   20.1   20.0    90   18.4    0.0     NO   0.00   1.6    NO   20.1   21.0   21.0  1013.3   0.00    0.0    0.000   0.018   27.2    62   19.3   28.3   11.13   1.1499     351     1    100.0   15 
23/08/22   7:45   20.4   20.6   20.2    90   18.7    1.6    ENE   0.40   4.8   ENE   20.4   21.4   21.4  1013.3   0.00    0.0    0.000   0.021   27.2    62   19.3   28.3   11.13   1.1502     351     1    100.0   15 
23/08/22   8:00   20.8   20.8   20.6    89   18.9    3.2    ENE   0.80   8.0     E   20.8   21.8   21.8  1013.4   0.00    0.0    0.000   0.025   27.2    62   19.3   28.3   11.13   1.1500     351     1    100.0   15 
23/08/22   8:15   21.0   21.3   20.8    89   19.1    0.0      E   0.00   3.2     E   21.0   22.1   22.1  1013.5   0.00    0.0    0.000   0.028   27.6    61   19.4   28.8   10.95   1.1488     350     1    100.0   15 
23/08/22   8:30   21.4   21.6   21.3    88   19.4    1.6      E   0.40   3.2     E   21.4   22.5   22.5  1013.6   0.00    0.0    0.000   0.032   28.0    60   19.5   29.3   10.75   1.1470     352     1    100.0   15 
23/08/22   8:45   21.8   22.0   21.6    85   19.1    0.0      E   0.00   3.2     E   21.8   22.8   22.8  1013.6   0.00    0.0    0.000   0.036   28.4    60   19.9   29.9   10.75   1.1448     351     1    100.0   15 
23/08/22   9:00   22.2   22.3   22.1    82   18.9    0.0     SO   0.00   3.2     E   22.2   23.1   23.1  1013.6   0.00    0.0    0.000   0.040   28.8    59   20.0   30.6   10.55   1.1432     351     1    100.0   15 
23/08/22   9:15   22.7   23.2   22.3    80   19.1    1.6     SE   0.40   6.4   ESE   22.7   23.7   23.7  1013.7   0.00    0.0    0.000   0.046   29.2    59   20.3   31.3   10.55   1.1413     351     1    100.0   15 
23/08/22   9:30   23.2   23.2   23.1    80   19.5    3.2    ESE   0.80   8.0     E   23.2   24.2   24.2  1013.7   0.00    0.0    0.000   0.050   29.7    58   20.5   32.0   10.34   1.1391     350     1    100.0   15 
23/08/22   9:45   23.2   23.3   23.2    80   19.6    4.8    ESE   1.21  11.3   ESE   23.2   24.3   24.3  1013.7   0.00    0.0    0.000   0.051   30.1    57   20.6   32.6   10.21   1.1374     350     1    100.0   15 
23/08/22  10:00   23.4   23.6   23.2    77   19.1    3.2    ESE   0.80  11.3   ESE   23.4   24.5   24.5  1013.7   0.00    0.0    0.000   0.053   30.4    57   20.9   33.3   10.18   1.1357     351     1    100.0   15 
23/08/22  10:15   23.7   23.9   23.6    76   19.2    4.8      E   1.21  11.3     E   23.7   24.8   24.8  1013.8   0.00    0.0    0.000   0.056   30.7    56   20.9   33.6   10.01   1.1347     351     1    100.0   15 
23/08/22  10:30   24.3   24.7   23.9    73   19.1    4.8    ENE   1.21  12.9   ENE   24.3   25.4   25.4  1013.8   0.00    0.0    0.000   0.062   30.9    56   21.1   33.8   10.00   1.1336     352     1    100.0   15 
23/08/22  10:45   25.0   25.2   24.7    68   18.7    4.8    ENE   1.21   9.7     E   25.0   25.9   25.9  1013.8   0.00    0.0    0.000   0.069   31.1    55   21.0   33.9    9.79   1.1332     351     1    100.0   15 
23/08/22  11:00   25.4   25.7   25.2    66   18.6    4.8    ESE   1.21  14.5     E   25.4   26.3   26.3  1013.9   0.00    0.0    0.000   0.074   31.2    55   21.1   34.1    9.79   1.1327     351     1    100.0   15 
23/08/22  11:15   26.1   26.3   25.7    64   18.8    3.2     SE   0.80   9.7    SE   26.1   27.0   27.0  1013.9   0.00    0.0    0.000   0.081   31.3    54   20.9   34.3    9.68   1.1323     351     1    100.0   15 
23/08/22  11:30   26.6   26.8   26.3    63   19.0    3.2    ENE   0.80  11.3   ESE   26.6   27.6   27.6  1013.8   0.00    0.0    0.000   0.086   31.5    54   21.1   34.7    9.68   1.1314     350     1    100.0   15 
23/08/22  11:45   27.3   27.5   26.8    59   18.6    3.2    ENE   0.80  11.3   ENE   27.3   28.2   28.2  1013.8   0.00    0.0    0.000   0.093   31.6    53   20.9   34.7    9.47   1.1313     352     1    100.0   15 
23/08/22  12:00   27.4   27.6   27.3    59   18.7    4.8     SO   1.21  14.5     S   27.4   28.4   28.4  1013.7   0.00    0.0    0.000   0.095   31.8    53   21.0   35.1    9.47   1.1303     351     1    100.0   15 
23/08/22  12:15   27.7   28.3   27.4    57   18.4    4.8    OSO   1.21  16.1     E   27.7   28.7   28.7  1013.4   0.00    0.0    0.000   0.098   31.9    53   21.1   35.2    9.46   1.1294     351     1    100.0   15 
23/08/22  12:30   28.5   28.7   28.2    56   18.9    4.8    SSO   1.21  17.7     E   28.5   29.8   29.8  1013.4   0.00    0.0    0.000   0.106   32.0    52   20.9   35.2    9.35   1.1293     351     1    100.0   15 
23/08/22  12:45   28.6   28.7   28.5    56   19.0    8.0      S   2.01  17.7    SE   28.6   29.9   29.9  1013.3   0.00    0.0    0.000   0.107   32.1    52   21.0   35.4    9.35   1.1286     351     1    100.0   15 
23/08/22  13:00   28.9   29.3   28.5    54   18.6    4.8      S   1.21  17.7   OSO   28.9   30.2   30.2  1013.1   0.00    0.0    0.000   0.110   32.2    52   21.1   35.6    9.35   1.1278     350     1    100.0   15 
23/08/22  13:15   29.2   29.3   29.1    55   19.3    6.4      S   1.61  17.7     S   29.2   30.8   30.8  1012.9   0.00    0.0    0.000   0.113   32.3    52   21.2   35.7    9.35   1.1273     351     1    100.0   15 
23/08/22  13:30   29.3   29.5   29.1    56   19.6    8.0      S   2.01  19.3     S   29.3   31.0   31.0  1012.7   0.00    0.0    0.000   0.114   32.3    51   20.9   35.6    9.15   1.1273     351     1    100.0   15 
23/08/22  13:45   29.6   29.8   29.2    54   19.3    8.0      S   2.01  19.3   ESE   29.6   31.2   31.2  1012.6   0.00    0.0    0.000   0.117   32.4    51   21.0   35.8    9.14   1.1266     352     1    100.0   15 
23/08/22  14:00   29.7   29.9   29.4    54   19.4    6.4      S   1.61  16.1    SO   29.7   31.4   31.4  1012.5   0.00    0.0    0.000   0.119   32.5    51   21.1   35.9    9.14   1.1262     351     1    100.0   15 
23/08/22  14:15   29.8   29.9   29.7    55   19.8    8.0    SSE   2.01  22.5    SE   29.8   31.8   31.8  1012.4   0.00    0.0    0.000   0.120   32.6    51   21.2   36.1    9.14   1.1255     350     1    100.0   15 
23/08/22  14:30   29.9   30.1   29.7    56   20.2    8.0     SE   2.01  20.9   ESE   29.9   32.2   32.2  1012.4   0.00    0.0    0.000   0.121   32.7    51   21.3   36.3    9.13   1.1249     351     1    100.0   15 
23/08/22  14:45   29.9   30.0   29.7    55   19.9    8.0      S   2.01  19.3     S   29.9   31.8   31.8  1012.2   0.00    0.0    0.000   0.120   32.8    51   21.4   36.6    9.13   1.1241     350     1    100.0   15 
23/08/22  15:00   30.2   30.5   29.8    53   19.5    6.4    SSO   1.61  17.7   SSO   30.2   32.1   32.1  1012.1   0.00    0.0    0.000   0.123   32.9    51   21.5   36.8    9.12   1.1234     352     1    100.0   15 
23/08/22  15:15   30.4   30.7   30.2    54   20.1    8.0      S   2.01  20.9     S   30.4   32.8   32.8  1012.1   0.00    0.0    0.000   0.126   33.1    51   21.6   37.1    9.12   1.1228     351     1    100.0   15 
23/08/22  15:30   30.2   30.4   29.8    55   20.1    9.7      S   2.41  20.9   SSE   30.2   32.4   32.4  1012.0   0.00    0.0    0.000   0.123   33.2    51   21.7   37.3    9.12   1.1221     351     1    100.0   15 
23/08/22  15:45   29.7   29.9   29.5    54   19.4   11.3    SSO   2.82  19.3     S   29.7   31.4   31.4  1011.9   0.00    0.0    0.000   0.119   33.3    50   21.4   37.2    8.97   1.1220     351     1    100.0   15 
23/08/22  16:00   30.1   30.1   29.9    54   19.7    9.7    SSO   2.41  19.3   SSO   30.1   32.0   32.0  1011.8   0.00    0.0    0.000   0.122   33.3    50   21.5   37.3    8.97   1.1216     352     1    100.0   15 
23/08/22  16:15   30.1   30.3   29.9    54   19.8    9.7    SSO   2.41  20.9   SSO   30.1   32.1   32.1  1011.8   0.00    0.0    0.000   0.123   33.4    50   21.5   37.4    8.97   1.1212     351     1    100.0   15 
23/08/22  16:30   29.9   30.1   29.8    54   19.6    9.7    SSO   2.41  25.7    SO   29.9   31.7   31.7  1011.7   0.00    0.0    0.000   0.120   33.4    50   21.6   37.5    8.96   1.1209     351     1    100.0   15 
23/08/22  16:45   29.6   30.1   29.1    57   20.1   11.3      S   2.82  25.7     S   29.6   31.6   31.6  1011.7   0.00    0.0    0.000   0.117   33.5    50   21.7   37.6    8.96   1.1205     351     1    100.0   15 
23/08/22  17:00   29.3   29.6   29.1    56   19.6    9.7    SSO   2.41  22.5     S   29.3   31.0   31.0  1011.6   0.00    0.0    0.000   0.114   33.6    50   21.7   37.7    8.95   1.1202     351     1    100.0   15 
23/08/22  17:15   29.6   29.7   29.6    56   19.9    8.0      S   2.01  22.5    SE   29.6   31.6   31.6  1011.6   0.00    0.0    0.000   0.117   33.6    50   21.8   37.8    8.95   1.1199     351     1    100.0   15 
23/08/22  17:30   29.7   29.9   29.5    56   20.0    8.0    SSO   2.01  22.5   SSE   29.7   31.7   31.7  1011.6   0.00    0.0    0.000   0.119   33.6    50   21.8   37.8    8.95   1.1199     350     1    100.0   15 
23/08/22  17:45   29.6   29.8   29.2    57   20.1    9.7      S   2.41  25.7     S   29.6   31.6   31.6  1011.6   0.00    0.0    0.000   0.117   33.6    50   21.8   37.8    8.95   1.1199     350     1    100.0   15 
23/08/22  18:00   29.2   29.5   29.1    57   19.8    8.0      S   2.01  17.7     S   29.2   31.1   31.1  1011.5   0.00    0.0    0.000   0.113   33.6    50   21.8   37.8    8.95   1.1198     351     1    100.0   15 
23/08/22  18:15   28.9   29.1   28.7    58   19.8    8.0      S   2.01  20.9   SSO   28.9   30.8   30.8  1011.5   0.00    0.0    0.000   0.111   33.6    50   21.7   37.7    8.95   1.1200     352     1    100.0   15 
23/08/22  18:30   28.7   29.1   28.6    59   19.9    9.7    SSO   2.41  20.9     S   28.7   30.5   30.5  1011.4   0.00    0.0    0.000   0.108   33.5    50   21.7   37.6    8.96   1.1203     351     1    100.0   15 
23/08/22  18:45   28.6   28.7   28.4    60   20.0    8.0    SSO   2.01  19.3    SE   28.6   30.3   30.3  1011.4   0.00    0.0    0.000   0.106   33.4    50   21.6   37.5    8.96   1.1206     350     1    100.0   15 
23/08/22  19:00   28.6   28.8   28.5    59   19.8    8.0    SSO   2.01  19.3     S   28.6   30.3   30.3  1011.3   0.00    0.0    0.000   0.107   33.4    50   21.5   37.4    8.97   1.1207     351     1    100.0   15 
23/08/22  19:15   28.6   28.7   28.4    60   20.0    8.0      S   2.01  16.1   SSO   28.6   30.3   30.3  1011.4   0.00    0.0    0.000   0.106   33.3    50   21.4   37.2    8.97   1.1214     352     1    100.0   15 
23/08/22  19:30   28.1   28.4   27.9    60   19.6    9.7    SSO   2.41  19.3   SSE   28.1   29.5   29.5  1011.5   0.00    0.0    0.000   0.102   33.2    50   21.4   37.1    8.98   1.1218     351     1    100.0   15 
23/08/22  19:45   27.8   27.9   27.7    61   19.6    8.0    SSO   2.01  17.7    SO   27.8   29.1   29.1  1011.5   0.00    0.0    0.000   0.098   33.1    50   21.3   36.8    8.99   1.1224     351     1    100.0   15 
23/08/22  20:00   27.7   27.7   27.4    61   19.5    6.4    SSO   1.61  16.1     S   27.7   28.9   28.9  1011.7   0.00    0.0    0.000   0.097   33.0    51   21.5   36.9    9.12   1.1226     350     1    100.0   15 
23/08/22  20:15   27.2   27.4   26.9    61   19.0    6.4      S   1.61  17.7     S   27.2   28.2   28.2  1011.9   0.00    0.0    0.000   0.092   32.9    51   21.4   36.7    9.13   1.1235     351     1    100.0   15 
23/08/22  20:30   26.8   26.9   26.6    64   19.4    4.8      S   1.21  12.9   SSO   26.8   27.9   27.9  1012.0   0.00    0.0    0.000   0.088   32.8    51   21.3   36.4    9.13   1.1242     351     1    100.0   15 
23/08/22  20:45   26.4   26.6   26.3    65   19.3    3.2    SSO   0.80   9.7     S   26.4   27.5   27.5  1012.2   0.00    0.0    0.000   0.084   32.6    51   21.2   36.1    9.14   1.1253     350     1    100.0   15 
23/08/22  21:00   26.1   26.3   25.9    67   19.5    3.2      S   0.80   8.0     S   26.1   27.2   27.2  1012.4   0.00    0.0    0.000   0.081   32.4    51   21.0   35.8    9.14   1.1264     350     1    100.0   15 
23/08/22  21:15   25.9   26.0   25.8    67   19.3    3.2      S   0.80   8.0   SSO   25.9   26.9   26.9  1012.6   0.00    0.0    0.000   0.079   32.3    51   20.9   35.6    9.15   1.1272     351     1    100.0   15 
23/08/22  21:30   25.6   25.8   25.4    69   19.5    1.6    SSE   0.40   6.4     S   25.6   26.7   26.7  1012.9   0.00    0.0    0.000   0.076   32.2    51   20.7   35.2    9.15   1.1284     352     1    100.0   15 
23/08/22  21:45   25.3   25.4   25.1    72   19.9    3.2    SSE   0.80   6.4   SSE   25.3   26.5   26.5  1013.1   0.00    0.0    0.000   0.072   32.1    52   21.0   35.3    9.35   1.1287     350     1    100.0   15 
23/08/22  22:00   25.0   25.1   24.9    74   20.0    3.2    SSO   0.80   9.7     S   25.0   26.3   26.3  1013.3   0.00    0.0    0.000   0.069   31.9    52   20.9   35.1    9.35   1.1295     351     1    100.0   15 
23/08/22  22:15   24.8   24.9   24.8    75   20.0    3.2    SSO   0.80   6.4     S   24.8   26.2   26.2  1013.4   0.00    0.0    0.000   0.067   31.8    52   20.8   34.9    9.35   1.1303     351     1    100.0   15 
23/08/22  22:30   24.7   24.8   24.7    75   20.0    1.6      S   0.40   6.4     S   24.7   26.1   26.1  1013.7   0.00    0.0    0.000   0.067   31.7    52   20.7   34.7    9.35   1.1311     352     1    100.0   15 
23/08/22  22:45   24.6   24.7   24.4    76   20.1    1.6      S   0.40   4.8   SSO   24.6   26.0   26.0  1013.7   0.00    0.0    0.000   0.065   31.6    53   20.9   34.7    9.47   1.1312     351     1    100.0   15 
23/08/22  23:00   24.4   24.5   24.4    76   19.9    0.0      S   0.00   1.6     S   24.4   25.8   25.8  1013.8   0.00    0.0    0.000   0.064   31.5    53   20.8   34.4    9.48   1.1319     351     1    100.0   15 
23/08/22  23:15   24.6   24.6   24.5    78   20.5    0.0    ---   0.00   0.0   ---   24.6   26.1   26.1  1013.8   0.00    0.0    0.000   0.065   31.4    53   20.7   34.2    9.48   1.1325     351     1    100.0   15 
23/08/22  23:30   24.5   24.6   24.5    79   20.6    0.0      S   0.00   1.6     S   24.5   26.1   26.1  1013.8   0.00    0.0    0.000   0.064   31.3    54   20.9   34.2    9.68   1.1326     352     1    100.0   15 
23/08/22  23:45   24.4   24.5   24.4    80   20.8    0.0    ---   0.00   0.0   ---   24.4   26.1   26.1  1013.9   0.00    0.0    0.000   0.064   31.2    54   20.8   33.9    9.69   1.1333     351     1    100.0   15 
24/08/22  00:00   24.4   24.4   24.3    80   20.7    0.0    ---   0.00   0.0   ---   24.4   26.0   26.0  1014.0   0.00    0.0    0.000   0.063   31.1    54   20.7   33.8    9.69   1.1337     351     1    100.0   15 
24/08/22   0:15   24.3   24.4   24.3    81   20.9    0.0    ---   0.00   0.0   ---   24.3   25.9   25.9  1014.0   0.00    0.0    0.000   0.063   31.1    54   20.7   33.7    9.69   1.1340     348     1    100.0   15 
24/08/22   0:30   24.3   24.3   24.2    82   21.0    0.0    ---   0.00   0.0   ---   24.3   25.9   25.9  1014.0   0.00    0.0    0.000   0.062   30.9    55   20.8   33.7    9.80   1.1340     351     1    100.0   15 
24/08/22   0:45   24.2   24.2   24.1    82   20.9    0.0    ---   0.00   0.0   ---   24.2   25.8   25.8  1013.9   0.00    0.0    0.000   0.061   30.8    55   20.7   33.6    9.80   1.1346     351     1    100.0   15 
24/08/22   1:00   24.1   24.1   23.9    82   20.8    0.0    ---   0.00   0.0   ---   24.1   25.6   25.6  1013.9   0.00    0.0    0.000   0.060   30.8    55   20.7   33.5    9.80   1.1348     352     1    100.0   15 
24/08/22   1:15   23.9   23.9   23.9    83   20.9    0.0    ---   0.00   0.0   ---   23.9   25.5   25.5  1014.0   0.00    0.0    0.000   0.058   30.7    56   20.9   33.6   10.01   1.1350     351     1    100.0   15 
24/08/22   1:30   23.8   23.9   23.8    83   20.8    0.0    ---   0.00   0.0   ---   23.8   25.3   25.3  1013.9   0.00    0.0    0.000   0.057   30.6    56   20.8   33.5   10.01   1.1352     351     1    100.0   15 
24/08/22   1:45   23.7   23.8   23.6    84   20.9    0.0      S   0.00   1.6     S   23.7   25.2   25.2  1013.9   0.00    0.0    0.000   0.056   30.6    56   20.8   33.4   10.01   1.1355     350     1    100.0   15 
24/08/22   2:00   23.4   23.6   23.3    85   20.8    0.0      O   0.00   3.2     O   23.4   24.8   24.8  1013.8   0.00    0.0    0.000   0.053   30.4    56   20.7   33.2   10.01   1.1360     352     1    100.0   15 
24/08/22   2:15   23.3   23.3   23.2    85   20.6    0.0      O   0.00   3.2     O   23.3   24.5   24.5  1013.7   0.00    0.0    0.000   0.052   30.4    56   20.6   33.1   10.02   1.1361     351     1    100.0   15 
24/08/22   2:30   23.2   23.3   23.1    87   20.9    1.6      O   0.40   6.4     O   23.2   24.4   24.4  1013.5   0.00    0.0    0.000   0.050   30.3    57   20.9   33.2   10.19   1.1358     351     1    100.0   15 
24/08/22   2:45   23.1   23.2   23.1    88   21.0    1.6      O   0.40   8.0     O   23.1   24.4   24.4  1013.6   0.00    0.0    0.000   0.050   30.2    57   20.8   32.9   10.19   1.1364     351     1    100.0   15 
24/08/22   3:00   23.1   23.2   23.1    89   21.2    0.0      O   0.00   6.4     O   23.1   24.4   24.4  1013.5   0.00    0.0    0.000   0.050   30.1    57   20.7   32.7   10.20   1.1369     349     1    100.0   15 
24/08/22   3:15   23.1   23.2   23.1    89   21.2    1.6    ONO   0.40   4.8   ONO   23.1   24.4   24.4  1013.4   0.00    0.0    0.000   0.050   30.1    57   20.6   32.6   10.21   1.1372     352     1    100.0   15 
24/08/22   3:30   23.1   23.2   23.1    89   21.1    1.6    ONO   0.40   3.2   ONO   23.1   24.4   24.4  1013.5   0.00    0.0    0.000   0.049   30.0    58   20.8   32.7   10.33   1.1371     350     1    100.0   15 
24/08/22   3:45   23.1   23.1   23.1    89   21.1    1.6    ONO   0.40   3.2   ONO   23.1   24.4   24.4  1013.5   0.00    0.0    0.000   0.049   29.9    58   20.7   32.4   10.33   1.1376     349     1    100.0   15 
24/08/22   4:00   23.1   23.1   23.1    89   21.1    1.6    ONO   0.40   4.8   ONO   23.1   24.4   24.4  1013.5   0.00    0.0    0.000   0.049   29.8    58   20.7   32.3   10.34   1.1379     351     1    100.0   15 
24/08/22   4:15   23.1   23.1   23.0    89   21.1    1.6    ONO   0.40   3.2   ONO   23.1   24.4   24.4  1013.3   0.00    0.0    0.000   0.049   29.7    58   20.6   32.1   10.34   1.1383     350     1    100.0   15 
24/08/22   4:30   23.1   23.1   23.0    89   21.1    1.6    ONO   0.40   3.2   ONO   23.1   24.4   24.4  1013.3   0.00    0.0    0.000   0.049   29.7    58   20.5   32.0   10.34   1.1386     351     1    100.0   15 
24/08/22   4:45   23.1   23.1   23.0    89   21.1    1.6    ONO   0.40   3.2   ONO   23.1   24.4   24.4  1013.3   0.00    0.0    0.000   0.049   29.6    58   20.5   31.9   10.34   1.1389     350     1    100.0   15 
24/08/22   5:00   23.1   23.1   23.0    89   21.1    0.0    ONO   0.00   3.2   ONO   23.1   24.4   24.4  1013.2   0.00    0.0    0.000   0.049   29.6    58   20.4   31.8   10.35   1.1391     350     1    100.0   15 
24/08/22   5:15   23.1   23.2   23.0    89   21.2    0.0    ONO   0.00   1.6   ONO   23.1   24.4   24.4  1013.1   0.00    0.0    0.000   0.050   29.5    59   20.6   31.8   10.55   1.1388     350     1    100.0   15 
24/08/22   5:30   23.1   23.2   23.1    89   21.2    0.0    ---   0.00   0.0   ---   23.1   24.4   24.4  1013.1   0.00    0.0    0.000   0.050   29.4    59   20.5   31.6   10.55   1.1393     351     1    100.0   15 
24/08/22   5:45   22.8   23.2   22.5    89   20.9    1.6     NO   0.40   6.4   NNO   22.8   24.2   24.2  1013.0   0.00    0.0    0.000   0.047   29.3    59   20.5   31.6   10.55   1.1396     351     1    100.0   15 
24/08/22   6:00   22.4   22.5   22.3    89   20.5    0.0     NO   0.00   1.6    NO   22.4   23.6   23.6  1013.0   0.00    0.0    0.000   0.042   29.3    59   20.4   31.4   10.55   1.1398     351     1    100.0   15 
24/08/22   6:15   22.2   22.3   22.2    89   20.3    1.6     NO   0.40   3.2    NO   22.2   23.4   23.4  1013.0   0.00    0.0    0.000   0.041   29.2    59   20.4   31.4   10.55   1.1402     351     1    100.0   15 
24/08/22   6:30   22.2   22.2   22.1    89   20.3    0.0     NO   0.00   1.6    NO   22.2   23.3   23.3  1013.0   0.00    0.0    0.000   0.040   29.1    59   20.3   31.2   10.55   1.1408     351     1    100.0   15 
