                 Temp.  Temp.  Temp.  Hum.   Punt   Vel.   Dir.   Rec.  Vel.  Dir.  Sens.   Índ.   Índ.                  Int. Graus D.Graus D.  Temp.  Hum. Rosada  In.Cal.  EMC     Dens.    Mostr   Tx   Recep.  Int.
  Data    Hora    Ext.   Màx.   Mín.  Ext. Rosada   Vent   Vent   Vent  Màx.  Màx.  Tèrm.  Calor   THW    Bar    Pluja   Pluja  Calor    Fred    Int.  Int.   Int.   Int.    Int.  Int.Aire    Vent   Vent   ISS   Arc.
-------------------------------------------------------------------------------------------------------------------------------------------------------------------------------------------------------------------------
28/03/24   0:15   12.0   12.1   11.9    88   10.1    3.2     SO   0.80   9.7   OSO   12.0   12.0   12.0   994.4   0.00    0.0    0.066   0.000   21.4    53   11.4   20.7    9.83   1.1608     349     1    100.0   15 
28/03/24   0:30   12.1   12.2   12.1    88   10.2    4.8    OSO   1.21  12.9     S   12.1   12.1   12.1   994.5   0.00    0.0    0.065   0.000   21.2    53   11.2   20.4    9.85   1.1620     351     1    100.0   15 
28/03/24   0:45   12.3   12.3   12.2    87   10.2    6.4    SSO   1.61  17.7    SO   12.0   12.3   12.0   994.2   0.00    0.0    0.063   0.000   21.0    54   11.3   20.3    9.96   1.1622     350     1    100.0   15 
28/03/24   1:00   12.4   12.6   12.3    87   10.3    8.0    SSO   2.01  17.7   SSO   11.9   12.4   11.9   994.3   0.00    0.0    0.061   0.000   20.8    54   11.2   20.2    9.97   1.1632     352     1    100.0   15 
28/03/24   1:15   12.7   12.8   12.6    86   10.4   11.3    SSO   2.82  30.6    SO   11.7   12.7   11.7   994.4   0.00    0.0    0.058   0.000   20.7    54   11.0   20.1    9.98   1.1640     351     1    100.0   15 
28/03/24   1:30   12.9   13.0   12.8    86   10.6    9.7     SO   2.41  29.0    SO   12.1   12.8   12.1   994.3   0.00    0.0    0.057   0.000   20.5    54   10.9   19.9    9.99   1.1647     351     1    100.0   15 
28/03/24   1:45   13.0   13.0   12.9    85   10.5    9.7    SSO   2.41  25.7   SSO   12.3   12.9   12.2   994.1   0.00    0.0    0.056   0.000   20.3    55   11.0   19.8   10.18   1.1651     351     1    100.0   15 
28/03/24   2:00   12.9   12.9   12.8    86   10.6    9.7    SSO   2.41  22.5     S   12.1   12.8   12.1   994.1   0.00    0.0    0.057   0.000   20.2    55   10.9   19.7   10.18   1.1657     351     1    100.0   15 
28/03/24   2:15   12.9   12.9   12.8    86   10.6    9.7    SSO   2.41  25.7   SSO   12.1   12.8   12.1   994.1   0.00    0.0    0.057   0.000   20.1    55   10.7   19.6   10.19   1.1665     351     1    100.0   15 
28/03/24   2:30   12.8   12.9   12.7    86   10.5    8.0    SSO   2.01  20.9   SSO   12.3   12.8   12.3   994.3   0.00    0.0    0.057   0.000   19.9    55   10.6   19.5   10.19   1.1672     351     1    100.0   15 
28/03/24   2:45   12.5   12.7   12.4    86   10.2    6.4    OSO   1.61  16.1    SO   12.3   12.4   12.2   994.4   0.00    0.0    0.061   0.000   19.9    55   10.6   19.4   10.19   1.1676     351     1    100.0   15 
28/03/24   3:00   12.4   12.4   12.4    87   10.3    8.0    OSO   2.01  17.7     S   11.9   12.4   11.9   994.6   0.00    0.0    0.061   0.000   20.0    55   10.7   19.6   10.19   1.1673     352     1    100.0   15 
28/03/24   3:15   12.4   12.5   12.4    87   10.3    8.0     SO   2.01  20.9     S   11.9   12.4   11.9   994.7   0.00    0.0    0.061   0.000   20.2    55   10.9   19.7   10.18   1.1663     350     1    100.0   15 
28/03/24   3:30   12.6   12.7   12.5    87   10.4    8.0    SSO   2.01  24.1   SSO   12.0   12.6   12.0   994.8   0.00    0.0    0.060   0.000   20.5    54   10.9   19.9    9.99   1.1653     349     1    100.0   15 
28/03/24   3:45   12.7   12.7   12.7    86   10.4    8.0    SSO   2.01  17.7     S   12.2   12.6   12.1   995.4   0.00    0.0    0.059   0.000   20.7    54   11.0   20.1    9.98   1.1653     351     1    100.0   15 
28/03/24   4:00   12.7   12.9   12.7    84   10.1    8.0    OSO   2.01  20.9     O   12.2   12.7   12.2   996.4   0.00    0.0    0.058   0.000   20.8    54   11.1   20.1    9.97   1.1659     351     1    100.0   15 
28/03/24   4:15   12.2   12.8   11.6    84    9.5    6.4    ONO   1.61  25.7   OSO   11.9   12.1   11.8   996.1   0.20    0.0    0.064   0.000   20.9    54   11.2   20.2    9.97   1.1649     352     1    100.0   15 
28/03/24   4:30   11.6   11.7   11.5    80    8.3    8.0      O   2.01  19.3   OSO   10.9   11.4   10.7   996.3   0.00    0.0    0.070   0.000   21.0    54   11.3   20.3    9.96   1.1647     351     1    100.0   15 
28/03/24   4:45   11.8   12.0   11.7    76    7.7    6.4      O   1.61  22.5    NO   11.5   11.6   11.2   997.0   0.00    0.0    0.068   0.000   21.1    54   11.4   20.3    9.95   1.1652     351     1    100.0   15 
28/03/24   5:00   12.2   12.3   12.0    73    7.5    6.4      O   1.61  17.7   SSE   11.9   11.8   11.6   997.3   0.00    0.0    0.064   0.000   21.2    53   11.2   20.4    9.85   1.1653     351     1    100.0   15 
28/03/24   5:15   12.3   12.3   12.2    71    7.2    8.0      O   2.01  25.7   OSO   11.7   11.9   11.3   997.3   0.00    0.0    0.063   0.000   21.1    54   11.4   20.3    9.95   1.1653     352     1    100.0   15 
28/03/24   5:30   12.3   12.3   12.2    70    7.0    9.7      O   2.41  32.2   OSO   11.4   11.9   11.1   997.6   0.00    0.0    0.062   0.000   21.1    54   11.4   20.3    9.95   1.1659     351     1    100.0   15 
28/03/24   5:45   12.1   12.3   12.0    70    6.8    8.0      O   2.01  25.7    SO   11.5   11.7   11.1   998.0   0.00    0.0    0.065   0.000   21.2    53   11.3   20.4    9.84   1.1659     351     1    100.0   15 
28/03/24   6:00   12.1   12.2   12.0    68    6.3    9.7      O   2.41  33.8   OSO   11.1   11.6   10.7   998.4   0.00    0.0    0.065   0.000   21.4    53   11.4   20.7    9.83   1.1656     351     1    100.0   15 
28/03/24   6:15   12.2   12.2   12.1    68    6.4    6.4      O   1.61  20.9     O   11.9   11.7   11.4   998.8   0.00    0.0    0.064   0.000   21.5    53   11.5   20.8    9.82   1.1654     351     1    100.0   15 
28/03/24   6:30   12.0   12.1   12.0    67    6.1    8.0      O   2.01  20.9   OSO   11.3   11.5   10.8   999.2   0.00    0.0    0.066   0.000   21.6    53   11.6   20.9    9.81   1.1653     352     1    100.0   15 
28/03/24   6:45   12.1   12.2   12.0    67    6.1    8.0      O   2.01  22.5   OSO   11.4   11.6   10.9   999.5   0.00    0.0    0.065   0.000   21.7    53   11.7   21.1    9.81   1.1652     350     1    100.0   15 
28/03/24   7:00   12.2   12.3   12.2    66    6.1    8.0      O   2.01  24.1   OSO   11.6   11.7   11.1   999.5   0.00    0.0    0.064   0.000   21.8    52   11.5   21.2    9.62   1.1649     350     1    100.0   15 
28/03/24   7:15   12.6   12.8   12.3    64    5.9    8.0      O   2.01  22.5     O   12.0   11.9   11.4   999.7   0.00    0.0    0.060   0.000   22.2    52   11.8   21.7    9.61   1.1636     351     1    100.0   15 
28/03/24   7:30   12.9   13.2   12.8    62    5.8    9.7      O   2.41  25.7     O   12.2   12.3   11.6   999.7   0.00    0.0    0.056   0.000   22.5    52   12.2   22.2    9.60   1.1619     351     1    100.0   15 
28/03/24   7:45   13.4   13.6   13.2    58    5.3   11.3    ONO   2.82  30.6   OSO   12.6   12.7   11.8  1000.1   0.00    0.0    0.051   0.000   22.9    52   12.5   22.7    9.59   1.1604     351     1    100.0   15 
28/03/24   8:00   13.7   13.7   13.5    59    5.8    9.7      O   2.41  29.0     O   13.1   12.9   12.3  1000.5   0.00    0.0    0.049   0.000   23.0    52   12.6   22.9    9.58   1.1604     350     1    100.0   15 
28/03/24   8:15   13.5   13.7   13.4    59    5.6   12.9      O   3.22  30.6    SO   12.3   12.7   11.5  1000.6   0.00    0.0    0.050   0.000   23.1    52   12.7   22.9    9.58   1.1603     351     1    100.0   15 
28/03/24   8:30   13.8   14.0   13.7    60    6.2   12.9      O   3.22  38.6     O   12.7   13.1   11.9  1000.7   0.00    0.0    0.047   0.000   23.1    52   12.7   23.0    9.58   1.1601     351     1    100.0   15 
28/03/24   8:45   14.1   14.2   13.8    57    5.7   12.9    ONO   3.22  30.6     O   12.9   13.2   12.1  1000.6   0.00    0.0    0.045   0.000   23.3    51   12.6   23.2    9.37   1.1595     350     1    100.0   15 
28/03/24   9:00   14.0   14.2   14.0    58    5.9   16.1      O   4.02  35.4   ONO   12.1   13.2   11.3  1000.9   0.00    0.0    0.045   0.000   23.4    51   12.7   23.3    9.37   1.1592     350     1    100.0   15 
28/03/24   9:15   14.4   14.6   14.2    58    6.3   14.5    ONO   3.62  32.2   ONO   12.9   13.7   12.2  1001.3   0.00    0.0    0.041   0.000   23.5    51   12.8   23.4    9.36   1.1591     351     1    100.0   15 
28/03/24   9:30   14.8   15.0   14.6    57    6.4   12.9      O   3.22  33.8     O   13.8   14.0   13.0  1001.7   0.00    0.0    0.036   0.000   23.6    50   12.5   23.5    9.25   1.1597     351     1    100.0   15 
28/03/24   9:45   15.0   15.1   14.9    57    6.5   12.9      O   3.22  37.0   ONO   14.1   14.2   13.2  1002.0   0.00    0.0    0.035   0.000   23.6    50   12.5   23.5    9.25   1.1600     352     1    100.0   15 
28/03/24  10:00   15.1   15.3   14.9    55    6.1   12.9      O   3.22  37.0    NO   14.1   14.2   13.2  1002.2   0.00    0.0    0.034   0.000   23.6    50   12.5   23.5    9.25   1.1603     350     1    100.0   15 
28/03/24  10:15   15.3   15.4   15.2    55    6.3   14.5      O   3.62  35.4   OSO   14.0   14.4   13.1  1002.5   0.00    0.0    0.031   0.000   23.5    50   12.5   23.4    9.25   1.1609     350     1    100.0   15 
28/03/24  10:30   15.3   15.4   15.2    55    6.3   14.5    ONO   3.62  35.4   ONO   14.0   14.4   13.1  1002.7   0.00    0.0    0.031   0.000   23.5    50   12.5   23.4    9.25   1.1611     351     1    100.0   15 
28/03/24  10:45   15.5   15.7   15.3    55    6.5   12.9      O   3.22  30.6   ONO   14.7   14.6   13.8  1002.7   0.00    0.0    0.030   0.000   23.5    50   12.5   23.4    9.25   1.1612     352     1    100.0   15 
28/03/24  11:00   15.3   15.5   15.3    56    6.6   14.5      O   3.62  40.2   OSO   14.0   14.5   13.2  1002.5   0.00    0.0    0.031   0.000   23.4    50   12.4   23.3    9.25   1.1612     351     1    100.0   15 
28/03/24  11:15   15.7   16.1   15.4    55    6.6   12.9      O   3.22  27.4     O   14.8   14.8   13.9  1002.3   0.00    0.0    0.028   0.000   23.4    50   12.4   23.3    9.25   1.1609     350     1    100.0   15 
28/03/24  11:30   16.1   16.4   15.9    55    7.1   11.3      O   2.82  27.4     O   15.8   15.2   14.9  1002.1   0.00    0.0    0.023   0.000   23.4    50   12.4   23.3    9.25   1.1607     351     1    100.0   15 
28/03/24  11:45   17.1   17.7   16.4    50    6.6    9.7    OSO   2.41  27.4   ONO   17.1   16.1   16.1  1001.7   0.00    0.0    0.013   0.000   23.6    49   12.2   23.4    9.05   1.1601     351     1    100.0   15 
28/03/24  12:00   17.7   18.0   17.5    50    7.1   11.3      O   2.82  24.1    SO   17.7   16.7   16.7  1002.0   0.00    0.0    0.007   0.000   23.6    49   12.2   23.4    9.05   1.1603     350     1    100.0   15 
28/03/24  12:15   18.7   19.1   18.0    46    6.8    6.4    OSO   1.61  19.3     O   18.7   17.6   17.6  1001.9   0.00    0.0    0.000   0.003   23.6    49   12.2   23.4    9.05   1.1603     351     1    100.0   15 
28/03/24  12:30   19.1   19.3   18.9    43    6.2   11.3      O   2.82  27.4   OSO   19.1   17.9   17.9  1001.8   0.00    0.0    0.000   0.008   23.6    47   11.6   23.4    8.75   1.1606     350     1    100.0   15 
28/03/24  12:45   19.2   19.3   19.0    39    4.9   11.3      O   2.82  30.6   OSO   19.2   17.7   17.7  1002.0   0.00    0.0    0.000   0.009   23.7    47   11.7   23.5    8.75   1.1605     350     1    100.0   15 
28/03/24  13:00   19.6   19.8   19.2    38    4.8    9.7      O   2.41  25.7   OSO   19.6   18.1   18.1  1001.9   0.00    0.0    0.000   0.013   23.7    47   11.7   23.6    8.75   1.1602     351     1    100.0   15 
28/03/24  13:15   19.7   19.8   19.4    39    5.3   11.3      O   2.82  25.7   ONO   19.7   18.2   18.2  1001.7   0.00    0.0    0.000   0.014   23.8    47   11.8   23.7    8.75   1.1597     351     1    100.0   15 
28/03/24  13:30   20.0   20.1   19.7    38    5.2    8.0    OSO   2.01  19.3    SO   20.0   18.6   18.6  1001.8   0.00    0.0    0.000   0.017   23.8    47   11.8   23.7    8.75   1.1595     351     1    100.0   15 
28/03/24  13:45   19.8   20.0   19.6    39    5.5    9.7      O   2.41  22.5     O   19.8   18.4   18.4  1001.7   0.00    0.0    0.000   0.016   23.9    47   11.9   23.8    8.75   1.1588     350     1    100.0   15 
28/03/24  14:00   19.9   20.3   19.6    38    5.2    6.4      O   1.61  27.4     O   19.9   18.5   18.5  1001.7   0.00    0.0    0.000   0.017   24.0    47   12.0   23.9    8.75   1.1586     352     1    100.0   15 
28/03/24  14:15   19.5   19.8   19.3    40    5.5    8.0      O   2.01  24.1   OSO   19.5   18.1   18.1  1001.9   0.00    0.0    0.000   0.012   24.2    47   12.1   24.1    8.74   1.1580     351     1    100.0   15 
28/03/24  14:30   19.6   20.2   18.9    54   10.0   12.9      S   3.22  29.0    SO   19.3   19.1   18.7  1002.1   0.00    0.0    0.000   0.013   24.3    47   12.3   24.2    8.73   1.1573     351     1    100.0   15 
28/03/24  14:45   18.6   18.9   18.0    58   10.1   14.5      S   3.62  38.6     S   17.8   18.1   17.3  1002.3   0.00    0.0    0.000   0.002   24.4    46   12.1   24.3    8.53   1.1574     349     1    100.0   15 
28/03/24  15:00   17.6   18.1   17.1    55    8.4   16.1      S   4.02  33.8   SSO   16.2   16.8   15.5  1002.4   0.00    0.0    0.008   0.000   24.6    47   12.5   24.4    8.73   1.1567     351     1    100.0   15 
28/03/24  15:15   17.3   17.6   17.1    53    7.6   11.3      S   2.82  30.6     S   17.2   16.4   16.3  1002.1   0.00    0.0    0.011   0.000   24.6    46   12.2   24.4    8.53   1.1567     352     1    100.0   15 
28/03/24  15:30   18.0   18.3   17.7    52    8.0   11.3      S   2.82  33.8   SSE   18.0   17.1   17.1  1002.1   0.00    0.0    0.003   0.000   24.7    46   12.3   24.4    8.52   1.1562     351     1    100.0   15 
28/03/24  15:45   18.1   18.3   18.0    54    8.7   12.9    SSO   3.22  30.6   SSO   17.7   17.4   17.0  1002.3   0.00    0.0    0.002   0.000   24.7    46   12.3   24.4    8.52   1.1564     350     1    100.0   15 
28/03/24  16:00   17.8   18.0   17.7    53    8.1   11.3      S   2.82  24.1   SSO   17.8   17.0   17.0  1002.2   0.00    0.0    0.005   0.000   24.6    46   12.2   24.4    8.52   1.1565     351     1    100.0   15 
28/03/24  16:15   18.0   18.1   17.9    51    7.7   11.3    SSO   2.82  25.7    SO   18.0   17.1   17.1  1002.1   0.00    0.0    0.003   0.000   24.5    47   12.4   24.3    8.73   1.1566     352     1    100.0   15 
28/03/24  16:30   17.9   18.1   17.9    50    7.4   11.3      S   2.82  27.4   SSO   17.9   16.9   16.9  1002.1   0.00    0.0    0.004   0.000   24.4    46   12.0   24.2    8.53   1.1575     351     1    100.0   15 
28/03/24  16:45   17.9   18.0   17.7    52    7.9   11.3    SSO   2.82  25.7    SO   17.9   17.0   17.0  1001.9   0.00    0.0    0.005   0.000   24.3    46   11.9   24.1    8.54   1.1577     351     1    100.0   15 
28/03/24  17:00   17.7   17.8   17.6    56    8.8    9.7    SSO   2.41  27.4     S   17.7   17.1   17.1  1001.6   0.00    0.0    0.006   0.000   24.2    46   11.8   24.0    8.54   1.1580     350     1    100.0   15 
28/03/24  17:15   17.3   17.6   17.1    60    9.4    9.7      S   2.41  27.4   SSO   17.3   16.7   16.7  1001.8   0.00    0.0    0.011   0.000   24.1    46   11.7   23.9    8.54   1.1587     352     1    100.0   15 
28/03/24  17:30   17.0   17.1   16.9    61    9.4    8.0      S   2.01  24.1     S   17.0   16.4   16.4  1001.7   0.00    0.0    0.014   0.000   23.9    47   11.9   23.8    8.75   1.1589     350     1    100.0   15 
28/03/24  17:45   16.8   16.9   16.6    62    9.5    6.4    SSO   1.61  16.1   SSE   16.8   16.2   16.2  1001.9   0.00    0.0    0.016   0.000   23.8    47   11.8   23.7    8.75   1.1596     350     1    100.0   15 
28/03/24  18:00   16.4   16.6   15.9    64    9.6    4.8      O   1.21  16.1     O   16.4   15.9   15.9  1002.0   0.00    0.0    0.020   0.000   23.7    48   12.1   23.6    8.94   1.1599     351     1    100.0   15 
28/03/24  18:15   15.6   15.9   15.3    68    9.7    4.8      O   1.21  14.5   SSO   15.6   15.2   15.2  1002.0   0.00    0.0    0.029   0.000   23.7    48   12.1   23.6    8.94   1.1599     352     1    100.0   15 
28/03/24  18:30   15.1   15.3   15.0    70    9.7    6.4    SSO   1.61  16.1    SO   15.1   14.7   14.7  1002.1   0.00    0.0    0.034   0.000   23.8    48   12.1   23.7    8.95   1.1598     351     1    100.0   15 
28/03/24  18:45   14.9   15.0   14.9    71    9.7    4.8      S   1.21  11.3   SSO   14.9   14.6   14.6  1002.1   0.00    0.0    0.035   0.000   23.9    48   12.2   23.8    8.95   1.1593     351     1    100.0   15 
28/03/24  19:00   14.8   14.9   14.7    73   10.0    3.2    OSO   0.80  11.3     S   14.8   14.4   14.4  1002.1   0.00    0.0    0.037   0.000   24.0    48   12.3   23.9    8.95   1.1587     351     1    100.0   15 
28/03/24  19:15   14.6   14.7   14.4    74   10.0    3.2    OSO   0.80   9.7    SO   14.6   14.2   14.2  1002.2   0.00    0.0    0.039   0.000   24.0    48   12.3   23.9    8.95   1.1588     351     1    100.0   15 
28/03/24  19:30   14.4   14.4   14.3    75   10.0    4.8    SSO   1.21  12.9   SSE   14.4   14.1   14.1  1002.2   0.00    0.0    0.041   0.000   24.1    48   12.4   24.0    8.94   1.1586     350     1    100.0   15 
28/03/24  19:45   14.3   14.3   14.2    76   10.1    4.8      S   1.21  11.3   SSO   14.3   14.1   14.1  1002.2   0.00    0.0    0.042   0.000   24.1    48   12.4   24.0    8.94   1.1585     350     1    100.0   15 
28/03/24  20:00   14.1   14.2   14.1    77   10.1    1.6    SSO   0.40   8.0   SSO   14.1   13.9   13.9  1002.4   0.00    0.0    0.044   0.000   24.1    48   12.4   24.0    8.94   1.1587     349     1    100.0   15 
28/03/24  20:15   14.1   14.1   14.1    77   10.1    1.6    SSE   0.40   4.8   SSE   14.1   13.8   13.8  1002.6   0.00    0.0    0.045   0.000   24.0    48   12.3   23.9    8.95   1.1593     351     1    100.0   15 
28/03/24  20:30   14.1   14.1   14.1    77   10.1    1.6    SSO   0.40   4.8   SSO   14.1   13.8   13.8  1002.6   0.00    0.0    0.045   0.000   23.8    49   12.5   23.8    9.05   1.1598     352     1    100.0   15 
28/03/24  20:45   14.1   14.2   14.1    77   10.1    1.6      S   0.40   6.4     S   14.1   13.8   13.8  1002.5   0.00    0.0    0.045   0.000   23.7    49   12.3   23.6    9.05   1.1604     351     1    100.0   15 
28/03/24  21:00   14.2   14.2   14.1    77   10.2    1.6    SSE   0.40   6.4   SSE   14.2   13.9   13.9  1002.6   0.00    0.0    0.043   0.000   23.4    50   12.4   23.3    9.25   1.1613     350     1    100.0   15 
28/03/24  21:15   14.0   14.1   13.9    78   10.2    1.6    SSE   0.40   3.2   SSE   14.0   13.8   13.8  1002.7   0.00    0.0    0.045   0.000   23.2    50   12.2   23.1    9.25   1.1625     351     1    100.0   15 
28/03/24  21:30   13.9   14.0   13.9    78   10.2    0.0    SSE   0.00   3.2   SSE   13.9   13.7   13.7  1002.7   0.00    0.0    0.046   0.000   23.1    50   12.1   22.8    9.25   1.1634     351     1    100.0   15 
28/03/24  21:45   14.0   14.1   14.0    78   10.2    1.6    SSE   0.40   3.2   SSE   14.0   13.8   13.8  1002.6   0.00    0.0    0.045   0.000   22.9    51   12.2   22.7    9.39   1.1637     351     2    100.0   15 
28/03/24  22:00   14.1   14.1   14.0    78   10.3    0.0    SSE   0.00   3.2   SSE   14.1   13.8   13.8  1002.6   0.00    0.0    0.045   0.000   22.8    51   12.1   22.6    9.39   1.1643     351     1    100.0   15 
28/03/24  22:15   13.9   14.0   13.8    78   10.2    1.6    SSE   0.40   4.8   SSE   13.9   13.7   13.7  1002.7   0.00    0.0    0.046   0.000   22.6    51   12.0   22.3    9.40   1.1652     351     1    100.0   15 
28/03/24  22:30   13.8   13.8   13.8    79   10.2    3.2     SE   0.80   4.8    SE   13.8   13.6   13.6  1002.4   0.00    0.0    0.047   0.000   22.4    52   12.1   22.1    9.60   1.1653     351     1    100.0   15 
28/03/24  22:45   13.8   13.8   13.7    80   10.4    3.2     NE   0.80   6.4   ENE   13.8   13.6   13.6  1002.4   0.00    0.0    0.047   0.000   22.3    52   12.0   21.9    9.61   1.1659     352     1    100.0   15 
28/03/24  23:00   13.3   13.7   13.1    81   10.1    1.6     NO   0.40   4.8     N   13.3   13.2   13.2  1002.2   0.00    0.0    0.052   0.000   22.2    52   11.8   21.7    9.61   1.1665     350     1    100.0   15 
28/03/24  23:15   13.2   13.3   13.1    83   10.3    1.6     NE   0.40   6.4    NE   13.2   13.1   13.1  1002.2   0.00    0.0    0.054   0.000   22.1    52   11.7   21.6    9.62   1.1670     350     1    100.0   15 
28/03/24  23:30   13.2   13.3   12.9    83   10.3    1.6    ESE   0.40   4.8    NE   13.2   13.1   13.1  1002.2   0.00    0.0    0.054   0.000   21.9    53   11.9   21.3    9.79   1.1676     351     1    100.0   15 
28/03/24  23:45   12.9   12.9   12.8    84   10.2    1.6    ESE   0.40   4.8   SSO   12.9   12.8   12.8  1002.2   0.00    0.0    0.057   0.000   21.8    53   11.8   21.2    9.80   1.1681     351     1    100.0   15 
29/03/24  00:00   12.6   12.8   12.5    85   10.1    1.6    OSO   0.40   4.8   SSO   12.6   12.5   12.5  1001.9   0.00    0.0    0.060   0.000   21.7    53   11.7   21.0    9.81   1.1683     350     1    100.0   15 
29/03/24   0:15   12.6   12.6   12.5    87   10.4    1.6    OSO   0.40   4.8   OSO   12.6   12.6   12.6  1002.0   0.00    0.0    0.060   0.000   21.6    53   11.6   20.9    9.82   1.1689     349     1    100.0   15 
29/03/24   0:30   12.7   12.8   12.6    88   10.7    1.6    OSO   0.40   6.4   ONO   12.7   12.7   12.7  1001.8   0.00    0.0    0.059   0.000   21.4    54   11.7   20.8    9.94   1.1690     351     1    100.0   15 
29/03/24   0:45   12.9   13.0   12.8    90   11.3    1.6    OSO   0.40   6.4    NO   12.9   13.0   13.0  1001.6   0.00    0.0    0.056   0.000   21.3    54   11.6   20.6    9.94   1.1693     351     1    100.0   15 
29/03/24   1:00   13.0   13.1   12.9    90   11.4    3.2      O   0.80   8.0   OSO   13.0   13.1   13.1  1001.3   0.00    0.0    0.056   0.000   21.2    54   11.5   20.5    9.95   1.1695     350     1    100.0   15 
29/03/24   1:15   12.8   12.9   12.7    91   11.4    1.6      O   0.40   8.0   ONO   12.8   12.9   12.9  1001.2   0.00    0.0    0.057   0.000   21.1    54   11.4   20.3    9.95   1.1699     350     1    100.0   15 
29/03/24   1:30   12.6   12.7   12.6    91   11.2    1.6    ONO   0.40   6.4     O   12.6   12.7   12.7  1001.2   0.00    0.0    0.060   0.000   21.1    54   11.4   20.3    9.95   1.1702     351     1    100.0   15 
29/03/24   1:45   12.5   12.6   12.5    91   11.1    3.2    SSE   0.80   8.0    SE   12.5   12.6   12.6  1001.6   0.00    0.0    0.061   0.000   21.0    54   11.3   20.3    9.96   1.1709     351     1    100.0   15 
29/03/24   2:00   12.6   12.6   12.5    92   11.3    3.2    SSO   0.80   8.0   SSO   12.6   12.6   12.6  1001.3   0.00    0.0    0.060   0.000   20.9    55   11.5   20.2   10.16   1.1708     351     1    100.0   15 
29/03/24   2:15   12.6   12.6   12.6    92   11.3    1.6    SSO   0.40   4.8   SSO   12.6   12.6   12.6  1001.1   0.00    0.0    0.060   0.000   20.8    55   11.4   20.2   10.16   1.1711     351     1    100.0   15 
29/03/24   2:30   12.5   12.6   12.5    92   11.2    1.6    ONO   0.40   4.8   ONO   12.5   12.6   12.6  1001.3   0.00    0.0    0.061   0.000   20.7    55   11.4   20.1   10.16   1.1717     351     1    100.0   15 
29/03/24   2:45   12.6   12.6   12.5    92   11.3    1.6      S   0.40   3.2   ONO   12.6   12.6   12.6  1001.0   0.00    0.0    0.060   0.000   20.7    55   11.3   20.1   10.17   1.1715     351     1    100.0   15 
29/03/24   3:00   12.6   12.6   12.6    93   11.5    1.6     SO   0.40   4.8    SO   12.6   12.7   12.7  1001.0   0.00    0.0    0.060   0.000   20.6    55   11.2   20.1   10.17   1.1718     351     1    100.0   15 
29/03/24   3:15   12.6   12.7   12.6    93   11.5    1.6     SO   0.40   4.8    SO   12.6   12.7   12.7  1000.6   0.00    0.0    0.060   0.000   20.5    55   11.1   19.9   10.17   1.1720     349     1    100.0   15 
29/03/24   3:30   12.5   12.6   12.2    92   11.2    1.6      E   0.40   8.0     E   12.5   12.6   12.6  1000.5   0.00    0.0    0.061   0.000   20.4    55   11.1   19.9   10.17   1.1721     350     1    100.0   15 
29/03/24   3:45   12.2   12.3   12.2    93   11.1    1.6      E   0.40   4.8     E   12.2   12.3   12.3  1000.5   0.00    0.0    0.064   0.000   20.4    55   11.0   19.9   10.18   1.1724     351     1    100.0   15 
29/03/24   4:00   12.2   12.2   12.2    93   11.1    1.6      E   0.40   3.2     E   12.2   12.3   12.3  1000.3   0.00    0.0    0.064   0.000   20.3    56   11.3   19.9   10.38   1.1721     351     1    100.0   15 
29/03/24   4:15   12.1   12.2   12.0    93   11.0    1.6    NNO   0.40   4.8   NNO   12.1   12.2   12.2  1000.4   0.00    0.0    0.065   0.000   20.3    56   11.3   19.9   10.38   1.1722     351     1    100.0   15 
29/03/24   4:30   11.9   12.1   11.9    93   10.8    3.2    NNO   0.80   6.4    NO   11.9   12.1   12.1  1000.2   0.00    0.0    0.067   0.000   20.4    55   11.1   19.9   10.17   1.1718     352     1    100.0   15 
29/03/24   4:45   12.0   12.1   11.9    93   10.9    3.2    ENE   0.80   6.4   ENE   12.0   12.1   12.1  1000.2   0.00    0.0    0.066   0.000   20.7    55   11.4   20.1   10.16   1.1704     351     1    100.0   15 
29/03/24   5:00   12.2   12.2   12.1    93   11.1    0.0    ENE   0.00   3.2   ENE   12.2   12.3   12.3  1000.2   0.00    0.0    0.064   0.000   21.0    55   11.6   20.3   10.15   1.1690     351     1    100.0   15 
29/03/24   5:15   12.2   12.3   12.2    93   11.1    1.6    ENE   0.40   4.8   ENE   12.2   12.3   12.3  1000.1   0.00    0.0    0.064   0.000   21.1    55   11.7   20.4   10.15   1.1683     351     1    100.0   15 
29/03/24   5:30   12.3   12.3   12.2    93   11.2    1.6    ENE   0.40   3.2   ENE   12.3   12.4   12.4  1000.0   0.00    0.0    0.063   0.000   21.2    54   11.5   20.5    9.95   1.1680     351     1    100.0   15 
29/03/24   5:45   12.3   12.3   12.3    93   11.2    1.6    ENE   0.40   3.2   ENE   12.3   12.4   12.4   999.8   0.00    0.0    0.062   0.000   21.3    54   11.6   20.6    9.94   1.1671     352     1    100.0   15 
29/03/24   6:00   12.3   12.3   12.3    93   11.2    1.6    ENE   0.40   3.2   ENE   12.3   12.4   12.4   999.8   0.00    0.0    0.062   0.000   21.6    54   11.8   20.9    9.93   1.1660     349     1    100.0   15 
29/03/24   6:15   12.3   12.3   12.2    93   11.2    1.6    ENE   0.40   3.2   ENE   12.3   12.4   12.4   999.8   0.00    0.0    0.063   0.000   21.7    54   12.0   21.2    9.93   1.1653     351     1    100.0   15 
29/03/24   6:30   12.4   12.4   12.3    93   11.3    0.0    ENE   0.00   3.2   ENE   12.4   12.5   12.5  1000.0   0.00    0.0    0.062   0.000   21.9    54   12.2   21.4    9.92   1.1646     351     1    100.0   15 
29/03/24   6:45   12.3   12.4   12.3    93   11.2    1.6    ENE   0.40   3.2   ENE   12.3   12.4   12.4   999.9   0.00    0.0    0.062   0.000   22.0    53   12.0   21.5    9.79   1.1643     352     1    100.0   15 
29/03/24   7:00   12.5   12.7   12.3    94   11.6    0.0    ENE   0.00   3.2   ENE   12.5   12.6   12.6   999.9   0.00    0.0    0.061   0.000   22.2    53   12.1   21.8    9.77   1.1635     351     1    100.0   15 
29/03/24   7:15   12.8   12.9   12.7    93   11.7    1.6    ENE   0.40   6.4   ENE   12.8   12.9   12.9  1000.1   0.00    0.0    0.058   0.000   22.3    53   12.3   22.0    9.76   1.1629     351     1    100.0   15 
29/03/24   7:30   12.9   13.0   12.9    93   11.8    3.2    SSE   0.80   4.8   SSE   12.9   13.0   13.0  1000.1   0.00    0.0    0.057   0.000   22.4    53   12.4   22.2    9.75   1.1624     350     1    100.0   15 
29/03/24   7:45   13.0   13.1   12.9    93   11.9    1.6      S   0.40   6.4   ENE   13.0   13.1   13.1   999.9   0.00    0.0    0.056   0.000   22.8    53   12.7   22.7    9.73   1.1605     351     1    100.0   15 
29/03/24   8:00   13.2   13.4   13.1    92   12.0    3.2    SSE   0.80   8.0     E   13.2   13.3   13.3   999.7   0.00    0.0    0.053   0.000   23.1    53   13.0   23.0    9.71   1.1589     352     1    100.0   15 
29/03/24   8:15   13.6   13.8   13.4    91   12.2    3.2     SE   0.80   8.0    SE   13.6   13.7   13.7   999.8   0.00    0.0    0.049   0.000   23.3    53   13.2   23.3    9.69   1.1575     350     1    100.0   15 
29/03/24   8:30   13.9   14.1   13.8    90   12.3    3.2      S   0.80   6.4     S   13.9   13.9   13.9   999.9   0.00    0.0    0.046   0.000   23.6    53   13.4   23.6    9.67   1.1566     350     1    100.0   15 
29/03/24   8:45   14.4   14.6   14.2    88   12.4    3.2      S   0.80   8.0   SSO   14.4   14.4   14.4   999.9   0.00    0.0    0.041   0.000   23.7    53   13.5   23.8    9.67   1.1560     350     1    100.0   15 
29/03/24   9:00   14.8   14.8   14.7    86   12.5    4.8    SSE   1.21  11.3    SE   14.8   14.8   14.8  1000.0   0.00    0.0    0.037   0.000   23.8    52   13.4   23.9    9.55   1.1556     351     1    100.0   15 
29/03/24   9:15   15.1   15.4   14.8    83   12.2    6.4    SSO   1.61  12.9    SE   15.1   15.1   15.1  1000.1   0.00    0.0    0.034   0.000   23.9    52   13.5   24.1    9.55   1.1552     351     1    100.0   15 
29/03/24   9:30   15.7   15.9   15.4    81   12.5    6.4    SSO   1.61  14.5    SO   15.7   15.7   15.7  1000.0   0.00    0.0    0.027   0.000   24.0    52   13.5   24.1    9.55   1.1549     350     1    100.0   15 
29/03/24   9:45   16.2   16.4   16.0    79   12.6    6.4    SSO   1.61  14.5     S   16.2   16.2   16.2  1000.0   0.00    0.0    0.022   0.000   24.0    52   13.5   24.1    9.55   1.1548     351     1    100.0   15 
29/03/24  10:00   16.7   16.8   16.4    78   12.8    4.8      S   1.21  14.5   SSE   16.7   16.7   16.7   999.9   0.00    0.0    0.017   0.000   24.1    52   13.6   24.2    9.54   1.1544     352     1    100.0   15 
29/03/24  10:15   16.8   16.8   16.7    78   12.9    4.8      S   1.21  12.9     S   16.8   16.8   16.8   999.8   0.00    0.0    0.016   0.000   24.1    52   13.6   24.2    9.54   1.1543     351     1    100.0   15 
29/03/24  10:30   17.0   17.3   16.8    75   12.5    3.2    SSO   0.80   9.7   NNE   17.0   16.9   16.9   999.5   0.00    0.0    0.014   0.000   24.0    52   13.5   24.1    9.55   1.1542     351     1    100.0   15 
29/03/24  10:45   17.4   17.5   17.3    74   12.7    4.8      S   1.21  12.9     E   17.4   17.3   17.3   999.3   0.00    0.0    0.010   0.000   24.0    52   13.5   24.1    9.55   1.1539     351     1    100.0   15 
29/03/24  11:00   17.7   17.9   17.5    71   12.4    4.8      S   1.21  12.9    SO   17.7   17.6   17.6   999.1   0.00    0.0    0.006   0.000   24.1    52   13.6   24.2    9.54   1.1535     350     1    100.0   15 
29/03/24  11:15   18.2   18.3   18.0    68   12.2    8.0    SSO   2.01  16.1    SO   18.2   18.1   18.1   999.0   0.00    0.0    0.002   0.000   24.1    52   13.6   24.2    9.54   1.1534     352     1    100.0   15 
29/03/24  11:30   18.8   19.2   18.3    66   12.3    6.4    SSE   1.61  16.1     S   18.8   18.7   18.7   998.8   0.00    0.0    0.000   0.005   24.1    51   13.3   24.2    9.35   1.1532     351     1    100.0   15 
29/03/24  11:45   19.2   19.3   19.2    62   11.8    8.0      S   2.01  19.3     S   19.2   19.0   19.0   998.8   0.00    0.0    0.000   0.009   24.3    51   13.5   24.3    9.35   1.1524     351     1    100.0   15 
29/03/24  12:00   19.2   19.3   19.2    63   12.0    8.0    SSO   2.01  16.1    SO   19.2   19.1   19.1   998.8   0.00    0.0    0.000   0.009   24.3    51   13.5   24.4    9.35   1.1521     351     1    100.0   15 
29/03/24  12:15   19.1   19.3   18.9    64   12.1    8.0      S   2.01  17.7     S   19.1   19.0   19.0   998.5   0.00    0.0    0.000   0.008   24.3    50   13.2   24.3    9.23   1.1521     352     1    100.0   15 
29/03/24  12:30   19.1   19.2   19.0    64   12.1    8.0      S   2.01  16.1   SSE   19.1   18.9   18.9   998.5   0.00    0.0    0.000   0.008   24.3    50   13.2   24.3    9.23   1.1521     351     1    100.0   15 
29/03/24  12:45   19.2   19.3   18.9    64   12.2    8.0    SSE   2.01  29.0    SE   19.2   19.1   19.1   998.3   0.00    0.0    0.000   0.009   24.3    50   13.2   24.3    9.23   1.1519     351     1    100.0   15 
29/03/24  13:00   18.8   19.3   18.7    66   12.3    9.7      S   2.41  20.9     S   18.8   18.8   18.8   998.2   0.00    0.0    0.000   0.005   24.4    50   13.3   24.4    9.23   1.1515     351     1    100.0   15 
29/03/24  13:15   18.8   18.9   18.7    60   10.9   11.3    SSE   2.82  27.4     S   18.8   18.4   18.4   998.0   0.00    0.0    0.000   0.005   24.4    50   13.3   24.4    9.23   1.1509     352     1    100.0   15 
29/03/24  13:30   18.8   18.9   18.7    62   11.3    9.7      S   2.41  20.9     S   18.8   18.5   18.5   997.8   0.00    0.0    0.000   0.005   24.5    50   13.4   24.5    9.23   1.1505     350     1    100.0   15 
29/03/24  13:45   19.1   19.2   18.9    61   11.4    8.0      S   2.01  16.1     S   19.1   18.8   18.8   997.7   0.00    0.0    0.000   0.008   24.5    51   13.7   24.5    9.35   1.1499     350     1    100.0   15 
29/03/24  14:00   19.1   19.2   19.0    60   11.2    8.0      S   2.01  24.1   SSO   19.1   18.8   18.8   997.4   0.00    0.0    0.000   0.008   24.5    51   13.7   24.5    9.35   1.1496     351     1    100.0   15 
29/03/24  14:15   19.1   19.3   19.0    60   11.2    9.7      S   2.41  20.9    SO   19.1   18.8   18.8   997.5   0.00    0.0    0.000   0.008   24.5    52   14.0   24.6    9.53   1.1494     351     1    100.0   15 
29/03/24  14:30   18.8   19.1   18.4    61   11.1    8.0      S   2.01  24.1   SSE   18.8   18.4   18.4   997.6   0.00    0.0    0.000   0.005   24.5    52   14.0   24.6    9.53   1.1495     352     1    100.0   15 
29/03/24  14:45   17.8   18.4   17.3    69   12.1    9.7    SSE   2.41  24.1     S   17.8   17.7   17.7   997.4   0.00    0.0    0.005   0.000   24.5    52   14.0   24.6    9.53   1.1493     350     1    100.0   15 
29/03/24  15:00   17.3   17.4   17.2    71   12.0    9.7      S   2.41  22.5    SO   17.3   17.2   17.2   997.3   0.00    0.0    0.011   0.000   24.5    53   14.3   24.6    9.65   1.1487     350     1    100.0   15 
29/03/24  15:15   17.3   17.4   17.3    69   11.6    8.0    SSO   2.01  17.7   SSE   17.3   17.2   17.2   997.1   0.00    0.0    0.010   0.000   24.6    53   14.3   24.7    9.65   1.1482     348     1    100.0   15 
29/03/24  15:30   17.5   17.6   17.3    69   11.7    4.8    SSO   1.21  11.3   SSO   17.5   17.3   17.3   996.5   0.00    0.0    0.009   0.000   24.6    53   14.4   24.7    9.65   1.1474     352     1    100.0   15 
29/03/24  15:45   17.6   17.7   17.5    65   10.9    6.4      S   1.61  19.3    SO   17.6   17.3   17.3   996.3   0.00    0.0    0.008   0.000   24.6    53   14.4   24.7    9.65   1.1471     351     1    100.0   15 
29/03/24  16:00   17.6   17.7   17.4    59    9.4    8.0    SSE   2.01  17.7     S   17.6   16.9   16.9   996.0   0.00    0.0    0.008   0.000   24.6    53   14.4   24.7    9.65   1.1468     351     1    100.0   15 
29/03/24  16:15   17.6   17.7   17.4    57    8.9    6.4      S   1.61  16.1    SE   17.6   16.9   16.9   995.9   0.00    0.0    0.008   0.000   24.6    53   14.3   24.7    9.65   1.1469     351     1    100.0   15 
29/03/24  16:30   17.5   17.6   17.3    56    8.6    4.8    SSE   1.21  11.3     S   17.5   16.8   16.8   995.7   0.00    0.0    0.009   0.000   24.4    53   14.2   24.6    9.65   1.1472     352     1    100.0   15 
29/03/24  16:45   17.2   17.3   17.1    54    7.8    6.4     SE   1.61  14.5    SE   17.2   16.3   16.3   995.3   0.00    0.0    0.012   0.000   24.4    54   14.5   24.6    9.83   1.1466     351     1    100.0   15 
29/03/24  17:00   17.1   17.1   17.1    52    7.1    4.8     SE   1.21  11.3   ESE   17.1   16.1   16.1   995.4   0.00    0.0    0.013   0.000   24.3    54   14.4   24.5    9.83   1.1470     351     1    100.0   15 
29/03/24  17:15   17.1   17.2   17.1    50    6.6    4.8      S   1.21  11.3   SSE   17.1   16.1   16.1   995.5   0.00    0.0    0.013   0.000   24.2    55   14.6   24.4   10.03   1.1474     351     1    100.0   15 
29/03/24  17:30   17.1   17.1   16.9    50    6.5    4.8    SSO   1.21   9.7   SSO   17.1   16.0   16.0   995.9   0.00    0.0    0.013   0.000   24.2    56   14.8   24.4   10.23   1.1477     351     1    100.0   15 
29/03/24  17:45   16.8   16.9   16.8    50    6.3    4.8      S   1.21  12.9     S   16.8   15.8   15.8   995.8   0.00    0.0    0.016   0.000   24.1    57   15.1   24.4   10.33   1.1476     352     1    100.0   15 
29/03/24  18:00   16.6   16.8   16.3    53    6.9    4.8    SSO   1.21  12.9     S   16.6   15.6   15.6   995.9   0.00    0.0    0.019   0.000   24.1    57   15.0   24.4   10.34   1.1479     351     1    100.0   15 
29/03/24  18:15   16.2   16.3   16.0    55    7.1    3.2    SSO   0.80   8.0   SSO   16.2   15.3   15.3   996.0   0.00    0.0    0.023   0.000   23.9    56   14.6   24.3   10.25   1.1490     350     1    100.0   15 
29/03/24  18:30   15.9   16.0   15.8    58    7.6    3.2      S   0.80   9.7   SSE   15.9   15.1   15.1   996.1   0.00    0.0    0.025   0.000   23.8    55   14.2   24.0   10.05   1.1503     351     1    100.0   15 
29/03/24  18:45   15.4   15.8   15.1    61    7.9    3.2      O   0.80   8.0   SSO   15.4   14.7   14.7   996.5   0.00    0.0    0.031   0.000   23.7    55   14.1   23.9   10.06   1.1511     352     1    100.0   15 
29/03/24  19:00   15.1   15.1   15.0    63    8.1    1.6    SSE   0.40   4.8   SSE   15.1   14.4   14.4   996.3   0.00    0.0    0.034   0.000   23.7    55   14.1   23.9   10.06   1.1508     351     1    100.0   15 
29/03/24  19:15   14.9   15.0   14.8    63    7.9    3.2      E   0.80   4.8   SSE   14.9   14.3   14.3   996.4   0.00    0.0    0.036   0.000   23.7    55   14.1   23.9   10.06   1.1510     351     1    100.0   15 
29/03/24  19:30   14.9   14.9   14.8    64    8.1    3.2    ESE   0.80   6.4    SE   14.9   14.3   14.3   996.4   0.00    0.0    0.036   0.000   23.7    55   14.1   23.9   10.06   1.1512     351     1    100.0   15 
29/03/24  19:45   14.7   14.8   14.6    68    8.9    3.2     SE   0.80   8.0    SE   14.7   14.3   14.3   996.5   0.00    0.0    0.038   0.000   23.6    55   14.0   23.8   10.06   1.1517     350     1    100.0   15 
