                 Temp.  Temp.  Temp.  Hum.   Punt   Vel.   Dir.   Rec.  Vel.  Dir.  Sens.   Índ.   Índ.                  Int. Graus D.Graus D.  Temp.  Hum. Rosada  In.Cal.  EMC     Dens.    Mostr   Tx   Recep.  Int.
  Data    Hora    Ext.   Màx.   Mín.  Ext. Rosada   Vent   Vent   Vent  Màx.  Màx.  Tèrm.  Calor   THW    Bar    Pluja   Pluja  Calor    Fred    Int.  Int.   Int.   Int.    Int.  Int.Aire    Vent   Vent   ISS   Arc.
-------------------------------------------------------------------------------------------------------------------------------------------------------------------------------------------------------------------------
31/03/24   0:15   11.4   11.4   11.3    94   10.5   11.3      S   2.82  25.7     S   10.1   11.6   10.3   995.1   0.00    0.0    0.072   0.000   22.2    53   12.1   21.8    9.77   1.1578     337     1     98.5   15 
31/03/24   0:30   11.5   11.6   11.4    94   10.6    9.7      S   2.41  27.4   SSE   10.4   11.7   10.6   995.1   0.00    0.0    0.071   0.000   22.0    53   12.0   21.5    9.79   1.1586     336     1     98.2   15 
31/03/24   0:45   11.6   11.7   11.6    94   10.7    8.0      S   2.01  20.9    SE   10.9   11.8   11.1   995.3   0.00    0.0    0.070   0.000   21.8    53   11.8   21.2    9.80   1.1599     347     1    100.0   15 
31/03/24   1:00   11.7   11.7   11.7    94   10.7    8.0      S   2.01  19.3   OSO   10.9   11.8   11.1   995.2   0.00    0.0    0.069   0.000   21.6    53   11.6   20.9    9.81   1.1607     352     1    100.0   15 
31/03/24   1:15   11.7   11.7   11.6    94   10.7    6.4    SSO   1.61  20.9   SSO   11.3   11.8   11.4   995.2   0.20    0.0    0.069   0.000   21.4    54   11.7   20.8    9.94   1.1612     344     1    100.0   15 
31/03/24   1:30   11.7   11.7   11.6    94   10.7    8.0    SSO   2.01  19.3    SO   10.9   11.8   11.1   995.2   0.20    1.2    0.069   0.000   21.3    54   11.6   20.6    9.94   1.1620     349     1    100.0   15 
31/03/24   1:45   11.6   11.6   11.6    94   10.7    4.8    SSO   1.21  17.7     S   11.6   11.8   11.8   995.2   0.00    0.0    0.070   0.000   21.1    54   11.4   20.3    9.95   1.1631     351     1    100.0   15 
31/03/24   2:00   11.6   11.6   11.6    94   10.6    6.4    SSO   1.61  16.1     S   11.2   11.7   11.3   995.1   0.00    0.0    0.071   0.000   20.9    54   11.2   20.2    9.97   1.1637     351     1    100.0   15 
31/03/24   2:15   11.5   11.6   11.4    94   10.6    8.0    SSO   2.01  19.3     S   10.8   11.7   10.9   995.0   0.00    0.0    0.071   0.000   20.7    55   11.4   20.1   10.16   1.1642     352     1    100.0   15 
31/03/24   2:30   11.5   11.6   11.4    94   10.6    4.8    SSO   1.21  12.9    SO   11.5   11.7   11.7   994.9   0.00    0.0    0.071   0.000   20.6    55   11.2   20.0   10.17   1.1649     351     1    100.0   15 
31/03/24   2:45   11.6   11.6   11.5    94   10.6    6.4    SSO   1.61  17.7    SO   11.2   11.7   11.3   995.0   0.00    0.0    0.071   0.000   20.3    55   11.0   19.8   10.18   1.1662     351     1    100.0   15 
31/03/24   3:00   11.5   11.5   11.4    94   10.6    8.0    SSO   2.01  22.5    SO   10.8   11.7   10.9   995.0   0.00    0.0    0.071   0.000   20.2    56   11.2   19.8   10.38   1.1664     351     1    100.0   15 
31/03/24   3:15   11.4   11.5   11.4    94   10.5    8.0    SSO   2.01  24.1   SSE   10.7   11.6   10.9   994.8   0.00    0.0    0.072   0.000   20.1    56   11.0   19.7   10.39   1.1670     351     1    100.0   15 
31/03/24   3:30   11.3   11.4   11.3    94   10.4    8.0    SSO   2.01  24.1     S   10.6   11.5   10.7   994.8   0.00    0.0    0.073   0.000   19.9    56   10.9   19.6   10.39   1.1675     350     1    100.0   15 
31/03/24   3:45   11.2   11.3   11.1    94   10.3    6.4     SO   1.61  17.7     S   10.8   11.4   10.9   995.1   0.00    0.0    0.074   0.000   19.8    56   10.8   19.4   10.40   1.1684     351     1    100.0   15 
31/03/24   4:00   11.1   11.2   11.1    94   10.2    6.4    SSO   1.61  19.3   SSO   10.7   11.3   10.8   995.2   0.00    0.0    0.075   0.000   19.7    56   10.6   19.2   10.40   1.1694     351     1    100.0   15 
31/03/24   4:15   11.1   11.2   10.8    94   10.1    6.4    OSO   1.61  17.7    SO   10.6   11.2   10.8   995.4   0.00    0.0    0.076   0.000   19.6    57   10.8   19.2   10.61   1.1699     352     1    100.0   15 
31/03/24   4:30   10.8   10.9   10.7    95   10.0    4.8    OSO   1.21  16.1    SO   10.7   11.0   10.9   995.4   0.00    0.0    0.079   0.000   19.4    57   10.7   19.1   10.61   1.1704     351     1    100.0   15 
31/03/24   4:45   10.6   10.7   10.6    95    9.8    4.8    OSO   1.21  14.5    SO   10.5   10.8   10.7   995.4   0.00    0.0    0.080   0.000   19.4    57   10.7   19.1   10.61   1.1704     350     1    100.0   15 
31/03/24   5:00   10.4   10.6   10.3    95    9.6    6.4     SO   1.61  16.1    SO    9.8   10.6   10.1   995.5   0.00    0.0    0.083   0.000   19.8    57   11.0   19.4   10.60   1.1690     351     1    100.0   15 
31/03/24   5:15   10.2   10.3   10.1    95    9.5    3.2      O   0.80  12.9   OSO   10.2   10.5   10.5   995.5   0.00    0.0    0.084   0.000   20.2    56   11.1   19.7   10.38   1.1673     351     1    100.0   15 
31/03/24   5:30   10.1   10.2   10.0    95    9.3    3.2      O   0.80   8.0     O   10.1   10.3   10.3   995.5   0.00    0.0    0.086   0.000   20.4    56   11.4   19.9   10.37   1.1659     352     1    100.0   15 
31/03/24   5:45    9.9   10.0    9.7    94    9.0    1.6    NNO   0.40   6.4   NNO    9.9   10.2   10.2   995.8   0.00    0.0    0.088   0.000   20.7    55   11.4   20.1   10.16   1.1652     351     1    100.0   15 
31/03/24   6:00    9.8   10.0    9.7    95    9.0    1.6    NNO   0.40  11.3   ONO    9.8   10.1   10.1   996.2   0.00    0.0    0.089   0.000   20.9    55   11.6   20.3   10.16   1.1645     350     1    100.0   15 
31/03/24   6:15   10.1   10.1   10.0    95    9.3    1.6    SSE   0.40   4.8     O   10.1   10.3   10.3   996.5   0.00    0.0    0.086   0.000   21.1    55   11.7   20.4   10.15   1.1641     351     1    100.0   15 
31/03/24   6:30   10.2   10.3   10.1    95    9.4    1.6    SSE   0.40   4.8    SE   10.2   10.4   10.4   996.7   0.00    0.0    0.085   0.000   21.3    55   11.9   20.7   10.14   1.1632     352     1    100.0   15 
31/03/24   6:45   10.3   10.4   10.2    94    9.4    1.6      O   0.40   4.8     O   10.3   10.5   10.5   996.6   0.00    0.0    0.084   0.000   21.5    54   11.8   20.8    9.94   1.1626     350     1    100.0   15 
31/03/24   7:00   10.1   10.2   10.0    95    9.3    1.6      O   0.40   4.8     O   10.1   10.4   10.4   996.3   0.00    0.0    0.086   0.000   21.7    54   12.0   21.1    9.93   1.1614     351     1    100.0   15 
31/03/24   7:15   10.4   10.6   10.2    95    9.6    1.6     NO   0.40   6.4    NO   10.4   10.6   10.6   996.2   0.00    0.0    0.083   0.000   22.1    55   12.6   21.8   10.11   1.1588     350     1    100.0   15 
31/03/24   7:30   10.7   10.8   10.6    95   10.0    1.6     NO   0.40   4.8    NO   10.7   10.9   10.9   996.7   0.00    0.0    0.079   0.000   22.7    55   13.2   22.6   10.09   1.1565     349     1    100.0   15 
31/03/24   7:45   11.0   11.3   10.8    95   10.2    0.0     SO   0.00   3.2   OSO   11.0   11.2   11.2   996.7   0.00    0.0    0.076   0.000   22.9    54   13.1   22.8    9.89   1.1558     351     1    100.0   15 
31/03/24   8:00   11.4   11.4   11.3    93   10.3    4.8    SSO   1.21  14.5     S   11.4   11.5   11.5   997.1   0.00    0.0    0.072   0.000   22.9    54   13.1   22.9    9.88   1.1559     350     1    100.0   15 
31/03/24   8:15   11.5   11.6   11.4    92   10.2    3.2    SSO   0.80  12.9     S   11.5   11.6   11.6   997.3   0.00    0.0    0.071   0.000   23.0    54   13.2   23.0    9.88   1.1559     350     1    100.0   15 
31/03/24   8:30   11.7   11.8   11.6    91   10.2    4.8    OSO   1.21  17.7   SSO   11.7   11.7   11.7   997.6   0.00    0.0    0.069   0.000   23.0    54   13.2   23.0    9.88   1.1562     351     1    100.0   15 
31/03/24   8:45   11.8   11.9   11.7    89   10.0    8.0    SSO   2.01  27.4    SO   11.1   11.8   11.1   997.7   0.00    0.0    0.068   0.000   22.9    54   13.1   22.8    9.89   1.1570     352     1    100.0   15 
31/03/24   9:00   11.9   12.1   11.8    88   10.0    8.0     SO   2.01  20.9     S   11.3   11.9   11.3   997.6   0.00    0.0    0.067   0.000   22.8    54   13.0   22.7    9.89   1.1574     351     1    100.0   15 
31/03/24   9:15   12.3   12.4   12.1    87   10.2    4.8     SO   1.21  14.5   OSO   12.3   12.3   12.3   998.2   0.00    0.0    0.063   0.000   22.7    54   12.9   22.6    9.89   1.1587     351     1    100.0   15 
31/03/24   9:30   12.3   12.4   12.3    84    9.7    8.0    OSO   2.01  17.7     S   11.7   12.2   11.6   998.8   0.00    0.0    0.063   0.000   22.6    54   12.8   22.4    9.90   1.1599     351     1    100.0   15 
31/03/24   9:45   12.3   12.4   12.2    84    9.7    4.8    OSO   1.21  22.5    SO   12.3   12.2   12.2   998.9   0.00    0.0    0.063   0.000   22.4    55   13.0   22.3   10.10   1.1602     352     1    100.0   15 
31/03/24  10:00   12.3   12.4   12.3    82    9.3    6.4    SSO   1.61  14.5   SSO   12.1   12.2   11.9   999.1   0.00    0.0    0.062   0.000   22.4    55   12.9   22.2   10.10   1.1607     351     1    100.0   15 
31/03/24  10:15   12.5   12.6   12.4    80    9.1    8.0      S   2.01  17.7     S   11.9   12.3   11.8   999.3   0.00    0.0    0.061   0.000   22.3    55   12.9   22.1   10.11   1.1613     351     1    100.0   15 
31/03/24  10:30   12.7   12.8   12.6    79    9.2    4.8    OSO   1.21  14.5     S   12.7   12.6   12.6   999.2   0.00    0.0    0.058   0.000   22.3    55   12.8   22.0   10.11   1.1614     350     1    100.0   15 
31/03/24  10:45   12.9   13.0   12.7    74    8.4    4.8    OSO   1.21  17.7     O   12.9   12.6   12.6   998.7   0.00    0.0    0.057   0.000   22.3    55   12.9   22.1   10.11   1.1606     351     1    100.0   15 
31/03/24  11:00   13.2   13.3   13.1    71    8.0    3.2    SSO   0.80   9.7   OSO   13.2   12.7   12.7   998.1   0.00    0.0    0.054   0.000   22.3    54   12.6   22.1    9.91   1.1602     352     1    100.0   15 
31/03/24  11:15   13.2   13.4   13.2    70    7.9    3.2    OSO   0.80   9.7     O   13.2   12.8   12.8   997.9   0.00    0.0    0.053   0.000   22.3    54   12.6   22.1    9.91   1.1599     350     1    100.0   15 
31/03/24  11:30   13.4   13.5   13.4    68    7.7    3.2      S   0.80   8.0     S   13.4   12.9   12.9   998.0   0.00    0.0    0.051   0.000   22.3    53   12.2   21.9    9.77   1.1607     351     1    100.0   15 
31/03/24  11:45   13.3   13.5   13.1    69    7.8    4.8     SE   1.21  12.9     S   13.3   12.9   12.9   998.1   0.00    0.0    0.052   0.000   22.2    52   11.8   21.7    9.61   1.1617     351     1    100.0   15 
31/03/24  12:00   13.2   13.2   13.1    72    8.2    3.2      S   0.80   8.0     E   13.2   12.8   12.8   997.9   0.00    0.0    0.054   0.000   22.1    52   11.7   21.6    9.62   1.1620     352     1    100.0   15 
31/03/24  12:15   13.1   13.2   13.1    70    7.8    3.2     SE   0.80   9.7     S   13.1   12.7   12.7   998.0   0.00    0.0    0.054   0.000   22.1    52   11.8   21.7    9.61   1.1618     351     1    100.0   15 
31/03/24  12:30   13.4   13.4   13.2    69    7.8    4.8    SSO   1.21  14.5   ESE   13.4   12.9   12.9   997.6   0.00    0.0    0.052   0.000   22.3    53   12.2   21.9    9.77   1.1602     350     1    100.0   15 
31/03/24  12:45   13.4   13.4   13.3    65    6.9    8.0    SSE   2.01  20.9     S   13.0   12.8   12.4   996.9   0.00    0.0    0.052   0.000   22.4    53   12.3   22.1    9.76   1.1588     351     1    100.0   15 
31/03/24  13:00   13.3   13.3   13.3    68    7.5    6.4      S   1.61  19.3     S   13.2   12.8   12.7   996.6   0.00    0.0    0.052   0.000   22.5    53   12.4   22.3    9.75   1.1579     351     1    100.0   15 
31/03/24  13:15   13.3   13.4   13.2    73    8.6    4.8      S   1.21  14.5     S   13.3   12.9   12.9   996.5   0.00    0.0    0.052   0.000   22.7    53   12.6   22.5    9.74   1.1570     352     1    100.0   15 
31/03/24  13:30   12.9   13.3   12.7    81    9.8    6.4    SSO   1.61  14.5   SSO   12.8   12.8   12.6   996.6   0.00    0.0    0.056   0.000   22.8    53   12.7   22.7    9.73   1.1562     351     1    100.0   15 
31/03/24  13:45   12.6   12.7   12.6    84   10.0    4.8    SSE   1.21   9.7   SSE   12.6   12.6   12.6   996.3   0.00    0.0    0.060   0.000   23.0    53   12.9   22.9    9.71   1.1551     350     1    100.0   15 
31/03/24  14:00   12.6   12.6   12.5    85   10.1    6.4     SE   1.61  16.1   ENE   12.3   12.5   12.3   996.6   0.00    0.0    0.060   0.000   23.2    53   13.1   23.1    9.70   1.1546     350     1    100.0   15 
31/03/24  14:15   12.2   12.6   11.9    88   10.2    8.0    ENE   2.01  16.1     E   11.6   12.2   11.6   996.1   0.00    0.0    0.064   0.000   23.3    53   13.2   23.3    9.69   1.1535     351     1    100.0   15 
31/03/24  14:30   11.8   11.9   11.7    91   10.4    6.4    ENE   1.61  12.9   ENE   11.4   11.8   11.4   995.9   0.00    0.0    0.068   0.000   23.2    53   13.1   23.2    9.70   1.1536     351     1    100.0   15 
31/03/24  14:45   11.7   11.7   11.6    92   10.4    3.2    ENE   0.80  11.3   ENE   11.7   11.8   11.8   995.6   0.00    0.0    0.069   0.000   23.3    53   13.2   23.3    9.69   1.1528     350     1    100.0   15 
31/03/24  15:00   11.8   11.9   11.7    92   10.6    4.8    SSE   1.21  11.3   SSE   11.8   11.9   11.9   995.8   0.00    0.0    0.068   0.000   23.2    53   13.1   23.2    9.70   1.1534     350     1    100.0   15 
31/03/24  15:15   12.0   12.1   11.9    92   10.7    4.8     SO   1.21  14.5   SSE   12.0   12.1   12.1   996.3   0.20    0.0    0.066   0.000   23.2    53   13.1   23.2    9.70   1.1540     351     1    100.0   15 
31/03/24  15:30   11.8   12.0   11.6    92   10.6    4.8      S   1.21  12.9     S   11.8   11.9   11.9   996.9   0.80    4.6    0.068   0.000   23.2    53   13.1   23.2    9.70   1.1546     348     1    100.0   15 
31/03/24  15:45   11.5   11.6   11.4    93   10.4    4.8    OSO   1.21  12.9     S   11.5   11.6   11.6   996.9   0.80    6.0    0.071   0.000   23.2    53   13.1   23.2    9.70   1.1547     349     1    100.0   15 
31/03/24  16:00   11.5   11.6   11.4    94   10.6    4.8    SSO   1.21  11.3   SSO   11.5   11.7   11.7   996.7   0.60    4.0    0.071   0.000   23.2    54   13.4   23.3    9.87   1.1541     350     1    100.0   15 
31/03/24  16:15   11.6   11.6   11.5    94   10.6    4.8    SSE   1.21  11.3     S   11.6   11.7   11.7   996.4   0.40    1.6    0.071   0.000   23.2    54   13.4   23.3    9.87   1.1537     351     1    100.0   15 
31/03/24  16:30   11.5   11.6   11.5    94   10.6    1.6    OSO   0.40   8.0     S   11.5   11.7   11.7   995.9   0.00    0.0    0.071   0.000   23.2    54   13.4   23.3    9.87   1.1531     352     1    100.0   15 
31/03/24  16:45   11.6   11.6   11.5    94   10.6    4.8    SSE   1.21  12.9   SSE   11.6   11.7   11.7   995.6   0.00    0.0    0.071   0.000   23.3    54   13.4   23.3    9.87   1.1525     351     1    100.0   15 
31/03/24  17:00   11.3   11.5   11.2    94   10.4    4.8    SSE   1.21  12.9   ESE   11.3   11.5   11.4   995.7   0.00    0.0    0.073   0.000   23.3    54   13.4   23.3    9.87   1.1527     351     1    100.0   15 
31/03/24  17:15   11.2   11.2   11.1    95   10.4    3.2     SO   0.80   8.0     S   11.2   11.3   11.3   996.1   0.00    0.0    0.075   0.000   23.3    54   13.5   23.4    9.87   1.1528     348     1    100.0   15 
31/03/24  17:30   11.1   11.2   11.0    95   10.3    4.8      S   1.21  11.3     S   11.0   11.2   11.2   995.8   0.00    0.0    0.076   0.000   23.3    54   13.5   23.4    9.87   1.1526     352     1    100.0   15 
31/03/24  17:45   10.9   11.0   10.9    94   10.0    3.2    SSE   0.80   8.0     E   10.9   11.1   11.1   995.2   0.00    0.0    0.077   0.000   23.4    54   13.6   23.4    9.87   1.1516     351     1    100.0   15 
31/03/24  18:00   10.8   10.9   10.8    95   10.1    1.6    OSO   0.40   9.7   OSO   10.8   11.0   11.0   995.5   0.00    0.0    0.078   0.000   23.4    54   13.6   23.4    9.87   1.1518     351     1    100.0   15 
31/03/24  18:15   10.7   10.8   10.7    95   10.0    1.6    OSO   0.40   8.0     S   10.7   10.9   10.9   995.5   0.00    0.0    0.079   0.000   23.4    54   13.6   23.4    9.87   1.1519     350     1    100.0   15 
31/03/24  18:30   10.7   10.8   10.6    95    9.9    3.2    OSO   0.80  11.3    SO   10.7   10.9   10.9   996.3   0.20    0.0    0.080   0.000   23.3    54   13.5   23.4    9.87   1.1532     351     1    100.0   15 
31/03/24  18:45   10.6   10.7   10.6    95    9.8    3.2      O   0.80  11.3     O   10.6   10.8   10.8   996.6   0.00    0.0    0.080   0.000   23.2    54   13.4   23.3    9.87   1.1540     352     1    100.0   15 
31/03/24  19:00   10.6   10.6   10.6    95    9.8    4.8     SO   1.21  12.9   SSO   10.4   10.8   10.7   997.1   0.00    0.0    0.081   0.000   23.1    54   13.3   23.1    9.88   1.1551     351     1    100.0   15 
31/03/24  19:15   10.5   10.6   10.4    95    9.7    6.4    SSO   1.61  17.7   SSO    9.9   10.7   10.2   997.4   0.00    0.0    0.082   0.000   22.9    55   13.4   23.0   10.08   1.1560     350     1    100.0   15 
31/03/24  19:30   10.6   10.6   10.5    95    9.8    8.0      S   2.01  19.3    SO    9.7   10.8    9.9   997.3   0.20    0.0    0.081   0.000   22.7    55   13.2   22.6   10.09   1.1573     351     1    100.0   15 
31/03/24  19:45   10.5   10.6   10.5    95    9.7    4.8    OSO   1.21  16.1   OSO   10.4   10.7   10.6   998.0   0.00    0.0    0.082   0.000   22.3    55   12.9   22.1   10.11   1.1598     350     1    100.0   15 
31/03/24  20:00   10.6   10.6   10.5    95    9.8    3.2      O   0.80  11.3   OSO   10.6   10.8   10.8   997.8   0.20    0.0    0.081   0.000   22.1    55   12.6   21.7   10.12   1.1609     351     1    100.0   15 
31/03/24  20:15   10.5   10.5   10.4    95    9.7    1.6      O   0.40   8.0   ONO   10.5   10.7   10.7   998.1   0.20    0.8    0.082   0.000   21.8    56   12.6   21.3   10.33   1.1623     350     1    100.0   15 
31/03/24  20:30   10.3   10.4   10.2    95    9.6    1.6    OSO   0.40   6.4   OSO   10.3   10.6   10.6   998.3   0.00    0.0    0.083   0.000   21.5    56   12.4   20.9   10.34   1.1640     350     1    100.0   15 
31/03/24  20:45   10.1   10.2   10.0    95    9.3    0.0    SSO   0.00   4.8   SSO   10.1   10.3   10.3   998.3   0.00    0.0    0.086   0.000   21.3    56   12.1   20.7   10.34   1.1651     352     1    100.0   15 
31/03/24  21:00    9.9   10.0    9.8    95    9.2    0.0    SSO   0.00   3.2   SSO    9.9   10.2   10.2   998.6   0.00    0.0    0.087   0.000   21.0    57   12.2   20.4   10.55   1.1665     351     1    100.0   15 
31/03/24  21:15    9.7    9.8    9.6    95    9.0    0.0    SSO   0.00   3.2   SSO    9.7   10.0   10.0   998.8   0.00    0.0    0.090   0.000   20.8    57   11.9   20.3   10.56   1.1678     351     1    100.0   15 
31/03/24  21:30    9.5    9.6    9.3    95    8.7    1.6    SSO   0.40   4.8     O    9.5    9.8    9.8   999.0   0.00    0.0    0.092   0.000   20.6    57   11.8   20.1   10.57   1.1689     349     1    100.0   15 
31/03/24  21:45    9.1    9.3    8.7    95    8.3    1.6      O   0.40   9.7     O    9.1    9.3    9.3   999.4   0.00    0.0    0.097   0.000   20.7    57   11.9   20.2   10.56   1.1688     350     1    100.0   15 
31/03/24  22:00    8.4    8.7    8.2    95    7.6    3.2      O   0.80  12.9   OSO    8.4    8.6    8.6   999.8   0.00    0.0    0.104   0.000   20.9    57   12.1   20.4   10.56   1.1683     352     1    100.0   15 
31/03/24  22:15    8.1    8.2    8.0    95    7.4    3.2    ONO   0.80   9.7     O    8.1    8.3    8.3  1000.2   0.00    0.0    0.106   0.000   21.2    56   12.0   20.5   10.35   1.1679     350     1    100.0   15 
31/03/24  22:30    8.0    8.2    7.9    93    6.9    4.8    ONO   1.21  16.1   OSO    7.6    8.1    7.7  1000.5   0.00    0.0    0.108   0.000   21.2    56   12.1   20.6   10.35   1.1680     351     1    100.0   15 
31/03/24  22:45    8.4    8.6    8.2    89    6.7    4.8    ONO   1.21  14.5   ONO    8.1    8.6    8.2  1000.9   0.00    0.0    0.103   0.000   21.1    56   12.0   20.4   10.35   1.1690     351     1    100.0   15 
31/03/24  23:00    8.5    8.6    8.5    87    6.5    1.6     SO   0.40  11.3   ONO    8.5    8.6    8.6  1001.4   0.00    0.0    0.102   0.000   20.9    57   12.1   20.4   10.56   1.1701     352     1    100.0   15 
31/03/24  23:15    8.3    8.5    8.2    86    6.1    3.2      O   0.80  14.5   OSO    8.3    8.3    8.3  1001.5   0.00    0.0    0.104   0.000   20.8    57   11.9   20.3   10.56   1.1711     351     1    100.0   15 
31/03/24  23:30    8.4    8.6    8.2    82    5.5    6.4    ONO   1.61  16.1   OSO    7.6    8.4    7.5  1002.0   0.00    0.0    0.103   0.000   20.6    57   11.7   20.1   10.57   1.1728     350     1    100.0   15 
31/03/24  23:45    8.4    8.5    8.4    81    5.4    4.8    ONO   1.21   9.7     O    8.1    8.4    8.0  1002.1   0.00    0.0    0.103   0.000   20.3    57   11.5   19.9   10.58   1.1740     351     1    100.0   15 
 1/04/24  00:00    8.4    8.4    8.4    80    5.2    3.2    ONO   0.80   6.4   ONO    8.4    8.3    8.3  1002.4   0.00    0.0    0.103   0.000   20.1    57   11.3   19.8   10.59   1.1754     351     1    100.0   15 
 1/04/24   0:15    8.4    8.4    8.3    80    5.1    3.2    ONO   0.80   6.4     O    8.4    8.3    8.3  1002.5   0.00    0.0    0.104   0.000   19.9    57   11.1   19.6   10.59   1.1767     299     1     87.4   15 
 1/04/24   0:30    8.5    8.6    8.4    78    4.9    3.2      O   0.80   8.0     O    8.5    8.4    8.4  1002.7   0.00    0.0    0.102   0.000   19.7    57   10.9   19.3   10.60   1.1780     352     1    100.0   15 
 1/04/24   0:45    8.4    8.5    8.3    79    5.0    3.2      O   0.80   9.7   OSO    8.4    8.3    8.3  1002.8   0.00    0.0    0.104   0.000   19.4    58   11.0   19.1   10.75   1.1790     351     1    100.0   15 
 1/04/24   1:00    8.3    8.4    8.2    79    4.9    3.2      O   0.80  12.9   OSO    8.3    8.2    8.2  1003.1   0.00    0.0    0.104   0.000   19.3    58   10.8   18.9   10.75   1.1801     351     1    100.0   15 
 1/04/24   1:15    8.3    8.3    8.3    78    4.7    3.2    ONO   0.80   8.0     O    8.3    8.2    8.2  1003.4   0.00    0.0    0.105   0.000   19.1    58   10.6   18.6   10.75   1.1816     351     1    100.0   15 
 1/04/24   1:30    8.3    8.3    8.3    77    4.5    3.2    ONO   0.80   6.4     O    8.3    8.2    8.2  1003.4   0.00    0.0    0.104   0.000   18.9    58   10.4   18.4   10.75   1.1825     352     1    100.0   15 
 1/04/24   1:45    8.3    8.3    8.2    78    4.7    3.2     NO   0.80   6.4    NO    8.3    8.2    8.2  1003.6   0.00    0.0    0.105   0.000   18.7    58   10.3   18.2   10.75   1.1835     351     1    100.0   15 
 1/04/24   2:00    8.1    8.2    8.0    78    4.5    3.2     NO   0.80   6.4    NO    8.1    7.9    7.9  1003.6   0.00    0.0    0.106   0.000   18.6    58   10.1   18.1   10.75   1.1844     349     1    100.0   15 
 1/04/24   2:15    7.8    8.0    7.7    79    4.4    4.8    ONO   1.21  11.3   OSO    7.4    7.7    7.3  1003.8   0.00    0.0    0.109   0.000   18.4    59   10.2   17.9   10.95   1.1852     351     1    100.0   15 
 1/04/24   2:30    8.1    8.1    7.9    78    4.4    6.4    ONO   1.61  16.1   ONO    7.1    7.9    6.9  1003.9   0.00    0.0    0.107   0.000   18.3    59   10.1   17.8   10.95   1.1859     351     1    100.0   15 
 1/04/24   2:45    7.6    7.9    7.3    79    4.2    4.8    ONO   1.21  12.9   OSO    7.1    7.5    7.0  1004.2   0.00    0.0    0.112   0.000   18.2    59   10.0   17.7   10.95   1.1868     352     1    100.0   15 
 1/04/24   3:00    7.2    7.3    7.0    80    3.9    3.2     NO   0.80   9.7   ONO    7.2    7.1    7.1  1004.5   0.00    0.0    0.116   0.000   18.3    59   10.1   17.8   10.95   1.1866     351     1    100.0   15 
 1/04/24   3:15    6.8    6.9    6.6    83    4.1    3.2    ONO   0.80   9.7   ONO    6.8    6.7    6.7  1004.6   0.00    0.0    0.120   0.000   18.6    58   10.2   18.1   10.75   1.1854     351     1    100.0   15 
