                 Temp.  Temp.  Temp.  Hum.   Punt   Vel.   Dir.   Rec.  Vel.  Dir.  Sens.   Índ.   Índ.                  Int. Graus D.Graus D.  Temp.  Hum. Rosada  In.Cal.  EMC     Dens.    Mostr   Tx   Recep.  Int.
  Data    Hora    Ext.   Màx.   Mín.  Ext. Rosada   Vent   Vent   Vent  Màx.  Màx.  Tèrm.  Calor   THW    Bar    Pluja   Pluja  Calor    Fred    Int.  Int.   Int.   Int.    Int.  Int.Aire    Vent   Vent   ISS   Arc.
-------------------------------------------------------------------------------------------------------------------------------------------------------------------------------------------------------------------------
12/03/24   0:15    8.3    8.3    8.2    70    3.1    4.8     NO   1.21  14.5    NO    7.9    8.0    7.6  1017.9   0.00    0.0    0.105   0.000   22.2    48   10.7   21.6    8.89   1.1860     349     1    100.0   15 
12/03/24   0:30    8.3    8.3    8.1    70    3.1    3.2      O   0.80  11.3     O    8.3    8.0    8.0  1018.0   0.00    0.0    0.105   0.000   21.9    48   10.4   21.1    8.88   1.1878     347     1    100.0   15 
12/03/24   0:45    7.9    8.1    7.8    71    3.0    4.8      O   1.21  16.1   ONO    7.4    7.6    7.2  1018.2   0.00    0.0    0.109   0.000   21.6    48   10.1   20.6    8.87   1.1897     350     1    100.0   15 
12/03/24   1:00    8.2    8.3    8.1    69    2.9    4.8    ONO   1.21  12.9   ONO    7.8    7.9    7.6  1018.5   0.00    0.0    0.105   0.000   21.3    49   10.1   20.3    9.05   1.1910     351     1    100.0   15 
12/03/24   1:15    8.2    8.3    8.1    69    2.8    4.8      O   1.21  14.5   OSO    7.8    7.9    7.5  1018.6   0.00    0.0    0.106   0.000   21.0    49    9.9   20.1    9.05   1.1926     351     1    100.0   15 
12/03/24   1:30    7.9    8.1    7.7    70    2.8    4.8      O   1.21  16.1     O    7.5    7.7    7.2  1018.4   0.00    0.0    0.108   0.000   20.8    49    9.7   19.9    9.06   1.1935     352     1    100.0   15 
12/03/24   1:45    7.8    7.8    7.8    70    2.7    4.8    OSO   1.21  14.5     O    7.4    7.6    7.1  1018.8   0.00    0.0    0.109   0.000   20.5    49    9.4   19.7    9.07   1.1953     351     1    100.0   15 
12/03/24   2:00    7.7    7.8    7.6    71    2.7    6.4    ONO   1.61  17.7     O    6.7    7.4    6.4  1018.6   0.00    0.0    0.111   0.000   20.2    50    9.5   19.5    9.28   1.1961     351     1    100.0   15 
12/03/24   2:15    7.7    7.8    7.6    71    2.7    9.7    ONO   2.41  25.7   ONO    5.9    7.4    5.7  1018.3   0.00    0.0    0.111   0.000   19.9    50    9.2   19.2    9.29   1.1971     350     1    100.0   15 
12/03/24   2:30    7.8    7.8    7.8    71    2.9    8.0      O   2.01  22.5     O    6.4    7.6    6.2  1018.7   0.00    0.0    0.109   0.000   19.7    50    9.0   18.9    9.30   1.1987     351     1    100.0   15 
12/03/24   2:45    7.8    7.8    7.7    71    2.8    3.2    NNO   0.80  16.1    NO    7.8    7.5    7.5  1018.6   0.00    0.0    0.110   0.000   19.5    51    9.1   18.8    9.51   1.1995     350     1    100.0   15 
12/03/24   3:00    7.6    7.7    7.4    73    3.0    1.6     SO   0.40   6.4    NO    7.6    7.3    7.3  1018.6   0.00    0.0    0.112   0.000   19.3    51    8.9   18.5    9.52   1.2005     350     1    100.0   15 
12/03/24   3:15    7.3    7.4    7.2    73    2.8    1.6      S   0.40   8.0   ONO    7.3    7.1    7.1  1018.7   0.00    0.0    0.115   0.000   19.1    51    8.7   18.3    9.52   1.2014     351     1    100.0   15 
12/03/24   3:30    7.2    7.3    7.2    74    2.9    1.6      O   0.40   8.0     O    7.2    7.0    7.0  1018.8   0.00    0.0    0.116   0.000   18.9    51    8.6   18.1    9.53   1.2024     352     1    100.0   15 
12/03/24   3:45    7.0    7.2    6.8    76    3.1    3.2    ONO   0.80  12.9     O    7.0    6.8    6.8  1019.0   0.00    0.0    0.118   0.000   18.8    51    8.4   17.9    9.53   1.2034     351     1    100.0   15 
12/03/24   4:00    6.9    6.9    6.8    76    2.9    3.2    ONO   0.80   9.7     O    6.9    6.7    6.7  1019.1   0.00    0.0    0.119   0.000   18.6    51    8.2   17.7    9.54   1.2047     351     1    100.0   15 
12/03/24   4:15    6.8    6.8    6.7    76    2.8    3.2    ONO   0.80  14.5   ONO    6.8    6.6    6.6  1019.1   0.00    0.0    0.120   0.000   18.4    52    8.4   17.6    9.75   1.2052     351     1    100.0   15 
12/03/24   4:30    6.7    6.8    6.5    77    2.9    1.6    ONO   0.40   4.8    NO    6.7    6.5    6.5  1019.4   0.00    0.0    0.122   0.000   18.2    52    8.2   17.4    9.75   1.2065     351     1    100.0   15 
12/03/24   4:45    6.4    6.6    6.2    78    2.8    1.6      S   0.40   4.8   ESE    6.4    6.2    6.2  1019.6   0.00    0.0    0.124   0.000   18.3    52    8.2   17.4    9.75   1.2065     349     1    100.0   15 
12/03/24   5:00    6.2    6.3    6.1    79    2.8    3.2    ONO   0.80  16.1   ENE    6.2    6.1    6.1  1019.7   0.00    0.0    0.126   0.000   18.5    52    8.5   17.7    9.74   1.2054     351     1    100.0   15 
12/03/24   5:15    6.2    6.3    5.9    79    2.8    1.6    ONO   0.40   6.4    NO    6.2    6.0    6.0  1019.6   0.00    0.0    0.127   0.000   18.9    51    8.5   18.1    9.53   1.2036     351     1    100.0   15 
12/03/24   5:30    5.7    5.9    5.6    80    2.5    3.2     NO   0.80   8.0   ONO    5.7    5.5    5.5  1019.6   0.00    0.0    0.132   0.000   19.3    51    8.9   18.5    9.52   1.2018     351     1    100.0   15 
12/03/24   5:45    5.5    5.6    5.5    81    2.5    1.6     NO   0.40   8.0    NO    5.5    5.3    5.3  1019.8   0.00    0.0    0.134   0.000   19.6    50    8.8   18.8    9.31   1.2008     352     1    100.0   15 
12/03/24   6:00    5.7    5.8    5.5    81    2.7    3.2    ENE   0.80   6.4   ENE    5.7    5.5    5.5  1020.0   0.00    0.0    0.132   0.000   19.8    50    9.1   19.1    9.30   1.1997     351     1    100.0   15 
12/03/24   6:15    5.6    5.9    5.3    81    2.6    3.2     NO   0.80   6.4   ONO    5.6    5.4    5.4  1020.0   0.00    0.0    0.133   0.000   20.0    49    9.0   19.2    9.09   1.1991     351     1    100.0   15 
12/03/24   6:30    5.4    5.7    5.3    82    2.6    1.6      O   0.40   4.8     O    5.4    5.3    5.3  1020.5   0.00    0.0    0.134   0.000   20.2    49    9.2   19.4    9.08   1.1986     350     1    100.0   15 
12/03/24   6:45    6.1    6.3    5.7    80    2.9    1.6      O   0.40   4.8     O    6.1    5.9    5.9  1020.6   0.00    0.0    0.128   0.000   20.4    49    9.4   19.6    9.07   1.1977     351     1    100.0   15 
12/03/24   7:00    6.4    6.6    6.3    79    3.1    1.6    NNO   0.40   6.4    NO    6.4    6.3    6.3  1020.6   0.00    0.0    0.124   0.000   20.7    49    9.6   19.8    9.06   1.1963     352     1    100.0   15 
12/03/24   7:15    6.9    7.3    6.6    77    3.1    1.6    ONO   0.40   6.4    NE    6.9    6.7    6.7  1020.9   0.00    0.0    0.119   0.000   21.1    48    9.6   20.0    8.85   1.1953     350     1    100.0   15 
12/03/24   7:30    7.4    7.5    7.3    76    3.4    4.8    ENE   1.21   8.0   ENE    6.9    7.2    6.7  1021.0   0.00    0.0    0.114   0.000   21.4    48    9.9   20.4    8.86   1.1938     350     1    100.0   15 
12/03/24   7:45    7.4    7.5    7.4    76    3.5    6.4    ENE   1.61  11.3   ENE    6.4    7.2    6.2  1021.1   0.00    0.0    0.113   0.000   21.7    48   10.2   20.8    8.87   1.1925     351     1    100.0   15 
12/03/24   8:00    7.4    7.5    7.4    76    3.5    6.4     NE   1.61  12.9   ENE    6.4    7.2    6.2  1021.2   0.00    0.0    0.113   0.000   21.9    48   10.4   21.2    8.88   1.1913     352     1    100.0   15 
12/03/24   8:15    7.9    8.2    7.5    74    3.6    3.2     NE   0.80  11.3   ENE    7.9    7.7    7.7  1021.3   0.00    0.0    0.108   0.000   22.1    48   10.6   21.4    8.89   1.1906     350     1    100.0   15 
12/03/24   8:30    8.7    9.1    8.2    70    3.5    1.6    SSE   0.40   6.4   SSE    8.7    8.4    8.4  1021.4   0.00    0.0    0.101   0.000   22.3    48   10.7   21.7    8.89   1.1899     349     1    100.0   15 
12/03/24   8:45    9.4    9.6    9.1    67    3.6    1.6     SO   0.40   6.4   SSE    9.4    9.1    9.1  1021.4   0.00    0.0    0.093   0.000   22.4    47   10.6   21.9    8.75   1.1894     351     1    100.0   15 
12/03/24   9:00    9.6   10.1    9.3    67    3.8    1.6    NNO   0.40   6.4   NNO    9.6    9.3    9.3  1021.6   0.00    0.0    0.091   0.000   22.7    47   10.8   22.2    8.75   1.1885     350     1    100.0   15 
12/03/24   9:15   10.2   10.4   10.1    65    3.9    1.6     NO   0.40   8.0    NO   10.2    9.9    9.9  1021.6   0.00    0.0    0.084   0.000   22.9    46   10.7   22.6    8.58   1.1874     351     1    100.0   15 
12/03/24   9:30   10.3   10.6   10.1    65    4.0    3.2     NO   0.80   8.0     E   10.3    9.9    9.9  1021.5   0.00    0.0    0.084   0.000   23.0    45   10.4   22.6    8.45   1.1874     350     1    100.0   15 
12/03/24   9:45   10.4   10.6   10.3    66    4.3    3.2     NO   0.80   8.0    NO   10.4   10.1   10.1  1021.5   0.00    0.0    0.083   0.000   23.1    45   10.5   22.7    8.45   1.1872     349     1    100.0   15 
12/03/24  10:00   11.2   11.7   10.7    63    4.4    4.8    ENE   1.21  12.9   ENE   11.2   10.7   10.7  1021.6   0.00    0.0    0.074   0.000   23.1    45   10.5   22.7    8.45   1.1869     346     1    100.0   15 
12/03/24  10:15   11.8   12.0   11.7    66    5.7    4.8     SE   1.21  11.3   SSE   11.8   11.3   11.3  1021.6   0.00    0.0    0.068   0.000   23.1    45   10.5   22.7    8.45   1.1869     350     1    100.0   15 
12/03/24  10:30   12.1   12.3   12.0    64    5.5    3.2    ESE   0.80  12.9     E   12.1   11.6   11.6  1021.7   0.00    0.0    0.065   0.000   23.1    43    9.8   22.6    8.11   1.1877     346     1    100.0   15 
12/03/24  10:45   12.3   12.5   12.2    63    5.5    4.8     SE   1.21  12.9     E   12.3   11.7   11.7  1021.6   0.00    0.0    0.062   0.000   22.9    44   10.0   22.4    8.28   1.1881     350     1    100.0   15 
12/03/24  11:00   12.7   13.0   12.4    63    5.8    3.2      E   0.80  16.1   ESE   12.7   12.1   12.1  1021.6   0.00    0.0    0.059   0.000   23.0    44   10.1   22.5    8.28   1.1878     351     1    100.0   15 
12/03/24  11:15   13.2   13.3   13.0    63    6.3    6.4    ENE   1.61  16.1    SE   13.1   12.6   12.5  1021.6   0.00    0.0    0.053   0.000   23.1    44   10.1   22.6    8.28   1.1875     351     1    100.0   15 
12/03/24  11:30   13.3   13.4   13.1    61    5.9    6.4    ESE   1.61  16.1   ESE   13.2   12.6   12.5  1021.6   0.00    0.0    0.053   0.000   23.1    44   10.2   22.7    8.28   1.1873     350     1    100.0   15 
12/03/24  11:45   13.7   13.9   13.4    59    5.8    4.8      E   1.21  11.3   ESE   13.7   12.9   12.9  1021.5   0.00    0.0    0.048   0.000   23.2    44   10.2   22.7    8.28   1.1869     349     1    100.0   15 
12/03/24  12:00   14.2   14.3   13.9    58    6.0    4.8      E   1.21  14.5   ESE   14.2   13.4   13.4  1021.3   0.00    0.0    0.043   0.000   23.2    44   10.2   22.7    8.28   1.1866     350     1    100.0   15 
12/03/24  12:15   14.3   14.6   14.2    56    5.7    6.4    ENE   1.61  14.5   ENE   14.3   13.5   13.5  1021.2   0.00    0.0    0.042   0.000   23.3    44   10.3   22.9    8.27   1.1860     351     1    100.0   15 
12/03/24  12:30   14.8   14.9   14.5    57    6.3    4.8     NE   1.21  16.1     E   14.8   13.9   13.9  1021.0   0.00    0.0    0.037   0.000   23.3    43   10.0   22.8    8.09   1.1861     352     1    100.0   15 
12/03/24  12:45   14.6   14.7   14.5    62    7.4    6.4    ENE   1.61  16.1     E   14.6   13.9   13.9  1020.8   0.00    0.0    0.039   0.000   23.3    43   10.0   22.8    8.09   1.1858     351     1    100.0   15 
12/03/24  13:00   14.4   14.6   14.2    65    7.9   11.3      E   2.82  22.5     E   13.8   13.9   13.2  1020.5   0.00    0.0    0.041   0.000   23.3    43   10.0   22.8    8.09   1.1855     351     1    100.0   15 
12/03/24  13:15   14.1   14.2   14.1    66    7.8   12.9    ENE   3.22  22.5     E   13.0   13.6   12.4  1020.4   0.00    0.0    0.044   0.000   23.3    43   10.0   22.8    8.09   1.1854     351     1    100.0   15 
12/03/24  13:30   14.4   14.7   14.1    62    7.2    9.7    ENE   2.41  20.9     E   14.0   13.8   13.3  1020.3   0.00    0.0    0.041   0.000   23.2    43    9.9   22.8    8.10   1.1855     352     1    100.0   15 
12/03/24  13:45   14.4   14.6   14.4    61    7.0    8.0    ENE   2.01  19.3   ENE   14.2   13.8   13.6  1020.3   0.00    0.0    0.041   0.000   23.2    44   10.2   22.7    8.28   1.1854     351     1    100.0   15 
12/03/24  14:00   14.8   15.1   14.5    58    6.6    6.4      E   1.61  16.1     E   14.8   14.1   14.1  1020.2   0.00    0.0    0.036   0.000   23.2    43    9.9   22.7    8.10   1.1857     348     1    100.0   15 
12/03/24  14:15   15.0   15.1   14.9    60    7.3    9.7    ESE   2.41  19.3   ESE   14.7   14.3   13.9  1020.1   0.00    0.0    0.035   0.000   23.3    43   10.0   22.9    8.09   1.1848     351     1    100.0   15 
12/03/24  14:30   14.9   14.9   14.8    62    7.7    9.7     SE   2.41  17.7     E   14.6   14.2   13.9  1020.1   0.00    0.0    0.036   0.000   23.6    43   10.2   23.2    8.07   1.1837     352     1    100.0   15 
12/03/24  14:45   14.9   15.1   14.8    62    7.7    9.7    ENE   2.41  17.7     E   14.6   14.2   13.9  1019.8   0.00    0.0    0.036   0.000   23.7    43   10.4   23.4    8.06   1.1826     350     1    100.0   15 
12/03/24  15:00   14.9   15.1   14.9    64    8.2    9.7      E   2.41  17.7   ENE   14.6   14.3   14.0  1019.7   0.00    0.0    0.035   0.000   23.8    43   10.5   23.6    8.05   1.1819     349     1    100.0   15 
12/03/24  15:15   14.8   15.0   14.6    66    8.5   11.3    ENE   2.82  20.9     E   14.2   14.3   13.7  1019.8   0.00    0.0    0.036   0.000   23.9    43   10.6   23.7    8.05   1.1815     351     1    100.0   15 
12/03/24  15:30   14.1   14.5   13.8    70    8.7   11.3      E   2.82  20.9     E   13.3   13.6   12.9  1020.1   0.00    0.0    0.045   0.000   23.9    43   10.6   23.7    8.05   1.1817     351     1    100.0   15 
12/03/24  15:45   13.9   14.2   13.8    69    8.3    9.7    ESE   2.41  20.9     E   13.4   13.5   12.9  1019.8   0.00    0.0    0.046   0.000   23.8    43   10.4   23.5    8.06   1.1823     352     1    100.0   15 
12/03/24  16:00   14.1   14.1   13.9    70    8.7    9.7      E   2.41  17.7     E   13.6   13.6   13.1  1020.1   0.00    0.0    0.045   0.000   23.6    44   10.6   23.3    8.26   1.1831     351     1    100.0   15 
12/03/24  16:15   13.8   14.0   13.7    72    8.8    9.7      E   2.41  20.9     E   13.2   13.4   12.8  1019.9   0.00    0.0    0.047   0.000   23.5    44   10.5   23.2    8.26   1.1834     350     1    100.0   15 
12/03/24  16:30   13.7   13.8   13.7    72    8.8    9.7      E   2.41  17.7   ENE   13.1   13.3   12.7  1020.0   0.00    0.0    0.048   0.000   23.3    45   10.7   23.0    8.45   1.1840     351     1    100.0   15 
12/03/24  16:45   13.8   13.9   13.7    71    8.6    6.4      E   1.61  14.5   ENE   13.8   13.4   13.4  1020.1   0.00    0.0    0.047   0.000   23.2    45   10.6   22.8    8.45   1.1849     352     1    100.0   15 
12/03/24  17:00   14.1   14.3   13.9    63    7.2    3.2    SSE   0.80  11.3   SSO   14.1   13.5   13.5  1020.1   0.00    0.0    0.044   0.000   23.1    46   10.8   22.7    8.58   1.1852     351     1    100.0   15 
12/03/24  17:15   14.3   14.4   14.2    61    6.9    4.8      S   1.21  11.3   ESE   14.3   13.6   13.6  1020.3   0.00    0.0    0.042   0.000   22.9    46   10.7   22.4    8.59   1.1862     350     1    100.0   15 
12/03/24  17:30   14.1   14.2   13.9    62    6.9    3.2      S   0.80  11.3   SSO   14.1   13.4   13.4  1020.5   0.00    0.0    0.045   0.000   22.9    47   11.0   22.5    8.75   1.1861     350     1    100.0   15 
12/03/24  17:45   13.7   13.9   13.4    63    6.7    3.2    SSO   0.80   6.4     S   13.7   13.1   13.1  1020.8   0.00    0.0    0.049   0.000   23.0    47   11.1   22.7    8.75   1.1859     350     1    100.0   15 
12/03/24  18:00   13.1   13.4   12.7    64    6.4    4.8    SSO   1.21  16.1   SSO   13.1   12.5   12.5  1021.2   0.00    0.0    0.054   0.000   23.2    47   11.2   22.8    8.75   1.1855     352     1    100.0   15 
12/03/24  18:15   12.1   12.7   11.6    70    6.7    6.4    SSO   1.61  16.1     S   11.7   11.7   11.3  1021.3   0.00    0.0    0.065   0.000   23.2    47   11.3   22.9    8.75   1.1854     350     1    100.0   15 
12/03/24  18:30   11.2   11.5   10.9    72    6.3    6.4    SSO   1.61  14.5     S   10.7   10.9   10.4  1021.4   0.00    0.0    0.075   0.000   23.3    47   11.4   23.1    8.75   1.1850     350     1    100.0   15 
12/03/24  18:45   10.7   10.9   10.6    73    6.1    6.4    SSO   1.61  12.9   SSO   10.2   10.5   10.0  1021.5   0.00    0.0    0.079   0.000   23.4    46   11.1   23.1    8.57   1.1851     351     1    100.0   15 
12/03/24  19:00   10.4   10.6   10.1    74    6.0    4.8    OSO   1.21   9.7    SO   10.3   10.2   10.1  1021.6   0.00    0.0    0.083   0.000   23.4    45   10.8   23.1    8.45   1.1856     352     1    100.0   15 
12/03/24  19:15    9.9   10.1    9.7    77    6.0    3.2     SO   0.80   8.0    SO    9.9    9.8    9.8  1021.6   0.00    0.0    0.088   0.000   23.4    44   10.4   23.1    8.27   1.1860     351     1    100.0   15 
12/03/24  19:30    9.6    9.7    9.5    79    6.1    3.2    OSO   0.80   8.0    SO    9.6    9.6    9.6  1021.7   0.00    0.0    0.091   0.000   23.4    44   10.4   23.1    8.27   1.1861     351     1    100.0   15 
12/03/24  19:45    9.5    9.6    9.4    80    6.2    1.6      O   0.40   6.4   ONO    9.5    9.4    9.4  1021.7   0.00    0.0    0.092   0.000   23.3    44   10.4   22.9    8.27   1.1864     350     1    100.0   15 
12/03/24  20:00    9.3    9.4    9.3    81    6.2    3.2    ONO   0.80   6.4   ONO    9.3    9.3    9.3  1021.9   0.00    0.0    0.094   0.000   23.3    44   10.3   22.9    8.27   1.1868     351     1    100.0   15 
12/03/24  20:15    9.3    9.4    9.3    81    6.2    1.6    ONO   0.40   6.4   ONO    9.3    9.3    9.3  1022.0   0.00    0.0    0.094   0.000   23.2    44   10.3   22.8    8.27   1.1872     350     1    100.0   15 
12/03/24  20:30    9.2    9.3    9.2    82    6.3    3.2      O   0.80   4.8   OSO    9.2    9.2    9.2  1022.0   0.00    0.0    0.095   0.000   23.3    44   10.3   22.9    8.27   1.1870     349     1    100.0   15 
12/03/24  20:45    9.2    9.2    9.1    82    6.3    3.2    OSO   0.80   6.4   OSO    9.2    9.2    9.2  1022.0   0.00    0.0    0.095   0.000   23.3    45   10.7   23.0    8.45   1.1863     351     1    100.0   15 
12/03/24  21:00    8.9    9.1    8.9    83    6.2    3.2    OSO   0.80   6.4   OSO    8.9    8.9    8.9  1022.0   0.00    0.0    0.098   0.000   23.3    46   11.1   23.1    8.57   1.1860     351     1    100.0   15 
12/03/24  21:15    8.9    8.9    8.9    83    6.2    1.6      O   0.40   4.8   OSO    8.9    8.9    8.9  1022.0   0.00    0.0    0.098   0.000   23.3    46   11.1   23.1    8.57   1.1860     351     1    100.0   15 
12/03/24  21:30    8.9    8.9    8.8    84    6.3    1.6      O   0.40   6.4   OSO    8.9    8.9    8.9  1022.0   0.00    0.0    0.098   0.000   23.2    47   11.2   22.8    8.75   1.1865     351     1    100.0   15 
12/03/24  21:45    8.8    8.8    8.7    84    6.2    1.6    ONO   0.40   6.4   OSO    8.8    8.8    8.8  1021.8   0.00    0.0    0.100   0.000   23.0    47   11.1   22.7    8.75   1.1871     351     1    100.0   15 
12/03/24  22:00    8.7    8.7    8.7    85    6.3    1.6    ONO   0.40   4.8   ONO    8.7    8.7    8.7  1021.7   0.00    0.0    0.101   0.000   22.8    47   10.9   22.4    8.75   1.1880     351     1    100.0   15 
12/03/24  22:15    8.7    8.7    8.6    85    6.3    3.2      O   0.80   6.4   ONO    8.7    8.7    8.7  1021.6   0.00    0.0    0.101   0.000   22.6    47   10.7   22.1    8.75   1.1890     351     1    100.0   15 
12/03/24  22:30    8.5    8.6    8.4    85    6.1    3.2      O   0.80   4.8     O    8.5    8.5    8.5  1021.5   0.00    0.0    0.102   0.000   22.4    47   10.5   21.8    8.75   1.1898     351     1    100.0   15 
12/03/24  22:45    8.4    8.4    8.3    86    6.2    3.2      O   0.80   6.4     O    8.4    8.4    8.4  1021.3   0.00    0.0    0.104   0.000   22.2    48   10.7   21.6    8.89   1.1900     350     1    100.0   15 
12/03/24  23:00    8.2    8.3    8.0    86    6.0    1.6      O   0.40   4.8     O    8.2    8.2    8.2  1021.3   0.00    0.0    0.105   0.000   22.1    48   10.5   21.3    8.88   1.1908     351     1    100.0   15 
12/03/24  23:15    8.1    8.2    7.9    88    6.2    1.6      O   0.40   3.2     O    8.1    8.1    8.1  1021.2   0.00    0.0    0.107   0.000   21.9    48   10.4   21.2    8.88   1.1913     351     1    100.0   15 
12/03/24  23:30    8.2    8.3    8.1    87    6.1    1.6      O   0.40   4.8     O    8.2    8.2    8.2  1021.1   0.00    0.0    0.106   0.000   21.9    48   10.4   21.1    8.88   1.1914     351     1    100.0   15 
12/03/24  23:45    8.2    8.2    8.1    86    6.0    1.6      O   0.40   4.8     O    8.2    8.2    8.2  1020.9   0.00    0.0    0.106   0.000   21.7    48   10.2   20.9    8.87   1.1921     351     1    100.0   15 
13/03/24  00:00    8.2    8.3    8.1    85    5.8    3.2      O   0.80   6.4     O    8.2    8.2    8.2  1020.8   0.00    0.0    0.105   0.000   21.6    48   10.1   20.7    8.87   1.1924     351     1    100.0   15 
13/03/24   0:15    8.4    8.5    8.3    84    5.8    1.6    ONO   0.40   4.8   ONO    8.4    8.4    8.4  1020.8   0.00    0.0    0.104   0.000   21.4    48   10.0   20.5    8.86   1.1932     349     1    100.0   15 
13/03/24   0:30    8.6    8.7    8.5    83    5.9    3.2    ONO   0.80   4.8   ONO    8.6    8.6    8.6  1020.8   0.00    0.0    0.101   0.000   21.3    48    9.8   20.3    8.86   1.1941     351     1    100.0   15 
13/03/24   0:45    8.6    8.7    8.4    83    5.8    1.6    ONO   0.40   3.2   ONO    8.6    8.5    8.5  1020.8   0.00    0.0    0.102   0.000   21.1    49    9.9   20.1    9.05   1.1949     352     1    100.0   15 
13/03/24   1:00    8.4    8.7    8.3    84    5.9    3.2    ONO   0.80   4.8   ONO    8.4    8.4    8.4  1020.8   0.00    0.0    0.103   0.000   20.8    49    9.7   19.9    9.06   1.1962     351     1    100.0   15 
13/03/24   1:15    8.7    8.8    8.7    83    6.0    1.6    ONO   0.40   4.8   ONO    8.7    8.7    8.7  1020.7   0.00    0.0    0.100   0.000   20.5    49    9.4   19.7    9.07   1.1976     350     1    100.0   15 
13/03/24   1:30    8.4    8.6    8.3    83    5.7    3.2     NE   0.80   4.8   ONO    8.4    8.4    8.4  1020.6   0.00    0.0    0.103   0.000   20.3    50    9.5   19.5    9.28   1.1982     351     1    100.0   15 
13/03/24   1:45    7.9    8.2    7.6    85    5.5    3.2    ENE   0.80   6.4   ENE    7.9    7.9    7.9  1020.6   0.00    0.0    0.109   0.000   20.1    50    9.3   19.3    9.29   1.1993     350     1    100.0   15 
13/03/24   2:00    7.4    7.6    7.3    86    5.3    1.6    ENE   0.40   6.4   ENE    7.4    7.4    7.4  1020.3   0.00    0.0    0.113   0.000   19.8    50    9.1   19.1    9.30   1.2004     352     1    100.0   15 
13/03/24   2:15    7.2    7.3    7.1    87    5.2    0.0    ENE   0.00   3.2   ENE    7.2    7.2    7.2  1020.2   0.00    0.0    0.116   0.000   19.7    51    9.2   18.9    9.50   1.2005     351     1    100.0   15 
13/03/24   2:30    7.0    7.1    6.9    87    5.0    1.6    ENE   0.40   3.2   ENE    7.0    7.0    7.0  1020.1   0.00    0.0    0.118   0.000   19.7    51    9.3   19.1    9.50   1.2001     351     1    100.0   15 
13/03/24   2:45    6.8    6.9    6.7    88    5.0    1.6    ESE   0.40   3.2   ENE    6.8    6.8    6.8  1020.0   0.00    0.0    0.120   0.000   19.9    50    9.2   19.2    9.29   1.1992     350     1    100.0   15 
13/03/24   3:00    6.6    6.7    6.6    89    4.9    0.0    ESE   0.00   1.6   ESE    6.6    6.7    6.7  1019.9   0.00    0.0    0.122   0.000   20.2    50    9.5   19.5    9.28   1.1976     352     1    100.0   15 
13/03/24   3:15    6.7    6.7    6.6    89    5.0    0.0    ESE   0.00   3.2   ESE    6.7    6.7    6.7  1019.8   0.00    0.0    0.122   0.000   20.5    50    9.7   19.7    9.27   1.1962     350     1    100.0   15 
