                 Temp.  Temp.  Temp.  Hum.   Punt   Vel.   Dir.   Rec.  Vel.  Dir.  Sens.   Índ.   Índ.                  Int. Graus D.Graus D.  Temp.  Hum. Rosada  In.Cal.  EMC     Dens.    Mostr   Tx   Recep.  Int.
  Data    Hora    Ext.   Màx.   Mín.  Ext. Rosada   Vent   Vent   Vent  Màx.  Màx.  Tèrm.  Calor   THW    Bar    Pluja   Pluja  Calor    Fred    Int.  Int.   Int.   Int.    Int.  Int.Aire    Vent   Vent   ISS   Arc.
-------------------------------------------------------------------------------------------------------------------------------------------------------------------------------------------------------------------------
 5/03/24   0:15   10.6   10.7   10.2    72    5.7    1.6    NNO   0.40   6.4   ENE   10.6   10.3   10.3  1015.7   0.00    0.0    0.081   0.000   22.5    44    9.6   21.8    8.30   1.1833     350     1    100.0   15 
 5/03/24   0:30   10.0   10.2    9.9    73    5.4    4.8    ENE   1.21   8.0   ENE    9.8    9.8    9.7  1016.0   0.00    0.0    0.087   0.000   22.2    45    9.7   21.4    8.45   1.1847     351     1    100.0   15 
 5/03/24   0:45    9.7    9.8    9.6    75    5.4    1.6    ENE   0.40   6.4    NE    9.7    9.5    9.5  1016.0   0.00    0.0    0.090   0.000   21.9    45    9.5   21.0    8.45   1.1860     352     1    100.0   15 
 5/03/24   1:00    9.4    9.6    9.3    77    5.6    1.6    ONO   0.40   6.4   OSO    9.4    9.3    9.3  1016.1   0.00    0.0    0.093   0.000   21.7    45    9.2   20.6    8.45   1.1875     351     1    100.0   15 
 5/03/24   1:15    9.3    9.3    9.2    78    5.6    1.6    ONO   0.40   4.8     O    9.3    9.2    9.2  1016.3   0.00    0.0    0.094   0.000   21.4    46    9.3   20.3    8.64   1.1889     351     1    100.0   15 
 5/03/24   1:30    9.2    9.3    9.2    78    5.6    1.6      O   0.40   6.4   OSO    9.2    9.1    9.1  1016.4   0.00    0.0    0.095   0.000   21.1    46    9.0   19.9    8.65   1.1902     350     1    100.0   15 
 5/03/24   1:45    9.0    9.2    8.8    79    5.6    4.8    ONO   1.21   9.7     O    8.7    8.9    8.6  1016.5   0.00    0.0    0.097   0.000   20.8    46    8.8   19.8    8.65   1.1918     352     1    100.0   15 
 5/03/24   2:00    8.8    8.9    8.7    80    5.5    4.8      O   1.21   9.7     O    8.4    8.7    8.4  1016.5   0.00    0.0    0.100   0.000   20.6    47    8.9   19.7    8.77   1.1925     350     1    100.0   15 
 5/03/24   2:15    8.9    8.9    8.8    79    5.4    4.8      O   1.21   9.7   ONO    8.6    8.8    8.5  1016.4   0.00    0.0    0.098   0.000   20.3    47    8.6   19.4    8.78   1.1938     349     1    100.0   15 
 5/03/24   2:30    8.7    9.0    8.4    79    5.3    3.2    ENE   0.80   9.7    NE    8.7    8.6    8.6  1016.5   0.00    0.0    0.100   0.000   20.1    47    8.4   19.2    8.79   1.1950     351     1    100.0   15 
 5/03/24   2:45    8.5    8.5    8.4    80    5.2    1.6     NO   0.40   4.8     N    8.5    8.4    8.4  1016.7   0.00    0.0    0.102   0.000   19.9    47    8.2   19.0    8.79   1.1963     351     1    100.0   15 
 5/03/24   3:00    8.4    8.5    8.3    80    5.1    1.6     NO   0.40   4.8    NO    8.4    8.3    8.3  1016.7   0.00    0.0    0.104   0.000   19.7    48    8.3   18.8    8.90   1.1971     352     1    100.0   15 
 5/03/24   3:15    7.8    8.3    7.6    82    4.9    3.2     NO   0.80   4.8    NO    7.8    7.8    7.8  1016.8   0.00    0.0    0.109   0.000   19.5    48    8.2   18.6    8.91   1.1980     351     1    100.0   15 
 5/03/24   3:30    7.7    7.7    7.6    82    4.8    1.6     NO   0.40   4.8    NO    7.7    7.6    7.6  1016.9   0.00    0.0    0.111   0.000   19.6    48    8.2   18.7    8.91   1.1979     350     1    100.0   15 
 5/03/24   3:45    7.6    7.7    7.4    83    4.9    1.6     NO   0.40   3.2    NO    7.6    7.5    7.5  1017.0   0.00    0.0    0.112   0.000   19.8    48    8.5   19.0    8.90   1.1966     348     1    100.0   15 
 5/03/24   4:00    7.5    7.6    7.4    83    4.8    1.6     NO   0.40   3.2    NO    7.5    7.4    7.4  1017.1   0.00    0.0    0.113   0.000   20.1    47    8.4   19.2    8.79   1.1957     352     1    100.0   15 
 5/03/24   4:15    7.6    7.6    7.5    83    4.9    1.6     NO   0.40   4.8    NO    7.6    7.5    7.5  1017.2   0.00    0.0    0.112   0.000   20.4    47    8.7   19.4    8.78   1.1945     348     1    100.0   15 
 5/03/24   4:30    7.3    7.5    7.0    83    4.6    1.6     SE   0.40   6.4    SE    7.3    7.2    7.2  1017.3   0.00    0.0    0.115   0.000   20.6    47    8.8   19.6    8.77   1.1938     351     1    100.0   15 
 5/03/24   4:45    6.9    7.0    6.9    84    4.4    1.6    ONO   0.40   4.8   ONO    6.9    6.8    6.8  1017.5   0.00    0.0    0.119   0.000   20.7    47    8.9   19.7    8.77   1.1935     350     1    100.0   15 
 5/03/24   5:00    6.8    6.9    6.8    84    4.3    1.6     SO   0.40   4.8    SO    6.8    6.8    6.8  1017.6   0.00    0.0    0.120   0.000   20.6    47    8.8   19.6    8.77   1.1941     351     1    100.0   15 
 5/03/24   5:15    6.7    6.8    6.7    85    4.4    1.6    OSO   0.40   4.8    SO    6.7    6.7    6.7  1017.9   0.00    0.0    0.121   0.000   20.3    47    8.6   19.4    8.78   1.1956     350     1    100.0   15 
 5/03/24   5:30    6.8    6.9    6.3    83    4.1    3.2     NO   0.80   8.0    NO    6.8    6.7    6.7  1017.9   0.00    0.0    0.120   0.000   20.3    47    8.6   19.3    8.78   1.1959     349     1    100.0   15 
 5/03/24   5:45    6.2    6.3    6.1    85    3.9    3.2     NO   0.80   9.7    NO    6.2    6.2    6.2  1018.1   0.00    0.0    0.126   0.000   20.4    47    8.7   19.5    8.77   1.1953     350     1    100.0   15 
 5/03/24   6:00    6.2    6.4    6.0    84    3.7    3.2     NO   0.80   6.4    NO    6.2    6.1    6.1  1018.2   0.00    0.0    0.127   0.000   20.7    46    8.6   19.6    8.65   1.1946     351     1    100.0   15 
 5/03/24   6:15    5.9    6.4    5.7    84    3.4    3.2     NO   0.80   6.4    NO    5.9    5.8    5.8  1018.3   0.00    0.0    0.129   0.000   20.8    46    8.8   19.8    8.65   1.1939     351     1    100.0   15 
 5/03/24   6:30    6.1    6.3    5.9    83    3.4    3.2     NO   0.80   6.4    NO    6.1    6.0    6.0  1018.6   0.00    0.0    0.127   0.000   21.0    46    8.9   19.9    8.65   1.1934     351     1    100.0   15 
 5/03/24   6:45    6.5    6.7    6.3    80    3.3    3.2     NO   0.80   6.4    NO    6.5    6.4    6.4  1018.7   0.00    0.0    0.123   0.000   21.1    46    9.0   19.9    8.65   1.1930     351     1    100.0   15 
 5/03/24   7:00    6.8    6.9    6.6    80    3.6    1.6     NO   0.40   6.4    NO    6.8    6.7    6.7  1018.9   0.00    0.0    0.120   0.000   21.3    46    9.2   20.2    8.64   1.1924     350     1    100.0   15 
 5/03/24   7:15    7.2    7.3    6.9    78    3.6    1.6    ESE   0.40   6.4   ESE    7.2    7.0    7.0  1019.2   0.00    0.0    0.116   0.000   21.6    46    9.4   20.5    8.63   1.1914     351     1    100.0   15 
 5/03/24   7:30    7.4    7.8    7.2    77    3.6    1.6    ESE   0.40   3.2   ESE    7.4    7.2    7.2  1019.2   0.00    0.0    0.114   0.000   21.8    46    9.7   20.9    8.62   1.1901     351     1    100.0   15 
 5/03/24   7:45    7.6    8.0    7.1    77    3.8    4.8    ESE   1.21  11.3   ESE    7.1    7.4    6.9  1019.3   0.00    0.0    0.112   0.000   22.1    46    9.9   21.3    8.61   1.1888     350     1    100.0   15 
 5/03/24   8:00    7.3    7.8    7.1    78    3.7    3.2      E   0.80   8.0     E    7.3    7.1    7.1  1019.4   0.00    0.0    0.115   0.000   22.4    46   10.2   21.7    8.60   1.1876     350     1    100.0   15 
 5/03/24   8:15    7.6    8.1    6.9    77    3.8    6.4      E   1.61  12.9     E    6.6    7.4    6.4  1019.4   0.00    0.0    0.112   0.000   22.6    46   10.3   22.0    8.60   1.1868     351     1    100.0   15 
 5/03/24   8:30    7.3    7.8    6.9    76    3.3    6.4      E   1.61  11.3   ENE    6.2    7.1    6.0  1019.5   0.00    0.0    0.115   0.000   22.7    45   10.1   22.1    8.45   1.1867     352     1    100.0   15 
 5/03/24   8:45    8.3    8.8    7.8    73    3.8    3.2     NE   0.80   9.7     E    8.3    8.1    8.1  1019.7   0.00    0.0    0.104   0.000   22.7    45   10.2   22.2    8.45   1.1866     351     1    100.0   15 
 5/03/24   9:00    9.1    9.4    8.8    71    4.1    4.8    ENE   1.21   9.7     E    8.7    8.8    8.5  1019.7   0.00    0.0    0.097   0.000   22.9    45   10.4   22.5    8.45   1.1856     351     1    100.0   15 
 5/03/24   9:15    9.8   10.0    9.4    69    4.4    3.2      E   0.80   9.7     E    9.8    9.6    9.6  1019.9   0.00    0.0    0.089   0.000   23.2    44   10.2   22.7    8.28   1.1850     351     1    100.0   15 
 5/03/24   9:30   10.1   10.4    9.9    69    4.6    3.2     NE   0.80  11.3   ENE   10.1    9.8    9.8  1019.9   0.00    0.0    0.086   0.000   23.2    45   10.6   22.8    8.45   1.1844     352     1    100.0   15 
 5/03/24   9:45   11.1   11.8   10.5    64    4.5    4.8    ONO   1.21  14.5   ENE   11.0   10.6   10.6  1019.9   0.00    0.0    0.076   0.000   23.3    45   10.7   22.9    8.45   1.1841     350     1    100.0   15 
 5/03/24  10:00   11.9   12.0   11.8    61    4.6    3.2    ONO   0.80   8.0   ENE   11.9   11.3   11.3  1019.9   0.00    0.0    0.067   0.000   23.3    45   10.7   22.9    8.45   1.1841     350     1    100.0   15 
 5/03/24  10:15   12.1   12.2   11.9    61    4.8    3.2    ONO   0.80   9.7   ONO   12.1   11.5   11.5  1019.8   0.00    0.0    0.065   0.000   23.4    45   10.8   23.1    8.45   1.1835     351     1    100.0   15 
 5/03/24  10:30   12.2   12.6   12.0    59    4.4    6.4      O   1.61  20.9     O   11.9   11.6   11.3  1019.8   0.00    0.0    0.064   0.000   23.4    45   10.8   23.2    8.45   1.1832     351     1    100.0   15 
 5/03/24  10:45   12.7   12.8   12.6    58    4.6    6.4      O   1.61  17.7   OSO   12.4   11.9   11.7  1019.7   0.00    0.0    0.059   0.000   23.4    45   10.8   23.2    8.45   1.1831     350     1    100.0   15 
 5/03/24  11:00   13.0   13.2   12.8    56    4.4    8.0    OSO   2.01  24.1   OSO   12.6   12.2   11.7  1019.6   0.00    0.0    0.056   0.000   23.5    44   10.5   23.2    8.26   1.1831     350     1    100.0   15 
 5/03/24  11:15   13.3   13.4   13.2    55    4.5    9.7    OSO   2.41  22.5   OSO   12.7   12.4   11.8  1019.7   0.00    0.0    0.052   0.000   23.5    44   10.5   23.2    8.26   1.1832     350     1    100.0   15 
 5/03/24  11:30   13.8   14.2   13.3    53    4.4    6.4      O   1.61  19.3     O   13.8   12.8   12.8  1019.7   0.00    0.0    0.047   0.000   23.5    44   10.5   23.2    8.26   1.1831     351     1    100.0   15 
 5/03/24  11:45   14.2   14.5   14.1    52    4.5    9.7      O   2.41  24.1   OSO   13.7   13.2   12.7  1019.8   0.00    0.0    0.043   0.000   23.5    44   10.5   23.2    8.26   1.1833     351     1    100.0   15 
 5/03/24  12:00   14.4   14.7   14.3    51    4.4    9.7      O   2.41  24.1   OSO   14.0   13.4   12.9  1019.7   0.00    0.0    0.041   0.000   23.5    44   10.5   23.2    8.26   1.1832     351     1    100.0   15 
 5/03/24  12:15   14.6   14.7   14.4    50    4.2    9.7    OSO   2.41  22.5   OSO   14.1   13.4   13.0  1019.5   0.00    0.0    0.039   0.000   23.5    43   10.2   23.1    8.08   1.1832     351     1    100.0   15 
 5/03/24  12:30   14.9   15.1   14.6    47    3.7    8.0      O   2.01  22.5    SO   14.8   13.7   13.6  1019.4   0.00    0.0    0.036   0.000   23.5    40    9.1   23.0    7.66   1.1842     351     1    100.0   15 
 5/03/24  12:45   15.2   15.4   14.9    46    3.6    9.7      O   2.41  27.4     O   14.9   13.9   13.7  1019.4   0.00    0.0    0.033   0.000   23.4    39    8.6   22.8    7.57   1.1850     352     1    100.0   15 
 5/03/24  13:00   15.6   15.8   15.3    43    3.1    8.0      O   2.01  27.4     O   15.6   14.2   14.2  1019.3   0.00    0.0    0.028   0.000   23.4    39    8.6   22.8    7.57   1.1849     350     1    100.0   15 
 5/03/24  13:15   15.9   16.2   15.7    42    3.0    9.7      O   2.41  19.3   OSO   15.7   14.5   14.3  1019.1   0.00    0.0    0.025   0.000   23.4    38    8.3   22.8    7.39   1.1851     350     1    100.0   15 
 5/03/24  13:30   16.2   16.4   15.9    41    2.9    8.0      O   2.01  24.1   ONO   16.2   14.8   14.8  1018.9   0.00    0.0    0.022   0.000   23.4    38    8.3   22.9    7.38   1.1846     351     1    100.0   15 
 5/03/24  13:45   16.3   16.6   16.2    40    2.7   11.3    ONO   2.82  25.7    NO   16.1   14.8   14.6  1018.9   0.00    0.0    0.021   0.000   23.5    38    8.4   22.9    7.38   1.1843     351     1    100.0   15 
 5/03/24  14:00   16.5   16.7   16.3    38    2.1    9.7      O   2.41  24.1   ONO   16.4   14.9   14.8  1018.8   0.00    0.0    0.019   0.000   23.6    39    8.8   23.1    7.56   1.1836     352     1    100.0   15 
 5/03/24  14:15   16.6   16.7   16.5    38    2.2   11.3      O   2.82  29.0     O   16.4   15.0   14.8  1018.8   0.00    0.0    0.018   0.000   23.6    39    8.8   23.1    7.56   1.1835     351     1    100.0   15 
 5/03/24  14:30   16.4   16.6   16.3    39    2.4   11.3      O   2.82  27.4     O   16.2   14.9   14.7  1018.8   0.00    0.0    0.020   0.000   23.6    40    9.2   23.1    7.66   1.1829     351     1    100.0   15 
 5/03/24  14:45   16.4   16.7   16.3    39    2.4   11.3      O   2.82  25.7     O   16.2   14.9   14.7  1018.7   0.00    0.0    0.020   0.000   23.6    40    9.2   23.1    7.66   1.1828     351     1    100.0   15 
 5/03/24  15:00   16.4   16.6   16.4    37    1.7    9.7      O   2.41  29.0   ONO   16.4   14.8   14.7  1018.8   0.00    0.0    0.020   0.000   23.6    40    9.2   23.1    7.66   1.1832     351     1    100.0   15 
 5/03/24  15:15   16.4   16.6   16.2    37    1.6   11.3      O   2.82  29.0     O   16.2   14.7   14.5  1018.9   0.00    0.0    0.020   0.000   23.7    40    9.3   23.2    7.66   1.1827     351     1    100.0   15 
 5/03/24  15:30   16.2   16.2   16.1    37    1.4   11.3      O   2.82  27.4     O   15.8   14.5   14.2  1018.9   0.00    0.0    0.023   0.000   23.7    40    9.3   23.2    7.66   1.1828     351     1    100.0   15 
 5/03/24  15:45   16.2   16.3   16.1    37    1.4   11.3      O   2.82  33.8     O   15.8   14.5   14.2  1018.9   0.00    0.0    0.023   0.000   23.6    39    8.8   23.1    7.56   1.1834     350     1    100.0   15 
 5/03/24  16:00   15.9   16.1   15.8    37    1.3   11.3      O   2.82  25.7   OSO   15.6   14.3   13.9  1018.9   0.00    0.0    0.025   0.000   23.5    39    8.7   22.9    7.56   1.1839     352     1    100.0   15 
 5/03/24  16:15   15.6   15.8   15.4    38    1.3   11.3      O   2.82  30.6   OSO   15.1   13.9   13.5  1019.0   0.00    0.0    0.029   0.000   23.3    39    8.6   22.8    7.57   1.1848     351     1    100.0   15 
 5/03/24  16:30   15.4   15.4   15.3    39    1.5    9.7      O   2.41  30.6    SO   15.1   13.8   13.6  1019.1   0.00    0.0    0.031   0.000   23.3    39    8.5   22.7    7.57   1.1853     351     1    100.0   15 
 5/03/24  16:45   15.3   15.4   15.1    39    1.4    8.0      O   2.01  32.2     O   15.3   13.8   13.7  1019.2   0.00    0.0    0.031   0.000   23.3    39    8.6   22.8    7.57   1.1851     351     1    100.0   15 
 5/03/24  17:00   14.9   15.1   14.6    39    1.0    9.7      O   2.41  29.0     O   14.6   13.3   13.0  1019.4   0.00    0.0    0.036   0.000   23.3    39    8.6   22.8    7.57   1.1853     350     1    100.0   15 
 5/03/24  17:15   14.1   14.6   13.8    40    0.7   11.3      O   2.82  29.0     O   13.4   12.7   12.0  1019.5   0.00    0.0    0.044   0.000   23.3    39    8.6   22.8    7.57   1.1855     352     1    100.0   15 
 5/03/24  17:30   13.6   13.8   13.4    41    0.5    8.0      O   2.01  24.1   OSO   13.2   12.2   11.8  1019.8   0.00    0.0    0.050   0.000   23.3    39    8.6   22.8    7.57   1.1857     351     1    100.0   15 
 5/03/24  17:45   13.2   13.4   13.1    43    0.9    8.0      O   2.01  16.1   NNO   12.8   11.9   11.6  1019.9   0.00    0.0    0.053   0.000   23.3    39    8.5   22.7    7.57   1.1861     351     1    100.0   15 
 5/03/24  18:00   12.9   13.1   12.8    44    1.0    6.4      O   1.61  17.7   ONO   12.8   11.7   11.6  1020.0   0.00    0.0    0.056   0.000   23.3    40    9.0   22.8    7.67   1.1856     351     1    100.0   15 
 5/03/24  18:15   12.5   12.8   12.3    46    1.2    4.8      O   1.21  11.3    SO   12.5   11.4   11.4  1020.2   0.00    0.0    0.061   0.000   23.3    40    8.9   22.8    7.67   1.1862     352     1    100.0   15 
 5/03/24  18:30   12.3   12.3   12.2    47    1.3    6.4      O   1.61  20.9   OSO   12.0   11.2   10.9  1020.3   0.00    0.0    0.063   0.000   23.3    40    9.0   22.8    7.67   1.1860     350     1    100.0   15 
 5/03/24  18:45   12.2   12.3   12.0    49    1.8    8.0      O   2.01  22.5     O   11.6   11.2   10.6  1020.5   0.00    0.0    0.064   0.000   23.4    40    9.0   22.9    7.67   1.1859     351     1    100.0   15 
 5/03/24  19:00   11.8   12.0   11.6    51    2.0    6.4    ONO   1.61  16.1   OSO   11.4   10.9   10.5  1020.5   0.00    0.0    0.068   0.000   23.4    41    9.4   22.9    7.79   1.1856     350     1    100.0   15 
 5/03/24  19:15   11.5   11.6   11.4    52    2.0    4.8      O   1.21  14.5   OSO   11.5   10.7   10.7  1020.6   0.00    0.0    0.071   0.000   23.4    41    9.4   23.0    7.78   1.1855     351     1    100.0   15 
 5/03/24  19:30   11.3   11.4   11.3    53    2.1    1.6    ONO   0.40   9.7     O   11.3   10.6   10.6  1020.7   0.00    0.0    0.073   0.000   23.5    41    9.5   23.1    7.78   1.1854     351     1    100.0   15 
 5/03/24  19:45   11.1   11.3   10.9    54    2.1    3.2     NE   0.80   9.7    NO   11.1   10.4   10.4  1020.7   0.00    0.0    0.075   0.000   23.6    41    9.6   23.2    7.77   1.1848     349     1    100.0   15 
 5/03/24  20:00   11.1   11.1   11.0    54    2.1    4.8    ENE   1.21  16.1   ENE   11.0   10.4   10.3  1020.8   0.00    0.0    0.076   0.000   23.7    41    9.7   23.3    7.76   1.1843     350     1    100.0   15 
 5/03/24  20:15   11.0   11.1   11.0    53    1.8    3.2    NNO   0.80   8.0     E   11.0   10.3   10.3  1020.6   0.00    0.0    0.076   0.000   23.8    41    9.7   23.4    7.76   1.1838     351     1    100.0   15 
 5/03/24  20:30   10.8   11.0   10.7    53    1.6    3.2    ONO   0.80  11.3     O   10.8   10.2   10.2  1020.6   0.00    0.0    0.078   0.000   23.7    41    9.7   23.3    7.76   1.1841     352     1    100.0   15 
 5/03/24  20:45   10.6   10.7   10.5    53    1.4    3.2    ONO   0.80  12.9     E   10.6    9.9    9.9  1020.6   0.00    0.0    0.081   0.000   23.5    42    9.8   23.1    7.96   1.1849     350     1    100.0   15 
 5/03/24  21:00   10.5   10.6   10.4    52    1.0    3.2    NNO   0.80   8.0     E   10.5    9.8    9.8  1020.9   0.00    0.0    0.082   0.000   23.3    42    9.6   22.8    7.97   1.1864     350     1    100.0   15 
 5/03/24  21:15   10.6   10.6   10.4    53    1.4    3.2    ENE   0.80  12.9   ENE   10.6    9.9    9.9  1021.0   0.00    0.0    0.081   0.000   23.0    42    9.4   22.4    7.98   1.1878     350     1    100.0   15 
 5/03/24  21:30   10.4   10.4   10.3    53    1.3    3.2     NE   0.80  11.3   ENE   10.4    9.8    9.8  1021.1   0.00    0.0    0.082   0.000   22.7    43    9.5   22.1    8.13   1.1889     352     1    100.0   15 
 5/03/24  21:45   10.2   10.3   10.1    53    1.1    3.2     NO   0.80   9.7   ONO   10.2    9.6    9.6  1021.2   0.00    0.0    0.084   0.000   22.4    43    9.2   21.7    8.15   1.1904     351     1    100.0   15 
 5/03/24  22:00   10.1   10.2   10.0    53    1.0    3.2      N   0.80  14.5   ESE   10.1    9.5    9.5  1021.4   0.00    0.0    0.086   0.000   22.2    44    9.3   21.3    8.31   1.1917     351     1    100.0   15 
 5/03/24  22:15    9.9   10.0    9.9    54    1.1    1.6    ENE   0.40   8.0     E    9.9    9.4    9.4  1021.5   0.00    0.0    0.087   0.000   22.1    44    9.2   21.1    8.32   1.1923     349     1    100.0   15 
 5/03/24  22:30    9.7    9.9    9.4    56    1.4    1.6      O   0.40   4.8     O    9.7    9.2    9.2  1021.5   0.00    0.0    0.090   0.000   22.2    44    9.3   21.3    8.31   1.1918     351     1    100.0   15 
 5/03/24  22:45    9.3    9.4    9.2    62    2.4    3.2      O   0.80   6.4     O    9.3    8.9    8.9  1021.4   0.00    0.0    0.094   0.000   22.3    44    9.5   21.6    8.31   1.1909     350     1    100.0   15 
 5/03/24  23:00    9.2    9.3    9.2    73    4.6    3.2     NE   0.80   9.7     E    9.2    8.9    8.9  1021.4   0.00    0.0    0.095   0.000   22.5    44    9.6   21.8    8.30   1.1901     351     1    100.0   15 
 5/03/24  23:15    9.3    9.4    9.2    80    6.0    4.8     NE   1.21   8.0    NE    9.0    9.2    8.9  1021.5   0.00    0.0    0.094   0.000   22.6    43    9.4   21.9    8.14   1.1899     350     1    100.0   15 
 5/03/24  23:30    9.1    9.2    9.1    82    6.2    3.2     NE   0.80   8.0    NE    9.1    9.1    9.1  1021.6   0.00    0.0    0.096   0.000   22.6    43    9.4   21.9    8.14   1.1900     351     1    100.0   15 
 5/03/24  23:45    9.0    9.1    8.9    83    6.3    4.8    ENE   1.21   8.0    NE    8.7    9.0    8.7  1021.6   0.00    0.0    0.097   0.000   22.4    44    9.6   21.7    8.30   1.1905     351     1    100.0   15 
 6/03/24  00:00    8.9    8.9    8.9    84    6.4    4.8     NE   1.21   6.4    NE    8.6    8.9    8.6  1021.5   0.00    0.0    0.098   0.000   22.2    44    9.4   21.4    8.31   1.1916     351     1    100.0   15 
 6/03/24   0:15    8.8    8.9    8.8    84    6.3    3.2     NE   0.80   4.8    NE    8.8    8.8    8.8  1021.7   0.00    0.0    0.099   0.000   21.9    44    9.1   21.0    8.32   1.1932     350     1    100.0   15 
 6/03/24   0:30    8.6    8.8    8.3    84    6.0    1.6     NO   0.40   4.8    NO    8.6    8.6    8.6  1021.8   0.00    0.0    0.102   0.000   21.7    45    9.3   20.7    8.45   1.1941     351     1    100.0   15 
 6/03/24   0:45    8.2    8.3    8.1    85    5.8    1.6     NO   0.40   4.8    NO    8.2    8.2    8.2  1022.0   0.00    0.0    0.105   0.000   21.5    45    9.1   20.4    8.45   1.1954     350     1    100.0   15 
 6/03/24   1:00    7.8    8.1    7.5    84    5.3    1.6     NO   0.40   4.8    NO    7.8    7.8    7.8  1022.1   0.00    0.0    0.109   0.000   21.3    45    8.9   20.1    8.45   1.1965     350     1    100.0   15 
 6/03/24   1:15    7.5    7.7    7.4    85    5.1    0.0     NO   0.00   3.2    NO    7.5    7.5    7.5  1022.0   0.00    0.0    0.113   0.000   21.0    46    8.9   19.9    8.65   1.1975     351     1    100.0   15 
 6/03/24   1:30    7.6    7.7    7.3    83    4.9    3.2     NO   0.80   4.8    NO    7.6    7.5    7.5  1021.9   0.00    0.0    0.112   0.000   20.8    46    8.7   19.7    8.65   1.1985     351     1    100.0   15 
 6/03/24   1:45    7.3    7.5    7.2    81    4.3    1.6     NO   0.40   4.8    NO    7.3    7.2    7.2  1021.8   0.00    0.0    0.115   0.000   20.5    46    8.5   19.5    8.65   1.1997     351     1    100.0   15 
 6/03/24   2:00    7.6    7.6    7.4    81    4.5    0.0     NO   0.00   3.2    NO    7.6    7.4    7.4  1021.7   0.00    0.0    0.112   0.000   20.3    47    8.6   19.3    8.78   1.2004     351     1    100.0   15 
 6/03/24   2:15    7.6    7.7    7.4    81    4.5    1.6     NO   0.40   4.8    NO    7.6    7.4    7.4  1021.6   0.00    0.0    0.112   0.000   20.1    47    8.4   19.2    8.79   1.2013     350     1    100.0   15 
 6/03/24   2:30    7.4    7.7    7.2    77    3.6    3.2     NO   0.80   4.8    NO    7.4    7.2    7.2  1021.6   0.00    0.0    0.114   0.000   19.8    47    8.2   18.9    8.80   1.2024     351     1    100.0   15 
 6/03/24   2:45    7.4    7.6    7.2    77    3.6    1.6     NO   0.40   4.8    NO    7.4    7.2    7.2  1021.5   0.00    0.0    0.114   0.000   19.6    48    8.3   18.7    8.90   1.2031     351     1    100.0   15 
 6/03/24   3:00    7.6    7.6    7.5    78    4.0    1.6     NO   0.40   3.2    NO    7.6    7.4    7.4  1021.5   0.00    0.0    0.112   0.000   19.4    48    8.1   18.6    8.91   1.2040     350     1    100.0   15 
 6/03/24   3:15    7.2    7.5    6.9    79    3.8    0.0     NO   0.00   3.2    NO    7.2    7.1    7.1  1021.4   0.00    0.0    0.116   0.000   19.3    48    8.0   18.3    8.92   1.2047     350     1    100.0   15 
