                 Temp.  Temp.  Temp.  Hum.   Punt   Vel.   Dir.   Rec.  Vel.  Dir.  Sens.   Índ.   Índ.                  Int. Graus D.Graus D.  Temp.  Hum. Rosada  In.Cal.  EMC     Dens.    Mostr   Tx   Recep.  Int.
  Data    Hora    Ext.   Màx.   Mín.  Ext. Rosada   Vent   Vent   Vent  Màx.  Màx.  Tèrm.  Calor   THW    Bar    Pluja   Pluja  Calor    Fred    Int.  Int.   Int.   Int.    Int.  Int.Aire    Vent   Vent   ISS   Arc.
-------------------------------------------------------------------------------------------------------------------------------------------------------------------------------------------------------------------------
 6/03/24   0:15    8.8    8.9    8.8    84    6.3    3.2     NE   0.80   4.8    NE    8.8    8.8    8.8  1021.7   0.00    0.0    0.099   0.000   21.9    44    9.1   21.0    8.32   1.1932     350     1    100.0   15 
 6/03/24   0:30    8.6    8.8    8.3    84    6.0    1.6     NO   0.40   4.8    NO    8.6    8.6    8.6  1021.8   0.00    0.0    0.102   0.000   21.7    45    9.3   20.7    8.45   1.1941     351     1    100.0   15 
 6/03/24   0:45    8.2    8.3    8.1    85    5.8    1.6     NO   0.40   4.8    NO    8.2    8.2    8.2  1022.0   0.00    0.0    0.105   0.000   21.5    45    9.1   20.4    8.45   1.1954     350     1    100.0   15 
 6/03/24   1:00    7.8    8.1    7.5    84    5.3    1.6     NO   0.40   4.8    NO    7.8    7.8    7.8  1022.1   0.00    0.0    0.109   0.000   21.3    45    8.9   20.1    8.45   1.1965     350     1    100.0   15 
 6/03/24   1:15    7.5    7.7    7.4    85    5.1    0.0     NO   0.00   3.2    NO    7.5    7.5    7.5  1022.0   0.00    0.0    0.113   0.000   21.0    46    8.9   19.9    8.65   1.1975     351     1    100.0   15 
 6/03/24   1:30    7.6    7.7    7.3    83    4.9    3.2     NO   0.80   4.8    NO    7.6    7.5    7.5  1021.9   0.00    0.0    0.112   0.000   20.8    46    8.7   19.7    8.65   1.1985     351     1    100.0   15 
 6/03/24   1:45    7.3    7.5    7.2    81    4.3    1.6     NO   0.40   4.8    NO    7.3    7.2    7.2  1021.8   0.00    0.0    0.115   0.000   20.5    46    8.5   19.5    8.65   1.1997     351     1    100.0   15 
 6/03/24   2:00    7.6    7.6    7.4    81    4.5    0.0     NO   0.00   3.2    NO    7.6    7.4    7.4  1021.7   0.00    0.0    0.112   0.000   20.3    47    8.6   19.3    8.78   1.2004     351     1    100.0   15 
 6/03/24   2:15    7.6    7.7    7.4    81    4.5    1.6     NO   0.40   4.8    NO    7.6    7.4    7.4  1021.6   0.00    0.0    0.112   0.000   20.1    47    8.4   19.2    8.79   1.2013     350     1    100.0   15 
 6/03/24   2:30    7.4    7.7    7.2    77    3.6    3.2     NO   0.80   4.8    NO    7.4    7.2    7.2  1021.6   0.00    0.0    0.114   0.000   19.8    47    8.2   18.9    8.80   1.2024     351     1    100.0   15 
 6/03/24   2:45    7.4    7.6    7.2    77    3.6    1.6     NO   0.40   4.8    NO    7.4    7.2    7.2  1021.5   0.00    0.0    0.114   0.000   19.6    48    8.3   18.7    8.90   1.2031     351     1    100.0   15 
 6/03/24   3:00    7.6    7.6    7.5    78    4.0    1.6     NO   0.40   3.2    NO    7.6    7.4    7.4  1021.5   0.00    0.0    0.112   0.000   19.4    48    8.1   18.6    8.91   1.2040     350     1    100.0   15 
 6/03/24   3:15    7.2    7.5    6.9    79    3.8    0.0     NO   0.00   3.2    NO    7.2    7.1    7.1  1021.4   0.00    0.0    0.116   0.000   19.3    48    8.0   18.3    8.92   1.2047     350     1    100.0   15 
 6/03/24   3:30    6.8    6.9    6.7    79    3.4    3.2     NO   0.80   4.8   NNE    6.8    6.7    6.7  1021.3   0.00    0.0    0.120   0.000   19.1    48    7.8   18.1    8.92   1.2057     352     1    100.0   15 
 6/03/24   3:45    6.4    6.7    6.1    81    3.4    1.6     NO   0.40   4.8    NO    6.4    6.3    6.3  1021.3   0.00    0.0    0.124   0.000   18.9    48    7.6   17.9    8.93   1.2064     350     1    100.0   15 
 6/03/24   4:00    6.0    6.1    5.8    82    3.2    1.6     NO   0.40   3.2    NO    6.0    5.9    5.9  1021.2   0.00    0.0    0.128   0.000   18.7    49    7.8   17.8    9.14   1.2069     351     1    100.0   15 
 6/03/24   4:15    5.9    5.9    5.8    82    3.0    1.6     NO   0.40   3.2    NO    5.9    5.8    5.8  1021.3   0.00    0.0    0.130   0.000   18.7    49    7.7   17.7    9.14   1.2073     351     1    100.0   15 
 6/03/24   4:30    6.0    6.1    5.9    83    3.3    1.6     NO   0.40   3.2    NO    6.0    5.9    5.9  1021.4   0.00    0.0    0.128   0.000   18.8    49    7.9   17.9    9.13   1.2065     351     1    100.0   15 
 6/03/24   4:45    6.2    6.3    6.1    84    3.7    1.6     NO   0.40   4.8    NO    6.2    6.2    6.2  1021.4   0.00    0.0    0.126   0.000   19.2    48    7.9   18.2    8.92   1.2052     351     1    100.0   15 
 6/03/24   5:00    6.0    6.2    5.8    83    3.3    1.6     NO   0.40   4.8    NO    6.0    5.9    5.9  1021.5   0.00    0.0    0.128   0.000   19.5    48    8.2   18.6    8.91   1.2037     350     1    100.0   15 
 6/03/24   5:15    5.7    5.8    5.6    84    3.2    3.2      S   0.80   6.4   SSE    5.7    5.6    5.6  1021.7   0.00    0.0    0.131   0.000   19.8    47    8.2   18.9    8.80   1.2025     351     1    100.0   15 
 6/03/24   5:30    5.6    5.7    5.4    83    2.9    3.2    ENE   0.80   6.4   ENE    5.6    5.4    5.4  1021.7   0.00    0.0    0.133   0.000   19.9    47    8.3   19.1    8.79   1.2020     349     1    100.0   15 
 6/03/24   5:45    5.6    5.6    5.5    82    2.7    1.6      E   0.40   4.8     E    5.6    5.4    5.4  1021.7   0.00    0.0    0.133   0.000   20.1    47    8.4   19.2    8.79   1.2012     352     1    100.0   15 
 6/03/24   6:00    5.4    5.6    5.1    82    2.6    3.2    ENE   0.80   6.4   ENE    5.4    5.2    5.2  1021.9   0.00    0.0    0.135   0.000   20.3    46    8.3   19.3    8.65   1.2006     351     1    100.0   15 
 6/03/24   6:15    4.9    5.1    4.8    82    2.1    3.2    ENE   0.80   8.0     E    4.9    4.8    4.7  1021.9   0.00    0.0    0.139   0.000   20.5    46    8.5   19.5    8.65   1.1998     351     1    100.0   15 
 6/03/24   6:30    4.6    4.8    4.4    81    1.6    1.6      E   0.40   4.8     E    4.6    4.4    4.4  1021.9   0.00    0.0    0.143   0.000   20.7    46    8.6   19.6    8.65   1.1990     351     1    100.0   15 
 6/03/24   6:45    4.4    4.6    4.4    79    1.1    1.6      E   0.40   4.8   ENE    4.4    4.3    4.3  1022.0   0.00    0.0    0.145   0.000   20.8    45    8.4   19.7    8.46   1.1989     352     1    100.0   15 
 6/03/24   7:00    5.1    5.3    4.6    77    1.4    3.2     NO   0.80   6.4    NE    5.1    4.9    4.8  1022.1   0.00    0.0    0.138   0.000   21.0    45    8.6   19.8    8.45   1.1979     350     1    100.0   15 
 6/03/24   7:15    5.3    5.4    5.0    75    1.2    1.6     NO   0.40   6.4    NO    5.3    5.1    5.1  1022.2   0.00    0.0    0.136   0.000   21.3    45    8.9   20.1    8.45   1.1966     351     1    100.0   15 
 6/03/24   7:30    4.9    5.0    4.8    76    1.0    1.6     NO   0.40   4.8    NO    4.9    4.7    4.7  1022.3   0.00    0.0    0.140   0.000   21.6    45    9.2   20.6    8.45   1.1952     351     1    100.0   15 
 6/03/24   7:45    5.2    5.4    4.9    77    1.5    1.6     NO   0.40   3.2    NO    5.2    4.9    4.9  1022.3   0.00    0.0    0.137   0.000   21.9    45    9.5   21.0    8.45   1.1935     351     1    100.0   15 
 6/03/24   8:00    5.6    5.7    5.4    74    1.3    1.6     NO   0.40   4.8    NO    5.6    5.3    5.3  1022.2   0.00    0.0    0.133   0.000   22.2    45    9.7   21.4    8.45   1.1920     351     1    100.0   15 
 6/03/24   8:15    6.1    6.3    5.7    71    1.2    1.6     NO   0.40   4.8    NO    6.1    5.7    5.7  1022.4   0.00    0.0    0.128   0.000   22.4    44    9.5   21.7    8.30   1.1917     351     1    100.0   15 
 6/03/24   8:30    6.5    6.6    6.3    69    1.2    3.2     NO   0.80   4.8    NO    6.5    6.2    6.2  1022.5   0.00    0.0    0.123   0.000   22.5    44    9.6   21.8    8.30   1.1913     350     1    100.0   15 
 6/03/24   8:45    7.4    8.4    6.5    68    1.9    1.6     NO   0.40   9.7     E    7.4    7.1    7.1  1022.4   0.00    0.0    0.113   0.000   22.6    44    9.7   22.0    8.30   1.1907     350     1    100.0   15 
 6/03/24   9:00    8.7    8.9    8.4    66    2.7    4.8    ENE   1.21   9.7     E    8.3    8.3    7.9  1022.4   0.00    0.0    0.101   0.000   22.8    43    9.6   22.3    8.13   1.1899     352     1    100.0   15 
 6/03/24   9:15    9.5   10.2    8.9    61    2.3    1.6    ENE   0.40   6.4   ENE    9.5    9.1    9.1  1022.4   0.00    0.0    0.092   0.000   23.1    43    9.8   22.6    8.11   1.1888     351     1    100.0   15 
 6/03/24   9:30   10.2   10.4   10.1    61    3.0    3.2    SSE   0.80   8.0   SSE   10.2    9.8    9.8  1022.3   0.00    0.0    0.084   0.000   23.2    43    9.9   22.8    8.10   1.1878     350     1    100.0   15 
 6/03/24   9:45   10.6   11.0   10.2    52    1.2    1.6    SSO   0.40   8.0     O   10.6    9.9    9.9  1022.4   0.00    0.0    0.080   0.000   23.3    43   10.0   22.9    8.09   1.1874     350     1    100.0   15 
 6/03/24  10:00   11.0   11.1   10.9    49    0.7    3.2      O   0.80   9.7     O   11.0   10.2   10.2  1022.4   0.00    0.0    0.076   0.000   23.3    43   10.0   22.9    8.09   1.1875     350     1    100.0   15 
 6/03/24  10:15   11.6   12.1   11.1    48    1.0    3.2     NE   0.80  12.9   ESE   11.6   10.7   10.7  1022.3   0.00    0.0    0.070   0.000   23.4    43   10.1   23.1    8.08   1.1868     351     1    100.0   15 
 6/03/24  10:30   12.3   12.4   12.1    45    0.7    3.2    ONO   0.80  11.3   SSO   12.3   11.2   11.2  1022.1   0.00    0.0    0.062   0.000   23.6    43   10.2   23.2    8.07   1.1861     351     1    100.0   15 
 6/03/24  10:45   12.8   13.4   12.4    42    0.2    3.2      O   0.80   9.7   OSO   12.8   11.6   11.6  1021.9   0.00    0.0    0.057   0.000   23.6    42    9.9   23.2    7.96   1.1861     351     1    100.0   15 
 6/03/24  11:00   13.5   13.7   13.2    41    0.5    4.8      O   1.21  11.3     O   13.5   12.2   12.2  1021.7   0.00    0.0    0.050   0.000   23.6    42    9.9   23.2    7.96   1.1857     351     1    100.0   15 
 6/03/24  11:15   13.5   13.8   13.2    44    1.5    4.8      E   1.21  14.5     E   13.5   12.2   12.2  1021.6   0.00    0.0    0.050   0.000   23.7    42   10.0   23.3    7.96   1.1852     352     1    100.0   15 
 6/03/24  11:30   13.5   13.9   13.3    43    1.2    9.7     NE   2.41  16.1     E   12.9   12.2   11.6  1021.4   0.00    0.0    0.050   0.000   23.7    42   10.0   23.3    7.96   1.1848     350     1    100.0   15 
 6/03/24  11:45   13.6   14.0   13.4    41    0.6    4.8    ENE   1.21  14.5   ENE   13.6   12.3   12.3  1021.3   0.00    0.0    0.049   0.000   23.6    38    8.5   23.1    7.37   1.1865     351     1    100.0   15 
 6/03/24  12:00   14.2   14.4   14.0    40    0.7    6.4    ENE   1.61  16.1   ENE   14.2   12.8   12.8  1021.1   0.00    0.0    0.043   0.000   23.4    39    8.7   22.9    7.57   1.1867     350     1    100.0   15 
 6/03/24  12:15   14.2   14.4   14.0    39    0.4    6.4    ENE   1.61  16.1     E   14.2   12.7   12.7  1020.8   0.00    0.0    0.043   0.000   23.5    39    8.7   22.9    7.56   1.1861     351     1    100.0   15 
 6/03/24  12:30   14.7   14.9   14.4    38    0.5    9.7     NE   2.41  20.9     E   14.3   13.2   12.8  1020.4   0.00    0.0    0.038   0.000   23.5    39    8.7   22.9    7.56   1.1857     351     1    100.0   15 
 6/03/24  12:45   15.2   15.8   14.8    37    0.6    3.2    ENE   0.80  12.9   ENE   15.2   13.6   13.6  1020.2   0.00    0.0    0.032   0.000   23.5    39    8.7   22.9    7.56   1.1854     351     1    100.0   15 
 6/03/24  13:00   16.1   16.2   15.8    36    1.0    4.8      S   1.21  11.3   SSO   16.1   14.4   14.4  1019.8   0.00    0.0    0.023   0.000   23.5    38    8.4   22.9    7.38   1.1854     351     1    100.0   15 
 6/03/24  13:15   16.4   16.6   16.2    34    0.5    4.8    SSE   1.21  14.5    SE   16.4   14.6   14.6  1019.6   0.00    0.0    0.020   0.000   23.6    39    8.8   23.1    7.56   1.1845     352     1    100.0   15 
 6/03/24  13:30   16.2   16.4   16.1    35    0.7    4.8     NE   1.21  12.9     S   16.2   14.4   14.4  1019.3   0.00    0.0    0.022   0.000   23.6    40    9.2   23.1    7.66   1.1838     351     1    100.0   15 
 6/03/24  13:45   16.4   16.9   16.1    33    0.1    4.8      O   1.21  14.5     S   16.4   14.5   14.5  1019.1   0.00    0.0    0.020   0.000   23.6    40    9.2   23.1    7.66   1.1833     351     1    100.0   15 
 6/03/24  14:00   17.2   17.3   16.9    36    2.0    6.4    SSO   1.61  14.5    SE   17.2   15.4   15.4  1019.0   0.00    0.0    0.012   0.000   23.6    40    9.2   23.1    7.66   1.1831     351     1    100.0   15 
 6/03/24  14:15   16.9   17.1   16.8    38    2.5    6.4      S   1.61  14.5     E   16.9   15.3   15.3  1018.9   0.00    0.0    0.014   0.000   23.6    40    9.2   23.1    7.66   1.1830     350     1    100.0   15 
 6/03/24  14:30   16.9   17.1   16.9    39    2.9    6.4      S   1.61  20.9   ESE   16.9   15.4   15.4  1018.8   0.00    0.0    0.014   0.000   23.6    40    9.2   23.1    7.66   1.1829     351     1    100.0   15 
 6/03/24  14:45   16.7   16.9   16.4    40    3.0    9.7    SSO   2.41  22.5    SO   16.7   15.2   15.2  1018.7   0.00    0.0    0.017   0.000   23.6    40    9.2   23.1    7.66   1.1828     350     1    100.0   15 
 6/03/24  15:00   16.4   16.7   16.3    40    2.8    8.0      S   2.01  22.5     S   16.4   14.9   14.9  1018.6   0.00    0.0    0.020   0.000   23.6    40    9.2   23.1    7.66   1.1829     351     1    100.0   15 
 6/03/24  15:15   16.7   16.9   16.6    40    3.0    6.4      S   1.61  17.7     S   16.7   15.2   15.2  1018.5   0.00    0.0    0.017   0.000   23.5    40    9.1   23.0    7.66   1.1831     350     1    100.0   15 
 6/03/24  15:30   16.0   16.6   15.6    42    3.1    9.7      S   2.41  20.9     S   15.9   14.6   14.5  1018.5   0.00    0.0    0.024   0.000   23.4    40    9.0   22.9    7.67   1.1836     352     1    100.0   15 
 6/03/24  15:45   15.6   15.8   15.3    43    3.1    8.0      S   2.01  19.3   SSE   15.6   14.2   14.2  1018.5   0.00    0.0    0.028   0.000   23.3    40    8.9   22.8    7.67   1.1842     350     1    100.0   15 
 6/03/24  16:00   15.1   15.3   14.9    45    3.3    8.0      S   2.01  16.1    SE   15.0   13.8   13.7  1018.6   0.00    0.0    0.034   0.000   23.2    41    9.2   22.6    7.80   1.1845     349     1    100.0   15 
 6/03/24  16:15   14.8   15.0   14.6    47    3.6    8.0      S   2.01  17.7     S   14.6   13.6   13.4  1018.6   0.00    0.0    0.037   0.000   23.1    41    9.1   22.5    7.81   1.1851     351     1    100.0   15 
 6/03/24  16:30   14.4   14.6   14.2    52    4.7    6.4    SSE   1.61  14.5    SE   14.4   13.4   13.4  1018.8   0.00    0.0    0.041   0.000   23.0    42    9.4   22.4    7.98   1.1852     351     1    100.0   15 
 6/03/24  16:45   13.7   14.1   13.4    54    4.6    6.4    SSE   1.61  14.5     S   13.7   12.8   12.7  1018.8   0.00    0.0    0.048   0.000   22.9    42    9.3   22.4    7.98   1.1854     350     1    100.0   15 
 6/03/24  17:00   13.3   13.4   13.3    55    4.5    6.4      S   1.61  17.7    SE   13.2   12.4   12.3  1018.9   0.00    0.0    0.052   0.000   23.0    42    9.4   22.4    7.98   1.1853     351     1    100.0   15 
 6/03/24  17:15   13.2   13.3   12.9    56    4.6    4.8    ESE   1.21  11.3     S   13.2   12.4   12.4  1019.0   0.00    0.0    0.053   0.000   23.1    42    9.4   22.5    7.98   1.1851     351     1    100.0   15 
 6/03/24  17:30   12.8   12.9   12.6    58    4.7    3.2     SE   0.80  11.3   SSE   12.8   12.0   12.0  1019.0   0.00    0.0    0.058   0.000   23.1    42    9.4   22.5    7.98   1.1851     351     1    100.0   15 
 6/03/24  17:45   12.4   12.6   12.3    59    4.6    1.6    ESE   0.40   6.4    SE   12.4   11.7   11.7  1019.1   0.00    0.0    0.062   0.000   23.1    42    9.4   22.5    7.98   1.1853     352     1    100.0   15 
 6/03/24  18:00   12.1   12.3   12.0    59    4.3    3.2     SE   0.80  11.3     S   12.1   11.4   11.4  1019.4   0.00    0.0    0.065   0.000   23.1    42    9.4   22.5    7.98   1.1856     350     1    100.0   15 
 6/03/24  18:15   11.8   12.0   11.7    61    4.5    1.6     SO   0.40   4.8    SE   11.8   11.2   11.2  1019.4   0.00    0.0    0.068   0.000   23.1    42    9.4   22.5    7.98   1.1856     351     1    100.0   15 
 6/03/24  18:30   11.6   11.7   11.3    61    4.3    1.6     SO   0.40   4.8    SO   11.6   11.0   11.0  1019.5   0.00    0.0    0.071   0.000   23.1    42    9.4   22.5    7.98   1.1858     350     1    100.0   15 
 6/03/24  18:45   11.1   11.3   10.9    63    4.3    3.2    ENE   0.80   6.4   ENE   11.1   10.6   10.6  1019.5   0.00    0.0    0.075   0.000   23.1    42    9.4   22.5    7.98   1.1858     352     1    100.0   15 
 6/03/24  19:00   10.7   10.9   10.6    64    4.2    3.2    ENE   0.80   6.4   ENE   10.7   10.3   10.3  1019.7   0.00    0.0    0.079   0.000   23.1    42    9.5   22.6    7.98   1.1857     351     1    100.0   15 
 6/03/24  19:15   10.6   10.6   10.5    67    4.7    1.6    ENE   0.40   4.8   ENE   10.6   10.2   10.2  1019.6   0.00    0.0    0.081   0.000   23.2    44   10.3   22.8    8.27   1.1844     351     1    100.0   15 
 6/03/24  19:30   10.3   10.4   10.3    67    4.5    3.2    ENE   0.80   8.0    NE   10.3   10.0   10.0  1019.7   0.00    0.0    0.083   0.000   23.4    44   10.4   23.1    8.27   1.1838     351     1    100.0   15 
 6/03/24  19:45   10.1   10.3    9.9    68    4.4    3.2    ENE   0.80   8.0     E   10.1    9.8    9.8  1019.7   0.00    0.0    0.086   0.000   23.5    45   10.9   23.2    8.45   1.1828     351     1    100.0   15 
 6/03/24  20:00    9.8    9.9    9.8    70    4.6    3.2    ENE   0.80   6.4   ENE    9.8    9.6    9.6  1019.8   0.00    0.0    0.089   0.000   23.6    45   10.9   23.3    8.45   1.1826     350     1    100.0   15 
 6/03/24  20:15    9.7    9.8    9.6    70    4.5    4.8    ENE   1.21   8.0    NE    9.5    9.5    9.3  1019.7   0.00    0.0    0.090   0.000   23.6    44   10.6   23.3    8.26   1.1827     350     1    100.0   15 
 6/03/24  20:30    9.6    9.6    9.4    71    4.6    4.8     NE   1.21   8.0     E    9.3    9.3    9.1  1019.7   0.00    0.0    0.091   0.000   23.5    44   10.5   23.2    8.26   1.1832     351     1    100.0   15 
 6/03/24  20:45    9.4    9.4    9.3    71    4.4    6.4     NE   1.61   9.7     E    8.7    9.2    8.4  1019.9   0.00    0.0    0.093   0.000   23.3    45   10.7   22.9    8.45   1.1841     350     1    100.0   15 
 6/03/24  21:00    9.3    9.3    9.2    72    4.5    4.8    ENE   1.21  11.3   ENE    9.0    9.1    8.8  1019.8   0.00    0.0    0.094   0.000   22.9    45   10.4   22.5    8.45   1.1857     352     1    100.0   15 
 6/03/24  21:15    9.2    9.3    9.2    73    4.6    6.4     NE   1.61   9.7     E    8.5    9.0    8.3  1020.0   0.00    0.0    0.095   0.000   22.7    45   10.1   22.1    8.45   1.1872     349     1    100.0   15 
 6/03/24  21:30    9.1    9.2    9.1    75    4.9    4.8     NE   1.21  11.3   ENE    8.7    8.9    8.6  1019.9   0.00    0.0    0.097   0.000   22.3    45    9.8   21.6    8.45   1.1887     351     1    100.0   15 
 6/03/24  21:45    9.1    9.1    9.0    77    5.2    4.8    ENE   1.21  11.3   ENE    8.7    8.9    8.6  1019.8   0.00    0.0    0.097   0.000   22.1    46    9.9   21.2    8.62   1.1897     350     1    100.0   15 
 6/03/24  22:00    8.9    9.0    8.9    80    5.7    4.8    ENE   1.21  11.3   ENE    8.6    8.9    8.6  1019.8   0.00    0.0    0.098   0.000   21.8    46    9.7   20.9    8.62   1.1908     350     1    100.0   15 
 6/03/24  22:15    8.9    9.0    8.9    83    6.2    4.8    ENE   1.21   8.0   ENE    8.6    8.9    8.6  1019.7   0.00    0.0    0.098   0.000   21.6    46    9.4   20.5    8.63   1.1920     351     1    100.0   15 
 6/03/24  22:30    8.9    8.9    8.9    84    6.4    4.8    ENE   1.21   6.4   ENE    8.6    8.9    8.6  1019.6   0.00    0.0    0.098   0.000   21.3    47    9.6   20.3    8.75   1.1927     351     1    100.0   15 
 6/03/24  22:45    8.8    8.9    8.7    85    6.4    4.8    ENE   1.21   8.0   ENE    8.5    8.8    8.5  1019.5   0.00    0.0    0.099   0.000   21.2    47    9.5   20.2    8.75   1.1931     351     1    100.0   15 
 6/03/24  23:00    8.7    8.7    8.6    86    6.5    4.8    ENE   1.21   6.4   ENE    8.3    8.7    8.3  1019.5   0.00    0.0    0.101   0.000   21.3    47    9.6   20.3    8.75   1.1926     351     1    100.0   15 
 6/03/24  23:15    8.6    8.6    8.6    87    6.5    3.2    ENE   0.80   4.8   ENE    8.6    8.6    8.6  1019.7   0.00    0.0    0.102   0.000   21.6    46    9.4   20.5    8.63   1.1920     350     1    100.0   15 
 6/03/24  23:30    8.4    8.6    8.3    87    6.4    0.0    ENE   0.00   3.2   ENE    8.4    8.5    8.5  1019.6   0.00    0.0    0.103   0.000   21.7    46    9.5   20.7    8.63   1.1914     349     1    100.0   15 
 6/03/24  23:45    8.2    8.3    8.1    88    6.3    1.6    ENE   0.40   3.2   ENE    8.2    8.2    8.2  1019.5   0.00    0.0    0.106   0.000   21.6    47    9.8   20.6    8.75   1.1915     350     1    100.0   15 
 7/03/24  00:00    8.0    8.1    7.9    88    6.1    1.6    ENE   0.40   4.8   ENE    8.0    8.1    8.1  1019.4   0.00    0.0    0.108   0.000   21.4    47    9.6   20.3    8.75   1.1922     351     1    100.0   15 
 7/03/24   0:15    8.1    8.2    8.0    89    6.4    1.6    ENE   0.40   3.2   ENE    8.1    8.2    8.2  1019.3   0.00    0.0    0.106   0.000   21.2    47    9.4   20.1    8.75   1.1931     349     1    100.0   15 
 7/03/24   0:30    8.2    8.2    8.1    89    6.5    0.0    ENE   0.00   3.2   ENE    8.2    8.2    8.2  1019.2   0.00    0.0    0.106   0.000   21.0    47    9.3   19.9    8.75   1.1939     351     1    100.0   15 
 7/03/24   0:45    8.2    8.3    8.1    90    6.7    3.2    ENE   0.80   6.4   ENE    8.2    8.3    8.3  1019.1   0.00    0.0    0.105   0.000   20.8    47    9.0   19.8    8.76   1.1948     351     1    100.0   15 
 7/03/24   1:00    8.2    8.2    8.1    90    6.6    4.8    ENE   1.21   8.0   ENE    7.8    8.3    7.9  1018.9   0.00    0.0    0.106   0.000   20.6    48    9.2   19.7    8.87   1.1952     351     1    100.0   15 
 7/03/24   1:15    7.7    8.1    7.1    90    6.1    3.2     NO   0.80   6.4   ONO    7.7    7.7    7.7  1018.9   0.00    0.0    0.111   0.000   20.4    48    9.0   19.5    8.88   1.1963     351     1    100.0   15 
 7/03/24   1:30    7.1    7.2    7.0    91    5.7    3.2     NO   0.80   4.8    NO    7.1    7.1    7.1  1018.8   0.00    0.0    0.117   0.000   20.2    48    8.8   19.3    8.88   1.1972     351     1    100.0   15 
 7/03/24   1:45    7.0    7.0    6.9    91    5.6    1.6     NO   0.40   4.8    NO    7.0    7.1    7.1  1018.6   0.00    0.0    0.118   0.000   19.9    48    8.6   19.1    8.89   1.1980     350     1    100.0   15 
 7/03/24   2:00    6.7    7.0    6.1    90    5.1    0.0     NO   0.00   3.2    NO    6.7    6.7    6.7  1018.3   0.00    0.0    0.122   0.000   19.7    49    8.6   18.8    9.10   1.1987     350     1    100.0   15 
 7/03/24   2:15    5.4    6.1    5.0    90    3.9    1.6     SO   0.40   4.8     S    5.4    5.4    5.4  1018.1   0.00    0.0    0.134   0.000   19.4    49    8.4   18.6    9.11   1.1997     351     1    100.0   15 
 7/03/24   2:30    4.9    5.1    4.8    91    3.6    3.2     SO   0.80   4.8    SO    4.9    4.9    4.8  1017.9   0.00    0.0    0.139   0.000   19.2    49    8.2   18.3    9.12   1.2005     350     1    100.0   15 
 7/03/24   2:45    5.4    5.8    5.0    92    4.2    1.6     SO   0.40   3.2    SO    5.4    5.4    5.4  1017.7   0.00    0.0    0.135   0.000   19.0    49    8.0   18.1    9.13   1.2013     351     1    100.0   15 
 7/03/24   3:00    6.1    6.2    5.9    92    4.9    3.2     SO   0.80   4.8    SO    6.1    6.1    6.1  1017.3   0.00    0.0    0.127   0.000   18.8    50    8.2   17.9    9.33   1.2014     350     1    100.0   15 
 7/03/24   3:15    6.1    6.2    6.0    91    4.7    1.6     NO   0.40   4.8    NO    6.1    6.1    6.1  1017.2   0.00    0.0    0.128   0.000   18.7    50    8.0   17.8    9.34   1.2021     351     1    100.0   15 
