                 Temp.  Temp.  Temp.  Hum.   Punt   Vel.   Dir.   Rec.  Vel.  Dir.  Sens.   ═nd.   ═nd.                  Int. Graus D.Graus D.  Temp.  Hum. Rosada  In.Cal.  EMC     Dens.    Mostr   Tx   Recep.  Int.
  Data    Hora    Ext.   MÓx.   Mÿn.  Ext. Rosada   Vent   Vent   Vent  MÓx.  MÓx.  T×rm.  Calor   THW    Bar    Pluja   Pluja  Calor    Fred    Int.  Int.   Int.   Int.    Int.  Int.Aire    Vent   Vent   ISS   Arc.
-------------------------------------------------------------------------------------------------------------------------------------------------------------------------------------------------------------------------
24/03/26   0:15    8.9    9.1    8.9    88    7.1    0.0    ---   0.00   0.0   ---    8.9    9.0    9.0  1021.5   0.00    0.0    0.098   0.000   22.6    52   12.3   22.4    9.60   1.1870     349     1    100.0   15 
24/03/26   0:30    8.8    8.9    8.7    88    6.9    0.0    ---   0.00   0.0   ---    8.8    8.8    8.8  1021.5   0.00    0.0    0.100   0.000   22.3    52   11.9   21.9    9.61   1.1887     351     1    100.0   15 
24/03/26   0:45    8.6    8.7    8.6    88    6.7    0.0    ---   0.00   0.0   ---    8.6    8.7    8.7  1021.4   0.00    0.0    0.101   0.000   21.9    53   11.9   21.4    9.79   1.1900     351     1    100.0   15 
24/03/26   1:00    8.7    8.7    8.6    88    6.8    0.0    ---   0.00   0.0   ---    8.7    8.7    8.7  1021.5   0.00    0.0    0.101   0.000   21.7    53   11.7   21.0    9.81   1.1915     351     1    100.0   15 
24/03/26   1:15    8.5    8.6    8.4    88    6.6    0.0    ---   0.00   0.0   ---    8.5    8.6    8.6  1021.5   0.00    0.0    0.102   0.000   21.7    53   11.7   21.1    9.81   1.1912     351     1    100.0   15 
24/03/26   1:30    8.5    8.7    8.4    89    6.8    0.0    NNO   0.00   1.6   NNO    8.5    8.6    8.6  1021.3   0.00    0.0    0.102   0.000   21.9    53   11.9   21.4    9.79   1.1899     351     1    100.0   15 
24/03/26   1:45    8.7    8.8    8.7    88    6.8    0.0    ---   0.00   0.0   ---    8.7    8.8    8.8  1021.4   0.00    0.0    0.100   0.000   22.2    52   11.8   21.7    9.61   1.1891     350     1    100.0   15 
24/03/26   2:00    8.6    8.7    8.5    88    6.7    0.0    ---   0.00   0.0   ---    8.6    8.7    8.7  1021.3   0.00    0.0    0.101   0.000   22.3    52   12.0   21.9    9.61   1.1882     351     1    100.0   15 
24/03/26   2:15    8.3    8.6    8.2    88    6.5    0.0    ---   0.00   0.0   ---    8.3    8.4    8.4  1021.2   0.00    0.0    0.104   0.000   22.4    52   12.0   22.1    9.60   1.1878     351     1    100.0   15 
24/03/26   2:30    8.0    8.2    7.8    88    6.1    0.0    ---   0.00   0.0   ---    8.0    8.1    8.1  1021.1   0.00    0.0    0.108   0.000   22.4    51   11.8   22.1    9.40   1.1878     349     1    100.0   15 
24/03/26   2:45    8.1    8.2    7.8    89    6.4    0.0    ---   0.00   0.0   ---    8.1    8.1    8.1  1021.0   0.00    0.0    0.107   0.000   22.5    51   11.9   22.2    9.40   1.1874     351     1    100.0   15 
24/03/26   3:00    8.2    8.3    8.2    88    6.4    0.0    ---   0.00   0.0   ---    8.2    8.3    8.3  1021.1   0.00    0.0    0.105   0.000   22.5    51   11.9   22.2    9.40   1.1874     351     1    100.0   15 
24/03/26   3:15    8.2    8.3    8.2    88    6.4    0.0    ---   0.00   0.0   ---    8.2    8.3    8.3  1021.1   0.00    0.0    0.105   0.000   22.5    51   11.9   22.2    9.40   1.1874     350     1    100.0   15 
24/03/26   3:30    8.1    8.2    8.0    89    6.4    0.0    ---   0.00   0.0   ---    8.1    8.1    8.1  1021.1   0.00    0.0    0.107   0.000   22.5    51   11.9   22.2    9.40   1.1874     351     1    100.0   15 
24/03/26   3:45    7.9    8.1    7.9    89    6.2    0.0    ---   0.00   0.0   ---    7.9    8.0    8.0  1021.2   0.00    0.0    0.108   0.000   22.5    51   11.9   22.2    9.40   1.1875     351     1    100.0   15 
24/03/26   4:00    7.9    7.9    7.8    89    6.2    0.0    ---   0.00   0.0   ---    7.9    7.9    7.9  1021.1   0.00    0.0    0.109   0.000   22.5    51   11.9   22.2    9.40   1.1874     351     1    100.0   15 
24/03/26   4:15    7.8    7.9    7.7    89    6.1    0.0    ---   0.00   0.0   ---    7.8    7.9    7.9  1021.2   0.00    0.0    0.109   0.000   22.5    51   11.9   22.2    9.40   1.1876     351     1    100.0   15 
24/03/26   4:30    7.7    7.7    7.6    89    6.0    0.0    ---   0.00   0.0   ---    7.7    7.7    7.7  1021.3   0.00    0.0    0.111   0.000   22.4    51   11.8   22.1    9.40   1.1880     352     1    100.0   15 
24/03/26   4:45    7.7    7.7    7.6    90    6.1    0.0    ---   0.00   0.0   ---    7.7    7.7    7.7  1021.5   0.00    0.0    0.111   0.000   22.4    51   11.8   22.1    9.40   1.1882     351     1    100.0   15 
24/03/26   5:00    7.6    7.7    7.3    88    5.7    0.0     NO   0.00   1.6    NO    7.6    7.6    7.6  1021.6   0.00    0.0    0.112   0.000   22.5    51   11.9   22.2    9.40   1.1881     350     1    100.0   15 
24/03/26   5:15    7.1    7.3    6.8    89    5.4    0.0     NO   0.00   1.6    NO    7.1    7.1    7.1  1021.6   0.00    0.0    0.117   0.000   22.4    51   11.8   22.0    9.40   1.1886     350     1    100.0   15 
24/03/26   5:30    6.7    6.8    6.7    90    5.2    0.0    ENE   0.00   1.6   ENE    6.7    6.8    6.8  1021.6   0.00    0.0    0.121   0.000   22.5    50   11.6   22.1    9.25   1.1884     351     1    100.0   15 
24/03/26   5:45    6.7    6.7    6.7    91    5.3    0.0      E   0.00   1.6     E    6.7    6.7    6.7  1021.8   0.00    0.0    0.122   0.000   22.6    50   11.7   22.3    9.25   1.1880     352     1    100.0   15 
24/03/26   6:00    6.7    6.8    6.7    91    5.4    0.0      E   0.00   3.2     E    6.7    6.8    6.8  1022.1   0.00    0.0    0.121   0.000   22.7    50   11.7   22.3    9.25   1.1881     351     1    100.0   15 
24/03/26   6:15    6.7    6.8    6.7    91    5.4    0.0    ---   0.00   0.0   ---    6.7    6.8    6.8  1022.2   0.00    0.0    0.121   0.000   22.7    50   11.8   22.4    9.25   1.1879     351     1    100.0   15 
24/03/26   6:30    6.8    7.0    6.8    92    5.6    0.0    ---   0.00   0.0   ---    6.8    6.9    6.9  1022.3   0.00    0.0    0.120   0.000   22.8    50   11.8   22.5    9.25   1.1877     350     1    100.0   15 
24/03/26   6:45    7.4    7.8    7.0    92    6.2    0.0      E   0.00   3.2     E    7.4    7.6    7.6  1022.3   0.00    0.0    0.113   0.000   22.9    50   11.9   22.6    9.25   1.1873     352     1    100.0   15 
24/03/26   7:00    8.2    8.7    7.8    90    6.7    0.0      E   0.00   1.6     E    8.2    8.3    8.3  1022.4   0.00    0.0    0.105   0.000   22.8    50   11.8   22.5    9.25   1.1879     351     1    100.0   15 
24/03/26   7:15    8.9    9.3    8.7    89    7.2    0.0      E   0.00   1.6     E    8.9    9.1    9.1  1022.5   0.00    0.0    0.098   0.000   22.7    50   11.7   22.3    9.25   1.1885     351     1    100.0   15 
24/03/26   7:30    9.6    9.7    9.3    86    7.4    1.6      E   0.40   4.8     E    9.6    9.7    9.7  1022.6   0.00    0.0    0.091   0.000   22.7    51   12.0   22.4    9.39   1.1884     350     1    100.0   15 
24/03/26   7:45    9.6    9.9    9.4    86    7.4    3.2    ENE   0.80   8.0     E    9.6    9.7    9.7  1022.7   0.00    0.0    0.091   0.000   23.0    51   12.3   22.8    9.38   1.1868     350     1    100.0   15 
24/03/26   8:00   10.3   10.7    9.9    84    7.7    3.2    ENE   0.80   8.0     E   10.3   10.3   10.3  1022.8   0.00    0.0    0.083   0.000   23.7    50   12.7   23.7    9.25   1.1836     352     1    100.0   15 
24/03/26   8:15   10.7   10.8   10.7    81    7.6    3.2      E   0.80   9.7     E   10.7   10.7   10.7  1022.9   0.00    0.0    0.079   0.000   24.2    50   13.1   24.2    9.24   1.1815     351     1    100.0   15 
24/03/26   8:30   10.8   10.9   10.7    81    7.6    1.6    ENE   0.40   6.4   ENE   10.8   10.7   10.7  1022.9   0.00    0.0    0.079   0.000   24.3    49   12.9   24.3    9.03   1.1811     350     1    100.0   15 
24/03/26   8:45   11.2   11.6   10.9    80    7.8    1.6    ENE   0.40   6.4   ENE   11.2   11.1   11.1  1023.0   0.00    0.0    0.075   0.000   24.2    50   13.1   24.2    9.24   1.1814     351     1    100.0   15 
24/03/26   9:00   12.2   12.7   11.6    77    8.3    1.6    ENE   0.40   4.8   ENE   12.2   11.9   11.9  1023.2   0.00    0.0    0.064   0.000   24.1    50   13.0   24.2    9.24   1.1822     352     1    100.0   15 
24/03/26   9:15   13.1   13.4   12.7    75    8.8    1.6    ENE   0.40   4.8   ENE   13.1   12.8   12.8  1023.3   0.00    0.0    0.054   0.000   24.1    50   13.0   24.1    9.24   1.1826     351     1    100.0   15 
24/03/26   9:30   13.9   14.2   13.4    71    8.7    0.0    ENE   0.00   4.8   ENE   13.9   13.5   13.5  1023.4   0.00    0.0    0.046   0.000   24.1    49   12.7   24.1    9.04   1.1830     351     1    100.0   15 
24/03/26   9:45   13.8   14.1   13.7    74    9.3    1.6    ENE   0.40   4.8   ENE   13.8   13.5   13.5  1023.5   0.00    0.0    0.047   0.000   23.9    49   12.6   23.9    9.05   1.1837     350     1    100.0   15 
24/03/26  10:00   13.8   14.1   13.7    74    9.2    1.6    ENE   0.40   4.8   ENE   13.8   13.4   13.4  1023.3   0.00    0.0    0.047   0.000   23.8    49   12.5   23.8    9.05   1.1840     352     1    100.0   15 
24/03/26  10:15   14.4   14.5   14.1    73    9.6    1.6    OSO   0.40   8.0    SO   14.4   14.1   14.1  1023.2   0.00    0.0    0.041   0.000   23.8    49   12.4   23.7    9.05   1.1841     351     1    100.0   15 
24/03/26  10:30   14.9   15.2   14.6    70    9.5    1.6     NO   0.40   8.0    NO   14.9   14.5   14.5  1023.1   0.00    0.0    0.036   0.000   23.8    49   12.4   23.7    9.05   1.1841     351     1    100.0   15 
24/03/26  10:45   15.7   15.9   15.3    68    9.8    4.8    ENE   1.21   9.7     E   15.7   15.3   15.3  1023.0   0.00    0.0    0.027   0.000   23.8    49   12.4   23.7    9.05   1.1839     351     1    100.0   15 
24/03/26  11:00   16.2   16.4   15.9    65    9.6    3.2      E   0.80  12.9     E   16.2   15.8   15.8  1022.8   0.00    0.0    0.022   0.000   23.8    49   12.5   23.8    9.05   1.1834     351     1    100.0   15 
24/03/26  11:15   16.7   17.1   16.3    62    9.3    3.2    ESE   0.80  12.9   ESE   16.7   16.1   16.1  1022.6   0.00    0.0    0.017   0.000   23.8    48   12.1   23.7    8.95   1.1838     349     1    100.0   15 
24/03/26  11:30   17.3   17.4   17.1    55    8.1    3.2      E   0.80  12.9   ENE   17.3   16.5   16.5  1022.4   0.00    0.0    0.011   0.000   23.8    48   12.2   23.8    8.95   1.1833     351     1    100.0   15 
24/03/26  11:45   16.8   17.2   16.7    56    8.0    3.2      S   0.80  11.3   OSO   16.8   16.1   16.1  1022.1   0.00    0.0    0.016   0.000   23.8    47   11.8   23.7    8.75   1.1833     350     1    100.0   15 
24/03/26  12:00   17.2   17.4   16.7    54    7.8    4.8     SE   1.21  12.9    SO   17.2   16.3   16.3  1022.0   0.00    0.0    0.012   0.000   23.9    47   11.9   23.8    8.75   1.1830     350     1    100.0   15 
24/03/26  12:15   17.5   17.7   17.3    53    7.8    3.2      S   0.80   9.7     O   17.5   16.6   16.6  1021.8   0.00    0.0    0.009   0.000   23.9    48   12.2   23.8    8.95   1.1824     351     1    100.0   15 
24/03/26  12:30   18.1   18.6   17.6    52    8.0    3.2     SO   0.80  11.3   OSO   18.1   17.2   17.2  1021.6   0.00    0.0    0.003   0.000   23.9    47   11.9   23.8    8.75   1.1822     351     1    100.0   15 
24/03/26  12:45   18.2   18.6   18.0    53    8.4    4.8    OSO   1.21  14.5    SO   18.2   17.4   17.4  1021.4   0.00    0.0    0.002   0.000   24.0    47   12.0   23.9    8.75   1.1817     351     1    100.0   15 
24/03/26  13:00   18.4   18.6   18.2    52    8.4    4.8     SO   1.21  14.5    SO   18.4   17.6   17.6  1021.3   0.00    0.0    0.000   0.001   24.0    47   12.0   23.9    8.75   1.1815     351     1    100.0   15 
24/03/26  13:15   17.8   18.2   17.4    56    8.9    4.8    OSO   1.21  17.7   OSO   17.8   17.2   17.2  1021.1   0.00    0.0    0.005   0.000   24.1    48   12.4   24.0    8.94   1.1807     352     1    100.0   15 
24/03/26  13:30   17.5   18.1   17.3    57    8.9    4.8      S   1.21  12.9   SSE   17.5   16.8   16.8  1020.9   0.00    0.0    0.009   0.000   24.1    48   12.4   24.0    8.94   1.1804     350     1    100.0   15 
24/03/26  13:45   18.8   19.1   18.1    52    8.7    4.8    OSO   1.21  12.9     O   18.8   18.0   18.0  1020.7   0.00    0.0    0.000   0.005   24.1    48   12.4   24.1    8.94   1.1799     350     1    100.0   15 
24/03/26  14:00   18.8   19.1   18.6    52    8.8    6.4      S   1.61  19.3     S   18.8   18.1   18.1  1020.6   0.00    0.0    0.000   0.005   24.2    49   12.8   24.2    9.04   1.1791     351     1    100.0   15 
24/03/26  14:15   18.8   19.2   18.7    49    7.9    6.4     SO   1.61  17.7    SO   18.8   17.9   17.9  1020.5   0.00    0.0    0.000   0.005   24.3    49   12.9   24.2    9.04   1.1785     351     1    100.0   15 
24/03/26  14:30   18.9   19.1   18.8    51    8.5    4.8    OSO   1.21  12.9     O   18.9   18.1   18.1  1020.5   0.00    0.0    0.000   0.006   24.3    48   12.6   24.3    8.93   1.1785     352     1    100.0   15 
24/03/26  14:45   18.6   18.8   18.5    51    8.3    6.4     SO   1.61  17.7     S   18.6   17.7   17.7  1020.4   0.00    0.0    0.000   0.003   24.2    48   12.5   24.2    8.94   1.1790     351     1    100.0   15 
24/03/26  15:00   18.7   18.8   18.7    50    8.1    4.8     SO   1.21  17.7     S   18.7   17.8   17.8  1020.3   0.00    0.0    0.000   0.004   24.2    48   12.5   24.2    8.94   1.1789     351     1    100.0   15 
24/03/26  15:15   18.3   18.7   18.2    52    8.2    6.4      S   1.61  16.1     S   18.3   17.4   17.4  1020.2   0.00    0.0    0.001   0.000   24.2    49   12.8   24.2    9.04   1.1787     351     1    100.0   15 
24/03/26  15:30   17.9   18.2   17.7    53    8.2    6.4     SO   1.61  16.1    SO   17.9   17.1   17.1  1020.2   0.00    0.0    0.004   0.000   24.2    50   13.1   24.2    9.24   1.1784     352     1    100.0   15 
24/03/26  15:45   17.4   17.8   16.9    55    8.3    8.0     SO   2.01  20.9   ONO   17.4   16.6   16.6  1020.2   0.00    0.0    0.010   0.000   24.2    50   13.1   24.2    9.24   1.1780     351     1    100.0   15 
24/03/26  16:00   16.8   17.0   16.6    58    8.5    6.4     SO   1.61  17.7   OSO   16.8   16.1   16.1  1020.1   0.00    0.0    0.016   0.000   24.2    49   12.8   24.2    9.04   1.1786     351     1    100.0   15 
24/03/26  16:15   16.4   16.7   16.3    58    8.1    6.4     SO   1.61  17.7   OSO   16.4   15.7   15.7  1020.1   0.00    0.0    0.020   0.000   24.1    49   12.7   24.1    9.04   1.1791     351     1    100.0   15 
24/03/26  16:30   16.4   16.7   16.1    59    8.4    6.4    SSO   1.61  17.7   OSO   16.4   15.7   15.7  1020.1   0.00    0.0    0.020   0.000   23.8    49   12.5   23.8    9.05   1.1803     351     1    100.0   15 
24/03/26  16:45   15.9   16.1   15.7    58    7.7    8.0    OSO   2.01  19.3   OSO   15.9   15.2   15.2  1020.2   0.00    0.0    0.025   0.000   23.6    49   12.3   23.5    9.05   1.1814     351     1    100.0   15 
24/03/26  17:00   15.5   15.7   15.3    59    7.5    6.4     SO   1.61  17.7   SSO   15.5   14.7   14.7  1020.2   0.00    0.0    0.030   0.000   23.5    49   12.2   23.4    9.05   1.1820     350     1    100.0   15 
24/03/26  17:15   15.3   15.4   15.1    59    7.3    6.4     SO   1.61  14.5    SO   15.3   14.5   14.5  1020.2   0.00    0.0    0.032   0.000   23.7    49   12.3   23.6    9.05   1.1812     349     1    100.0   15 
24/03/26  17:30   14.8   15.1   14.6    61    7.4    6.4     SO   1.61  22.5   OSO   14.8   14.2   14.2  1020.2   0.00    0.0    0.036   0.000   23.9    49   12.5   23.9    9.05   1.1801     351     1    100.0   15 
24/03/26  17:45   14.3   14.6   14.1    62    7.1    6.4     SO   1.61  16.1    SO   14.3   13.7   13.7  1020.3   0.00    0.0    0.042   0.000   24.2    48   12.5   24.1    8.94   1.1792     351     1    100.0   15 
24/03/26  18:00   13.8   14.1   13.6    64    7.1    4.8     SO   1.21  14.5    SO   13.8   13.2   13.2  1020.5   0.00    0.0    0.047   0.000   24.3    48   12.6   24.2    8.94   1.1788     350     1    100.0   15 
24/03/26  18:15   13.2   13.5   12.9    67    7.2    1.6    SSO   0.40  11.3     O   13.2   12.7   12.7  1020.5   0.00    0.0    0.053   0.000   24.3    48   12.6   24.3    8.93   1.1785     322     1     94.2   15 
24/03/26  18:30   12.7   12.9   12.6    69    7.2    1.6     SO   0.40   9.7    SO   12.7   12.3   12.3  1020.7   0.00    0.0    0.058   0.000   24.4    48   12.7   24.3    8.93   1.1785     351     1    100.0   15 
24/03/26  18:45   12.4   12.6   12.2    71    7.3    0.0     SO   0.00   6.4    SO   12.4   12.0   12.0  1020.8   0.00    0.0    0.062   0.000   24.4    48   12.7   24.3    8.93   1.1787     352     1    100.0   15 
24/03/26  19:00   12.1   12.2   11.9    72    7.2    0.0     SO   0.00   8.0   OSO   12.1   11.7   11.7  1021.0   0.00    0.0    0.065   0.000   24.4    48   12.7   24.3    8.93   1.1787     351     1    100.0   15 
24/03/26  19:15   11.8   11.9   11.7    73    7.1    0.0     SO   0.00   6.4   OSO   11.8   11.5   11.5  1021.3   0.00    0.0    0.068   0.000   24.6    48   12.9   24.5    8.92   1.1781     350     1    100.0   15 
24/03/26  19:30   11.6   11.7   11.4    74    7.1    0.0     SO   0.00   4.8   OSO   11.6   11.3   11.3  1021.3   0.00    0.0    0.071   0.000   24.7    48   13.0   24.6    8.92   1.1776     351     1    100.0   15 
24/03/26  19:45   11.3   11.4   11.2    76    7.2    0.0     SO   0.00   6.4   OSO   11.3   11.1   11.1  1021.4   0.00    0.0    0.073   0.000   24.8    48   13.0   24.6    8.92   1.1775     351     1    100.0   15 
24/03/26  20:00   11.2   11.2   11.0    77    7.3    0.0     SO   0.00   6.4    SO   11.2   11.0   11.0  1021.5   0.00    0.0    0.075   0.000   24.8    48   13.1   24.7    8.92   1.1772     352     1    100.0   15 
24/03/26  20:15   10.9   11.0   10.8    79    7.4    0.0     SO   0.00   6.4   OSO   10.9   10.8   10.8  1021.6   0.00    0.0    0.078   0.000   24.8    48   13.0   24.6    8.92   1.1777     351     1    100.0   15 
24/03/26  20:30   10.7   10.8   10.6    80    7.4    1.6     SO   0.40   9.7   OSO   10.7   10.6   10.6  1021.8   0.00    0.0    0.080   0.000   24.7    48   13.0   24.6    8.92   1.1781     351     1    100.0   15 
24/03/26  20:45   10.6   10.6   10.5    81    7.4    0.0    OSO   0.00   1.6   OSO   10.6   10.5   10.5  1021.8   0.00    0.0    0.081   0.000   24.6    48   12.8   24.4    8.93   1.1791     351     1    100.0   15 
24/03/26  21:00   10.4   10.5   10.3    82    7.4    0.0    OSO   0.00   4.8    SO   10.4   10.4   10.4  1021.8   0.00    0.0    0.083   0.000   24.2    49   12.8   24.2    9.04   1.1804     351     1    100.0   15 
24/03/26  21:15   10.3   10.3   10.2    83    7.5    0.0    ---   0.00   0.0   ---   10.3   10.3   10.3  1021.9   0.00    0.0    0.084   0.000   23.8    50   12.8   23.9    9.25   1.1820     351     1    100.0   15 
24/03/26  21:30   10.1   10.2   10.1    84    7.5    0.0      O   0.00   3.2     O   10.1   10.2   10.2  1021.8   0.00    0.0    0.086   0.000   23.4    50   12.4   23.3    9.25   1.1839     351     1    100.0   15 
24/03/26  21:45   10.0   10.1   10.0    84    7.4    0.0     SO   0.00   6.4    SO   10.0   10.1   10.1  1021.7   0.00    0.0    0.087   0.000   23.1    51   12.4   22.9    9.38   1.1851     351     1    100.0   15 
24/03/26  22:00    9.9   10.0    9.9    85    7.5    0.0    OSO   0.00   4.8   OSO    9.9   10.0   10.0  1021.6   0.00    0.0    0.087   0.000   22.8    51   12.2   22.6    9.39   1.1864     349     1    100.0   15 
24/03/26  22:15    9.8    9.9    9.7    85    7.4    0.0      O   0.00   3.2     O    9.8    9.8    9.8  1021.5   0.00    0.0    0.089   0.000   22.5    52   12.2   22.2    9.60   1.1876     351     1    100.0   15 
24/03/26  22:30    9.6    9.7    9.6    86    7.4    0.0      O   0.00   1.6     O    9.6    9.7    9.7  1021.4   0.00    0.0    0.091   0.000   22.2    52   11.9   21.8    9.61   1.1889     351     1    100.0   15 
24/03/26  22:45    9.4    9.6    9.3    86    7.2    0.0      O   0.00   3.2     O    9.4    9.5    9.5  1021.3   0.00    0.0    0.093   0.000   21.9    53   11.9   21.4    9.79   1.1898     351     1    100.0   15 
24/03/26  23:00    9.2    9.3    9.1    86    7.0    0.0    OSO   0.00   1.6   OSO    9.2    9.3    9.3  1021.3   0.00    0.0    0.095   0.000   21.9    54   12.2   21.4    9.92   1.1898     351     1    100.0   15 
24/03/26  23:15    9.1    9.1    9.0    86    6.8    0.0     SO   0.00   3.2   NNO    9.1    9.1    9.1  1021.3   0.00    0.0    0.097   0.000   22.3    53   12.3   22.0    9.76   1.1879     352     1    100.0   15 
24/03/26  23:30    9.1    9.1    9.0    85    6.7    0.0    OSO   0.00   1.6   OSO    9.1    9.1    9.1  1021.2   0.00    0.0    0.097   0.000   22.6    53   12.5   22.3    9.75   1.1867     351     1    100.0   15 
24/03/26  23:45    9.1    9.1    9.0    83    6.3    0.0     NO   0.00   3.2    SO    9.1    9.1    9.1  1021.2   0.00    0.0    0.097   0.000   22.7    53   12.6   22.6    9.73   1.1858     351     1    100.0   15 
25/03/26  00:00    9.1    9.2    9.1    84    6.5    0.0    OSO   0.00   4.8   OSO    9.1    9.1    9.1  1021.2   0.00    0.0    0.096   0.000   22.8    53   12.7   22.7    9.73   1.1852     350     1    100.0   15 
25/03/26   0:15    9.3    9.3    9.2    83    6.5    0.0     SO   0.00   1.6    SO    9.3    9.3    9.3  1021.1   0.00    0.0    0.094   0.000   22.7    53   12.6   22.6    9.73   1.1856     349     1    100.0   15 
25/03/26   0:30    9.3    9.3    9.1    82    6.4    0.0    ---   0.00   0.0   ---    9.3    9.3    9.3  1021.0   0.00    0.0    0.094   0.000   22.4    53   12.3   22.1    9.76   1.1873     349     1    100.0   15 
25/03/26   0:45    8.9    9.1    8.9    80    5.7    0.0    ---   0.00   0.0   ---    8.9    8.9    8.9  1020.9   0.00    0.0    0.098   0.000   22.1    54   12.3   21.7    9.92   1.1884     352     1    100.0   15 
25/03/26   1:00    8.8    8.9    8.8    79    5.4    0.0    ---   0.00   0.0   ---    8.8    8.8    8.8  1020.8   0.00    0.0    0.099   0.000   21.8    54   12.1   21.2    9.93   1.1898     351     1    100.0   15 
25/03/26   1:15    8.8    8.8    8.7    78    5.2    0.0    ---   0.00   0.0   ---    8.8    8.7    8.7  1020.4   0.00    0.0    0.100   0.000   21.4    54   11.7   20.8    9.94   1.1910     350     1    100.0   15 
25/03/26   1:30    8.4    8.7    8.2    80    5.1    0.0    OSO   0.00   3.2   OSO    8.4    8.3    8.3  1020.3   0.00    0.0    0.104   0.000   21.2    54   11.5   20.4    9.95   1.1923     351     1    100.0   15 
25/03/26   1:45    8.4    8.5    8.2    80    5.1    0.0    ---   0.00   0.0   ---    8.4    8.3    8.3  1020.2   0.00    0.0    0.104   0.000   20.9    55   11.6   20.3   10.16   1.1930     350     1    100.0   15 
25/03/26   2:00    8.6    8.6    8.5    79    5.1    0.0    ---   0.00   0.0   ---    8.6    8.4    8.4  1019.9   0.00    0.0    0.102   0.000   20.7    55   11.4   20.1   10.16   1.1938     351     1    100.0   15 
25/03/26   2:15    8.4    8.6    8.3    79    5.0    0.0    ---   0.00   0.0   ---    8.4    8.3    8.3  1019.7   0.00    0.0    0.103   0.000   20.5    55   11.1   19.9   10.17   1.1946     351     1    100.0   15 
25/03/26   2:30    8.3    8.5    8.2    80    5.1    0.0    ---   0.00   0.0   ---    8.3    8.2    8.2  1019.7   0.00    0.0    0.104   0.000   20.3    55   10.9   19.8   10.18   1.1957     351     1    100.0   15 
25/03/26   2:45    8.6    8.6    8.5    79    5.1    0.0      O   0.00   1.6     O    8.6    8.4    8.4  1019.5   0.00    0.0    0.102   0.000   20.1    55   10.7   19.6   10.19   1.1966     349     1    100.0   15 
25/03/26   3:00    8.6    8.6    8.5    79    5.1    0.0    ---   0.00   0.0   ---    8.6    8.4    8.4  1019.3   0.00    0.0    0.102   0.000   19.9    56   10.8   19.5   10.39   1.1970     352     1    100.0   15 
25/03/26   3:15    8.4    8.5    8.4    80    5.2    0.0    ---   0.00   0.0   ---    8.4    8.3    8.3  1019.1   0.00    0.0    0.103   0.000   19.7    56   10.7   19.3   10.40   1.1975     351     1    100.0   15 
25/03/26   3:30    8.3    8.4    8.2    80    5.1    0.0    ---   0.00   0.0   ---    8.3    8.2    8.2  1019.0   0.00    0.0    0.104   0.000   19.6    56   10.5   19.1   10.41   1.1983     351     1    100.0   15 
25/03/26   3:45    7.9    8.2    7.7    81    4.9    0.0     NO   0.00   1.6    NO    7.9    7.8    7.8  1018.9   0.00    0.0    0.108   0.000   19.4    56   10.4   18.9   10.41   1.1989     351     1    100.0   15 
25/03/26   4:00    7.9    8.1    7.7    80    4.6    0.0    ---   0.00   0.0   ---    7.9    7.8    7.8  1018.7   0.00    0.0    0.109   0.000   19.2    56   10.2   18.7   10.42   1.1996     352     1    100.0   15 
25/03/26   4:15    8.3    8.4    8.1    78    4.7    0.0    ---   0.00   0.0   ---    8.3    8.2    8.2  1018.7   0.00    0.0    0.105   0.000   19.1    56   10.1   18.6   10.42   1.2002     351     1    100.0   15 
25/03/26   4:30    8.4    8.5    8.3    78    4.8    0.0    ---   0.00   0.0   ---    8.4    8.3    8.3  1018.6   0.00    0.0    0.104   0.000   18.9    57   10.2   18.4   10.63   1.2006     351     1    100.0   15 
25/03/26   4:45    8.5    8.6    8.4    77    4.7    0.0    ---   0.00   0.0   ---    8.5    8.4    8.4  1018.4   0.00    0.0    0.102   0.000   18.8    57   10.1   18.3   10.63   1.2009     351     1    100.0   15 
25/03/26   5:00    8.4    8.6    8.2    77    4.6    0.0     NO   0.00   1.6    NO    8.4    8.3    8.3  1018.4   0.00    0.0    0.103   0.000   18.7    57   10.0   18.1   10.64   1.2017     352     1    100.0   15 
