                 Temp.  Temp.  Temp.  Hum.   Punt   Vel.   Dir.   Rec.  Vel.  Dir.  Sens.   ═nd.   ═nd.                  Int. Graus D.Graus D.  Temp.  Hum. Rosada  In.Cal.  EMC     Dens.    Mostr   Tx   Recep.  Int.
  Data    Hora    Ext.   MÓx.   Mÿn.  Ext. Rosada   Vent   Vent   Vent  MÓx.  MÓx.  T×rm.  Calor   THW    Bar    Pluja   Pluja  Calor    Fred    Int.  Int.   Int.   Int.    Int.  Int.Aire    Vent   Vent   ISS   Arc.
-------------------------------------------------------------------------------------------------------------------------------------------------------------------------------------------------------------------------
25/03/26   0:15    9.3    9.3    9.2    83    6.5    0.0     SO   0.00   1.6    SO    9.3    9.3    9.3  1021.1   0.00    0.0    0.094   0.000   22.7    53   12.6   22.6    9.73   1.1856     349     1    100.0   15 
25/03/26   0:30    9.3    9.3    9.1    82    6.4    0.0    ---   0.00   0.0   ---    9.3    9.3    9.3  1021.0   0.00    0.0    0.094   0.000   22.4    53   12.3   22.1    9.76   1.1873     349     1    100.0   15 
25/03/26   0:45    8.9    9.1    8.9    80    5.7    0.0    ---   0.00   0.0   ---    8.9    8.9    8.9  1020.9   0.00    0.0    0.098   0.000   22.1    54   12.3   21.7    9.92   1.1884     352     1    100.0   15 
25/03/26   1:00    8.8    8.9    8.8    79    5.4    0.0    ---   0.00   0.0   ---    8.8    8.8    8.8  1020.8   0.00    0.0    0.099   0.000   21.8    54   12.1   21.2    9.93   1.1898     351     1    100.0   15 
25/03/26   1:15    8.8    8.8    8.7    78    5.2    0.0    ---   0.00   0.0   ---    8.8    8.7    8.7  1020.4   0.00    0.0    0.100   0.000   21.4    54   11.7   20.8    9.94   1.1910     350     1    100.0   15 
25/03/26   1:30    8.4    8.7    8.2    80    5.1    0.0    OSO   0.00   3.2   OSO    8.4    8.3    8.3  1020.3   0.00    0.0    0.104   0.000   21.2    54   11.5   20.4    9.95   1.1923     351     1    100.0   15 
25/03/26   1:45    8.4    8.5    8.2    80    5.1    0.0    ---   0.00   0.0   ---    8.4    8.3    8.3  1020.2   0.00    0.0    0.104   0.000   20.9    55   11.6   20.3   10.16   1.1930     350     1    100.0   15 
25/03/26   2:00    8.6    8.6    8.5    79    5.1    0.0    ---   0.00   0.0   ---    8.6    8.4    8.4  1019.9   0.00    0.0    0.102   0.000   20.7    55   11.4   20.1   10.16   1.1938     351     1    100.0   15 
25/03/26   2:15    8.4    8.6    8.3    79    5.0    0.0    ---   0.00   0.0   ---    8.4    8.3    8.3  1019.7   0.00    0.0    0.103   0.000   20.5    55   11.1   19.9   10.17   1.1946     351     1    100.0   15 
25/03/26   2:30    8.3    8.5    8.2    80    5.1    0.0    ---   0.00   0.0   ---    8.3    8.2    8.2  1019.7   0.00    0.0    0.104   0.000   20.3    55   10.9   19.8   10.18   1.1957     351     1    100.0   15 
25/03/26   2:45    8.6    8.6    8.5    79    5.1    0.0      O   0.00   1.6     O    8.6    8.4    8.4  1019.5   0.00    0.0    0.102   0.000   20.1    55   10.7   19.6   10.19   1.1966     349     1    100.0   15 
25/03/26   3:00    8.6    8.6    8.5    79    5.1    0.0    ---   0.00   0.0   ---    8.6    8.4    8.4  1019.3   0.00    0.0    0.102   0.000   19.9    56   10.8   19.5   10.39   1.1970     352     1    100.0   15 
25/03/26   3:15    8.4    8.5    8.4    80    5.2    0.0    ---   0.00   0.0   ---    8.4    8.3    8.3  1019.1   0.00    0.0    0.103   0.000   19.7    56   10.7   19.3   10.40   1.1975     351     1    100.0   15 
25/03/26   3:30    8.3    8.4    8.2    80    5.1    0.0    ---   0.00   0.0   ---    8.3    8.2    8.2  1019.0   0.00    0.0    0.104   0.000   19.6    56   10.5   19.1   10.41   1.1983     351     1    100.0   15 
25/03/26   3:45    7.9    8.2    7.7    81    4.9    0.0     NO   0.00   1.6    NO    7.9    7.8    7.8  1018.9   0.00    0.0    0.108   0.000   19.4    56   10.4   18.9   10.41   1.1989     351     1    100.0   15 
25/03/26   4:00    7.9    8.1    7.7    80    4.6    0.0    ---   0.00   0.0   ---    7.9    7.8    7.8  1018.7   0.00    0.0    0.109   0.000   19.2    56   10.2   18.7   10.42   1.1996     352     1    100.0   15 
25/03/26   4:15    8.3    8.4    8.1    78    4.7    0.0    ---   0.00   0.0   ---    8.3    8.2    8.2  1018.7   0.00    0.0    0.105   0.000   19.1    56   10.1   18.6   10.42   1.2002     351     1    100.0   15 
25/03/26   4:30    8.4    8.5    8.3    78    4.8    0.0    ---   0.00   0.0   ---    8.4    8.3    8.3  1018.6   0.00    0.0    0.104   0.000   18.9    57   10.2   18.4   10.63   1.2006     351     1    100.0   15 
25/03/26   4:45    8.5    8.6    8.4    77    4.7    0.0    ---   0.00   0.0   ---    8.5    8.4    8.4  1018.4   0.00    0.0    0.102   0.000   18.8    57   10.1   18.3   10.63   1.2009     351     1    100.0   15 
25/03/26   5:00    8.4    8.6    8.2    77    4.6    0.0     NO   0.00   1.6    NO    8.4    8.3    8.3  1018.4   0.00    0.0    0.103   0.000   18.7    57   10.0   18.1   10.64   1.2017     352     1    100.0   15 
25/03/26   5:15    7.9    8.2    7.5    80    4.6    0.0     NO   0.00   1.6    NO    7.9    7.8    7.8  1018.4   0.00    0.0    0.109   0.000   18.7    57   10.0   18.2   10.64   1.2015     351     1    100.0   15 
25/03/26   5:30    7.4    7.5    7.4    81    4.4    0.0     NO   0.00   4.8    NO    7.4    7.3    7.3  1018.5   0.00    0.0    0.113   0.000   19.2    56   10.2   18.7   10.42   1.1996     351     1    100.0   15 
25/03/26   5:45    7.7    7.9    7.4    80    4.4    0.0     NO   0.00   6.4    NO    7.7    7.6    7.6  1018.4   0.00    0.0    0.111   0.000   19.7    55   10.4   19.2   10.20   1.1973     351     1    100.0   15 
25/03/26   6:00    7.8    7.8    7.7    81    4.7    0.0    ---   0.00   0.0   ---    7.8    7.7    7.7  1018.1   0.00    0.0    0.110   0.000   20.2    54   10.6   19.7   10.01   1.1944     350     1    100.0   15 
25/03/26   6:15    7.4    7.7    7.1    82    4.5    0.0      S   0.00   1.6     S    7.4    7.3    7.3  1018.2   0.00    0.0    0.114   0.000   20.7    53   10.7   20.0    9.87   1.1926     352     1    100.0   15 
25/03/26   6:30    7.1    7.3    6.9    84    4.5    0.0     NO   0.00   1.6    NO    7.1    7.0    7.0  1018.2   0.00    0.0    0.117   0.000   21.0    52   10.8   20.2    9.65   1.1912     350     1    100.0   15 
25/03/26   6:45    7.6    7.9    7.3    82    4.7    0.0     NO   0.00   1.6    NO    7.6    7.6    7.6  1018.3   0.00    0.0    0.112   0.000   21.4    52   11.1   20.6    9.64   1.1893     351     1    100.0   15 
25/03/26   7:00    8.4    8.7    7.9    80    5.1    0.0     NO   0.00   1.6    NO    8.4    8.3    8.3  1018.1   0.00    0.0    0.104   0.000   21.8    51   11.2   21.1    9.43   1.1875     350     1    100.0   15 
25/03/26   7:15    8.9    9.3    8.7    80    5.7    0.0    ESE   0.00   4.8    SE    8.9    8.9    8.9  1017.9   0.00    0.0    0.098   0.000   22.3    50   11.4   21.8    9.25   1.1851     351     1    100.0   15 
25/03/26   7:30    9.6    9.9    9.3    77    5.7    0.0     SE   0.00   1.6    SE    9.6    9.4    9.4  1017.9   0.00    0.0    0.091   0.000   22.7    50   11.8   22.4    9.25   1.1829     351     1    100.0   15 
25/03/26   7:45    9.7    9.9    9.4    78    6.0    0.0    NNO   0.00   3.2   NNO    9.7    9.6    9.6  1018.1   0.00    0.0    0.090   0.000   23.3    50   12.3   23.1    9.25   1.1803     351     1    100.0   15 
25/03/26   8:00    9.4    9.6    9.4    78    5.8    3.2     NO   0.80   4.8   NNO    9.4    9.3    9.3  1018.2   0.00    0.0    0.093   0.000   23.9    49   12.6   23.9    9.05   1.1774     351     1    100.0   15 
25/03/26   8:15    9.7   10.2    9.5    78    6.1    1.6    NNO   0.40   4.8    NO    9.7    9.7    9.7  1018.1   0.00    0.0    0.090   0.000   24.3    48   12.6   24.3    8.93   1.1758     351     1    100.0   15 
25/03/26   8:30   11.1   11.9   10.2    70    5.8    1.6     SE   0.40   6.4   SSE   11.1   10.8   10.8  1018.0   0.00    0.0    0.075   0.000   24.6    48   12.8   24.4    8.93   1.1745     352     1    100.0   15 
25/03/26   8:45   12.6   13.0   11.9    69    7.0    1.6    ENE   0.40   9.7     E   12.6   12.1   12.1  1017.9   0.00    0.0    0.060   0.000   24.5    48   12.8   24.4    8.93   1.1747     351     1    100.0   15 
25/03/26   9:00   13.3   13.7   13.0    68    7.5    1.6    SSO   0.40   4.8   SSO   13.3   12.8   12.8  1017.8   0.00    0.0    0.052   0.000   24.4    48   12.7   24.3    8.93   1.1749     351     1    100.0   15 
25/03/26   9:15   13.9   14.1   13.7    66    7.6    3.2    ENE   0.80   9.7     E   13.9   13.3   13.3  1017.7   0.00    0.0    0.046   0.000   24.4    48   12.7   24.3    8.93   1.1748     351     1    100.0   15 
25/03/26   9:30   14.1   14.3   14.1    66    7.8    3.2    ENE   0.80  11.3   ENE   14.1   13.6   13.6  1017.7   0.00    0.0    0.044   0.000   24.3    48   12.6   24.3    8.93   1.1753     352     1    100.0   15 
25/03/26   9:45   14.9   15.4   14.3    63    8.0    1.6    ENE   0.40   8.0     E   14.9   14.3   14.3  1017.4   0.00    0.0    0.035   0.000   24.3    49   12.9   24.3    9.03   1.1747     351     1    100.0   15 
25/03/26  10:00   15.6   15.6   15.4    62    8.3    1.6     SO   0.40   6.4    SO   15.6   14.9   14.9  1017.3   0.00    0.0    0.029   0.000   24.3    49   12.9   24.3    9.03   1.1745     351     1    100.0   15 
25/03/26  10:15   16.2   16.7   15.6    59    8.1    3.2      E   0.80   8.0     E   16.2   15.4   15.4  1017.0   0.00    0.0    0.023   0.000   24.3    48   12.6   24.2    8.94   1.1748     351     1    100.0   15 
25/03/26  10:30   16.9   17.1   16.7    59    8.9    1.6    SSO   0.40   8.0     S   16.9   16.3   16.3  1016.7   0.00    0.0    0.014   0.000   24.2    49   12.8   24.2    9.04   1.1743     352     1    100.0   15 
25/03/26  10:45   16.9   17.1   16.8    57    8.3    3.2    SSE   0.80  11.3   ESE   16.9   16.2   16.2  1016.3   0.00    0.0    0.015   0.000   24.2    49   12.8   24.2    9.04   1.1739     350     1    100.0   15 
25/03/26  11:00   17.6   17.9   17.1    54    8.1    3.2     SO   0.80   9.7   OSO   17.6   16.8   16.8  1016.2   0.00    0.0    0.008   0.000   24.3    49   12.9   24.2    9.04   1.1735     349     1    100.0   15 
25/03/26  11:15   18.1   18.4   17.8    53    8.3    3.2    OSO   0.80   9.7     S   18.1   17.2   17.2  1015.9   0.00    0.0    0.003   0.000   24.3    48   12.6   24.2    8.94   1.1735     351     1    100.0   15 
25/03/26  11:30   18.7   18.9   18.4    50    8.0    3.2     SO   0.80  12.9     S   18.7   17.8   17.8  1015.8   0.00    0.0    0.000   0.003   24.3    48   12.6   24.3    8.93   1.1731     351     1    100.0   15 
25/03/26  11:45   18.9   18.9   18.8    50    8.2    3.2     SO   0.80  11.3    SO   18.9   18.0   18.0  1015.5   0.00    0.0    0.000   0.006   24.4    48   12.7   24.3    8.93   1.1725     352     1    100.0   15 
25/03/26  12:00   19.2   19.3   18.9    49    8.2    4.8    OSO   1.21  12.9     S   19.2   18.3   18.3  1015.3   0.00    0.0    0.000   0.009   24.4    48   12.7   24.3    8.93   1.1720     351     1    100.0   15 
25/03/26  12:15   19.2   19.4   19.1    49    8.2    4.8    OSO   1.21  11.3    SO   19.2   18.3   18.3  1015.0   0.00    0.0    0.000   0.009   24.5    48   12.8   24.4    8.93   1.1713     351     1    100.0   15 
25/03/26  12:30   19.4   19.5   19.2    51    9.0    6.4     SO   1.61  14.5    SO   19.4   18.7   18.7  1014.9   0.00    0.0    0.000   0.011   24.4    47   12.4   24.3    8.73   1.1718     351     1    100.0   15 
25/03/26  12:45   19.5   19.6   19.4    51    9.1    4.8    SSO   1.21  12.9   SSE   19.5   18.8   18.8  1014.7   0.00    0.0    0.000   0.012   24.4    47   12.4   24.3    8.73   1.1716     351     1    100.0   15 
25/03/26  13:00   19.4   19.6   19.3    50    8.7    6.4      S   1.61  14.5   SSE   19.4   18.7   18.7  1014.6   0.00    0.0    0.000   0.012   24.4    47   12.3   24.3    8.73   1.1717     351     1    100.0   15 
25/03/26  13:15   19.6   19.7   19.4    51    9.1    6.4    SSO   1.61  19.3     S   19.6   18.8   18.8  1014.5   0.00    0.0    0.000   0.013   24.4    47   12.3   24.3    8.73   1.1716     351     1    100.0   15 
25/03/26  13:30   19.7   19.8   19.5    50    8.9    6.4    SSO   1.61  14.5   OSO   19.7   18.9   18.9  1014.2   0.00    0.0    0.000   0.014   24.3    47   12.3   24.2    8.73   1.1716     351     1    100.0   15 
25/03/26  13:45   19.4   19.5   19.4    51    9.0    6.4      S   1.61  17.7   OSO   19.4   18.7   18.7  1014.1   0.00    0.0    0.000   0.012   24.3    47   12.2   24.2    8.74   1.1717     351     1    100.0   15 
25/03/26  14:00   19.6   19.7   19.4    51    9.1    6.4      S   1.61  12.9     S   19.6   18.8   18.8  1013.9   0.00    0.0    0.000   0.013   24.3    47   12.2   24.2    8.74   1.1715     351     1    100.0   15 
25/03/26  14:15   19.9   20.2   19.7    50    9.2    4.8    SSO   1.21  11.3     S   19.9   19.2   19.2  1013.7   0.00    0.0    0.000   0.017   24.2    48   12.5   24.2    8.94   1.1712     351     1    100.0   15 
25/03/26  14:30   20.3   20.7   20.0    41    6.6    4.8     NO   1.21  17.7   NNO   20.3   19.1   19.1  1013.3   0.00    0.0    0.000   0.021   24.2    48   12.5   24.2    8.94   1.1707     351     1    100.0   15 
25/03/26  14:45   20.9   21.1   20.7    40    6.8    4.8    NNO   1.21  17.7   OSO   20.9   19.4   19.4  1013.3   0.00    0.0    0.000   0.027   24.2    48   12.5   24.2    8.94   1.1707     351     1    100.0   15 
25/03/26  15:00   20.8   20.9   20.7    41    7.0    6.4     NO   1.61  16.1   NNO   20.8   19.4   19.4  1013.0   0.00    0.0    0.000   0.025   24.2    47   12.1   24.1    8.74   1.1710     352     1    100.0   15 
25/03/26  15:15   21.0   21.2   20.7    42    7.6    6.4    NNO   1.61  17.7     O   21.0   19.7   19.7  1012.8   0.00    0.0    0.000   0.028   24.2    47   12.1   24.1    8.74   1.1707     351     1    100.0   15 
25/03/26  15:30   20.7   20.9   20.3    40    6.6    6.4      O   1.61  19.3   OSO   20.7   19.3   19.3  1012.4   0.00    0.0    0.000   0.025   24.1    47   12.1   24.0    8.74   1.1706     351     1    100.0   15 
25/03/26  15:45   20.5   20.7   20.3    39    6.1    6.4     NO   1.61  19.3   NNO   20.5   19.1   19.1  1012.3   0.00    0.0    0.000   0.023   24.1    47   12.1   24.0    8.74   1.1705     351     1    100.0   15 
25/03/26  16:00   20.9   21.1   20.7    39    6.5    4.8     NO   1.21  17.7   NNO   20.9   19.4   19.4  1012.1   0.00    0.0    0.000   0.027   24.0    46   11.7   23.9    8.55   1.1711     352     1    100.0   15 
25/03/26  16:15   20.8   20.8   20.7    40    6.7    4.8     NO   1.21  19.3     O   20.8   19.4   19.4  1012.0   0.00    0.0    0.000   0.025   23.9    46   11.6   23.8    8.55   1.1716     350     1    100.0   15 
25/03/26  16:30   20.8   20.9   20.7    38    6.0    4.8    NNO   1.21  16.1    SO   20.8   19.3   19.3  1012.0   0.00    0.0    0.000   0.026   23.8    47   11.8   23.7    8.75   1.1717     350     1    100.0   15 
25/03/26  16:45   20.9   21.1   20.3    53   10.9    3.2     SO   0.80  11.3   OSO   20.9   20.2   20.2  1011.9   0.00    0.0    0.000   0.027   23.7    47   11.7   23.5    8.75   1.1722     351     1    100.0   15 
25/03/26  17:00   20.0   20.3   19.6    56   11.0    3.2     SO   0.80   8.0   SSO   20.0   19.6   19.6  1011.8   0.00    0.0    0.000   0.017   23.6    47   11.6   23.4    8.75   1.1726     352     1    100.0   15 
25/03/26  17:15   19.0   19.6   18.5    59   10.8    3.2     SO   0.80   9.7   OSO   19.0   18.6   18.6  1011.7   0.00    0.0    0.000   0.007   23.4    48   11.8   23.3    8.93   1.1726     351     1    100.0   15 
25/03/26  17:30   18.3   18.5   18.1    61   10.6    1.6     SO   0.40   6.4   OSO   18.3   17.9   17.9  1011.6   0.00    0.0    0.001   0.000   23.6    47   11.6   23.4    8.75   1.1723     351     1    100.0   15 
25/03/26  17:45   17.9   18.1   17.8    61   10.3    1.6    ONO   0.40   6.4   OSO   17.9   17.5   17.5  1011.4   0.00    0.0    0.004   0.000   23.9    47   11.9   23.8    8.75   1.1704     351     1    100.0   15 
25/03/26  18:00   17.4   17.8   16.9    66   11.0    1.6    ESE   0.40   4.8    SO   17.4   17.1   17.1  1011.2   0.00    0.0    0.010   0.000   24.2    47   12.1   24.1    8.74   1.1688     351     1    100.0   15 
25/03/26  18:15   16.6   16.9   16.3    66   10.2    1.6     SE   0.40   4.8    NO   16.6   16.2   16.2  1011.0   0.00    0.0    0.018   0.000   24.3    47   12.3   24.2    8.73   1.1678     352     1    100.0   15 
25/03/26  18:30   16.1   16.3   15.9    57    7.6    4.8     NO   1.21  17.7   OSO   16.1   15.3   15.3  1011.1   0.00    0.0    0.023   0.000   24.4    47   12.4   24.3    8.73   1.1674     351     1    100.0   15 
25/03/26  18:45   16.3   16.3   16.2    57    7.7    3.2    ONO   0.80  14.5    SO   16.3   15.5   15.5  1011.4   0.00    0.0    0.021   0.000   24.5    47   12.4   24.3    8.73   1.1675     351     1    100.0   15 
25/03/26  19:00   16.2   16.3   16.1    57    7.7    4.8     NO   1.21  12.9    SO   16.2   15.4   15.4  1011.8   0.00    0.0    0.022   0.000   24.7    47   12.6   24.6    8.72   1.1668     350     1    100.0   15 
25/03/26  19:15   15.9   16.1   15.7    58    7.7    4.8     NO   1.21   8.0     O   15.9   15.2   15.2  1011.8   0.00    0.0    0.025   0.000   25.0    47   12.9   24.8    8.71   1.1654     351     1    100.0   15 
25/03/26  19:30   15.6   15.7   15.4    57    7.1    4.8     NO   1.21  16.1   NNO   15.6   14.7   14.7  1011.9   0.00    0.0    0.029   0.000   25.3    47   13.2   25.1    8.70   1.1642     351     1    100.0   15 
25/03/26  19:45   15.3   15.4   15.1    55    6.3    8.0     NO   2.01  17.7   NNO   15.2   14.4   14.3  1012.1   0.00    0.0    0.032   0.000   25.4    47   13.3   25.3    8.69   1.1636     351     1    100.0   15 
25/03/26  20:00   14.9   15.1   14.8    56    6.2    6.4     NO   1.61  25.7    NO   14.9   14.1   14.1  1012.3   0.00    0.0    0.035   0.000   25.4    48   13.6   25.3    8.89   1.1635     351     1    100.0   15 
25/03/26  20:15   14.4   14.8   14.3    56    5.8    6.4     NO   1.61  17.7     O   14.4   13.6   13.6  1012.5   0.00    0.0    0.041   0.000   25.3    48   13.5   25.2    8.90   1.1642     351     1    100.0   15 
25/03/26  20:30   14.1   14.3   13.9    55    5.2    6.4     NO   1.61  20.9    NO   14.1   13.2   13.2  1012.5   0.00    0.0    0.044   0.000   25.1    49   13.6   24.9    9.01   1.1653     352     1    100.0   15 
25/03/26  20:45   13.7   13.9   13.4    55    4.8    6.4     NO   1.61  16.1     O   13.6   12.8   12.7  1012.4   0.00    0.0    0.049   0.000   24.7    49   13.3   24.6    9.02   1.1668     351     1    100.0   15 
25/03/26  21:00   13.3   13.4   13.2    55    4.5    3.2     NO   0.80  16.1   NNO   13.3   12.4   12.4  1012.8   0.00    0.0    0.052   0.000   24.4    50   13.3   24.4    9.23   1.1686     350     1    100.0   15 
25/03/26  21:15   13.0   13.2   12.8    56    4.4    0.0     NO   0.00   1.6    NO   13.0   12.2   12.2  1013.0   0.00    0.0    0.056   0.000   24.2    50   13.1   24.2    9.24   1.1699     351     1    100.0   15 
25/03/26  21:30   12.6   12.8   12.4    56    4.0    3.2     NO   0.80  16.1   NNO   12.6   11.8   11.8  1013.2   0.00    0.0    0.060   0.000   24.0    51   13.2   24.1    9.35   1.1707     351     1    100.0   15 
25/03/26  21:45   12.2   12.4   12.0    57    3.9    1.6     NO   0.40  14.5    NO   12.2   11.5   11.5  1013.7   0.00    0.0    0.064   0.000   23.8    51   13.0   23.8    9.35   1.1723     350     1    100.0   15 
25/03/26  22:00   11.8   12.0   11.6    56    3.3    0.0     NO   0.00   9.7    NO   11.8   11.1   11.1  1013.8   0.00    0.0    0.068   0.000   23.5    51   12.8   23.4    9.36   1.1738     351     1    100.0   15 
25/03/26  22:15   11.4   11.6   11.3    57    3.2    1.6     NO   0.40  14.5    NO   11.4   10.7   10.7  1013.3   0.00    0.0    0.072   0.000   23.2    52   12.8   23.1    9.58   1.1746     350     1    100.0   15 
25/03/26  22:30   11.1   11.3   10.9    58    3.2    1.6     NO   0.40  19.3   ONO   11.1   10.5   10.5  1013.5   0.00    0.0    0.075   0.000   22.9    52   12.6   22.8    9.58   1.1760     351     1    100.0   15 
25/03/26  22:45   10.7   10.9   10.5    59    3.0    0.0     NO   0.00   8.0   ONO   10.7   10.2   10.2  1014.0   0.00    0.0    0.079   0.000   22.6    52   12.3   22.4    9.60   1.1782     351     1    100.0   15 
25/03/26  23:00   10.2   10.5    9.9    60    2.8    0.0    ONO   0.00   8.0   ONO   10.2    9.8    9.8  1014.0   0.00    0.0    0.084   0.000   22.3    53   12.3   22.0    9.76   1.1793     350     1    100.0   15 
25/03/26  23:15    9.9    9.9    9.8    59    2.2    1.6     NO   0.40  11.3   SSO    9.9    9.4    9.4  1014.0   0.00    0.0    0.088   0.000   22.3    53   12.2   21.9    9.77   1.1796     351     1    100.0   15 
25/03/26  23:30   10.0   10.0    9.9    58    2.1    3.2     NO   0.80  14.5   OSO   10.0    9.5    9.5  1013.9   0.00    0.0    0.087   0.000   22.3    53   12.3   22.0    9.76   1.1792     351     1    100.0   15 
25/03/26  23:45    9.9   10.0    9.9    59    2.3    3.2     NO   0.80  14.5   OSO    9.9    9.5    9.5  1013.7   0.00    0.0    0.087   0.000   22.3    53   12.2   21.9    9.77   1.1792     352     1    100.0   15 
26/03/26  00:00    9.8    9.9    9.7    59    2.2    3.2     NO   0.80  24.1     O    9.8    9.4    9.4  1013.6   0.00    0.0    0.089   0.000   22.1    53   12.0   21.6    9.78   1.1802     351     1    100.0   15 
26/03/26   0:15    9.6    9.7    9.4    60    2.2    3.2     NO   0.80  16.1    NO    9.6    9.2    9.2  1013.5   0.00    0.0    0.091   0.000   21.8    53   11.8   21.3    9.80   1.1812     349     1    100.0   15 
26/03/26   0:30    9.2    9.4    9.1    61    2.1    3.2     NO   0.80  16.1     O    9.2    8.8    8.8  1013.7   0.00    0.0    0.095   0.000   21.6    53   11.6   20.9    9.81   1.1825     351     1    100.0   15 
26/03/26   0:45    8.9    9.1    8.7    62    2.0    3.2    ONO   0.80  19.3   ONO    8.9    8.4    8.4  1013.7   0.00    0.0    0.098   0.000   21.4    54   11.7   20.7    9.94   1.1834     350     1    100.0   15 
26/03/26   1:00    8.6    8.7    8.4    63    2.0    0.0     NO   0.00   9.7   OSO    8.6    8.2    8.2  1013.5   0.00    0.0    0.101   0.000   21.1    54   11.4   20.3    9.95   1.1845     352     1    100.0   15 
26/03/26   1:15    8.3    8.4    8.2    63    1.7    1.6     NO   0.40  12.9     O    8.3    7.9    7.9  1013.5   0.00    0.0    0.104   0.000   20.9    54   11.2   20.2    9.97   1.1856     350     1    100.0   15 
26/03/26   1:30    8.2    8.3    8.1    63    1.5    1.6     NO   0.40  12.9    NO    8.2    7.8    7.8  1013.3   0.00    0.0    0.106   0.000   20.7    54   11.0   20.1    9.98   1.1865     351     1    100.0   15 
26/03/26   1:45    7.9    8.1    7.8    64    1.5    1.6    ONO   0.40  11.3    NO    7.9    7.6    7.6  1013.3   0.00    0.0    0.108   0.000   20.5    55   11.1   19.9   10.17   1.1870     351     1    100.0   15 
26/03/26   2:00    7.8    7.8    7.7    64    1.4    0.0    ONO   0.00  14.5    NO    7.8    7.4    7.4  1013.1   0.00    0.0    0.110   0.000   20.3    55   10.9   19.8   10.18   1.1879     351     1    100.0   15 
26/03/26   2:15    7.7    7.7    7.5    65    1.5    0.0     NO   0.00  16.1    NO    7.7    7.3    7.3  1013.1   0.00    0.0    0.111   0.000   20.1    55   10.8   19.7   10.19   1.1887     351     1    100.0   15 
26/03/26   2:30    7.3    7.5    7.1    66    1.4    0.0      O   0.00   6.4     O    7.3    6.9    6.9  1013.0   0.00    0.0    0.115   0.000   19.9    55   10.6   19.5   10.19   1.1895     350     1    100.0   15 
26/03/26   2:45    7.1    7.1    7.0    66    1.1    0.0     NO   0.00  12.9   NNO    7.1    6.7    6.7  1013.1   0.00    0.0    0.117   0.000   19.8    55   10.5   19.3   10.20   1.1904     351     1    100.0   15 
26/03/26   3:00    6.9    7.0    6.9    65    0.8    1.6     NO   0.40  16.1    NO    6.9    6.6    6.6  1012.9   0.00    0.0    0.119   0.000   19.6    55   10.3   19.1   10.21   1.1913     351     1    100.0   15 
26/03/26   3:15    7.0    7.0    6.9    64    0.6    3.2     NO   0.80  16.1   OSO    7.0    6.6    6.6  1013.0   0.00    0.0    0.118   0.000   19.4    56   10.4   18.9   10.41   1.1920     351     1    100.0   15 
26/03/26   3:30    6.8    7.0    6.7    65    0.7    0.0      O   0.00   3.2   ONO    6.8    6.4    6.4  1013.1   0.00    0.0    0.120   0.000   19.2    56   10.2   18.7   10.42   1.1930     350     1    100.0   15 
26/03/26   3:45    6.7    6.8    6.6    66    0.8    1.6    ONO   0.40  12.9   ONO    6.7    6.3    6.3  1013.1   0.00    0.0    0.121   0.000   19.1    56   10.1   18.5   10.42   1.1937     351     1    100.0   15 
26/03/26   4:00    6.4    6.6    6.3    67    0.8    0.0    ONO   0.00   8.0    NO    6.4    6.1    6.1  1013.0   0.00    0.0    0.124   0.000   18.9    56    9.9   18.3   10.43   1.1945     351     1    100.0   15 
26/03/26   4:15    6.3    6.4    6.3    67    0.6    0.0     SO   0.00   4.8    SO    6.3    6.0    6.0  1013.1   0.00    0.0    0.125   0.000   18.7    56    9.8   18.2   10.44   1.1954     351     1    100.0   15 
26/03/26   4:30    6.3    6.3    6.2    67    0.6    0.0    ONO   0.00   6.4     O    6.3    5.9    5.9  1013.3   0.00    0.0    0.126   0.000   18.6    56    9.6   17.9   10.44   1.1965     351     1    100.0   15 
26/03/26   4:45    5.8    6.2    5.6    69    0.5    0.0    ONO   0.00   4.8     O    5.8    5.4    5.4  1013.3   0.00    0.0    0.131   0.000   18.5    56    9.6   17.9   10.44   1.1968     350     1    100.0   15 
26/03/26   5:00    5.3    5.5    5.2    71    0.5    0.0     SO   0.00   1.6    SO    5.3    5.0    5.0  1013.3   0.00    0.0    0.135   0.000   18.8    55    9.6   18.2   10.23   1.1954     351     1    100.0   15 
26/03/26   5:15    5.1    5.2    4.9    72    0.4    0.0     NO   0.00   3.2    NO    5.1    4.8    4.8  1013.2   0.00    0.0    0.138   0.000   19.3    54    9.7   18.7   10.08   1.1933     351     1    100.0   15 
