                 Temp.  Temp.  Temp.  Hum.   Punt   Vel.   Dir.   Rec.  Vel.  Dir.  Sens.   ═nd.   ═nd.                  Int. Graus D.Graus D.  Temp.  Hum. Rosada  In.Cal.  EMC     Dens.    Mostr   Tx   Recep.  Int.
  Data    Hora    Ext.   MÓx.   Mÿn.  Ext. Rosada   Vent   Vent   Vent  MÓx.  MÓx.  T×rm.  Calor   THW    Bar    Pluja   Pluja  Calor    Fred    Int.  Int.   Int.   Int.    Int.  Int.Aire    Vent   Vent   ISS   Arc.
-------------------------------------------------------------------------------------------------------------------------------------------------------------------------------------------------------------------------
20/03/26   0:15    6.7    6.9    6.6    89    5.0    0.0    ---   0.00   0.0   ---    6.7    6.8    6.8  1016.6   0.00    0.0    0.121   0.000   22.2    52   11.8   21.7    9.61   1.1834     349     1    100.0   15 
20/03/26   0:30    6.6    6.7    6.6    89    4.9    0.0    ---   0.00   0.0   ---    6.6    6.7    6.7  1016.4   0.00    0.0    0.122   0.000   21.7    53   11.7   21.1    9.81   1.1852     351     1    100.0   15 
20/03/26   0:45    6.7    6.8    6.7    88    4.9    0.0    ---   0.00   0.0   ---    6.7    6.7    6.7  1016.5   0.00    0.0    0.121   0.000   21.3    53   11.3   20.5    9.84   1.1875     351     1    100.0   15 
20/03/26   1:00    6.6    6.7    6.5    89    4.9    0.0    ---   0.00   0.0   ---    6.6    6.7    6.7  1016.5   0.00    0.0    0.122   0.000   20.9    53   10.9   20.2    9.86   1.1894     350     1    100.0   15 
20/03/26   1:15    6.3    6.5    6.2    89    4.7    0.0    ---   0.00   0.0   ---    6.3    6.3    6.3  1016.5   0.00    0.0    0.125   0.000   20.5    54   10.9   19.9    9.99   1.1911     351     1    100.0   15 
20/03/26   1:30    6.1    6.2    6.0    90    4.6    0.0    ---   0.00   0.0   ---    6.1    6.1    6.1  1016.4   0.00    0.0    0.127   0.000   20.2    54   10.6   19.6   10.02   1.1926     351     1    100.0   15 
20/03/26   1:45    5.9    6.0    5.9    90    4.4    0.0    ---   0.00   0.0   ---    5.9    5.9    5.9  1016.3   0.00    0.0    0.129   0.000   19.8    54   10.3   19.3   10.04   1.1942     351     1    100.0   15 
20/03/26   2:00    5.8    5.9    5.6    90    4.3    0.0    ---   0.00   0.0   ---    5.8    5.8    5.8  1016.2   0.00    0.0    0.131   0.000   19.5    55   10.2   19.0   10.21   1.1954     351     1    100.0   15 
20/03/26   2:15    5.4    5.6    5.3    91    4.0    0.0    ---   0.00   0.0   ---    5.4    5.4    5.4  1016.1   0.00    0.0    0.135   0.000   19.3    55   10.0   18.7   10.22   1.1964     351     1    100.0   15 
20/03/26   2:30    5.1    5.3    5.1    91    3.8    0.0    ---   0.00   0.0   ---    5.1    5.1    5.1  1016.0   0.00    0.0    0.138   0.000   19.0    55    9.8   18.4   10.23   1.1977     352     1    100.0   15 
20/03/26   2:45    5.2    5.2    5.1    92    4.0    0.0    ---   0.00   0.0   ---    5.2    5.2    5.2  1015.8   0.00    0.0    0.137   0.000   18.7    55    9.5   18.1   10.24   1.1989     351     1    100.0   15 
20/03/26   3:00    5.2    5.2    5.2    92    4.0    0.0    ---   0.00   0.0   ---    5.2    5.2    5.2  1015.9   0.00    0.0    0.137   0.000   18.5    56    9.6   17.9   10.44   1.1998     350     1    100.0   15 
20/03/26   3:15    5.1    5.2    5.1    92    3.9    0.0    ---   0.00   0.0   ---    5.1    5.1    5.1  1015.9   0.00    0.0    0.138   0.000   18.3    56    9.3   17.7   10.45   1.2009     351     1    100.0   15 
20/03/26   3:30    5.1    5.2    4.9    92    3.9    0.0    ---   0.00   0.0   ---    5.1    5.1    5.1  1015.9   0.00    0.0    0.138   0.000   18.1    56    9.2   17.4   10.45   1.2018     352     1    100.0   15 
20/03/26   3:45    4.7    4.9    4.6    92    3.5    0.0    ---   0.00   0.0   ---    4.7    4.7    4.7  1016.0   0.00    0.0    0.142   0.000   17.9    56    9.0   17.2   10.45   1.2030     351     1    100.0   15 
20/03/26   4:00    4.6    4.7    4.4    92    3.4    0.0    ---   0.00   0.0   ---    4.6    4.6    4.6  1016.0   0.00    0.0    0.143   0.000   17.7    56    8.8   17.1   10.45   1.2039     351     1    100.0   15 
20/03/26   4:15    4.2    4.4    4.1    91    2.8    0.0      O   0.00   1.6     O    4.2    4.1    4.1  1016.1   0.00    0.0    0.148   0.000   17.7    56    8.8   17.1   10.45   1.2039     351     1    100.0   15 
20/03/26   4:30    4.2    4.4    4.0    92    3.0    0.0    ---   0.00   0.0   ---    4.2    4.2    4.2  1016.1   0.00    0.0    0.148   0.000   18.2    55    9.0   17.5   10.25   1.2020     351     1    100.0   15 
20/03/26   4:45    4.4    4.4    4.4    92    3.2    0.0    ---   0.00   0.0   ---    4.4    4.4    4.4  1016.1   0.00    0.0    0.145   0.000   18.7    54    9.2   18.1   10.12   1.1995     351     1    100.0   15 
20/03/26   5:00    4.3    4.4    4.3    91    3.0    0.0    ---   0.00   0.0   ---    4.3    4.3    4.3  1016.2   0.00    0.0    0.146   0.000   19.3    53    9.5   18.6    9.92   1.1971     351     1    100.0   15 
20/03/26   5:15    4.2    4.3    4.2    91    2.9    0.0    ---   0.00   0.0   ---    4.2    4.2    4.2  1016.1   0.00    0.0    0.147   0.000   19.6    52    9.5   18.9    9.70   1.1956     350     1    100.0   15 
20/03/26   5:30    4.2    4.3    4.2    90    2.7    0.0     NO   0.00   1.6    NO    4.2    4.2    4.2  1016.2   0.00    0.0    0.147   0.000   19.7    52    9.5   19.0    9.70   1.1955     350     1    100.0   15 
20/03/26   5:45    4.2    4.2    4.2    89    2.6    0.0     NO   0.00   1.6    NO    4.2    4.2    4.2  1016.2   0.00    0.0    0.147   0.000   19.9    52    9.7   19.3    9.69   1.1943     352     1    100.0   15 
20/03/26   6:00    4.3    4.4    4.2    87    2.3    0.0     NO   0.00   1.6    NO    4.3    4.2    4.2  1016.2   0.00    0.0    0.146   0.000   20.2    51    9.8   19.6    9.48   1.1929     350     1    100.0   15 
20/03/26   6:15    4.3    4.4    4.1    87    2.3    0.0      O   0.00   1.6     O    4.3    4.2    4.2  1016.3   0.00    0.0    0.146   0.000   20.5    50    9.7   19.7    9.27   1.1920     351     1    100.0   15 
20/03/26   6:30    4.2    4.3    4.1    87    2.2    0.0    ---   0.00   0.0   ---    4.2    4.1    4.1  1016.4   0.00    0.0    0.148   0.000   20.8    50   10.0   19.9    9.26   1.1908     351     1    100.0   15 
20/03/26   6:45    4.4    4.7    4.3    86    2.3    0.0      O   0.00   3.2     O    4.4    4.3    4.3  1016.5   0.00    0.0    0.145   0.000   21.3    49   10.1   20.3    9.05   1.1887     351     1    100.0   15 
20/03/26   7:00    5.0    5.3    4.7    85    2.7    0.0      O   0.00   1.6     O    5.0    4.9    4.9  1016.4   0.00    0.0    0.139   0.000   21.9    48   10.4   21.1    8.88   1.1859     351     1    100.0   15 
20/03/26   7:15    5.4    5.7    5.3    84    3.0    0.0      O   0.00   3.2     O    5.4    5.3    5.3  1016.3   0.00    0.0    0.134   0.000   22.6    47   10.7   22.1    8.75   1.1825     350     1    100.0   15 
20/03/26   7:30    5.8    6.0    5.7    83    3.2    0.0      O   0.00   1.6     O    5.8    5.7    5.7  1016.2   0.00    0.0    0.130   0.000   23.5    47   11.5   23.3    8.75   1.1780     351     1    100.0   15 
20/03/26   7:45    6.4    6.8    6.0    82    3.5    0.0      O   0.00   3.2     O    6.4    6.3    6.3  1016.2   0.00    0.0    0.124   0.000   24.7    46   12.3   24.4    8.52   1.1726     351     1    100.0   15 
20/03/26   8:00    7.2    7.4    6.8    81    4.1    0.0      O   0.00   1.6     O    7.2    7.1    7.1  1016.3   0.00    0.0    0.116   0.000   25.4    45   12.6   25.2    8.40   1.1696     350     1    100.0   15 
20/03/26   8:15    7.8    8.2    7.4    79    4.4    0.0    ---   0.00   0.0   ---    7.8    7.7    7.7  1016.4   0.00    0.0    0.110   0.000   25.7    45   12.9   25.5    8.38   1.1680     351     1    100.0   15 
20/03/26   8:30    8.4    8.8    8.2    77    4.6    0.0    ---   0.00   0.0   ---    8.4    8.3    8.3  1016.5   0.00    0.0    0.103   0.000   25.7    45   12.8   25.4    8.39   1.1684     350     1    100.0   15 
20/03/26   8:45    9.3    9.7    8.8    75    5.1    0.0    ---   0.00   0.0   ---    9.3    9.1    9.1  1016.7   0.00    0.0    0.094   0.000   25.0    46   12.6   24.8    8.51   1.1716     351     1    100.0   15 
20/03/26   9:00   10.2   10.6    9.7    65    3.9    1.6     NO   0.40   4.8    NO   10.2    9.8    9.8  1016.8   0.00    0.0    0.085   0.000   24.7    45   12.0   24.5    8.42   1.1734     352     1    100.0   15 
20/03/26   9:15   10.8   11.0   10.6    62    3.8    1.6     NO   0.40   4.8    NO   10.8   10.3   10.3  1016.9   0.00    0.0    0.079   0.000   24.6    46   12.2   24.4    8.52   1.1737     351     1    100.0   15 
20/03/26   9:30   11.9   12.7   11.1    60    4.4    1.6     NO   0.40   4.8   ESE   11.9   11.3   11.3  1016.9   0.00    0.0    0.067   0.000   24.5    46   12.1   24.3    8.53   1.1743     351     1    100.0   15 
20/03/26   9:45   13.3   13.6   12.8    54    4.2    1.6     NE   0.40   8.0     E   13.3   12.4   12.4  1017.0   0.00    0.0    0.053   0.000   24.4    46   12.0   24.2    8.53   1.1749     351     1    100.0   15 
20/03/26  10:00   13.8   14.0   13.5    47    2.7    3.2    ENE   0.80  11.3   ENE   13.8   12.6   12.6  1017.0   0.00    0.0    0.047   0.000   24.3    45   11.6   24.1    8.43   1.1756     351     1    100.0   15 
20/03/26  10:15   14.2   14.5   13.9    45    2.4    3.2    ENE   0.80  11.3   ENE   14.2   12.9   12.9  1016.9   0.00    0.0    0.043   0.000   24.2    45   11.5   24.0    8.44   1.1759     352     1    100.0   15 
20/03/26  10:30   14.5   14.6   14.3    42    1.7    6.4    ENE   1.61  20.9     E   14.5   13.1   13.1  1016.8   0.00    0.0    0.040   0.000   24.1    43   10.7   23.8    8.05   1.1771     351     1    100.0   15 
20/03/26  10:45   14.7   14.9   14.4    41    1.5    6.4      E   1.61  16.1     E   14.7   13.2   13.2  1016.7   0.00    0.0    0.038   0.000   23.9    42   10.2   23.6    7.95   1.1785     350     1    100.0   15 
20/03/26  11:00   15.1   15.1   15.0    39    1.2    6.4    ESE   1.61  17.7   ESE   15.1   13.5   13.5  1016.6   0.00    0.0    0.034   0.000   23.8    42   10.1   23.4    7.95   1.1788     351     1    100.0   15 
20/03/26  11:15   15.2   15.3   15.0    39    1.3    6.4      E   1.61  17.7   ESE   15.2   13.6   13.6  1016.5   0.00    0.0    0.033   0.000   23.7    42   10.0   23.3    7.96   1.1790     352     1    100.0   15 
20/03/26  11:30   15.5   15.9   15.3    40    1.9    4.8      E   1.21  14.5   ENE   15.5   14.0   14.0  1016.4   0.00    0.0    0.030   0.000   23.6    42    9.9   23.2    7.96   1.1794     351     1    100.0   15 
20/03/26  11:45   15.9   16.0   15.7    38    1.6    8.0      E   2.01  24.1   ENE   15.9   14.3   14.3  1016.2   0.00    0.0    0.025   0.000   23.5    42    9.8   23.1    7.96   1.1797     351     1    100.0   15 
20/03/26  12:00   15.8   15.9   15.7    37    1.1    8.0    ENE   2.01  22.5     E   15.8   14.1   14.1  1016.0   0.00    0.0    0.027   0.000   23.4    40    9.1   22.9    7.67   1.1805     351     1    100.0   15 
20/03/26  12:15   15.9   16.1   15.8    38    1.6    8.0      E   2.01  24.1     E   15.9   14.3   14.3  1016.0   0.00    0.0    0.025   0.000   23.3    41    9.3   22.8    7.79   1.1809     351     1    100.0   15 
20/03/26  12:30   16.1   16.1   15.9    37    1.4    8.0      E   2.01  20.9     E   16.1   14.4   14.4  1015.9   0.00    0.0    0.024   0.000   23.2    41    9.2   22.7    7.80   1.1810     351     1    100.0   15 
20/03/26  12:45   15.9   16.1   15.9    38    1.6    8.0      E   2.01  24.1     E   15.9   14.3   14.3  1015.8   0.00    0.0    0.025   0.000   23.2    41    9.2   22.7    7.80   1.1809     351     1    100.0   15 
20/03/26  13:00   16.1   16.1   15.9    37    1.4    9.7    ENE   2.41  22.5     E   15.9   14.4   14.3  1015.5   0.00    0.0    0.024   0.000   23.2    40    8.9   22.7    7.67   1.1809     351     1    100.0   15 
20/03/26  13:15   16.2   16.3   16.1    37    1.5    8.0      E   2.01  22.5   ENE   16.2   14.6   14.6  1015.2   0.00    0.0    0.022   0.000   23.2    42    9.5   22.7    7.98   1.1802     350     1    100.0   15 
20/03/26  13:30   16.2   16.3   16.1    38    1.9    8.0      E   2.01  20.9     E   16.2   14.6   14.6  1015.1   0.00    0.0    0.022   0.000   23.3    43   10.0   22.8    8.09   1.1792     352     1    100.0   15 
20/03/26  13:45   16.3   16.4   16.1    37    1.5    8.0    ENE   2.01  22.5   ENE   16.3   14.6   14.6  1015.0   0.00    0.0    0.021   0.000   23.3    42    9.7   22.9    7.97   1.1791     351     1    100.0   15 
20/03/26  14:00   16.4   16.4   16.3    37    1.6    8.0      E   2.01  17.7   ENE   16.4   14.7   14.7  1014.9   0.00    0.0    0.020   0.000   23.3    43   10.0   22.9    8.09   1.1787     350     1    100.0   15 
20/03/26  14:15   16.3   16.4   16.2    38    2.0    6.4      E   1.61  20.9     E   16.3   14.7   14.7  1014.8   0.00    0.0    0.021   0.000   23.3    43   10.0   22.8    8.09   1.1788     350     1    100.0   15 
20/03/26  14:30   16.3   16.3   16.2    37    1.5    6.4      E   1.61  17.7     E   16.3   14.6   14.6  1014.7   0.00    0.0    0.021   0.000   23.3    44   10.3   22.9    8.27   1.1783     352     1    100.0   15 
20/03/26  14:45   16.4   16.6   16.2    38    2.0    6.4    ENE   1.61  17.7     E   16.4   14.8   14.8  1014.7   0.00    0.0    0.020   0.000   23.2    44   10.3   22.8    8.27   1.1786     350     1    100.0   15 
20/03/26  15:00   16.3   16.4   16.3    40    2.7    6.4    ESE   1.61  19.3   ENE   16.3   14.8   14.8  1014.5   0.00    0.0    0.021   0.000   23.2    44   10.2   22.7    8.28   1.1787     351     1    100.0   15 
20/03/26  15:15   16.2   16.3   16.1    41    2.9    4.8      E   1.21  20.9   ENE   16.2   14.8   14.8  1014.4   0.00    0.0    0.022   0.000   23.1    46   10.9   22.7    8.58   1.1781     351     1    100.0   15 
20/03/26  15:30   16.0   16.2   15.9    41    2.7    6.4    ENE   1.61  22.5   ESE   16.0   14.6   14.6  1014.3   0.00    0.0    0.024   0.000   23.1    46   10.9   22.7    8.58   1.1780     351     1    100.0   15 
20/03/26  15:45   15.8   16.1   15.7    42    2.9    6.4      E   1.61  16.1     E   15.8   14.4   14.4  1014.3   0.00    0.0    0.026   0.000   23.2    46   11.0   22.9    8.57   1.1775     352     1    100.0   15 
20/03/26  16:00   15.6   15.8   15.4    42    2.7    6.4     SE   1.61  16.1     E   15.6   14.2   14.2  1014.2   0.00    0.0    0.028   0.000   23.6    45   10.9   23.3    8.45   1.1761     351     1    100.0   15 
20/03/26  16:15   15.4   15.6   15.4    40    1.9    4.8      E   1.21  14.5     E   15.4   13.9   13.9  1014.2   0.00    0.0    0.030   0.000   23.9    45   11.2   23.7    8.45   1.1744     351     1    100.0   15 
20/03/26  16:30   15.4   15.6   15.1    42    2.5    4.8      E   1.21  12.9     E   15.4   14.0   14.0  1014.0   0.00    0.0    0.031   0.000   24.1    44   11.0   23.8    8.24   1.1738     350     1    100.0   15 
20/03/26  16:45   15.2   15.3   15.1    42    2.4    3.2    ESE   0.80   9.7     E   15.2   13.8   13.8  1014.1   0.00    0.0    0.032   0.000   24.1    44   11.1   23.9    8.24   1.1736     352     1    100.0   15 
20/03/26  17:00   15.3   15.4   15.2    42    2.5    3.2    ESE   0.80   8.0   ESE   15.3   13.9   13.9  1014.1   0.00    0.0    0.031   0.000   24.2    43   10.8   23.8    8.05   1.1737     351     1    100.0   15 
20/03/26  17:15   14.8   15.2   14.3    41    1.7    3.2    ESE   0.80  12.9   ESE   14.8   13.4   13.4  1014.1   0.00    0.0    0.036   0.000   24.2    43   10.8   23.8    8.05   1.1736     351     1    100.0   15 
20/03/26  17:30   14.3   14.3   14.1    41    1.2    3.2      E   0.80  12.9   ESE   14.3   12.9   12.9  1014.2   0.00    0.0    0.042   0.000   24.2    43   10.8   23.8    8.05   1.1737     351     1    100.0   15 
20/03/26  17:45   13.8   14.1   13.5    43    1.4    3.2    ESE   0.80   8.0   ENE   13.8   12.5   12.5  1014.3   0.00    0.0    0.047   0.000   24.2    43   10.8   23.8    8.05   1.1739     351     1    100.0   15 
20/03/26  18:00   13.0   13.4   12.6    44    1.0    1.6    ESE   0.40   8.0     E   13.0   11.8   11.8  1014.4   0.00    0.0    0.056   0.000   24.2    43   10.8   23.8    8.05   1.1740     351     1    100.0   15 
20/03/26  18:15   12.3   12.6   12.2    45    0.7    1.6    ESE   0.40   8.0     E   12.3   11.2   11.2  1014.5   0.00    0.0    0.062   0.000   24.1    43   10.7   23.8    8.05   1.1744     351     1    100.0   15 
20/03/26  18:30   12.1   12.2   11.8    47    1.1    1.6     SE   0.40   4.8    SE   12.1   11.1   11.1  1014.4   0.00    0.0    0.065   0.000   24.1    44   11.1   23.9    8.24   1.1740     351     1    100.0   15 
20/03/26  18:45   11.6   11.8   11.4    49    1.2    1.6      S   0.40   4.8   SSE   11.6   10.7   10.7  1014.4   0.00    0.0    0.071   0.000   24.0    44   11.0   23.8    8.25   1.1744     351     1    100.0   15 
20/03/26  19:00   11.3   11.4   11.2    50    1.2    0.0     SE   0.00   3.2   SSE   11.3   10.4   10.4  1014.4   0.00    0.0    0.073   0.000   24.1    44   11.0   23.8    8.24   1.1743     352     1    100.0   15 
20/03/26  19:15   11.2   11.3   11.0    52    1.7    0.0     SE   0.00   3.2    SE   11.2   10.4   10.4  1014.6   0.00    0.0    0.074   0.000   24.1    44   11.1   23.9    8.24   1.1741     350     1    100.0   15 
20/03/26  19:30   10.7   11.0   10.4    55    2.0    0.0     SE   0.00   3.2    SE   10.7   10.1   10.1  1014.6   0.00    0.0    0.080   0.000   24.2    44   11.2   23.9    8.24   1.1737     351     1    100.0   15 
20/03/26  19:45   10.3   10.4   10.2    55    1.6    1.6     NO   0.40   4.8    NO   10.3    9.7    9.7  1014.7   0.00    0.0    0.084   0.000   24.4    44   11.3   24.1    8.23   1.1730     351     1    100.0   15 
20/03/26  20:00   10.4   10.6   10.2    56    2.0    3.2     NO   0.80   4.8    NO   10.4    9.9    9.9  1014.8   0.00    0.0    0.082   0.000   24.4    45   11.7   24.2    8.43   1.1725     352     1    100.0   15 
20/03/26  20:15   10.2   10.2   10.1    55    1.5    3.2     NO   0.80   4.8    NO   10.2    9.6    9.6  1014.8   0.00    0.0    0.085   0.000   24.4    45   11.7   24.2    8.43   1.1725     351     1    100.0   15 
20/03/26  20:30   10.2   10.3   10.2    55    1.6    1.6     NO   0.40   4.8    NO   10.2    9.7    9.7  1014.9   0.00    0.0    0.084   0.000   24.6    45   11.8   24.3    8.43   1.1720     351     1    100.0   15 
20/03/26  20:45   10.1   10.2   10.1    56    1.7    1.6     NO   0.40   6.4    NO   10.1    9.5    9.5  1015.0   0.00    0.0    0.086   0.000   24.6    45   11.9   24.4    8.42   1.1718     351     1    100.0   15 
20/03/26  21:00    9.8   10.1    9.7    59    2.1    3.2     NO   0.80   4.8    NO    9.8    9.3    9.3  1014.9   0.00    0.0    0.089   0.000   24.6    45   11.9   24.4    8.42   1.1718     351     1    100.0   15 
20/03/26  21:15    9.6    9.7    9.4    61    2.4    1.6     NO   0.40   6.4    NO    9.6    9.1    9.1  1015.0   0.00    0.0    0.091   0.000   24.4    45   11.7   24.2    8.43   1.1726     352     1    100.0   15 
20/03/26  21:30    9.6    9.6    9.4    72    4.8    0.0     NE   0.00   6.4   ENE    9.6    9.3    9.3  1015.0   0.00    0.0    0.091   0.000   24.4    45   11.7   24.2    8.43   1.1729     350     1    100.0   15 
20/03/26  21:45    9.6    9.7    9.6    72    4.8    0.0    ENE   0.00   4.8   ENE    9.6    9.4    9.4  1014.9   0.00    0.0    0.091   0.000   24.3    45   11.6   24.1    8.43   1.1731     351     1    100.0   15 
20/03/26  22:00    9.2    9.6    8.8    70    4.0    0.0    ---   0.00   0.0   ---    9.2    9.0    9.0  1014.8   0.00    0.0    0.095   0.000   24.2    45   11.5   24.0    8.44   1.1736     350     1    100.0   15 
20/03/26  22:15    8.6    8.8    8.5    67    2.8    0.0     NO   0.00   4.8   NNE    8.6    8.3    8.3  1014.8   0.00    0.0    0.101   0.000   24.2    45   11.5   23.9    8.44   1.1738     352     1    100.0   15 
20/03/26  22:30    8.3    8.5    8.1    69    2.9    0.0     NO   0.00   3.2    NO    8.3    8.0    8.0  1014.8   0.00    0.0    0.105   0.000   24.1    45   11.4   23.9    8.44   1.1741     350     1    100.0   15 
20/03/26  22:45    7.9    8.1    7.7    72    3.2    0.0    ---   0.00   0.0   ---    7.9    7.7    7.7  1014.8   0.00    0.0    0.108   0.000   24.1    45   11.4   23.9    8.44   1.1743     351     1    100.0   15 
20/03/26  23:00    7.7    7.7    7.7    73    3.2    0.0     NO   0.00   1.6    NO    7.7    7.5    7.5  1014.7   0.00    0.0    0.111   0.000   24.0    45   11.3   23.8    8.45   1.1745     351     1    100.0   15 
20/03/26  23:15    7.8    7.9    7.7    74    3.5    0.0    ---   0.00   0.0   ---    7.8    7.6    7.6  1014.6   0.00    0.0    0.109   0.000   23.9    46   11.6   23.8    8.55   1.1743     351     1    100.0   15 
20/03/26  23:30    7.9    8.0    7.9    75    3.8    0.0    ---   0.00   0.0   ---    7.9    7.7    7.7  1014.5   0.00    0.0    0.108   0.000   23.7    46   11.4   23.5    8.56   1.1756     351     1    100.0   15 
20/03/26  23:45    8.1    8.1    7.9    75    3.9    0.0    ---   0.00   0.0   ---    8.1    7.9    7.9  1014.4   0.00    0.0    0.107   0.000   23.2    46   11.0   22.9    8.57   1.1776     351     1    100.0   15 
21/03/26  00:00    7.8    7.9    7.7    75    3.7    0.0    ---   0.00   0.0   ---    7.8    7.6    7.6  1014.3   0.00    0.0    0.109   0.000   22.8    47   10.9   22.4    8.75   1.1791     351     1    100.0   15 
21/03/26   0:15    7.6    7.7    7.5    73    3.1    0.0    ---   0.00   0.0   ---    7.6    7.4    7.4  1014.2   0.00    0.0    0.112   0.000   22.4    47   10.6   21.9    8.75   1.1809     350     1    100.0   15 
21/03/26   0:30    7.5    7.6    7.4    72    2.8    0.0    ---   0.00   0.0   ---    7.5    7.2    7.2  1014.2   0.00    0.0    0.113   0.000   22.1    48   10.6   21.4    8.89   1.1821     350     1    100.0   15 
21/03/26   0:45    7.4    7.4    7.3    74    3.1    0.0    ---   0.00   0.0   ---    7.4    7.2    7.2  1014.1   0.00    0.0    0.114   0.000   21.7    48   10.2   20.9    8.87   1.1839     352     1    100.0   15 
21/03/26   1:00    7.2    7.3    7.1    74    2.9    0.0    ---   0.00   0.0   ---    7.2    7.0    7.0  1013.8   0.00    0.0    0.116   0.000   21.4    49   10.2   20.5    9.05   1.1850     351     1    100.0   15 
21/03/26   1:15    6.9    7.1    6.8    72    2.2    0.0    ---   0.00   0.0   ---    6.9    6.7    6.7  1013.7   0.00    0.0    0.119   0.000   21.0    49    9.9   20.1    9.05   1.1867     350     1    100.0   15 
21/03/26   1:30    6.7    6.8    6.6    70    1.6    0.0     NO   0.00   3.2    NO    6.7    6.4    6.4  1013.6   0.00    0.0    0.122   0.000   20.7    50    9.9   19.8    9.27   1.1880     349     1    100.0   15 
21/03/26   1:45    6.5    6.6    6.4    66    0.6    1.6     NO   0.40   4.8    NO    6.5    6.1    6.1  1013.5   0.00    0.0    0.123   0.000   20.4    50    9.6   19.6    9.28   1.1893     351     1    100.0   15 
21/03/26   2:00    6.3    6.4    6.3    66    0.4    0.0     NO   0.00   1.6    NO    6.3    5.9    5.9  1013.4   0.00    0.0    0.125   0.000   20.1    51    9.7   19.4    9.49   1.1902     350     1    100.0   15 
21/03/26   2:15    6.2    6.3    6.1    68    0.7    0.0     NO   0.00   1.6    NO    6.2    5.9    5.9  1013.3   0.00    0.0    0.126   0.000   19.9    51    9.4   19.2    9.49   1.1912     351     1    100.0   15 
21/03/26   2:30    6.0    6.1    5.9    67    0.3    0.0     NO   0.00   3.2    NO    6.0    5.6    5.6  1013.1   0.00    0.0    0.128   0.000   19.6    51    9.2   18.9    9.50   1.1924     351     1    100.0   15 
21/03/26   2:45    6.2    6.3    6.0    69    0.9    0.0     NE   0.00   4.8    NE    6.2    5.8    5.8  1013.1   0.00    0.0    0.127   0.000   19.3    52    9.2   18.7    9.71   1.1934     351     1    100.0   15 
21/03/26   3:00    6.3    6.3    6.2    69    1.0    0.0     NE   0.00   3.2    NE    6.3    5.9    5.9  1013.1   0.00    0.0    0.126   0.000   19.1    52    9.0   18.4    9.72   1.1945     351     1    100.0   15 
21/03/26   3:15    6.0    6.2    5.8    71    1.1    0.0    ---   0.00   0.0   ---    6.0    5.7    5.7  1013.0   0.00    0.0    0.128   0.000   18.9    52    8.8   18.1    9.73   1.1955     350     1    100.0   15 
21/03/26   3:30    5.8    5.9    5.8    70    0.7    0.0     NE   0.00   1.6    NE    5.8    5.4    5.4  1013.0   0.00    0.0    0.131   0.000   18.7    52    8.6   17.9    9.74   1.1966     351     1    100.0   15 
21/03/26   3:45    5.9    5.9    5.8    69    0.6    0.0     NE   0.00   1.6    NE    5.9    5.6    5.6  1013.0   0.00    0.0    0.130   0.000   18.5    53    8.7   17.7    9.94   1.1972     351     1    100.0   15 
21/03/26   4:00    5.7    5.8    5.6    70    0.7    0.0     NE   0.00   1.6    NE    5.7    5.4    5.4  1013.0   0.00    0.0    0.131   0.000   18.3    53    8.5   17.5    9.95   1.1983     351     1    100.0   15 
21/03/26   4:15    5.6    5.6    5.5    72    0.9    0.0     NE   0.00   1.6    NE    5.6    5.3    5.3  1013.0   0.00    0.0    0.133   0.000   18.1    53    8.4   17.3    9.95   1.1991     351     1    100.0   15 
21/03/26   4:30    5.4    5.5    5.3    72    0.8    0.0    ---   0.00   0.0   ---    5.4    5.2    5.2  1013.0   0.00    0.0    0.134   0.000   17.9    53    8.2   17.1    9.95   1.1999     349     1    100.0   15 
21/03/26   4:45    5.2    5.3    5.1    72    0.6    0.0     NE   0.00   1.6    NE    5.2    4.9    4.9  1012.9   0.00    0.0    0.137   0.000   17.8    53    8.1   16.9    9.95   1.2006     350     1    100.0   15 
