                 Temp.  Temp.  Temp.  Hum.   Punt   Vel.   Dir.   Rec.  Vel.  Dir.  Sens.   Índ.   Índ.                  Int. Graus D.Graus D.  Temp.  Hum. Rosada  In.Cal.  EMC     Dens.    Mostr   Tx   Recep.  Int.
  Data    Hora    Ext.   Màx.   Mín.  Ext. Rosada   Vent   Vent   Vent  Màx.  Màx.  Tèrm.  Calor   THW    Bar    Pluja   Pluja  Calor    Fred    Int.  Int.   Int.   Int.    Int.  Int.Aire    Vent   Vent   ISS   Arc.
-------------------------------------------------------------------------------------------------------------------------------------------------------------------------------------------------------------------------
 4/09/25   0:15   20.6   20.6   20.4    94   19.6    0.0    NNO   0.00   3.2   NNO   20.6   21.8   21.8  1013.4   0.00    0.0    0.000   0.023   27.1    61   18.9   28.1   10.95   1.1510     349     1    100.0   15 
 4/09/25   0:30   20.4   20.4   20.4    94   19.4    0.0    NNO   0.00   3.2   NNO   20.4   21.6   21.6  1013.3   0.00    0.0    0.000   0.021   27.1    61   18.9   28.1   10.95   1.1509     351     1    100.0   15 
 4/09/25   0:45   20.4   20.4   20.2    94   19.4    1.6    NNO   0.40   4.8   NNO   20.4   21.6   21.6  1013.4   0.00    0.0    0.000   0.021   27.1    61   18.9   28.0   10.95   1.1513     349     1    100.0   15 
 4/09/25   1:00   20.2   20.3   20.1    94   19.2    1.6    NNO   0.40   4.8   NNO   20.2   21.3   21.3  1013.2   0.00    0.0    0.000   0.019   27.1    61   18.9   28.0   10.95   1.1511     350     1    100.0   15 
 4/09/25   1:15   20.4   20.4   20.3    94   19.4    0.0    NNO   0.00   1.6   NNO   20.4   21.6   21.6  1013.2   0.00    0.0    0.000   0.021   27.0    62   19.1   28.0   11.14   1.1510     351     1    100.0   15 
 4/09/25   1:30   20.4   20.4   20.3    94   19.4    1.6    NNO   0.40   4.8   NNO   20.4   21.6   21.6  1013.1   0.00    0.0    0.000   0.021   26.9    62   19.0   27.9   11.14   1.1511     351     1    100.0   15 
 4/09/25   1:45   20.3   20.4   20.3    94   19.3    1.6    NNO   0.40   3.2   NNO   20.3   21.5   21.5  1013.2   0.00    0.0    0.000   0.021   26.9    62   19.0   27.9   11.14   1.1513     351     1    100.0   15 
 4/09/25   2:00   20.4   20.4   20.3    94   19.4    1.6    NNO   0.40   3.2   NNO   20.4   21.6   21.6  1013.0   0.00    0.0    0.000   0.021   26.9    62   19.0   27.9   11.14   1.1514     350     1    100.0   15 
 4/09/25   2:15   20.3   20.3   20.2    94   19.3    0.0    NNO   0.00   3.2   NNO   20.3   21.4   21.4  1013.0   0.00    0.0    0.000   0.020   26.8    62   18.9   27.8   11.14   1.1516     351     1    100.0   15 
 4/09/25   2:30   20.4   20.4   20.3    94   19.4    0.0    NNO   0.00   1.6   NNO   20.4   21.6   21.6  1013.0   0.00    0.0    0.000   0.021   26.8    62   18.9   27.8   11.14   1.1516     352     1    100.0   15 
 4/09/25   2:45   20.3   20.4   20.3    93   19.2    0.0    NNO   0.00   3.2   NNO   20.3   21.4   21.4  1012.8   0.00    0.0    0.000   0.021   26.8    62   18.9   27.7   11.15   1.1517     351     1    100.0   15 
 4/09/25   3:00   20.2   20.3   20.2    94   19.2    0.0     SO   0.00   3.2    SO   20.2   21.3   21.3  1012.7   0.00    0.0    0.000   0.020   26.8    63   19.1   27.8   11.35   1.1512     351     1    100.0   15 
 4/09/25   3:15   20.3   20.6   20.2    94   19.3    0.0    ONO   0.00   3.2    SO   20.3   21.5   21.5  1012.7   0.00    0.0    0.000   0.021   26.7    63   19.1   27.7   11.35   1.1515     351     1    100.0   15 
 4/09/25   3:30   20.4   20.6   20.2    93   19.2    1.6    ENE   0.40   8.0   ENE   20.4   21.6   21.6  1012.7   0.00    0.0    0.000   0.021   26.7    63   19.0   27.6   11.35   1.1518     352     1    100.0   15 
 4/09/25   3:45   20.0   20.2   19.8    93   18.8    1.6    ENE   0.40   6.4   ENE   20.0   21.0   21.0  1012.8   0.00    0.0    0.000   0.017   26.7    63   19.0   27.6   11.35   1.1518     350     1    100.0   15 
 4/09/25   4:00   19.8   19.8   19.8    94   18.8    1.6    ENE   0.40   4.8   ENE   19.8   20.8   20.8  1012.7   0.00    0.0    0.000   0.016   26.6    63   19.0   27.6   11.35   1.1521     351     1    100.0   15 
 4/09/25   4:15   19.8   19.8   19.8    94   18.8    1.6    ENE   0.40   6.4   ENE   19.8   20.8   20.8  1012.8   0.00    0.0    0.000   0.016   26.6    63   18.9   27.5   11.35   1.1525     351     1    100.0   15 
 4/09/25   4:30   19.8   19.9   19.8    93   18.7    0.0    ENE   0.00   3.2   ENE   19.8   20.8   20.8  1012.8   0.00    0.0    0.000   0.016   26.5    63   18.9   27.4   11.36   1.1527     351     1    100.0   15 
 4/09/25   4:45   19.7   19.8   19.6    93   18.6    1.6    ENE   0.40   4.8   ENE   19.7   20.7   20.7  1012.8   0.00    0.0    0.000   0.014   26.4    63   18.8   27.3   11.36   1.1531     349     1    100.0   15 
 4/09/25   5:00   19.5   19.7   19.3    93   18.3    1.6    ENE   0.40   4.8   ENE   19.5   20.4   20.4  1012.8   0.00    0.0    0.000   0.012   26.4    63   18.8   27.3   11.36   1.1534     351     1    100.0   15 
 4/09/25   5:15   19.3   19.3   19.2    93   18.1    0.0    ENE   0.00   3.2   ENE   19.3   20.1   20.1  1012.9   0.00    0.0    0.000   0.010   26.3    63   18.7   27.2   11.36   1.1537     351     1    100.0   15 
 4/09/25   5:30   19.2   19.2   19.1    93   18.0    1.6     NO   0.40   4.8    NO   19.2   20.0   20.0  1012.9   0.00    0.0    0.000   0.009   26.3    63   18.7   27.1   11.36   1.1541     350     1    100.0   15 
 4/09/25   5:45   19.2   19.2   19.1    93   18.0    1.6     NO   0.40   4.8    NO   19.2   20.0   20.0  1013.1   0.00    0.0    0.000   0.009   26.2    63   18.6   27.1   11.37   1.1546     352     1    100.0   15 
 4/09/25   6:00   19.2   19.2   19.2    94   18.2    0.0     NO   0.00   3.2    NO   19.2   20.0   20.0  1013.2   0.00    0.0    0.000   0.009   26.2    63   18.6   27.1   11.37   1.1547     351     1    100.0   15 
 4/09/25   6:15   19.2   19.2   19.2    94   18.2    0.0    OSO   0.00   1.6     S   19.2   20.0   20.0  1013.2   0.00    0.0    0.000   0.009   26.2    63   18.6   27.1   11.37   1.1547     351     1    100.0   15 
 4/09/25   6:30   19.2   19.2   19.2    94   18.2    0.0    SSO   0.00   1.6   SSO   19.2   20.1   20.1  1013.0   0.00    0.0    0.000   0.009   26.3    63   18.7   27.2   11.36   1.1539     351     1    100.0   15 
 4/09/25   6:45   19.4   19.7   19.2    94   18.5    1.6      O   0.40   8.0     E   19.4   20.3   20.3  1013.0   0.00    0.0    0.000   0.012   26.6    63   18.9   27.5   11.35   1.1527     352     1    100.0   15 
 4/09/25   7:00   19.8   20.1   19.7    92   18.5    1.6      E   0.40   8.0     E   19.8   20.8   20.8  1013.3   0.00    0.0    0.000   0.016   26.8    62   18.9   27.7   11.15   1.1522     351     1    100.0   15 
 4/09/25   7:15   20.3   20.4   20.1    88   18.2    3.2     NO   0.80   6.4    NO   20.3   21.3   21.3  1013.2   0.00    0.0    0.000   0.020   27.0    61   18.8   27.9   10.95   1.1514     351     1    100.0   15 
 4/09/25   7:30   20.7   21.0   20.4    87   18.5    3.2     NO   0.80   8.0    NO   20.7   21.7   21.7  1013.3   0.00    0.0    0.000   0.025   27.2    60   18.8   28.2   10.75   1.1508     351     1    100.0   15 
 4/09/25   7:45   21.4   21.8   21.1    84   18.6    1.6      E   0.40   6.4   ONO   21.4   22.3   22.3  1013.3   0.00    0.0    0.000   0.032   27.3    60   18.9   28.3   10.75   1.1501     352     1    100.0   15 
 4/09/25   8:00   21.9   22.1   21.8    81   18.5    3.2      E   0.80   8.0     E   21.9   22.7   22.7  1013.2   0.00    0.0    0.000   0.037   27.4    60   19.0   28.5   10.75   1.1495     351     1    100.0   15 
 4/09/25   8:15   22.3   22.6   22.1    79   18.5    3.2      E   0.80   9.7     E   22.3   23.1   23.1  1013.4   0.00    0.0    0.000   0.041   27.4    59   18.7   28.3   10.55   1.1504     350     1    100.0   15 
 4/09/25   8:30   23.0   23.5   22.6    78   19.0    1.6    ENE   0.40   6.4   ENE   23.0   24.0   24.0  1013.4   0.00    0.0    0.000   0.049   27.3    60   18.9   28.3   10.75   1.1503     351     1    100.0   15 
 4/09/25   8:45   24.1   24.4   23.5    75   19.3    1.6    ENE   0.40   6.4   ENE   24.1   25.3   25.3  1013.5   0.00    0.0    0.000   0.060   27.5    60   19.0   28.6   10.75   1.1495     351     1    100.0   15 
 4/09/25   9:00   24.6   24.7   24.4    76   20.0    1.6     NE   0.40   6.4    SO   24.6   25.9   25.9  1013.7   0.00    0.0    0.000   0.065   27.6    60   19.1   28.7   10.75   1.1491     351     1    100.0   15 
 4/09/25   9:15   25.0   25.2   24.7    72   19.6    3.2    OSO   0.80   8.0   SSO   25.0   26.2   26.2  1013.7   0.00    0.0    0.000   0.069   27.7    60   19.2   28.9   10.75   1.1486     351     1    100.0   15 
 4/09/25   9:30   25.6   26.1   25.1    68   19.3    4.8     SE   1.21   9.7   SSE   25.6   26.6   26.6  1013.8   0.00    0.0    0.000   0.076   27.9    59   19.1   29.1   10.55   1.1481     351     1    100.0   15 
 4/09/25   9:45   26.5   26.8   26.1    65   19.4    4.8      S   1.21  11.3   SSO   26.5   27.6   27.6  1013.7   0.00    0.0    0.000   0.085   28.2    58   19.1   29.4   10.35   1.1470     351     1    100.0   15 
 4/09/25  10:00   26.6   26.8   26.3    65   19.5    4.8    OSO   1.21  12.9   ENE   26.6   27.7   27.7  1013.7   0.00    0.0    0.000   0.086   28.4    58   19.3   29.8   10.35   1.1458     351     1    100.0   15 
 4/09/25  10:15   26.5   26.8   26.2    62   18.6    4.8     SO   1.21  12.9   SSO   26.5   27.3   27.3  1013.7   0.00    0.0    0.000   0.085   28.6    56   18.9   29.9   10.05   1.1458     351     1    100.0   15 
 4/09/25  10:30   26.2   26.7   25.8    63   18.6    4.8     SO   1.21  11.3   SSO   26.2   27.1   27.1  1013.7   0.00    0.0    0.000   0.082   28.6    56   19.0   29.9   10.05   1.1456     351     1    100.0   15 
 4/09/25  10:45   26.0   26.4   25.8    60   17.6    4.8    OSO   1.21  11.3   OSO   26.0   26.6   26.6  1013.8   0.00    0.0    0.000   0.080   28.6    54   18.3   29.7    9.75   1.1469     350     1    100.0   15 
 4/09/25  11:00   26.7   27.1   26.4    58   17.7    4.8    OSO   1.21  14.5   OSO   26.7   27.3   27.3  1013.5   0.00    0.0    0.000   0.087   28.6    53   18.1   29.7    9.58   1.1468     352     1    100.0   15 
 4/09/25  11:15   27.2   27.4   27.1    58   18.2    6.4    SSO   1.61  16.1   OSO   27.2   28.0   28.0  1013.4   0.00    0.0    0.000   0.093   28.8    54   18.6   30.2    9.75   1.1450     351     1    100.0   15 
 4/09/25  11:30   27.5   27.9   27.3    58   18.5    6.4    SSO   1.61  16.1    SO   27.5   28.4   28.4  1013.3   0.00    0.0    0.000   0.095   29.1    54   18.8   30.4    9.75   1.1437     351     1    100.0   15 
 4/09/25  11:45   28.1   28.2   27.9    59   19.3    6.4      S   1.61  17.7    SO   28.1   29.4   29.4  1013.2   0.00    0.0    0.000   0.102   29.3    54   19.0   30.7    9.75   1.1424     351     1    100.0   15 
 4/09/25  12:00   28.1   28.1   27.9    60   19.6    6.4      S   1.61  16.1   SSE   28.1   29.4   29.4  1013.0   0.00    0.0    0.000   0.101   29.5    54   19.2   31.1    9.75   1.1411     350     1    100.0   15 
 4/09/25  12:15   27.9   28.0   27.8    61   19.7    6.4      S   1.61  17.7     O   27.9   29.3   29.3  1012.8   0.00    0.0    0.000   0.100   29.6    55   19.6   31.3    9.84   1.1398     352     1    100.0   15 
 4/09/25  12:30   27.7   28.0   27.5    62   19.8    8.0      S   2.01  17.7   SSE   27.7   29.1   29.1  1012.8   0.00    0.0    0.000   0.098   29.6    55   19.6   31.3    9.84   1.1397     351     1    100.0   15 
 4/09/25  12:45   28.1   28.4   27.8    61   19.8    6.4    SSO   1.61  17.7   ENE   28.1   29.6   29.6  1012.9   0.00    0.0    0.000   0.101   29.7    55   19.7   31.6    9.84   1.1393     351     1    100.0   15 
 4/09/25  13:00   28.5   28.6   28.4    61   20.2    6.4    SSO   1.61  20.9   OSO   28.5   30.3   30.3  1012.8   0.00    0.0    0.000   0.106   29.8    55   19.8   31.8    9.84   1.1386     351     1    100.0   15 
 4/09/25  13:15   28.6   28.7   28.4    60   20.1    8.0    SSO   2.01  22.5    SO   28.6   30.4   30.4  1012.7   0.00    0.0    0.000   0.107   29.9    55   19.9   31.9    9.83   1.1378     351     1    100.0   15 
 4/09/25  13:30   28.3   28.5   28.2    61   20.1    6.4      S   1.61  22.5    SO   28.3   29.9   29.9  1012.4   0.00    0.0    0.000   0.104   29.9    55   19.9   31.9    9.83   1.1376     351     1    100.0   15 
 4/09/25  13:45   28.8   29.0   28.5    60   20.3    6.4    SSO   1.61  17.7    SE   28.8   30.8   30.8  1012.3   0.00    0.0    0.000   0.109   29.9    55   19.9   31.9    9.83   1.1374     351     1    100.0   15 
 4/09/25  14:00   28.8   28.9   28.8    61   20.6    8.0      S   2.01  22.5    SE   28.8   31.0   31.0  1012.3   0.00    0.0    0.000   0.109   30.0    55   20.0   32.1    9.83   1.1371     350     1    100.0   15 
 4/09/25  14:15   28.6   28.7   28.4    62   20.6    8.0      S   2.01  19.3   OSO   28.6   30.6   30.6  1012.3   0.00    0.0    0.000   0.106   30.1    55   20.1   32.3    9.83   1.1365     350     1    100.0   15 
 4/09/25  14:30   28.7   28.8   28.6    61   20.4    6.4      S   1.61  16.1   SSE   28.7   30.7   30.7  1012.4   0.00    0.0    0.000   0.108   30.2    55   20.1   32.4    9.82   1.1363     352     1    100.0   15 
 4/09/25  14:45   28.7   29.0   28.6    61   20.5    6.4      S   1.61  16.1   SSE   28.7   30.8   30.8  1012.5   0.00    0.0    0.000   0.108   30.3    55   20.2   32.7    9.82   1.1359     349     1    100.0   15 
 4/09/25  15:00   29.2   29.3   29.0    60   20.6    6.4      S   1.61  14.5   SSO   29.2   31.4   31.4  1012.4   0.00    0.0    0.000   0.113   30.5    55   20.4   33.1    9.81   1.1346     350     1    100.0   15 
 4/09/25  15:15   29.0   29.3   28.6    62   21.0    6.4      S   1.61  17.7     O   29.0   31.5   31.5  1012.5   0.00    0.0    0.000   0.111   30.6    54   20.2   33.1    9.71   1.1346     351     1    100.0   15 
 4/09/25  15:30   28.6   28.7   28.6    61   20.4    6.4    OSO   1.61  16.1    SO   28.6   30.6   30.6  1012.3   0.00    0.0    0.000   0.107   30.7    54   20.3   33.3    9.70   1.1338     352     1    100.0   15 
 4/09/25  15:45   28.4   28.6   28.2    62   20.5    6.4      S   1.61  19.3    SE   28.4   30.3   30.3  1012.4   0.00    0.0    0.000   0.105   30.6    54   20.2   33.1    9.71   1.1345     351     1    100.0   15 
 4/09/25  16:00   28.1   28.3   27.9    64   20.6    6.4      S   1.61  16.1   OSO   28.1   29.9   29.9  1012.5   0.00    0.0    0.000   0.101   30.5    55   20.4   33.1    9.81   1.1347     351     1    100.0   15 
 4/09/25  16:15   27.6   28.0   27.5    65   20.4    6.4      S   1.61  12.9   SSO   27.6   29.3   29.3  1012.6   0.00    0.0    0.000   0.097   30.4    55   20.3   32.9    9.82   1.1354     351     1    100.0   15 
 4/09/25  16:30   27.3   27.5   27.1    67   20.7    6.4      S   1.61  19.3   SSE   27.3   29.0   29.0  1012.7   0.00    0.0    0.000   0.094   30.2    56   20.5   32.7   10.02   1.1359     351     1    100.0   15 
 4/09/25  16:45   27.1   27.2   27.0    68   20.6    4.8      S   1.21  16.1   SSE   27.1   28.7   28.7  1012.7   0.00    0.0    0.000   0.091   30.1    56   20.4   32.5   10.03   1.1365     350     1    100.0   15 
 4/09/25  17:00   27.1   27.2   26.9    69   20.9    4.8      S   1.21  14.5     S   27.1   28.8   28.8  1012.9   0.00    0.0    0.000   0.091   30.0    57   20.6   32.4   10.21   1.1368     351     1    100.0   15 
 4/09/25  17:15   26.7   26.9   26.4    71   21.0    6.4    SSO   1.61  14.5    SO   26.7   28.3   28.3  1012.8   0.00    0.0    0.000   0.087   29.9    58   20.7   32.4   10.33   1.1368     351     1    100.0   15 
 4/09/25  17:30   25.9   26.3   25.7    73   20.7    4.8    OSO   1.21  12.9    SO   25.9   27.4   27.4  1013.0   0.00    0.0    0.000   0.079   29.7    54   19.4   31.4    9.74   1.1399     351     1    100.0   15 
 4/09/25  17:45   25.5   25.7   25.3    74   20.5    4.8      S   1.21  11.3   OSO   25.5   26.9   26.9  1013.1   0.00    0.0    0.000   0.075   29.2    51   18.0   30.3    9.26   1.1443     351     1    100.0   15 
 4/09/25  18:00   25.2   25.3   25.0    75   20.4    3.2    OSO   0.80   9.7   SSE   25.2   26.6   26.6  1013.2   0.00    0.0    0.000   0.071   28.7    49   17.0   29.6    8.88   1.1477     351     1    100.0   15 
 4/09/25  18:15   24.8   25.0   24.7    77   20.5    4.8    SSO   1.21  12.9     S   24.8   26.3   26.3  1013.4   0.00    0.0    0.000   0.068   28.4    49   16.6   29.0    8.89   1.1495     350     1    100.0   15 
 4/09/25  18:30   24.5   24.7   24.4    78   20.4    3.2    SSO   0.80  11.3    SO   24.5   26.0   26.0  1013.5   0.00    0.0    0.000   0.064   28.2    51   17.1   28.9    9.29   1.1497     351     1    100.0   15 
 4/09/25  18:45   24.4   24.4   24.4    78   20.3    1.6    SSO   0.40   4.8   SSO   24.4   25.9   25.9  1013.8   0.00    0.0    0.000   0.063   28.1    51   17.0   28.7    9.30   1.1508     352     1    100.0   15 
 4/09/25  19:00   24.3   24.4   24.2    79   20.4    1.6    SSO   0.40   4.8   OSO   24.3   25.8   25.8  1014.1   0.00    0.0    0.000   0.062   27.8    50   16.4   28.1    9.11   1.1530     351     1    100.0   15 
 4/09/25  19:15   24.0   24.2   23.8    81   20.5    3.2      S   0.80   8.0     S   24.0   25.5   25.5  1014.4   0.00    0.0    0.000   0.059   27.6    49   15.9   27.7    8.92   1.1549     350     1    100.0   15 
 4/09/25  19:30   23.8   23.8   23.7    82   20.5    1.6      S   0.40   4.8   SSO   23.8   25.2   25.2  1014.7   0.00    0.0    0.000   0.057   27.4    49   15.7   27.5    8.92   1.1561     350     1    100.0   15 
 4/09/25  19:45   23.7   23.8   23.7    82   20.5    1.6    SSO   0.40   6.4    SO   23.7   25.1   25.1  1015.0   0.00    0.0    0.000   0.056   27.2    49   15.5   27.2    8.93   1.1576     352     1    100.0   15 
 4/09/25  20:00   23.7   23.7   23.6    82   20.4    1.6      S   0.40   4.8     S   23.7   25.1   25.1  1015.3   0.00    0.0    0.000   0.056   27.1    48   15.1   27.0    8.84   1.1589     351     1    100.0   15 
 4/09/25  20:15   23.5   23.6   23.3    83   20.4    1.6    OSO   0.40   4.8   SSO   23.5   24.8   24.8  1015.4   0.00    0.0    0.000   0.054   26.9    47   14.6   26.8    8.64   1.1602     351     1    100.0   15 
 4/09/25  20:30   23.2   23.3   23.2    84   20.4    0.0    OSO   0.00   3.2   OSO   23.2   24.4   24.4  1015.5   0.00    0.0    0.000   0.051   26.8    50   15.5   26.8    9.15   1.1597     351     1    100.0   15 
 4/09/25  20:45   23.2   23.2   23.2    83   20.2    0.0    OSO   0.00   3.2   OSO   23.2   24.4   24.4  1015.6   0.00    0.0    0.000   0.051   27.1    55   17.2   27.5    9.85   1.1564     350     1    100.0   15 
 4/09/25  21:00   23.2   23.2   23.2    84   20.4    0.0    OSO   0.00   1.6   OSO   23.2   24.4   24.4  1015.7   0.00    0.0    0.000   0.051   27.3    58   18.3   28.1   10.35   1.1541     352     1    100.0   15 
 4/09/25  21:15   23.2   23.3   23.2    84   20.4    1.6    OSO   0.40   4.8   OSO   23.2   24.4   24.4  1016.0   0.00    0.0    0.000   0.051   27.4    60   19.0   28.5   10.75   1.1526     351     1    100.0   15 
 4/09/25  21:30   23.2   23.3   23.2    84   20.4    1.6    OSO   0.40   8.0     E   23.2   24.4   24.4  1016.0   0.00    0.0    0.000   0.051   27.4    62   19.5   28.7   11.12   1.1518     350     1    100.0   15 
 4/09/25  21:45   23.1   23.2   22.9    80   19.4    3.2    ENE   0.80  14.5   ENE   23.1   24.1   24.1  1016.1   0.00    0.0    0.000   0.049   27.5    62   19.6   28.8   11.12   1.1517     351     1    100.0   15 
 4/09/25  22:00   22.8   22.9   22.7    78   18.7    4.8    ENE   1.21  12.9   ENE   22.8   23.7   23.7  1016.5   0.00    0.0    0.000   0.046   27.5    59   18.8   28.5   10.55   1.1533     352     1    100.0   15 
 4/09/25  22:15   22.5   22.7   22.4    76   18.1    6.4    ENE   1.61  14.5   ENE   22.5   23.2   23.2  1016.6   0.00    0.0    0.000   0.043   27.4    58   18.4   28.2   10.35   1.1545     350     1    100.0   15 
 4/09/25  22:30   22.4   22.4   22.4    76   18.0    4.8    ENE   1.21  14.5     E   22.4   23.2   23.2  1016.6   0.00    0.0    0.000   0.043   27.2    58   18.2   28.0   10.35   1.1554     351     1    100.0   15 
 4/09/25  22:45   22.4   22.4   22.4    78   18.4    6.4      E   1.61  24.1     E   22.4   23.2   23.2  1016.8   0.00    0.0    0.000   0.043   27.2    59   18.5   28.1   10.55   1.1552     348     1    100.0   15 
 4/09/25  23:00   22.4   22.4   22.3    78   18.4    6.4    ENE   1.61  20.9   ENE   22.4   23.2   23.2  1016.9   0.00    0.0    0.000   0.042   27.1    59   18.4   27.9   10.55   1.1559     351     1    100.0   15 
 4/09/25  23:15   22.3   22.3   22.2    77   18.1    6.4    ENE   1.61  16.1   ENE   22.3   23.1   23.1  1017.1   0.00    0.0    0.000   0.042   27.0    59   18.3   27.8   10.55   1.1567     351     1    100.0   15 
 4/09/25  23:30   22.2   22.2   22.1    77   17.9    4.8      E   1.21  14.5     E   22.2   22.8   22.8  1017.3   0.00    0.0    0.000   0.040   27.0    58   18.0   27.7   10.35   1.1573     351     1    100.0   15 
 4/09/25  23:45   21.9   22.1   21.8    77   17.7    4.8      E   1.21  12.9   ENE   21.9   22.6   22.6  1017.3   0.00    0.0    0.000   0.038   26.9    58   18.0   27.6   10.35   1.1577     351     1    100.0   15 
 5/09/25  00:00   21.7   21.8   21.6    77   17.5    4.8    ENE   1.21  12.9   ENE   21.7   22.3   22.3  1017.3   0.00    0.0    0.000   0.035   26.9    58   17.9   27.6   10.35   1.1580     352     1    100.0   15 
 5/09/25   0:15   21.5   21.6   21.5    77   17.3    6.4    ENE   1.61  14.5   ENE   21.5   22.0   22.0  1017.5   0.00    0.0    0.000   0.033   26.8    58   17.8   27.4   10.35   1.1588     349     1    100.0   15 
 5/09/25   0:30   21.6   21.6   21.5    77   17.4    3.2      E   0.80  11.3   ENE   21.6   22.1   22.1  1017.6   0.00    0.0    0.000   0.034   26.7    58   17.7   27.3   10.35   1.1595     352     1    100.0   15 
 5/09/25   0:45   21.6   21.6   21.6    76   17.1    3.2    ENE   0.80   9.7    NE   21.6   22.1   22.1  1017.6   0.00    0.0    0.000   0.034   26.6    58   17.7   27.2   10.35   1.1598     350     1    100.0   15 
 5/09/25   1:00   21.5   21.6   21.4    76   17.1    1.6    ENE   0.40   4.8   ESE   21.5   21.9   21.9  1017.6   0.00    0.0    0.000   0.033   26.6    58   17.6   27.1   10.36   1.1600     351     1    100.0   15 
 5/09/25   1:15   21.3   21.4   21.3    77   17.1    3.2      E   0.80   8.0     E   21.3   21.8   21.8  1017.6   0.00    0.0    0.000   0.031   26.6    58   17.7   27.2   10.35   1.1598     351     1    100.0   15 
 5/09/25   1:30   21.3   21.3   21.2    76   16.9    3.2     NE   0.80   8.0   ENE   21.3   21.7   21.7  1017.7   0.00    0.0    0.000   0.031   26.6    57   17.3   27.1   10.16   1.1606     351     1    100.0   15 
 5/09/25   1:45   21.2   21.3   21.2    76   16.8    1.6     NE   0.40   6.4   ENE   21.2   21.6   21.6  1017.7   0.00    0.0    0.000   0.030   26.5    57   17.3   27.0   10.16   1.1609     351     1    100.0   15 
 5/09/25   2:00   21.1   21.2   21.1    76   16.7    1.6    ENE   0.40   4.8   ENE   21.1   21.5   21.5  1017.7   0.00    0.0    0.000   0.029   26.4    57   17.2   26.9   10.17   1.1611     351     1    100.0   15 
 5/09/25   2:15   21.1   21.1   21.1    76   16.7    1.6    ENE   0.40   4.8   ENE   21.1   21.4   21.4  1017.8   0.00    0.0    0.000   0.028   26.4    57   17.2   26.9   10.17   1.1613     351     1    100.0   15 
 5/09/25   2:30   21.0   21.1   20.9    75   16.4    3.2    ENE   0.80  11.3     E   21.0   21.4   21.4  1017.7   0.00    0.0    0.000   0.028   26.4    57   17.2   26.9   10.17   1.1615     351     1    100.0   15 
 5/09/25   2:45   20.8   20.9   20.8    75   16.2    1.6      E   0.40   4.8     E   20.8   21.3   21.3  1017.8   0.00    0.0    0.000   0.026   26.3    57   17.1   26.8   10.17   1.1619     350     1    100.0   15 
 5/09/25   3:00   20.7   20.8   20.6    75   16.1    3.2    ENE   0.80   8.0     E   20.7   21.2   21.2  1017.8   0.00    0.0    0.000   0.024   26.3    56   16.8   26.7   10.08   1.1626     351     1    100.0   15 
 5/09/25   3:15   20.5   20.6   20.4    74   15.7    3.2    ENE   0.80   4.8   ENE   20.5   21.0   21.0  1018.0   0.00    0.0    0.000   0.023   26.2    56   16.7   26.6   10.09   1.1633     351     1    100.0   15 
 5/09/25   3:30   20.4   20.5   20.3    73   15.4    3.2    ENE   0.80   6.4   ENE   20.4   20.8   20.8  1018.1   0.00    0.0    0.000   0.021   26.1    55   16.4   26.4    9.89   1.1641     351     1    100.0   15 
