                 Temp.  Temp.  Temp.  Hum.   Punt   Vel.   Dir.   Rec.  Vel.  Dir.  Sens.   Índ.   Índ.                  Int. Graus D.Graus D.  Temp.  Hum. Rosada  In.Cal.  EMC     Dens.    Mostr   Tx   Recep.  Int.
  Data    Hora    Ext.   Màx.   Mín.  Ext. Rosada   Vent   Vent   Vent  Màx.  Màx.  Tèrm.  Calor   THW    Bar    Pluja   Pluja  Calor    Fred    Int.  Int.   Int.   Int.    Int.  Int.Aire    Vent   Vent   ISS   Arc.
-------------------------------------------------------------------------------------------------------------------------------------------------------------------------------------------------------------------------
17/09/23   0:15   21.1   21.2   20.8    92   19.7    0.0     NE   0.00   3.2    NE   21.1   22.3   22.3  1018.4   0.00    0.0    0.000   0.028   26.1    63   18.5   26.9   11.37   1.1614     350     1    100.0   15 
17/09/23   0:30   20.8   20.9   20.7    93   19.6    1.6     NE   0.40   3.2    NE   20.8   22.0   22.0  1018.5   0.00    0.0    0.000   0.025   26.1    63   18.5   26.8   11.37   1.1617     351     1    100.0   15 
17/09/23   0:45   20.7   20.7   20.7    93   19.5    1.6    NNO   0.40   3.2   NNO   20.7   21.9   21.9  1018.3   0.00    0.0    0.000   0.025   26.0    63   18.4   26.8   11.37   1.1618     351     1    100.0   15 
17/09/23   1:00   20.6   20.7   20.6    93   19.4    1.6     NO   0.40   4.8    NO   20.6   21.8   21.8  1018.2   0.00    0.0    0.000   0.024   25.9    63   18.4   26.7   11.38   1.1620     351     1    100.0   15 
17/09/23   1:15   20.6   20.6   20.5    94   19.6    0.0     NO   0.00   3.2    NO   20.6   21.8   21.8  1017.9   0.00    0.0    0.000   0.023   25.8    63   18.3   26.6   11.38   1.1623     351     1    100.0   15 
17/09/23   1:30   20.5   20.5   20.5    94   19.5    1.6      E   0.40   3.2    NO   20.5   21.7   21.7  1018.1   0.00    0.0    0.000   0.023   25.8    63   18.2   26.5   11.38   1.1627     350     1    100.0   15 
17/09/23   1:45   20.4   20.5   20.3    94   19.4    1.6     NE   0.40   4.8    NE   20.4   21.7   21.7  1018.1   0.00    0.0    0.000   0.022   25.7    63   18.1   26.4   11.38   1.1630     349     1    100.0   15 
17/09/23   2:00   20.3   20.4   20.2    94   19.3    0.0     NE   0.00   4.8    NE   20.3   21.4   21.4  1018.2   0.00    0.0    0.000   0.020   25.7    63   18.1   26.4   11.38   1.1632     351     1    100.0   15 
17/09/23   2:15   20.2   20.2   20.0    94   19.2    1.6     NE   0.40   3.2    NE   20.2   21.3   21.3  1018.1   0.00    0.0    0.000   0.019   25.7    63   18.1   26.4   11.39   1.1634     351     1    100.0   15 
17/09/23   2:30   19.9   20.0   19.9    94   18.9    1.6     NO   0.40   4.8    NO   19.9   20.9   20.9  1018.0   0.00    0.0    0.000   0.017   25.6    63   18.0   26.3   11.39   1.1635     348     1    100.0   15 
17/09/23   2:45   19.8   19.9   19.8    94   18.8    0.0     NO   0.00   1.6    NO   19.8   20.8   20.8  1018.0   0.00    0.0    0.000   0.016   25.6    63   18.0   26.2   11.39   1.1638     351     1    100.0   15 
17/09/23   3:00   19.7   19.8   19.7    95   18.9    1.6     NO   0.40   4.8    NO   19.7   20.7   20.7  1017.9   0.00    0.0    0.000   0.014   25.5    63   17.9   26.2   11.39   1.1640     350     1    100.0   15 
17/09/23   3:15   19.7   19.7   19.6    94   18.7    0.0     NO   0.00   3.2    NO   19.7   20.6   20.6  1017.8   0.00    0.0    0.000   0.014   25.4    63   17.9   26.1   11.39   1.1642     351     1    100.0   15 
17/09/23   3:30   19.4   19.6   19.3    95   18.6    1.6     NO   0.40   6.4    NO   19.4   20.3   20.3  1017.4   0.00    0.0    0.000   0.012   25.4    63   17.8   26.1   11.40   1.1641     352     1    100.0   15 
17/09/23   3:45   19.3   19.3   19.3    94   18.3    0.0     NO   0.00   3.2    NO   19.3   20.1   20.1  1017.1   0.00    0.0    0.000   0.010   25.3    63   17.8   26.0   11.40   1.1640     351     1    100.0   15 
17/09/23   4:00   19.3   19.3   19.2    94   18.3    0.0     NO   0.00   3.2    NO   19.3   20.1   20.1  1016.8   0.00    0.0    0.000   0.010   25.3    63   17.7   25.9   11.40   1.1639     349     1    100.0   15 
17/09/23   4:15   19.2   19.3   19.2    94   18.2    1.6     NO   0.40   4.8    NO   19.2   20.1   20.1  1016.6   0.00    0.0    0.000   0.009   25.2    63   17.7   25.8   11.40   1.1639     350     1    100.0   15 
17/09/23   4:30   19.1   19.2   19.1    94   18.1    1.6     NO   0.40   4.8    NO   19.1   19.9   19.9  1016.8   0.00    0.0    0.000   0.008   25.2    63   17.6   25.8   11.40   1.1646     352     1    100.0   15 
17/09/23   4:45   19.0   19.1   18.9    94   18.0    1.6    ONO   0.40   3.2   ONO   19.0   19.8   19.8  1016.6   0.00    0.0    0.000   0.007   25.1    63   17.6   25.7   11.41   1.1646     349     1    100.0   15 
17/09/23   5:00   18.9   19.0   18.9    95   18.1    0.0    ONO   0.00   3.2   ONO   18.9   19.7   19.7  1016.7   0.00    0.0    0.000   0.006   25.1    63   17.5   25.7   11.41   1.1650     351     1    100.0   15 
17/09/23   5:15   18.9   19.0   18.8    95   18.1    1.6    ONO   0.40   4.8   ONO   18.9   19.7   19.7  1016.7   0.00    0.0    0.000   0.006   25.0    63   17.5   25.6   11.41   1.1653     351     1    100.0   15 
17/09/23   5:30   18.8   18.8   18.7    95   18.0    1.6    ONO   0.40   4.8   ONO   18.8   19.6   19.6  1016.9   0.00    0.0    0.000   0.005   25.0    63   17.5   25.6   11.41   1.1655     351     1    100.0   15 
17/09/23   5:45   18.9   18.9   18.7    95   18.1    0.0    ONO   0.00   1.6   ONO   18.9   19.7   19.7  1016.8   0.00    0.0    0.000   0.006   24.9    63   17.4   25.6   11.41   1.1657     352     1    100.0   15 
17/09/23   6:00   18.9   18.9   18.8    95   18.1    0.0    ONO   0.00   3.2   ONO   18.9   19.7   19.7  1016.9   0.00    0.0    0.000   0.006   24.9    63   17.4   25.5   11.41   1.1661     351     1    100.0   15 
17/09/23   6:15   18.9   19.0   18.8    96   18.2    0.0    ONO   0.00   3.2   ONO   18.9   19.7   19.7  1016.7   0.00    0.0    0.000   0.006   24.9    64   17.6   25.6   11.61   1.1655     351     1    100.0   15 
17/09/23   6:30   19.1   19.1   19.0    96   18.4    1.6    ONO   0.40   4.8   ONO   19.1   19.9   19.9  1016.9   0.00    0.0    0.000   0.008   24.9    64   17.6   25.6   11.61   1.1658     351     1    100.0   15 
17/09/23   6:45   19.0   19.1   18.9    96   18.3    1.6    ONO   0.40   4.8   ONO   19.0   19.8   19.8  1017.1   0.00    0.0    0.000   0.007   25.0    65   18.0   25.7   11.81   1.1650     352     1    100.0   15 
17/09/23   7:00   18.9   19.0   18.9    96   18.3    1.6    ONO   0.40   4.8   ONO   18.9   19.7   19.7  1017.5   0.00    0.0    0.000   0.006   25.1    65   18.1   25.8   11.81   1.1649     351     1    100.0   15 
17/09/23   7:15   19.1   19.1   19.0    96   18.4    0.0    SSO   0.00   4.8   SSO   19.1   19.9   19.9  1017.6   0.00    0.0    0.000   0.008   25.3    64   18.0   26.1   11.60   1.1642     351     1    100.0   15 
17/09/23   7:30   19.1   19.1   19.0    96   18.4    0.0    OSO   0.00   3.2   OSO   19.1   19.9   19.9  1017.3   0.00    0.0    0.000   0.008   25.4    64   18.1   26.2   11.59   1.1633     349     1    100.0   15 
17/09/23   7:45   19.3   19.4   19.1    96   18.6    1.6    OSO   0.40   3.2   OSO   19.3   20.2   20.2  1017.1   0.00    0.0    0.000   0.010   25.6    64   18.2   26.3   11.59   1.1624     352     1    100.0   15 
17/09/23   8:00   19.5   19.6   19.4    96   18.8    0.0    OSO   0.00   3.2   OSO   19.5   20.4   20.4  1017.0   0.00    0.0    0.000   0.012   25.6    64   18.3   26.3   11.59   1.1620     351     1    100.0   15 
17/09/23   8:15   19.8   20.1   19.6    96   19.1    1.6    OSO   0.40   4.8   OSO   19.8   20.8   20.8  1017.6   0.00    0.0    0.000   0.015   25.7    64   18.3   26.4   11.59   1.1624     351     1    100.0   15 
17/09/23   8:30   20.2   20.4   20.1    95   19.4    6.4      E   1.61  11.3     E   20.2   21.4   21.4  1017.1   0.00    0.0    0.000   0.020   25.8    64   18.5   26.6   11.58   1.1612     351     1    100.0   15 
17/09/23   8:45   20.7   20.9   20.4    93   19.5    3.2    ENE   0.80  11.3   ENE   20.7   21.9   21.9  1017.5   0.00    0.0    0.000   0.024   25.9    64   18.6   26.7   11.58   1.1611     351     1    100.0   15 
17/09/23   9:00   21.2   21.7   20.9    85   18.6    6.4      E   1.61  16.1   ENE   21.2   22.1   22.1  1017.2   0.00    0.0    0.000   0.030   26.1    64   18.7   26.9   11.57   1.1599     352     1    100.0   15 
17/09/23   9:15   21.8   21.9   21.7    81   18.4    6.4    ENE   1.61  16.1   ENE   21.8   22.6   22.6  1016.9   0.00    0.0    0.000   0.036   26.2    63   18.6   27.0   11.37   1.1593     351     1    100.0   15 
17/09/23   9:30   21.9   22.2   21.9    80   18.3    1.6    ENE   0.40  11.3    NE   21.9   22.7   22.7  1017.6   0.00    0.0    0.000   0.038   26.2    63   18.6   27.1   11.37   1.1598     351     1    100.0   15 
17/09/23   9:45   22.4   22.7   22.2    80   18.8    1.6    NNO   0.40   6.4   NNO   22.4   23.3   23.3  1017.4   0.00    0.0    0.000   0.043   26.3    63   18.7   27.1   11.36   1.1593     350     1    100.0   15 
17/09/23  10:00   22.8   22.9   22.7    78   18.8    3.2    ENE   0.80   9.7     E   22.8   23.8   23.8  1017.5   0.00    0.0    0.000   0.047   26.4    63   18.8   27.3   11.36   1.1588     352     1    100.0   15 
17/09/23  10:15   22.9   23.0   22.9    79   19.1    1.6    ENE   0.40   4.8   ENE   22.9   23.9   23.9  1017.9   0.00    0.0    0.000   0.047   26.5    63   18.9   27.4   11.36   1.1587     348     1    100.0   15 
17/09/23  10:30   23.2   23.4   23.0    78   19.1    1.6    NNO   0.40   4.8   NNO   23.2   24.2   24.2  1017.5   0.00    0.0    0.000   0.050   26.5    63   18.9   27.4   11.36   1.1583     350     1    100.0   15 
17/09/23  10:45   23.6   23.8   23.3    77   19.3    1.6    NNO   0.40   4.8     N   23.6   24.7   24.7  1017.3   0.00    0.0    0.000   0.054   26.6    63   18.9   27.5   11.35   1.1577     351     1    100.0   15 
17/09/23  11:00   24.2   24.6   23.8    73   19.1    6.4    ENE   1.61  14.5     E   24.2   25.4   25.4  1017.2   0.00    0.0    0.000   0.061   26.6    63   18.9   27.5   11.35   1.1575     352     1    100.0   15 
17/09/23  11:15   24.8   25.3   24.6    71   19.2    6.4      E   1.61  12.9   ESE   24.8   25.9   25.9  1016.9   0.00    0.0    0.000   0.068   26.7    62   18.8   27.6   11.15   1.1570     350     1    100.0   15 
17/09/23  11:30   25.5   25.8   25.3    68   19.2    8.0    ENE   2.01  17.7   ENE   25.5   26.5   26.5  1016.9   0.00    0.0    0.000   0.075   26.8    62   18.9   27.8   11.14   1.1562     349     1    100.0   15 
17/09/23  11:45   25.9   26.1   25.8    67   19.3    8.0      E   2.01  17.7     E   25.9   26.9   26.9  1016.8   0.00    0.0    0.000   0.079   27.0    62   19.1   28.0   11.14   1.1551     346     1    100.0   15 
17/09/23  12:00   26.4   26.8   26.1    66   19.6    4.8      E   1.21  12.9   ENE   26.4   27.6   27.6  1016.6   0.00    0.0    0.000   0.084   27.2    62   19.3   28.3   11.13   1.1540     348     1    100.0   15 
17/09/23  12:15   27.1   27.4   26.8    64   19.7    3.2      E   0.80   9.7     E   27.1   28.3   28.3  1016.7   0.00    0.0    0.000   0.091   27.2    62   19.3   28.3   11.13   1.1538     352     1    100.0   15 
17/09/23  12:30   27.7   27.9   27.5    64   20.3    4.8    ENE   1.21  11.3   ENE   27.7   29.3   29.3  1016.4   0.00    0.0    0.000   0.098   27.3    62   19.4   28.5   11.13   1.1528     351     1    100.0   15 
17/09/23  12:45   28.1   28.2   27.9    61   19.9    6.4    ENE   1.61  14.5   ENE   28.1   29.6   29.6  1016.3   0.00    0.0    0.000   0.102   27.4    62   19.5   28.7   11.12   1.1521     350     1    100.0   15 
17/09/23  13:00   28.3   28.6   28.2    57   19.0    4.8    ENE   1.21  12.9     E   28.3   29.6   29.6  1016.2   0.00    0.0    0.000   0.104   27.6    62   19.6   28.9   11.12   1.1515     351     1    100.0   15 
17/09/23  13:15   28.8   29.0   28.6    55   18.9    4.8    ESE   1.21  16.1   ESE   28.8   30.2   30.2  1016.2   0.00    0.0    0.000   0.109   27.6    61   19.4   28.8   10.95   1.1515     350     1    100.0   15 
17/09/23  13:30   29.1   29.4   28.8    52   18.3    3.2     SE   0.80  11.3     S   29.1   30.3   30.3  1016.0   0.00    0.0    0.000   0.112   27.7    61   19.5   28.9   10.95   1.1511     351     1    100.0   15 
17/09/23  13:45   29.8   29.9   29.4    54   19.5    3.2    SSO   0.80  11.3   SSO   29.8   31.5   31.5  1015.8   0.00    0.0    0.000   0.119   27.7    60   19.2   28.9   10.75   1.1510     351     1    100.0   15 
17/09/23  14:00   29.9   30.1   29.8    49   18.0    3.2      O   0.80  11.3     E   29.9   30.9   30.9  1015.5   0.00    0.0    0.000   0.120   27.8    60   19.3   29.0   10.75   1.1503     350     1    100.0   15 
17/09/23  14:15   30.1   30.2   29.9    54   19.8    4.8    SSE   1.21  12.9   ENE   30.1   32.1   32.1  1015.4   0.00    0.0    0.000   0.123   27.8    60   19.4   29.1   10.75   1.1500     352     1    100.0   15 
17/09/23  14:30   29.6   29.9   29.3    55   19.6    8.0    ESE   2.01  17.7   ESE   29.6   31.3   31.3  1015.3   0.00    0.0    0.000   0.117   27.9    60   19.4   29.2   10.75   1.1495     351     1    100.0   15 
17/09/23  14:45   29.3   29.4   29.2    55   19.4    8.0      E   2.01  16.1   ESE   29.3   30.9   30.9  1015.2   0.00    0.0    0.000   0.115   28.0    60   19.5   29.3   10.75   1.1488     350     1    100.0   15 
17/09/23  15:00   29.2   29.3   29.1    56   19.5    8.0    ESE   2.01  16.1   ESE   29.2   30.9   30.9  1015.1   0.00    0.0    0.000   0.113   28.1    60   19.6   29.5   10.75   1.1481     351     1    100.0   15 
17/09/23  15:15   29.2   29.2   29.1    55   19.2    6.4      E   1.61  12.9     E   29.2   30.7   30.7  1015.1   0.00    0.0    0.000   0.113   28.2    60   19.7   29.6   10.75   1.1478     351     1    100.0   15 
17/09/23  15:30   29.1   29.2   29.0    56   19.4    6.4      E   1.61  11.3   ESE   29.1   30.7   30.7  1015.1   0.00    0.0    0.000   0.112   28.2    60   19.7   29.7   10.75   1.1475     352     1    100.0   15 
17/09/23  15:45   29.1   29.2   29.0    59   20.3    6.4      S   1.61  17.7   SSE   29.1   31.2   31.2  1015.2   0.00    0.0    0.000   0.112   28.3    60   19.8   29.8   10.75   1.1473     350     1    100.0   15 
17/09/23  16:00   29.1   29.1   29.0    58   20.0    6.4    SSO   1.61  12.9     S   29.1   30.9   30.9  1015.3   0.00    0.0    0.000   0.112   28.3    60   19.8   29.8   10.75   1.1475     350     1    100.0   15 
17/09/23  16:15   28.8   29.1   28.5    61   20.6    6.4    SSO   1.61  14.5   SSO   28.8   31.0   31.0  1015.5   0.00    0.0    0.000   0.109   28.3    60   19.8   29.8   10.75   1.1476     351     1    100.0   15 
17/09/23  16:30   28.3   28.5   28.1    63   20.6    4.8    OSO   1.21  14.5    SO   28.3   30.2   30.2  1015.6   0.00    0.0    0.000   0.104   28.3    60   19.8   29.8   10.75   1.1478     352     1    100.0   15 
17/09/23  16:45   27.6   28.1   27.1    65   20.4    4.8    SSO   1.21  17.7     S   27.6   29.2   29.2  1015.8   0.00    0.0    0.000   0.096   28.3    60   19.8   29.8   10.75   1.1480     351     1    100.0   15 
17/09/23  17:00   26.7   27.1   26.4    70   20.8    4.8     SO   1.21  12.9    SO   26.7   28.3   28.3  1015.8   0.00    0.0    0.000   0.087   28.2    60   19.7   29.7   10.75   1.1483     351     1    100.0   15 
17/09/23  17:15   26.1   26.4   25.8    77   21.8    4.8    SSO   1.21  14.5    SO   26.1   27.9   27.9  1016.1   0.00    0.0    0.000   0.081   28.2    61   19.9   29.7   10.95   1.1484     349     1    100.0   15 
17/09/23  17:30   25.4   25.8   25.1    83   22.3    6.4    SSO   1.61  16.1     S   25.4   27.5   27.5  1016.0   0.00    0.0    0.000   0.074   28.1    62   20.1   29.7   11.10   1.1483     352     1    100.0   15 
17/09/23  17:45   24.7   25.1   24.4    85   22.0    4.8      O   1.21  12.9   ONO   24.7   26.6   26.6  1016.2   0.00    0.0    0.000   0.067   28.1    64   20.7   30.0   11.50   1.1476     350     1    100.0   15 
17/09/23  18:00   24.2   24.4   23.9    86   21.7    4.8    OSO   1.21  14.5     O   24.2   25.9   25.9  1016.1   0.00    0.0    0.000   0.061   28.1    64   20.7   30.0   11.50   1.1474     350     1    100.0   15 
17/09/23  18:15   23.9   23.9   23.8    87   21.6    3.2    OSO   0.80   8.0     O   23.9   25.7   25.7  1016.2   0.00    0.0    0.000   0.058   28.1    65   20.9   30.1   11.70   1.1472     351     1    100.0   15 
17/09/23  18:30   23.7   23.8   23.7    87   21.4    3.2      O   0.80   8.0     O   23.7   25.3   25.3  1016.0   0.00    0.0    0.000   0.056   28.1    65   20.9   30.1   11.70   1.1469     350     1    100.0   15 
17/09/23  18:45   23.6   23.7   23.6    87   21.3    1.6    OSO   0.40   8.0   OSO   23.6   25.1   25.1  1016.1   0.00    0.0    0.000   0.055   28.2    65   21.0   30.2   11.70   1.1467     351     1    100.0   15 
17/09/23  19:00   23.6   23.6   23.5    87   21.3    0.0      O   0.00   3.2     O   23.6   25.0   25.0  1016.2   0.00    0.0    0.000   0.054   28.2    65   21.0   30.2   11.70   1.1468     350     1    100.0   15 
17/09/23  19:15   23.4   23.5   23.4    88   21.3    1.6      O   0.40   4.8     O   23.4   24.8   24.8  1016.0   0.00    0.0    0.000   0.053   28.2    65   21.0   30.2   11.70   1.1466     351     1    100.0   15 
17/09/23  19:30   23.3   23.4   23.3    87   21.0    1.6      O   0.40   3.2     O   23.3   24.6   24.6  1015.8   0.00    0.0    0.000   0.052   28.2    65   21.0   30.2   11.70   1.1464     351     1    100.0   15 
17/09/23  19:45   23.2   23.3   23.2    88   21.1    1.6     NO   0.40   3.2    NO   23.2   24.5   24.5  1015.5   0.00    0.0    0.000   0.051   28.1    66   21.1   30.2   11.90   1.1462     352     1    100.0   15 
17/09/23  20:00   23.2   23.2   23.1    88   21.1    0.0     NO   0.00   3.2    NO   23.2   24.4   24.4  1016.0   0.00    0.0    0.000   0.050   27.9    66   21.0   30.0   11.90   1.1474     349     1    100.0   15 
17/09/23  20:15   23.1   23.2   23.0    88   21.0    1.6     NO   0.40   3.2    NO   23.1   24.3   24.3  1016.7   0.00    0.0    0.000   0.049   27.8    66   20.9   29.8   11.91   1.1488     350     1    100.0   15 
17/09/23  20:30   22.9   23.0   22.9    89   21.0    0.0    OSO   0.00   3.2   OSO   22.9   24.3   24.3  1016.5   0.00    0.0    0.000   0.048   27.7    66   20.8   29.6   11.91   1.1492     350     1    100.0   15 
17/09/23  20:45   22.8   22.9   22.7    89   20.9    1.6    OSO   0.40   4.8     O   22.8   24.1   24.1  1017.2   0.00    0.0    0.000   0.046   27.7    67   21.0   29.6   12.11   1.1499     352     1    100.0   15 
17/09/23  21:00   22.7   22.8   22.7    89   20.8    0.0      O   0.00   6.4    SO   22.7   24.1   24.1  1017.3   0.00    0.0    0.000   0.046   27.6    66   20.7   29.4   11.92   1.1507     350     1    100.0   15 
17/09/23  21:15   22.7   22.8   22.7    89   20.8    1.6    OSO   0.40   4.8    SO   22.7   24.1   24.1  1017.6   0.00    0.0    0.000   0.046   27.5    67   20.8   29.3   12.12   1.1513     349     1    100.0   15 
17/09/23  21:30   22.6   22.7   22.6    90   20.9    0.0     SO   0.00   4.8    SO   22.6   23.9   23.9  1017.9   0.00    0.0    0.000   0.045   27.4    67   20.8   29.2   12.12   1.1519     351     1    100.0   15 
17/09/23  21:45   22.6   22.7   22.6    90   20.9    1.6    OSO   0.40   6.4     O   22.6   23.9   23.9  1017.9   0.00    0.0    0.000   0.045   27.4    67   20.8   29.2   12.12   1.1519     351     1    100.0   15 
17/09/23  22:00   22.5   22.6   22.4    90   20.8    1.6    OSO   0.40   9.7   OSO   22.5   23.8   23.8  1017.9   0.00    0.0    0.000   0.043   27.4    67   20.7   29.1   12.12   1.1522     352     1    100.0   15 
17/09/23  22:15   22.3   22.4   22.2    90   20.6    1.6      O   0.40   6.4   OSO   22.3   23.6   23.6  1017.6   0.00    0.0    0.000   0.042   27.3    67   20.7   29.0   12.13   1.1522     351     1    100.0   15 
17/09/23  22:30   22.1   22.2   22.1    90   20.4    1.6      O   0.40   8.0   ONO   22.1   23.3   23.3  1017.7   0.00    0.0    0.000   0.039   27.3    67   20.6   28.9   12.13   1.1527     351     1    100.0   15 
17/09/23  22:45   22.1   22.1   22.1    90   20.4    1.6      S   0.40   8.0   SSE   22.1   23.3   23.3  1018.2   0.00    0.0    0.000   0.039   27.2    67   20.6   28.8   12.13   1.1535     350     1    100.0   15 
17/09/23  23:00   22.1   22.2   22.1    91   20.6    3.2    OSO   0.80   8.0     S   22.1   23.4   23.4  1018.4   0.00    0.0    0.000   0.039   27.2    67   20.5   28.7   12.13   1.1540     350     1    100.0   15 
17/09/23  23:15   22.2   22.2   22.1    91   20.6    4.8    SSO   1.21  11.3    SO   22.2   23.4   23.4  1018.4   0.00    0.0    0.000   0.040   27.1    67   20.5   28.6   12.13   1.1543     351     1    100.0   15 
17/09/23  23:30   22.2   22.2   22.2    91   20.6    6.4      S   1.61  16.1     S   22.2   23.4   23.4  1018.5   0.00    0.0    0.000   0.040   27.1    67   20.5   28.6   12.13   1.1544     351     1    100.0   15 
17/09/23  23:45   22.2   22.3   22.2    90   20.5    4.8    SSO   1.21  16.1     S   22.2   23.4   23.4  1018.5   0.00    0.0    0.000   0.041   27.1    67   20.4   28.6   12.14   1.1547     351     1    100.0   15 
18/09/23  00:00   22.4   22.4   22.3    90   20.7    3.2    OSO   0.80  12.9     S   22.4   23.7   23.7  1018.5   0.00    0.0    0.000   0.042   27.0    67   20.3   28.4   12.14   1.1551     349     1    100.0   15 
18/09/23   0:15   22.4   22.4   22.3    90   20.7    3.2     NO   0.80   9.7   ONO   22.4   23.7   23.7  1018.3   0.00    0.0    0.000   0.042   27.0    67   20.3   28.4   12.14   1.1548     349     1    100.0   15 
18/09/23   0:30   22.3   22.3   22.1    90   20.6    3.2      O   0.80   6.4     O   22.3   23.5   23.5  1018.1   0.00    0.0    0.000   0.041   26.9    67   20.3   28.4   12.14   1.1549     351     1    100.0   15 
18/09/23   0:45   21.9   22.1   21.9    91   20.4    1.6     NO   0.40   4.8    NO   21.9   23.2   23.2  1017.9   0.00    0.0    0.000   0.038   26.9    67   20.3   28.4   12.14   1.1546     351     1    100.0   15 
18/09/23   1:00   22.0   22.0   21.9    91   20.5    0.0     NO   0.00   3.2    NO   22.0   23.3   23.3  1017.6   0.00    0.0    0.000   0.038   26.9    67   20.2   28.3   12.14   1.1546     350     1    100.0   15 
18/09/23   1:15   21.9   22.0   21.9    92   20.6    1.6      O   0.40   6.4     O   21.9   23.3   23.3  1017.5   0.00    0.0    0.000   0.038   26.9    67   20.2   28.3   12.14   1.1545     350     1    100.0   15 
18/09/23   1:30   21.9   21.9   21.9    92   20.6    1.6    ONO   0.40   6.4   OSO   21.9   23.3   23.3  1017.4   0.00    0.0    0.000   0.038   26.8    67   20.2   28.2   12.14   1.1547     352     1    100.0   15 
18/09/23   1:45   21.9   21.9   21.8    92   20.5    0.0    OSO   0.00   4.8   ONO   21.9   23.2   23.2  1017.1   0.00    0.0    0.000   0.037   26.8    67   20.2   28.2   12.14   1.1544     350     1    100.0   15 
18/09/23   2:00   21.7   21.8   21.7    92   20.4    1.6      O   0.40   4.8   ONO   21.7   23.1   23.1  1017.0   0.00    0.0    0.000   0.035   26.8    66   19.9   28.0   11.95   1.1549     349     1    100.0   15 
18/09/23   2:15   21.7   21.7   21.6    93   20.5    1.6      O   0.40   6.4   OSO   21.7   23.1   23.1  1017.0   0.00    0.0    0.000   0.035   26.8    66   19.9   28.0   11.95   1.1549     350     1    100.0   15 
18/09/23   2:30   21.6   21.6   21.4    92   20.2    3.2    ONO   0.80   6.4   ONO   21.6   22.9   22.9  1016.9   0.00    0.0    0.000   0.034   26.7    66   19.8   27.9   11.95   1.1551     352     1    100.0   15 
18/09/23   2:45   21.2   21.4   21.1    92   19.9    3.2    ONO   0.80   6.4   ONO   21.2   22.4   22.4  1016.8   0.00    0.0    0.000   0.030   26.7    66   19.8   27.8   11.95   1.1553     351     1    100.0   15 
18/09/23   3:00   20.9   21.1   20.9    91   19.4    1.6    ONO   0.40   6.4   ONO   20.9   22.1   22.1  1016.7   0.00    0.0    0.000   0.027   26.7    66   19.8   27.8   11.95   1.1552     350     1    100.0   15 
18/09/23   3:15   21.1   21.3   20.9    89   19.2    1.6    ONO   0.40   6.4     O   21.1   22.2   22.2  1016.6   0.00    0.0    0.000   0.029   26.6    66   19.7   27.8   11.95   1.1553     351     1    100.0   15 
