                 Temp.  Temp.  Temp.  Hum.   Punt   Vel.   Dir.   Rec.  Vel.  Dir.  Sens.   Índ.   Índ.                  Int. Graus D.Graus D.  Temp.  Hum. Rosada  In.Cal.  EMC     Dens.    Mostr   Tx   Recep.  Int.
  Data    Hora    Ext.   Màx.   Mín.  Ext. Rosada   Vent   Vent   Vent  Màx.  Màx.  Tèrm.  Calor   THW    Bar    Pluja   Pluja  Calor    Fred    Int.  Int.   Int.   Int.    Int.  Int.Aire    Vent   Vent   ISS   Arc.
-------------------------------------------------------------------------------------------------------------------------------------------------------------------------------------------------------------------------
 4/09/23   0:15   24.8   24.8   24.8    46   12.4    8.0     NE   2.01  17.7   ENE   24.8   24.6   24.6  1022.4   0.00    0.0    0.000   0.067   26.9    46   14.3   26.7    8.45   1.1688     348     1    100.0   15 
 4/09/23   0:30   24.9   24.9   24.8    45   12.1    8.0    ENE   2.01  19.3   ENE   24.9   24.6   24.6  1022.3   0.00    0.0    0.000   0.068   26.9    47   14.6   26.8    8.64   1.1683     350     1    100.0   15 
 4/09/23   0:45   24.8   24.9   24.7    45   12.0    8.0    ENE   2.01  17.7   ENE   24.8   24.5   24.5  1022.2   0.00    0.0    0.000   0.067   26.9    47   14.6   26.8    8.64   1.1682     351     1    100.0   15 
 4/09/23   1:00   24.7   24.8   24.7    46   12.3    8.0    ENE   2.01  17.7   ENE   24.7   24.5   24.5  1022.2   0.00    0.0    0.000   0.067   26.8    47   14.6   26.7    8.64   1.1684     350     1    100.0   15 
 4/09/23   1:15   24.6   24.7   24.6    46   12.2    6.4    ENE   1.61  17.7   ENE   24.6   24.4   24.4  1022.2   0.00    0.0    0.000   0.065   26.8    48   14.9   26.8    8.84   1.1681     351     1    100.0   15 
 4/09/23   1:30   24.4   24.6   24.3    46   12.1    4.8     NE   1.21  12.9   ENE   24.4   24.3   24.3  1022.3   0.00    0.0    0.000   0.064   26.8    48   14.9   26.8    8.84   1.1681     349     1    100.0   15 
 4/09/23   1:45   24.2   24.3   24.1    45   11.5    3.2    ENE   0.80  11.3   ESE   24.2   24.0   24.0  1022.2   0.00    0.0    0.000   0.061   26.8    48   14.9   26.8    8.84   1.1680     350     1    100.0   15 
 4/09/23   2:00   24.0   24.1   23.9    45   11.3    4.8    ENE   1.21  12.9     E   24.0   23.8   23.8  1022.1   0.00    0.0    0.000   0.059   26.8    48   14.8   26.7    8.85   1.1682     351     1    100.0   15 
 4/09/23   2:15   23.9   23.9   23.9    45   11.3    6.4    ENE   1.61  14.5     E   23.9   23.8   23.8  1021.8   0.00    0.0    0.000   0.058   26.7    48   14.8   26.7    8.85   1.1682     351     1    100.0   15 
 4/09/23   2:30   23.8   23.9   23.8    45   11.2    6.4    ENE   1.61  14.5   ENE   23.8   23.7   23.7  1021.7   0.00    0.0    0.000   0.057   26.7    49   15.1   26.7    8.95   1.1677     351     1    100.0   15 
 4/09/23   2:45   23.8   23.8   23.8    45   11.1    8.0    ENE   2.01  17.7   ENE   23.8   23.6   23.6  1021.5   0.00    0.0    0.000   0.057   26.7    49   15.1   26.7    8.95   1.1677     351     1    100.0   15 
 4/09/23   3:00   23.8   23.9   23.8    45   11.2    8.0     NE   2.01  17.7   ENE   23.8   23.7   23.7  1021.5   0.00    0.0    0.000   0.057   26.7    49   15.1   26.7    8.95   1.1677     350     1    100.0   15 
 4/09/23   3:15   23.7   23.8   23.7    44   10.7    6.4    ENE   1.61  12.9   ENE   23.7   23.4   23.4  1021.7   0.00    0.0    0.000   0.056   26.6    49   15.0   26.6    8.95   1.1681     352     1    100.0   15 
 4/09/23   3:30   23.7   23.7   23.7    43   10.4    6.4    ENE   1.61  12.9     E   23.7   23.4   23.4  1021.7   0.00    0.0    0.000   0.056   26.6    49   15.0   26.6    8.95   1.1681     351     1    100.0   15 
 4/09/23   3:45   23.7   23.8   23.7    42   10.0    8.0    ENE   2.01  16.1   ESE   23.7   23.3   23.3  1021.7   0.00    0.0    0.000   0.056   26.6    49   15.0   26.6    8.95   1.1685     351     1    100.0   15 
 4/09/23   4:00   23.8   23.8   23.7    42   10.1    9.7    ENE   2.41  17.7    NE   23.8   23.4   23.4  1021.6   0.00    0.0    0.000   0.057   26.5    49   14.9   26.5    8.96   1.1686     350     1    100.0   15 
 4/09/23   4:15   23.8   23.8   23.7    41    9.7   11.3    ENE   2.82  22.5   ENE   23.8   23.4   23.4  1021.5   0.00    0.0    0.000   0.057   26.5    49   14.9   26.5    8.96   1.1685     350     1    100.0   15 
 4/09/23   4:30   23.7   23.7   23.6    41    9.6   11.3    ENE   2.82  24.1   ENE   23.7   23.2   23.2  1021.6   0.00    0.0    0.000   0.056   26.4    49   14.9   26.4    8.96   1.1689     351     1    100.0   15 
 4/09/23   4:45   23.7   23.7   23.7    41    9.6    9.7    ENE   2.41  24.1    NE   23.7   23.2   23.2  1021.6   0.00    0.0    0.000   0.056   26.4    49   14.9   26.4    8.96   1.1689     350     1    100.0   15 
 4/09/23   5:00   23.7   23.8   23.6    41    9.6   11.3     NE   2.82  25.7   ENE   23.7   23.2   23.2  1021.6   0.00    0.0    0.000   0.056   26.4    49   14.8   26.4    8.96   1.1691     349     1    100.0   15 
 4/09/23   5:15   23.7   23.8   23.7    41    9.7   11.3    ENE   2.82  27.4     E   23.7   23.3   23.3  1021.8   0.00    0.0    0.000   0.056   26.4    49   14.8   26.4    8.96   1.1694     350     1    100.0   15 
 4/09/23   5:30   23.6   23.7   23.5    41    9.6   11.3    ENE   2.82  24.1   ENE   23.6   23.2   23.2  1021.8   0.00    0.0    0.000   0.055   26.3    49   14.8   26.4    8.96   1.1697     352     1    100.0   15 
 4/09/23   5:45   23.6   23.6   23.5    41    9.5   11.3     NE   2.82  22.5    NE   23.6   23.1   23.1  1021.8   0.00    0.0    0.000   0.054   26.3    48   14.4   26.3    8.86   1.1701     350     1    100.0   15 
 4/09/23   6:00   23.6   23.6   23.6    41    9.6   12.9    ENE   3.22  27.4     E   23.3   23.2   22.9  1021.7   0.00    0.0    0.000   0.055   26.3    48   14.4   26.3    8.86   1.1700     351     1    100.0   15 
 4/09/23   6:15   23.7   23.7   23.6    41    9.6   11.3    ENE   2.82  22.5   ENE   23.7   23.2   23.2  1021.6   0.00    0.0    0.000   0.056   26.4    48   14.5   26.3    8.86   1.1696     351     1    100.0   15 
 4/09/23   6:30   23.8   23.8   23.7    39    9.0   12.9    ENE   3.22  25.7   NNE   23.5   23.3   23.0  1021.6   0.00    0.0    0.000   0.057   26.4    42   12.4   26.0    7.86   1.1719     352     1    100.0   15 
 4/09/23   6:45   24.0   24.2   23.8    38    8.8   11.3     NE   2.82  27.4    NE   24.0   23.4   23.4  1021.7   0.00    0.0    0.000   0.059   26.4    43   12.9   26.1    8.05   1.1714     349     1    100.0   15 
 4/09/23   7:00   24.4   24.6   24.2    36    8.3   12.9    ENE   3.22  25.7     E   24.1   23.8   23.5  1021.8   0.00    0.0    0.000   0.063   26.7    43   13.1   26.4    8.05   1.1702     351     1    100.0   15 
 4/09/23   7:15   24.8   25.0   24.6    35    8.3   12.9    ENE   3.22  25.7     E   24.5   24.2   23.9  1021.7   0.00    0.0    0.000   0.067   26.9    42   12.9   26.5    7.85   1.1694     351     1    100.0   15 
 4/09/23   7:30   25.3   25.6   25.0    32    7.4   11.3    ENE   2.82  24.1   ENE   25.3   24.6   24.6  1021.7   0.00    0.0    0.000   0.072   27.2    39   12.0   26.6    7.43   1.1695     350     1    100.0   15 
 4/09/23   7:45   25.7   25.9   25.6    31    7.3   12.9    ENE   3.22  24.1   ENE   25.4   24.8   24.6  1021.7   0.00    0.0    0.000   0.077   27.3    40   12.5   26.8    7.55   1.1683     351     1    100.0   15 
 4/09/23   8:00   26.2   26.5   25.9    29    6.8   12.9    ENE   3.22  25.7   ENE   26.0   25.2   24.9  1021.7   0.00    0.0    0.000   0.082   27.6    40   12.7   27.1    7.55   1.1672     351     1    100.0   15 
 4/09/23   8:15   26.6   26.8   26.5    28    6.6   14.5    ENE   3.62  32.2   ENE   26.0   25.4   24.8  1021.6   0.00    0.0    0.000   0.086   27.8    40   12.9   27.4    7.55   1.1660     351     1    100.0   15 
 4/09/23   8:30   26.9   27.1   26.8    26    5.8   14.5    ENE   3.62  27.4     E   26.4   25.6   25.1  1021.8   0.00    0.0    0.000   0.090   27.9    40   13.1   27.6    7.55   1.1654     348     1    100.0   15 
 4/09/23   8:45   27.3   27.4   27.1    25    5.5   12.9    ENE   3.22  37.0     E   27.1   25.8   25.6  1021.7   0.00    0.0    0.000   0.093   28.1    36   11.6   27.4    6.85   1.1666     351     1    100.0   15 
 4/09/23   9:00   27.6   27.8   27.4    25    5.8   14.5    ENE   3.62  29.0    NE   27.1   26.2   25.7  1021.7   0.00    0.0    0.000   0.096   28.2    37   12.1   27.7    7.10   1.1655     351     1    100.0   15 
 4/09/23   9:15   28.2   28.4   27.8    24    5.7   14.5    ENE   3.62  37.0   ENE   27.7   26.7   26.2  1021.7   0.00    0.0    0.000   0.102   28.3    38   12.7   27.9    7.25   1.1643     350     1    100.0   15 
 4/09/23   9:30   28.6   28.7   28.4    24    6.0   14.5      E   3.62  35.4     E   28.1   27.1   26.7  1021.6   0.00    0.0    0.000   0.106   28.6    37   12.4   28.2    7.08   1.1636     350     1    100.0   15 
 4/09/23   9:45   28.6   28.7   28.5    25    6.6   14.5      E   3.62  33.8     E   28.1   27.1   26.7  1021.6   0.00    0.0    0.000   0.106   28.7    36   12.1   28.3    6.81   1.1634     352     1    100.0   15 
 4/09/23  10:00   28.6   28.7   28.5    25    6.6   16.1    ENE   4.02  33.8   ENE   27.9   27.1   26.4  1021.5   0.00    0.0    0.000   0.106   28.7    34   11.3   28.1    6.51   1.1643     350     1    100.0   15 
 4/09/23  10:15   28.9   29.1   28.7    25    6.9   14.5    ENE   3.62  30.6     E   28.5   27.5   27.1  1021.5   0.00    0.0    0.000   0.110   28.8    33   11.0   28.2    6.39   1.1639     350     1    100.0   15 
 4/09/23  10:30   29.4   29.7   29.1    24    6.7   12.9      E   3.22  33.8   ENE   29.3   27.9   27.8  1021.5   0.00    0.0    0.000   0.115   29.0    33   11.1   28.4    6.38   1.1631     350     1    100.0   15 
 4/09/23  10:45   29.8   29.9   29.8    23    6.5   14.5    ENE   3.62  32.2     E   29.6   28.3   28.0  1021.5   0.00    0.0    0.000   0.120   28.9    35   11.9   28.5    6.69   1.1628     349     1    100.0   15 
 4/09/23  11:00   30.2   30.5   29.9    22    6.1   11.3      E   2.82  27.4     E   30.2   28.6   28.6  1021.4   0.00    0.0    0.000   0.124   28.8    35   11.8   28.3    6.70   1.1632     352     1    100.0   15 
 4/09/23  11:15   30.7   30.9   30.6    20    5.1   11.3      E   2.82  27.4    SE   30.7   28.8   28.8  1021.4   0.00    0.0    0.000   0.128   28.7    37   12.6   28.4    7.08   1.1625     350     1    100.0   15 
 4/09/23  11:30   31.2   31.3   30.9    20    5.5   14.5      E   3.62  35.4   ESE   31.0   29.2   29.0  1021.2   0.00    0.0    0.000   0.134   28.7    37   12.5   28.4    7.08   1.1626     350     1    100.0   15 
 4/09/23  11:45   31.0   31.1   30.9    21    6.1   16.1      E   4.02  32.2   ESE   30.8   29.1   28.9  1021.0   0.00    0.0    0.000   0.132   28.6    38   12.9   28.4    7.25   1.1622     351     1    100.0   15 
 4/09/23  12:00   31.0   31.2   30.9    22    6.8   17.7      E   4.43  38.6   ENE   30.7   29.2   28.8  1020.9   0.00    0.0    0.000   0.132   28.6    38   12.9   28.4    7.25   1.1620     351     1    100.0   15 
 4/09/23  12:15   31.3   31.4   31.2    23    7.7   17.7      E   4.43  37.0     E   31.0   29.4   29.2  1020.9   0.00    0.0    0.000   0.135   28.6    39   13.3   28.5    7.38   1.1615     350     1    100.0   15 
 4/09/23  12:30   31.4   31.4   31.2    26    9.6   14.5      E   3.62  32.2   ESE   31.3   29.8   29.7  1020.8   0.00    0.0    0.000   0.136   28.6    39   13.3   28.5    7.38   1.1615     350     1    100.0   15 
 4/09/23  12:45   31.1   31.3   30.9    30   11.5   16.1      E   4.02  38.6     E   30.9   29.8   29.6  1020.7   0.00    0.0    0.000   0.133   28.7    38   12.9   28.5    7.25   1.1615     350     1    100.0   15 
 4/09/23  13:00   31.2   31.3   31.1    31   12.0   16.1      E   4.02  29.0     E   30.9   30.1   29.8  1020.7   0.00    0.0    0.000   0.134   28.7    39   13.4   28.7    7.38   1.1608     351     1    100.0   15 
 4/09/23  13:15   31.3   31.3   31.2    32   12.6   14.5    ESE   3.62  41.8   ENE   31.2   30.3   30.2  1020.4   0.00    0.0    0.000   0.135   28.7    39   13.3   28.6    7.38   1.1607     352     1    100.0   15 
 4/09/23  13:30   31.2   31.5   31.1    31   12.0   12.9      E   3.22  32.2    SE   31.1   30.1   30.0  1020.5   0.00    0.0    0.000   0.134   28.7    40   13.8   28.8    7.55   1.1601     351     1    100.0   15 
 4/09/23  13:45   31.1   31.4   30.9    32   12.5   16.1      E   4.02  29.0   ESE   30.9   30.1   29.8  1020.3   0.00    0.0    0.000   0.133   28.7    40   13.8   28.8    7.55   1.1599     350     1    100.0   15 
 4/09/23  14:00   31.1   31.2   30.9    33   12.9   16.1    ESE   4.02  30.6     E   30.8   30.2   29.9  1020.3   0.00    0.0    0.000   0.133   28.7    41   14.2   28.9    7.68   1.1594     351     1    100.0   15 
 4/09/23  14:15   31.1   31.2   30.9    34   13.3   14.5    ESE   3.62  29.0   ESE   30.9   30.3   30.1  1020.1   0.00    0.0    0.000   0.133   28.7    41   14.2   28.9    7.68   1.1592     352     1    100.0   15 
 4/09/23  14:30   31.1   31.2   30.9    35   13.8   14.5    ESE   3.62  29.0    SE   30.9   30.4   30.3  1020.0   0.00    0.0    0.000   0.133   28.7    42   14.5   28.9    7.85   1.1586     351     1    100.0   15 
 4/09/23  14:45   31.1   31.1   30.9    35   13.8   16.1      E   4.02  29.0     E   30.8   30.4   30.2  1019.9   0.00    0.0    0.000   0.133   28.7    42   14.5   28.9    7.85   1.1585     350     1    100.0   15 
 4/09/23  15:00   30.9   31.0   30.6    35   13.6   17.7      E   4.43  35.4     E   30.5   30.3   29.9  1019.8   0.00    0.0    0.000   0.131   28.7    42   14.5   28.9    7.85   1.1584     350     1    100.0   15 
 4/09/23  15:15   30.5   30.6   30.4    34   12.9   19.3    ESE   4.83  40.2     E   29.9   29.9   29.4  1019.7   0.00    0.0    0.000   0.127   28.7    42   14.5   28.9    7.85   1.1583     351     1    100.0   15 
 4/09/23  15:30   30.5   30.6   30.3    34   12.9   17.7      E   4.43  35.4     E   30.1   29.9   29.5  1019.6   0.00    0.0    0.000   0.127   28.7    42   14.5   28.9    7.85   1.1584     350     1    100.0   15 
 4/09/23  15:45   30.1   30.3   30.0    35   13.0   17.7      E   4.43  37.0     E   29.6   29.7   29.2  1019.6   0.00    0.0    0.000   0.123   28.7    41   14.1   28.8    7.68   1.1589     349     1    100.0   15 
 4/09/23  16:00   29.8   30.0   29.6    37   13.5   19.3      E   4.83  35.4   ENE   29.1   29.6   28.8  1019.6   0.00    0.0    0.000   0.119   28.7    42   14.5   28.9    7.85   1.1585     351     1    100.0   15 
 4/09/23  16:15   29.4   29.7   29.1    40   14.4   16.1      E   4.02  30.6     E   28.9   29.5   29.0  1019.5   0.00    0.0    0.000   0.116   28.6    42   14.4   28.8    7.85   1.1586     351     1    100.0   15 
 4/09/23  16:30   28.9   29.1   28.7    42   14.7   14.5      E   3.62  35.4    SE   28.5   29.2   28.8  1019.6   0.00    0.0    0.000   0.110   28.6    43   14.8   28.8    7.98   1.1585     352     1    100.0   15 
 4/09/23  16:45   28.4   28.7   28.3    43   14.7   16.1      E   4.02  30.6   ESE   27.8   28.6   27.9  1019.5   0.00    0.0    0.000   0.105   28.4    43   14.7   28.6    7.99   1.1590     350     1    100.0   15 
 4/09/23  17:00   28.1   28.3   27.9    44   14.7   12.9      E   3.22  29.0   ENE   27.9   28.1   27.9  1019.6   0.00    0.0    0.000   0.101   28.4    44   15.0   28.6    8.15   1.1589     350     1    100.0   15 
 4/09/23  17:15   27.7   27.9   27.5    46   15.0   11.3      E   2.82  24.1     E   27.7   27.7   27.7  1019.4   0.00    0.0    0.000   0.098   28.3    44   14.9   28.5    8.15   1.1590     350     1    100.0   15 
 4/09/23  17:30   27.4   27.6   27.3    46   14.7    9.7      E   2.41  20.9     E   27.4   27.3   27.3  1019.4   0.00    0.0    0.000   0.094   28.3    45   15.3   28.6    8.29   1.1586     352     1    100.0   15 
 4/09/23  17:45   27.1   27.3   26.9    46   14.4    9.7      E   2.41  24.1     E   27.1   26.9   26.9  1019.3   0.00    0.0    0.000   0.091   28.3    45   15.2   28.5    8.29   1.1587     349     1    100.0   15 
 4/09/23  18:00   26.7   26.9   26.6    46   14.1    9.7      E   2.41  25.7   ESE   26.7   26.6   26.6  1019.2   0.00    0.0    0.000   0.087   28.2    46   15.5   28.4    8.45   1.1587     351     1    100.0   15 
 4/09/23  18:15   26.4   26.6   26.3    46   13.9   11.3      E   2.82  22.5   ESE   26.4   26.3   26.3  1019.0   0.00    0.0    0.000   0.084   28.1    46   15.4   28.2    8.45   1.1590     351     1    100.0   15 
 4/09/23  18:30   26.2   26.3   26.1    46   13.6    9.7      E   2.41  24.1     E   26.2   26.1   26.1  1019.3   0.00    0.0    0.000   0.082   28.0    47   15.6   28.2    8.60   1.1592     352     1    100.0   15 
 4/09/23  18:45   25.9   26.1   25.8    47   13.8    8.0      E   2.01  22.5     E   25.9   25.9   25.9  1019.7   0.00    0.0    0.000   0.079   27.9    47   15.5   28.1    8.61   1.1603     350     1    100.0   15 
 4/09/23  19:00   25.7   25.8   25.6    46   13.2    6.4      E   1.61  19.3   ESE   25.7   25.6   25.6  1020.0   0.00    0.0    0.000   0.077   27.8    48   15.8   27.9    8.81   1.1607     348     1    100.0   15 
 4/09/23  19:15   25.6   25.6   25.4    46   13.1    9.7      E   2.41  20.9     E   25.6   25.4   25.4  1019.9   0.00    0.0    0.000   0.075   27.8    48   15.8   27.9    8.81   1.1606     349     1    100.0   15 
 4/09/23  19:30   25.4   25.4   25.2    47   13.3   11.3      E   2.82  22.5   ENE   25.4   25.2   25.2  1020.0   0.00    0.0    0.000   0.073   27.8    46   15.1   27.9    8.45   1.1613     351     1    100.0   15 
 4/09/23  19:45   25.1   25.2   25.1    50   14.0   12.9      E   3.22  25.7     E   24.8   25.0   24.7  1020.0   0.00    0.0    0.000   0.071   27.9    44   14.6   27.9    8.15   1.1616     352     1    100.0   15 
 4/09/23  20:00   25.0   25.1   24.9    51   14.2    9.7      E   2.41  24.1     E   25.0   24.9   24.9  1020.4   0.00    0.0    0.000   0.069   28.0    44   14.6   28.0    8.15   1.1618     350     1    100.0   15 
 4/09/23  20:15   24.9   24.9   24.9    52   14.4    4.8     NE   1.21  12.9   ESE   24.9   24.9   24.9  1020.5   0.00    0.0    0.000   0.068   28.0    44   14.6   28.0    8.15   1.1619     350     1    100.0   15 
 4/09/23  20:30   24.8   24.9   24.8    52   14.3    4.8    ENE   1.21  16.1   ENE   24.8   24.8   24.8  1020.5   0.00    0.0    0.000   0.068   28.0    44   14.6   28.0    8.15   1.1619     351     1    100.0   15 
 4/09/23  20:45   24.6   24.8   24.4    53   14.4    6.4      E   1.61  14.5     E   24.6   24.7   24.7  1020.8   0.00    0.0    0.000   0.065   27.9    45   14.9   27.9    8.31   1.1624     352     1    100.0   15 
 4/09/23  21:00   24.4   24.4   24.3    52   13.9    4.8    ENE   1.21  12.9   ENE   24.4   24.4   24.4  1020.7   0.00    0.0    0.000   0.063   27.8    44   14.5   27.7    8.15   1.1630     351     1    100.0   15 
 4/09/23  21:15   24.3   24.3   24.3    52   13.8    1.6     NE   0.40   4.8     E   24.3   24.4   24.4  1021.0   0.00    0.0    0.000   0.062   27.8    45   14.8   27.7    8.31   1.1632     351     1    100.0   15 
 4/09/23  21:30   24.1   24.3   23.9    53   13.9    0.0     NE   0.00   3.2    NE   24.1   24.3   24.3  1021.2   0.00    0.0    0.000   0.060   27.8    44   14.4   27.7    8.15   1.1639     351     1    100.0   15 
 4/09/23  21:45   23.8   24.0   23.8    52   13.4    0.0     NE   0.00   1.6    NE   23.8   23.9   23.9  1021.3   0.00    0.0    0.000   0.057   27.8    44   14.5   27.7    8.15   1.1636     350     1    100.0   15 
 4/09/23  22:00   24.0   24.1   23.9    53   13.8    0.0     NE   0.00   3.2    NE   24.0   24.2   24.2  1021.3   0.00    0.0    0.000   0.059   27.8    44   14.5   27.7    8.15   1.1637     351     1    100.0   15 
 4/09/23  22:15   23.8   23.9   23.7    54   14.0    0.0     NE   0.00   1.6    NE   23.8   24.1   24.1  1021.4   0.00    0.0    0.000   0.057   27.7    44   14.4   27.6    8.15   1.1643     350     1    100.0   15 
 4/09/23  22:30   23.7   23.8   23.7    55   14.1    0.0     NE   0.00   3.2    NE   23.7   23.9   23.9  1021.4   0.00    0.0    0.000   0.056   27.7    45   14.7   27.7    8.31   1.1639     350     1    100.0   15 
 4/09/23  22:45   23.8   23.8   23.7    57   14.7    0.0     NE   0.00   3.2    NE   23.8   24.1   24.1  1021.4   0.00    0.0    0.000   0.057   27.7    45   14.7   27.7    8.31   1.1639     350     1    100.0   15 
 4/09/23  23:00   23.8   23.8   23.7    57   14.7    1.6     NE   0.40   6.4    NE   23.8   24.1   24.1  1021.4   0.00    0.0    0.000   0.057   27.7    45   14.7   27.7    8.31   1.1639     352     1    100.0   15 
 4/09/23  23:15   23.7   23.8   23.7    57   14.7    1.6     NE   0.40   6.4    NE   23.7   24.1   24.1  1021.4   0.00    0.0    0.000   0.056   27.7    46   15.0   27.7    8.45   1.1635     351     1    100.0   15 
 4/09/23  23:30   23.5   23.7   23.4    58   14.8    3.2     NE   0.80   6.4    NE   23.5   23.8   23.8  1021.6   0.00    0.0    0.000   0.054   27.7    46   15.0   27.7    8.45   1.1637     350     1    100.0   15 
 4/09/23  23:45   23.3   23.4   23.2    58   14.6    3.2     NE   0.80   6.4    NE   23.3   23.6   23.6  1021.5   0.00    0.0    0.000   0.052   27.7    46   15.0   27.7    8.45   1.1636     349     1    100.0   15 
 5/09/23  00:00   23.1   23.2   23.1    57   14.1    3.2     NE   0.80   8.0    NE   23.1   23.3   23.3  1021.5   0.00    0.0    0.000   0.050   27.7    46   15.0   27.7    8.45   1.1636     352     1    100.0   15 
 5/09/23   0:15   23.0   23.1   23.0    56   13.7    3.2     NE   0.80   8.0   NNE   23.0   23.1   23.1  1021.5   0.00    0.0    0.000   0.049   27.7    46   15.0   27.7    8.45   1.1639     349     1    100.0   15 
 5/09/23   0:30   23.0   23.1   22.8    57   14.0    3.2     NE   0.80   8.0    NE   23.0   23.2   23.2  1021.6   0.00    0.0    0.000   0.049   27.7    46   15.0   27.7    8.45   1.1640     351     1    100.0   15 
 5/09/23   0:45   22.6   22.8   22.4    57   13.7    0.0     NE   0.00   3.2    NE   22.6   22.6   22.6  1021.7   0.00    0.0    0.000   0.045   27.6    46   14.9   27.6    8.45   1.1643     351     1    100.0   15 
 5/09/23   1:00   22.5   22.7   22.4    57   13.6    1.6     NE   0.40   6.4   ENE   22.5   22.4   22.4  1021.7   0.00    0.0    0.000   0.043   27.6    46   14.9   27.6    8.45   1.1644     351     1    100.0   15 
 5/09/23   1:15   22.8   22.9   22.7    57   13.9    4.8     NE   1.21  11.3   ENE   22.8   22.9   22.9  1021.6   0.00    0.0    0.000   0.047   27.6    46   14.9   27.5    8.45   1.1645     351     1    100.0   15 
 5/09/23   1:30   22.9   22.9   22.8    57   13.9    4.8     NE   1.21  11.3   ENE   22.9   23.0   23.0  1021.6   0.00    0.0    0.000   0.047   27.5    46   14.8   27.4    8.45   1.1648     351     1    100.0   15 
 5/09/23   1:45   22.8   22.8   22.8    57   13.9    4.8     NE   1.21  11.3   ENE   22.8   22.9   22.9  1021.6   0.00    0.0    0.000   0.047   27.5    46   14.8   27.4    8.45   1.1648     351     1    100.0   15 
 5/09/23   2:00   22.7   22.8   22.7    57   13.8    4.8     NE   1.21   9.7     E   22.7   22.8   22.8  1021.5   0.00    0.0    0.000   0.046   27.4    46   14.8   27.3    8.45   1.1649     351     1    100.0   15 
 5/09/23   2:15   22.7   22.8   22.6    57   13.7    3.2     NE   0.80   4.8    NE   22.7   22.7   22.7  1021.3   0.00    0.0    0.000   0.045   27.4    46   14.8   27.3    8.45   1.1648     350     1    100.0   15 
 5/09/23   2:30   22.5   22.6   22.4    58   13.8    1.6     NE   0.40   4.8    NE   22.5   22.5   22.5  1021.3   0.00    0.0    0.000   0.043   27.4    47   15.1   27.3    8.62   1.1646     352     1    100.0   15 
 5/09/23   2:45   22.4   22.4   22.3    58   13.7    0.0    ---   0.00   0.0   ---   22.4   22.3   22.3  1021.2   0.00    0.0    0.000   0.042   27.3    47   15.0   27.3    8.63   1.1648     351     1    100.0   15 
 5/09/23   3:00   22.3   22.3   22.3    58   13.6    1.6     NE   0.40   4.8    NE   22.3   22.2   22.2  1021.1   0.00    0.0    0.000   0.041   27.3    47   15.0   27.3    8.63   1.1647     350     1    100.0   15 
 5/09/23   3:15   22.3   22.3   22.2    59   13.9    0.0     NE   0.00   3.2    NE   22.3   22.2   22.2  1021.0   0.00    0.0    0.000   0.041   27.3    47   15.0   27.2    8.63   1.1648     351     1    100.0   15 
