                 Temp.  Temp.  Temp.  Hum.   Punt   Vel.   Dir.   Rec.  Vel.  Dir.  Sens.   Índ.   Índ.                  Int. Graus D.Graus D.  Temp.  Hum. Rosada  In.Cal.  EMC     Dens.    Mostr   Tx   Recep.  Int.
  Data    Hora    Ext.   Màx.   Mín.  Ext. Rosada   Vent   Vent   Vent  Màx.  Màx.  Tèrm.  Calor   THW    Bar    Pluja   Pluja  Calor    Fred    Int.  Int.   Int.   Int.    Int.  Int.Aire    Vent   Vent   ISS   Arc.
-------------------------------------------------------------------------------------------------------------------------------------------------------------------------------------------------------------------------
17/02/24   0:15   10.7   10.7   10.7    90    9.1    4.8    ONO   1.21  11.3   ONO   10.6   10.8   10.7  1023.8   0.00    0.0    0.079   0.000   22.2    52   11.9   21.8    9.61   1.1917     350     1    100.0   15 
17/02/24   0:30   10.7   10.7   10.7    90    9.1    3.2      O   0.80   9.7     O   10.7   10.8   10.8  1023.8   0.00    0.0    0.079   0.000   22.0    52   11.7   21.5    9.62   1.1929     351     1    100.0   15 
17/02/24   0:45   10.6   10.7   10.6    90    9.0    0.0      O   0.00   1.6     O   10.6   10.7   10.7  1023.9   0.00    0.0    0.080   0.000   21.8    53   11.8   21.3    9.80   1.1935     350     1    100.0   15 
17/02/24   1:00   10.5   10.6   10.5    90    8.9    1.6      O   0.40   8.0   OSO   10.5   10.6   10.6  1023.9   0.00    0.0    0.082   0.000   21.6    53   11.6   20.9    9.81   1.1946     351     1    100.0   15 
17/02/24   1:15   10.6   10.6   10.6    90    9.0    0.0    ONO   0.00   4.8   ONO   10.6   10.7   10.7  1024.0   0.00    0.0    0.081   0.000   21.4    53   11.4   20.7    9.83   1.1958     351     1    100.0   15 
17/02/24   1:30   10.6   10.7   10.6    90    9.0    1.6     NE   0.40   4.8    NE   10.6   10.7   10.7  1024.0   0.00    0.0    0.081   0.000   21.2    53   11.3   20.4    9.84   1.1966     352     1    100.0   15 
17/02/24   1:45   10.6   10.7   10.6    90    9.0    1.6     NE   0.40   4.8    NE   10.6   10.7   10.7  1024.1   0.00    0.0    0.080   0.000   21.0    53   11.1   20.2    9.85   1.1979     351     1    100.0   15 
17/02/24   2:00   10.6   10.6   10.5    90    9.0    1.6     NE   0.40   4.8    NE   10.6   10.7   10.7  1024.1   0.00    0.0    0.081   0.000   20.8    54   11.2   20.2    9.97   1.1984     351     1    100.0   15 
17/02/24   2:15   10.5   10.6   10.5    90    8.9    1.6    SSE   0.40   4.8    NE   10.5   10.6   10.6  1024.0   0.00    0.0    0.082   0.000   20.7    54   11.0   20.1    9.98   1.1991     351     1    100.0   15 
17/02/24   2:30   10.4   10.5   10.4    90    8.9    3.2    SSE   0.80   8.0     O   10.4   10.6   10.6  1023.9   0.00    0.0    0.082   0.000   20.5    54   10.9   19.9    9.99   1.1999     351     1    100.0   15 
17/02/24   2:45   10.4   10.6   10.4    90    8.9    4.8    ONO   1.21   8.0   ONO   10.3   10.6   10.4  1023.9   0.00    0.0    0.082   0.000   20.3    54   10.7   19.8   10.01   1.2007     352     1    100.0   15 
17/02/24   3:00   10.5   10.6   10.4    90    8.9    6.4    ONO   1.61  11.3   ONO    9.9   10.6   10.1  1023.8   0.20    0.0    0.082   0.000   20.2    55   10.8   19.7   10.18   1.2011     351     1    100.0   15 
17/02/24   3:15   10.4   10.5   10.4    90    8.9    6.4    ONO   1.61  14.5   ONO    9.9   10.6   10.0  1023.9   0.00    0.0    0.082   0.000   20.0    55   10.7   19.6   10.19   1.2021     351     1    100.0   15 
17/02/24   3:30   10.6   10.6   10.5    90    9.0    3.2    ONO   0.80  11.3    SO   10.6   10.7   10.7  1023.9   0.00    0.0    0.081   0.000   19.9    55   10.6   19.4   10.19   1.2027     351     1    100.0   15 
17/02/24   3:45   10.5   10.6   10.5    90    8.9    3.2    ONO   0.80   9.7   ONO   10.5   10.6   10.6  1024.3   0.00    0.0    0.082   0.000   19.8    55   10.5   19.3   10.20   1.2037     352     1    100.0   15 
17/02/24   4:00   10.4   10.5   10.4    90    8.9    0.0    ONO   0.00   3.2   ONO   10.4   10.6   10.6  1024.3   0.00    0.0    0.082   0.000   19.7    55   10.4   19.2   10.20   1.2042     351     1    100.0   15 
17/02/24   4:15   10.3   10.4   10.3    90    8.8    1.6      O   0.40   4.8   ONO   10.3   10.4   10.4  1024.4   0.00    0.0    0.083   0.000   19.6    55   10.3   19.1   10.21   1.2049     350     1    100.0   15 
17/02/24   4:30   10.3   10.3   10.3    91    8.9    1.6    NNE   0.40   4.8   ENE   10.3   10.4   10.4  1024.5   0.00    0.0    0.084   0.000   19.4    55   10.2   18.9   10.21   1.2057     351     1    100.0   15 
17/02/24   4:45   10.2   10.3   10.2    90    8.7    3.2    ONO   0.80  11.3     O   10.2   10.4   10.4  1024.7   0.00    0.0    0.084   0.000   19.3    56   10.3   18.8   10.41   1.2062     351     1    100.0   15 
17/02/24   5:00   10.1   10.2    9.9    90    8.5    3.2     NO   0.80   9.7    NO   10.1   10.2   10.2  1025.0   0.00    0.0    0.086   0.000   19.2    56   10.2   18.7   10.42   1.2070     351     1    100.0   15 
17/02/24   5:15    9.8    9.9    9.7    90    8.2    3.2    ONO   0.80   8.0     O    9.8    9.9    9.9  1025.0   0.00    0.0    0.089   0.000   19.3    56   10.3   18.8   10.42   1.2068     351     1    100.0   15 
17/02/24   5:30    9.6    9.7    9.4    90    8.1    3.2    ONO   0.80   8.0   ONO    9.6    9.8    9.8  1025.1   0.00    0.0    0.091   0.000   19.4    56   10.4   19.0   10.41   1.2060     351     1    100.0   15 
17/02/24   5:45    9.4    9.4    9.4    90    7.9    4.8     NO   1.21  12.9     O    9.2    9.6    9.3  1025.1   0.00    0.0    0.093   0.000   19.7    55   10.4   19.2   10.20   1.2052     349     1    100.0   15 
17/02/24   6:00    9.4    9.4    9.3    90    7.8    4.8    ONO   1.21   9.7   OSO    9.1    9.6    9.3  1025.1   0.00    0.0    0.093   0.000   20.1    55   10.7   19.6   10.19   1.2033     351     1    100.0   15 
17/02/24   6:15    9.3    9.3    9.2    89    7.6    3.2    ONO   0.80   9.7    NO    9.3    9.4    9.4  1025.3   0.00    0.0    0.094   0.000   20.4    54   10.8   19.8   10.00   1.2021     351     1    100.0   15 
17/02/24   6:30    9.2    9.2    9.1    88    7.3    3.2    ONO   0.80  11.3    NO    9.2    9.3    9.3  1025.3   0.00    0.0    0.095   0.000   20.7    54   11.1   20.1    9.98   1.2004     350     1    100.0   15 
17/02/24   6:45    8.9    9.1    8.9    88    7.1    3.2      O   0.80   8.0     O    8.9    9.0    9.0  1025.4   0.00    0.0    0.098   0.000   20.9    53   11.0   20.2    9.86   1.1998     351     1    100.0   15 
17/02/24   7:00    8.8    8.9    8.7    88    7.0    3.2     NO   0.80   9.7   ONO    8.8    8.9    8.9  1025.6   0.00    0.0    0.099   0.000   21.2    53   11.2   20.4    9.85   1.1989     352     1    100.0   15 
17/02/24   7:15    8.7    8.8    8.7    88    6.8    3.2     NO   0.80  11.3     O    8.7    8.8    8.8  1026.0   0.00    0.0    0.100   0.000   21.3    53   11.4   20.6    9.83   1.1985     350     1    100.0   15 
17/02/24   7:30    8.8    8.8    8.7    88    6.9    4.8    ONO   1.21   9.7   ONO    8.4    8.8    8.5  1026.3   0.00    0.0    0.100   0.000   21.5    53   11.5   20.8    9.82   1.1980     351     1    100.0   15 
17/02/24   7:45    8.7    8.7    8.7    88    6.8    4.8    ONO   1.21  12.9    NO    8.3    8.7    8.4  1026.6   0.00    0.0    0.101   0.000   21.7    52   11.4   21.0    9.63   1.1978     350     1    100.0   15 
17/02/24   8:00    8.9    9.2    8.7    87    6.8    6.4    ONO   1.61  17.7   ONO    8.1    8.9    8.2  1027.0   0.00    0.0    0.098   0.000   21.9    53   11.9   21.4    9.79   1.1965     351     1    100.0   15 
17/02/24   8:15    9.4    9.6    9.2    85    7.0    8.0    ONO   2.01  17.7   OSO    8.3    9.4    8.3  1027.2   0.00    0.0    0.093   0.000   22.4    52   12.0   22.1    9.60   1.1948     352     1    100.0   15 
17/02/24   8:30    9.7    9.8    9.6    85    7.3    8.0    ONO   2.01  19.3     O    8.6    9.7    8.7  1027.2   0.00    0.0    0.090   0.000   22.7    52   12.4   22.6    9.59   1.1932     351     1    100.0   15 
17/02/24   8:45    9.9   10.0    9.8    83    7.2    6.4    ONO   1.61  16.1     O    9.3   10.0    9.4  1027.5   0.00    0.0    0.087   0.000   22.9    52   12.5   22.7    9.59   1.1927     350     1    100.0   15 
17/02/24   9:00   10.0   10.1   10.0    82    7.1    6.4     NO   1.61  17.7    NO    9.4   10.0    9.4  1027.8   0.00    0.0    0.087   0.000   22.9    51   12.2   22.7    9.39   1.1934     351     1    100.0   15 
17/02/24   9:15   10.1   10.2   10.0    82    7.1    3.2     NO   0.80  11.3   ONO   10.1   10.1   10.1  1028.0   0.00    0.0    0.086   0.000   22.8    51   12.2   22.6    9.39   1.1939     351     1    100.0   15 
17/02/24   9:30   10.4   10.6   10.2    79    7.0    6.4      O   1.61  16.1    NO    9.9   10.4    9.8  1028.0   0.00    0.0    0.082   0.000   22.8    51   12.1   22.6    9.39   1.1941     351     1    100.0   15 
17/02/24   9:45   10.8   10.9   10.6    77    6.9    4.8    ONO   1.21  12.9   ONO   10.7   10.6   10.5  1028.0   0.00    0.0    0.079   0.000   22.7    51   12.1   22.5    9.39   1.1944     350     1    100.0   15 
17/02/24  10:00   11.1   11.3   10.9    77    7.2    3.2     NO   0.80  11.3   OSO   11.1   10.9   10.9  1028.1   0.00    0.0    0.076   0.000   22.6    51   12.0   22.3    9.40   1.1952     350     1    100.0   15 
17/02/24  10:15   11.6   11.9   11.3    75    7.3    3.2    ONO   0.80   8.0   ONO   11.6   11.3   11.3  1028.0   0.00    0.0    0.071   0.000   22.5    51   11.9   22.2    9.40   1.1956     352     1    100.0   15 
17/02/24  10:30   12.4   12.7   11.9    70    7.1    4.8     NO   1.21  12.9     O   12.4   12.0   12.0  1028.0   0.00    0.0    0.062   0.000   22.4    51   11.8   22.1    9.40   1.1959     351     1    100.0   15 
17/02/24  10:45   12.9   13.3   12.7    68    7.2    4.8      O   1.21   9.7     O   12.9   12.4   12.4  1028.1   0.00    0.0    0.056   0.000   22.5    51   11.9   22.2    9.40   1.1957     351     1    100.0   15 
17/02/24  11:00   13.7   14.0   13.3    65    7.3    3.2     NO   0.80   8.0    NO   13.7   13.2   13.2  1028.1   0.00    0.0    0.048   0.000   22.6    51   12.0   22.3    9.40   1.1952     349     1    100.0   15 
17/02/24  11:15   14.5   14.9   14.0    63    7.5    4.8    ONO   1.21  16.1    NO   14.5   13.9   13.9  1028.1   0.00    0.0    0.040   0.000   22.8    51   12.1   22.6    9.39   1.1943     351     1    100.0   15 
17/02/24  11:30   15.2   15.4   14.9    61    7.7    4.8      O   1.21  12.9   ONO   15.2   14.6   14.6  1027.9   0.00    0.0    0.032   0.000   22.9    51   12.2   22.7    9.39   1.1935     352     1    100.0   15 
17/02/24  11:45   15.5   15.7   15.3    60    7.8    4.8     NO   1.21   8.0     O   15.5   14.8   14.8  1027.9   0.00    0.0    0.030   0.000   23.1    51   12.4   22.9    9.38   1.1927     350     1    100.0   15 
17/02/24  12:00   15.9   16.2   15.7    60    8.1    3.2     NO   0.80   8.0   NNO   15.9   15.2   15.2  1027.6   0.00    0.0    0.025   0.000   23.2    50   12.2   23.1    9.25   1.1918     350     1    100.0   15 
17/02/24  12:15   16.5   16.7   16.2    57    7.9    3.2      O   0.80  12.9     O   16.5   15.7   15.7  1027.6   0.00    0.0    0.019   0.000   23.3    50   12.3   23.2    9.25   1.1912     350     1    100.0   15 
17/02/24  12:30   17.0   17.3   16.7    60    9.2    3.2     SE   0.80   9.7     O   17.0   16.4   16.4  1027.4   0.00    0.0    0.014   0.000   23.5    49   12.2   23.4    9.05   1.1905     350     1    100.0   15 
17/02/24  12:45   16.7   16.8   16.6    61    9.1    3.2    ENE   0.80  11.3     E   16.7   16.1   16.1  1027.4   0.00    0.0    0.017   0.000   23.6    49   12.2   23.4    9.05   1.1902     351     1    100.0   15 
17/02/24  13:00   16.5   16.6   16.4    62    9.2    6.4    ENE   1.61  12.9   ENE   16.5   15.9   15.9  1027.4   0.00    0.0    0.019   0.000   23.6    49   12.3   23.5    9.05   1.1899     351     1    100.0   15 
17/02/24  13:15   16.9   17.4   16.6    56    8.1    4.8     NO   1.21  16.1   OSO   16.9   16.2   16.2  1027.1   0.00    0.0    0.014   0.000   23.7    49   12.4   23.7    9.05   1.1890     351     1    100.0   15 
17/02/24  13:30   17.7   17.9   17.5    52    7.7    8.0      O   2.01  20.9     O   17.7   16.8   16.8  1027.1   0.00    0.0    0.007   0.000   23.7    49   12.4   23.7    9.05   1.1891     349     1    100.0   15 
17/02/24  13:45   18.1   18.2   17.9    53    8.3    6.4     NO   1.61  17.7     O   18.1   17.2   17.2  1027.1   0.00    0.0    0.003   0.000   23.8    49   12.4   23.7    9.05   1.1888     352     1    100.0   15 
17/02/24  14:00   17.9   18.2   17.8    53    8.2    9.7      O   2.41  20.9   OSO   17.9   17.1   17.1  1027.2   0.00    0.0    0.004   0.000   23.8    49   12.5   23.8    9.05   1.1886     350     1    100.0   15 
17/02/24  14:15   17.7   17.9   17.4    54    8.2    9.7      O   2.41  29.0   OSO   17.7   16.9   16.9  1027.4   0.00    0.0    0.007   0.000   23.9    48   12.2   23.8    8.95   1.1889     351     1    100.0   15 
17/02/24  14:30   17.2   17.4   17.2    55    8.1   11.3      O   2.82  25.7     O   17.2   16.4   16.4  1027.7   0.00    0.0    0.012   0.000   23.8    48   12.2   23.8    8.95   1.1896     351     1    100.0   15 
17/02/24  14:45   17.3   17.4   17.2    54    7.9    9.7      O   2.41  22.5     O   17.3   16.5   16.5  1027.9   0.00    0.0    0.010   0.000   23.8    48   12.1   23.7    8.95   1.1900     352     1    100.0   15 
17/02/24  15:00   17.3   17.4   17.2    54    7.9    9.7      O   2.41  25.7     O   17.3   16.4   16.4  1028.2   0.00    0.0    0.011   0.000   23.7    48   12.1   23.6    8.94   1.1906     349     1    100.0   15 
17/02/24  15:15   17.4   17.4   17.3    53    7.7    8.0    ONO   2.01  20.9     O   17.4   16.5   16.5  1028.4   0.00    0.0    0.010   0.000   23.7    48   12.1   23.6    8.94   1.1909     348     1    100.0   15 
17/02/24  15:30   17.2   17.4   16.8    55    8.0    8.0      O   2.01  20.9     O   17.2   16.4   16.4  1028.5   0.00    0.0    0.012   0.000   23.7    48   12.0   23.6    8.94   1.1913     346     1    100.0   15 
17/02/24  15:45   16.6   16.8   16.4    56    7.8    9.7      O   2.41  22.5     O   16.6   15.8   15.8  1028.6   0.00    0.0    0.018   0.000   23.6    48   12.0   23.5    8.94   1.1917     352     1    100.0   15 
17/02/24  16:00   16.3   16.6   16.2    57    7.8    8.0      O   2.01  14.5   ONO   16.3   15.6   15.6  1028.6   0.00    0.0    0.021   0.000   23.6    48   11.9   23.4    8.94   1.1920     348     1    100.0   15 
17/02/24  16:15   16.3   16.5   16.2    56    7.5    4.8     NO   1.21  12.9   OSO   16.3   15.5   15.5  1028.7   0.00    0.0    0.021   0.000   23.5    48   11.9   23.3    8.94   1.1924     348     1    100.0   15 
17/02/24  16:30   16.3   16.4   16.2    56    7.5    6.4      O   1.61  16.1    NO   16.3   15.4   15.4  1028.8   0.00    0.0    0.021   0.000   23.6    47   11.6   23.4    8.75   1.1925     350     1    100.0   15 
17/02/24  16:45   16.1   16.2   16.0    57    7.6    4.8    ONO   1.21  11.3   ONO   16.1   15.3   15.3  1028.9   0.00    0.0    0.023   0.000   23.7    47   11.7   23.5    8.75   1.1921     351     1    100.0   15 
17/02/24  17:00   15.8   16.1   15.5    59    7.8    4.8    ONO   1.21  12.9   OSO   15.8   15.1   15.1  1029.0   0.00    0.0    0.026   0.000   23.7    47   11.7   23.5    8.75   1.1922     351     1    100.0   15 
17/02/24  17:15   15.2   15.5   14.9    60    7.5    3.2    ONO   0.80   8.0    NO   15.2   14.5   14.5  1029.2   0.00    0.0    0.032   0.000   23.6    47   11.6   23.4    8.75   1.1927     351     1    100.0   15 
17/02/24  17:30   14.7   14.8   14.6    62    7.5    1.6    ONO   0.40   4.8     O   14.7   14.0   14.0  1029.3   0.00    0.0    0.038   0.000   23.6    48   12.0   23.5    8.94   1.1926     351     1    100.0   15 
17/02/24  17:45   14.5   14.6   14.3    62    7.3    0.0    ONO   0.00   3.2   ONO   14.5   13.8   13.8  1029.6   0.00    0.0    0.040   0.000   23.6    48   11.9   23.4    8.94   1.1932     351     1    100.0   15 
17/02/24  18:00   14.1   14.3   13.8    64    7.3    1.6    ONO   0.40   4.8   ONO   14.1   13.4   13.4  1029.8   0.00    0.0    0.045   0.000   23.4    48   11.8   23.3    8.93   1.1939     350     1    100.0   15 
17/02/24  18:15   13.8   13.9   13.7    65    7.3    4.8    ONO   1.21  11.3    NO   13.8   13.2   13.2  1030.1   0.00    0.0    0.047   0.000   23.4    48   11.8   23.3    8.93   1.1943     351     1    100.0   15 
17/02/24  18:30   13.6   13.7   13.5    66    7.4    6.4    ONO   1.61  14.5     O   13.6   13.1   13.0  1030.2   0.00    0.0    0.049   0.000   23.4    48   11.8   23.3    8.93   1.1945     351     1    100.0   15 
17/02/24  18:45   13.3   13.5   13.2    67    7.3    6.4    ONO   1.61  14.5     O   13.2   12.8   12.7  1030.3   0.00    0.0    0.052   0.000   23.4    48   11.8   23.3    8.93   1.1946     351     1    100.0   15 
17/02/24  19:00   13.1   13.2   12.9    68    7.3    3.2    ONO   0.80   8.0     O   13.1   12.6   12.6  1030.5   0.00    0.0    0.055   0.000   23.4    48   11.8   23.3    8.93   1.1948     351     1    100.0   15 
17/02/24  19:15   12.8   12.9   12.7    69    7.3    3.2    ONO   0.80   6.4   ONO   12.8   12.4   12.4  1030.4   0.00    0.0    0.057   0.000   23.5    49   12.2   23.4    9.05   1.1940     351     1    100.0   15 
17/02/24  19:30   12.5   12.7   12.4    70    7.2    3.2    ONO   0.80   6.4    NO   12.5   12.1   12.1  1030.4   0.00    0.0    0.061   0.000   23.5    49   12.2   23.4    9.05   1.1941     351     1    100.0   15 
17/02/24  19:45   12.2   12.4   12.1    71    7.1    3.2    ONO   0.80   8.0   OSO   12.2   11.8   11.8  1030.7   0.00    0.0    0.064   0.000   23.5    48   11.9   23.3    8.94   1.1947     349     1    100.0   15 
17/02/24  20:00   12.0   12.1   11.8    71    6.9    3.2    ONO   0.80   6.4    NO   12.0   11.6   11.6  1030.9   0.00    0.0    0.066   0.000   23.6    48   11.9   23.4    8.94   1.1947     349     1    100.0   15 
17/02/24  20:15   12.0   12.2   11.9    72    7.1    4.8    ONO   1.21  11.3   ONO   12.0   11.7   11.7  1031.2   0.00    0.0    0.066   0.000   23.6    48   11.9   23.4    8.94   1.1951     351     1    100.0   15 
17/02/24  20:30   12.1   12.2   11.9    72    7.2    3.2    ONO   0.80   9.7   ONO   12.1   11.7   11.7  1031.6   0.00    0.0    0.065   0.000   23.6    48   11.9   23.4    8.94   1.1955     351     1    100.0   15 
17/02/24  20:45   12.2   12.4   12.0    71    7.1    3.2    ONO   0.80  11.3     O   12.2   11.8   11.8  1031.6   0.00    0.0    0.064   0.000   23.6    48   11.9   23.4    8.94   1.1955     350     1    100.0   15 
17/02/24  21:00   12.3   12.4   12.3    71    7.2    3.2      O   0.80   8.0    NO   12.3   11.9   11.9  1031.6   0.00    0.0    0.062   0.000   23.5    48   11.9   23.3    8.94   1.1958     350     1    100.0   15 
17/02/24  21:15   12.3   12.3   12.3    71    7.2    1.6      O   0.40   8.0     O   12.3   11.9   11.9  1031.6   0.00    0.0    0.062   0.000   23.3    48   11.7   23.1    8.93   1.1967     351     1    100.0   15 
17/02/24  21:30   12.3   12.3   12.2    71    7.2    1.6      O   0.40   4.8     O   12.3   11.9   11.9  1031.6   0.00    0.0    0.063   0.000   23.2    49   11.9   22.9    9.05   1.1971     351     1    100.0   15 
17/02/24  21:45   12.1   12.2   11.9    74    7.6    3.2     NE   0.80   4.8     O   12.1   11.8   11.8  1031.7   0.00    0.0    0.065   0.000   23.0    49   11.7   22.7    9.05   1.1980     351     1    100.0   15 
17/02/24  22:00   11.9   11.9   11.9    75    7.6    1.6     NE   0.40   6.4    NE   11.9   11.6   11.6  1031.6   0.00    0.0    0.067   0.000   22.8    49   11.6   22.5    9.05   1.1987     351     1    100.0   15 
17/02/24  22:15   11.9   11.9   11.8    75    7.6    0.0     NE   0.00   1.6    NE   11.9   11.6   11.6  1031.5   0.00    0.0    0.067   0.000   22.7    49   11.4   22.3    9.05   1.1995     351     1    100.0   15 
17/02/24  22:30   11.8   11.9   11.6    74    7.3    1.6     NE   0.40   4.8     N   11.8   11.5   11.5  1031.5   0.00    0.0    0.068   0.000   22.5    49   11.2   22.1    9.05   1.2004     352     1    100.0   15 
17/02/24  22:45   11.4   11.6   11.3    76    7.4    3.2      N   0.80   4.8   NNO   11.4   11.2   11.2  1031.7   0.00    0.0    0.072   0.000   22.5    49   11.2   22.1    9.05   1.2005     351     1    100.0   15 
17/02/24  23:00   11.3   11.4   11.3    76    7.3    1.6    NNO   0.40   4.8   NNO   11.3   11.1   11.1  1031.7   0.00    0.0    0.073   0.000   22.6    50   11.7   22.3    9.25   1.1997     350     1    100.0   15 
17/02/24  23:15   11.5   11.7   11.3    75    7.2    1.6    NNO   0.40   3.2   NNO   11.5   11.2   11.2  1031.8   0.00    0.0    0.071   0.000   22.9    50   11.9   22.6    9.25   1.1984     351     1    100.0   15 
17/02/24  23:30   11.8   11.9   11.7    74    7.3    0.0    NNO   0.00   3.2   NNO   11.8   11.6   11.6  1031.8   0.00    0.0    0.068   0.000   23.1    50   12.1   22.8    9.25   1.1975     352     1    100.0   15 
17/02/24  23:45   11.9   11.9   11.8    74    7.4    1.6    SSO   0.40   4.8   SSO   11.9   11.6   11.6  1031.7   0.00    0.0    0.067   0.000   22.9    50   12.0   22.7    9.25   1.1980     347     1    100.0   15 
18/02/24  00:00   11.8   11.8   11.7    74    7.3    1.6    SSO   0.40   3.2   SSO   11.8   11.5   11.5  1031.7   0.00    0.0    0.068   0.000   22.8    50   11.8   22.5    9.25   1.1989     350     1    100.0   15 
18/02/24   0:15   11.6   11.7   11.3    74    7.1    0.0    SSO   0.00   4.8   SSO   11.6   11.3   11.3  1031.7   0.00    0.0    0.071   0.000   22.6    51   11.9   22.2    9.40   1.1997     348     1    100.0   15 
18/02/24   0:30   10.9   11.3   10.7    75    6.7    1.6    SSO   0.40   4.8   SSO   10.9   10.7   10.7  1031.7   0.00    0.0    0.077   0.000   22.3    51   11.7   21.9    9.41   1.2008     350     1    100.0   15 
18/02/24   0:45   10.9   11.1   10.8    74    6.5    1.6     SO   0.40   6.4     O   10.9   10.7   10.7  1031.8   0.00    0.0    0.077   0.000   22.1    51   11.5   21.6    9.41   1.2020     350     1    100.0   15 
18/02/24   1:00   11.1   11.2   11.0    74    6.6    1.6      O   0.40   3.2     O   11.1   10.9   10.9  1031.8   0.00    0.0    0.075   0.000   21.9    51   11.3   21.3    9.42   1.2032     351     1    100.0   15 
18/02/24   1:15   10.7   11.0   10.3    77    6.8    4.8    ENE   1.21   8.0   ENE   10.6   10.6   10.4  1031.9   0.00    0.0    0.080   0.000   21.7    51   11.1   20.9    9.43   1.2043     351     1    100.0   15 
18/02/24   1:30   10.2   10.3   10.1    79    6.7    1.6    ENE   0.40   4.8   ENE   10.2   10.1   10.1  1031.9   0.00    0.0    0.085   0.000   21.4    52   11.2   20.7    9.64   1.2052     351     1    100.0   15 
18/02/24   1:45   10.2   10.2   10.1    77    6.3    1.6      O   0.40   6.4    NO   10.2   10.1   10.1  1031.9   0.00    0.0    0.085   0.000   21.2    52   11.0   20.4    9.65   1.2064     350     1    100.0   15 
18/02/24   2:00   10.1   10.2    9.9    77    6.2    1.6      O   0.40   6.4     O   10.1   10.0   10.0  1032.0   0.00    0.0    0.086   0.000   21.0    52   10.8   20.2    9.65   1.2076     352     1    100.0   15 
18/02/24   2:15   10.3   10.4   10.2    75    6.1    0.0      O   0.00   3.2     O   10.3   10.2   10.2  1031.9   0.00    0.0    0.083   0.000   20.8    52   10.6   20.1    9.66   1.2082     350     1    100.0   15 
18/02/24   2:30   10.3   10.4   10.3    75    6.1    1.6      O   0.40   3.2     O   10.3   10.2   10.2  1031.9   0.00    0.0    0.083   0.000   20.6    53   10.7   19.9    9.87   1.2091     351     1    100.0   15 
18/02/24   2:45   10.2   10.3   10.2    75    6.0    0.0      O   0.00   3.2     O   10.2   10.1   10.1  1031.9   0.00    0.0    0.084   0.000   20.4    53   10.5   19.8    9.87   1.2100     348     1    100.0   15 
18/02/24   3:00   10.3   10.3   10.2    75    6.0    1.6      O   0.40   4.8     O   10.3   10.2   10.2  1032.0   0.00    0.0    0.084   0.000   20.3    53   10.4   19.7    9.88   1.2109     351     1    100.0   15 
18/02/24   3:15   10.3   10.4   10.3    74    5.9    1.6      O   0.40   4.8     O   10.3   10.2   10.2  1031.9   0.00    0.0    0.083   0.000   20.1    53   10.2   19.6    9.89   1.2117     349     1    100.0   15 
