                 Temp.  Temp.  Temp.  Hum.   Punt   Vel.   Dir.   Rec.  Vel.  Dir.  Sens.   Índ.   Índ.                  Int. Graus D.Graus D.  Temp.  Hum. Rosada  In.Cal.  EMC     Dens.    Mostr   Tx   Recep.  Int.
  Data    Hora    Ext.   Màx.   Mín.  Ext. Rosada   Vent   Vent   Vent  Màx.  Màx.  Tèrm.  Calor   THW    Bar    Pluja   Pluja  Calor    Fred    Int.  Int.   Int.   Int.    Int.  Int.Aire    Vent   Vent   ISS   Arc.
-------------------------------------------------------------------------------------------------------------------------------------------------------------------------------------------------------------------------
26/02/24   0:15   10.9   11.1   10.9    78    7.3    0.0      O   0.00   4.8     O   10.9   10.8   10.8   999.7   0.00    0.0    0.077   0.000   21.3    48    9.9   20.3    8.86   1.1688     349     1    100.0   15 
26/02/24   0:30   11.2   11.3   11.1    77    7.3    1.6      O   0.40   9.7   ONO   11.2   11.0   11.0   999.4   0.00    0.0    0.075   0.000   21.1    48    9.7   20.1    8.85   1.1696     351     1    100.0   15 
26/02/24   0:45   11.3   11.3   11.3    76    7.2    3.2    ONO   0.80  11.3     O   11.3   11.1   11.1   999.2   0.00    0.0    0.073   0.000   20.9    48    9.5   19.9    8.86   1.1704     352     1    100.0   15 
26/02/24   1:00   11.3   11.3   11.2    76    7.2    3.2    ONO   0.80  11.3     O   11.3   11.1   11.1   999.1   0.00    0.0    0.073   0.000   20.7    49    9.6   19.8    9.07   1.1711     351     1    100.0   15 
26/02/24   1:15   11.3   11.3   11.2    76    7.2    3.2    ONO   0.80   8.0     O   11.3   11.1   11.1   999.2   0.00    0.0    0.073   0.000   20.4    49    9.4   19.6    9.07   1.1722     350     1    100.0   15 
26/02/24   1:30   11.4   11.6   11.2    76    7.3    4.8    ONO   1.21  14.5     O   11.4   11.2   11.2   999.2   0.00    0.0    0.072   0.000   20.3    49    9.2   19.5    9.08   1.1731     351     1    100.0   15 
26/02/24   1:45   11.8   12.2   11.6    74    7.3    4.8      O   1.21  11.3   ONO   11.8   11.6   11.6   999.3   0.00    0.0    0.068   0.000   20.1    50    9.4   19.4    9.29   1.1738     352     1    100.0   15 
26/02/24   2:00   12.4   12.5   12.2    74    7.9    6.4    ONO   1.61  16.1   ONO   12.1   12.1   11.8   999.4   0.00    0.0    0.062   0.000   19.9    50    9.2   19.2    9.29   1.1746     349     1    100.0   15 
26/02/24   2:15   12.7   12.8   12.5    73    8.0    6.4      O   1.61  17.7   ONO   12.5   12.4   12.2   999.3   0.00    0.0    0.058   0.000   19.8    50    9.1   19.1    9.30   1.1754     350     1    100.0   15 
26/02/24   2:30   12.6   12.8   12.3    74    8.1    3.2    ONO   0.80  11.3     O   12.6   12.3   12.3   999.3   0.00    0.0    0.060   0.000   19.6    50    8.9   18.8    9.30   1.1762     351     1    100.0   15 
26/02/24   2:45   12.0   12.3   11.7    76    7.9    4.8    ONO   1.21   9.7   ONO   12.0   11.7   11.7   999.2   0.00    0.0    0.066   0.000   19.7    50    8.9   18.9    9.30   1.1758     351     1    100.0   15 
26/02/24   3:00   11.8   11.8   11.7    76    7.7    4.8    ONO   1.21  12.9   ONO   11.8   11.5   11.5   998.9   0.00    0.0    0.068   0.000   19.8    50    9.1   19.1    9.30   1.1746     351     1    100.0   15 
26/02/24   3:15   11.8   11.9   11.8    76    7.7    6.4    ONO   1.61  14.5   ONO   11.5   11.6   11.2   998.8   0.00    0.0    0.068   0.000   20.2    50    9.4   19.4    9.28   1.1729     350     1    100.0   15 
26/02/24   3:30   11.6   11.8   11.6    77    7.7    6.4    ONO   1.61  17.7   ONO   11.2   11.4   11.0   998.8   0.00    0.0    0.070   0.000   20.4    49    9.4   19.6    9.07   1.1717     350     1    100.0   15 
26/02/24   3:45   11.4   11.6   11.2    77    7.5    4.8     NO   1.21   9.7   OSO   11.4   11.2   11.2   998.7   0.00    0.0    0.072   0.000   20.7    49    9.6   19.8    9.07   1.1706     351     1    100.0   15 
26/02/24   4:00   11.0   11.2   10.9    78    7.3    1.6      O   0.40   6.4   ONO   11.0   10.8   10.8   998.8   0.00    0.0    0.076   0.000   20.8    49    9.7   19.9    9.06   1.1699     352     1    100.0   15 
26/02/24   4:15   10.8   10.9   10.6    79    7.3    3.2      O   0.80   6.4   ONO   10.8   10.7   10.7   998.7   0.00    0.0    0.079   0.000   20.9    49    9.8   20.0    9.06   1.1693     351     1    100.0   15 
26/02/24   4:30   10.6   10.6   10.5    80    7.2    4.8    ONO   1.21  11.3     O   10.4   10.5   10.4   998.7   0.00    0.0    0.081   0.000   20.9    49    9.8   19.9    9.06   1.1695     350     1    100.0   15 
26/02/24   4:45   10.6   10.6   10.5    79    7.1    4.8      O   1.21  14.5     O   10.4   10.5   10.4   999.0   0.00    0.0    0.081   0.000   20.7    49    9.6   19.8    9.06   1.1707     351     1    100.0   15 
26/02/24   5:00   10.4   10.5   10.3    79    7.0    1.6    OSO   0.40   6.4    SO   10.4   10.4   10.4   999.2   0.00    0.0    0.082   0.000   20.5    49    9.4   19.7    9.07   1.1720     352     1    100.0   15 
26/02/24   5:15   10.1   10.3    9.9    81    6.9    1.6      S   0.40   4.8     S   10.1   10.1   10.1   999.7   0.00    0.0    0.086   0.000   20.3    50    9.6   19.6    9.28   1.1731     348     1    100.0   15 
26/02/24   5:30    9.8    9.9    9.6    80    6.5    3.2    SSO   0.80  11.3   ONO    9.8    9.8    9.8   999.6   0.00    0.0    0.089   0.000   20.3    50    9.5   19.5    9.28   1.1732     351     1    100.0   15 
26/02/24   5:45    9.6    9.6    9.5    80    6.3    3.2    ONO   0.80  11.3    NO    9.6    9.5    9.5   999.3   0.00    0.0    0.091   0.000   20.4    49    9.4   19.6    9.07   1.1723     351     1    100.0   15 
26/02/24   6:00    9.6    9.7    9.6    80    6.3    3.2      S   0.80  11.3     S    9.6    9.5    9.5   999.6   0.00    0.0    0.091   0.000   20.7    49    9.6   19.8    9.06   1.1714     351     1    100.0   15 
26/02/24   6:15    9.8   10.2    9.6    76    5.7    6.4    SSO   1.61  19.3   OSO    9.1    9.7    9.0   999.9   0.00    0.0    0.089   0.000   21.0    49    9.9   20.1    9.05   1.1704     351     1    100.0   15 
26/02/24   6:30   10.2   10.3   10.2    74    5.8    4.8      O   1.21  11.3   OSO   10.1   10.1    9.9   999.9   0.00    0.0    0.084   0.000   21.2    48    9.7   20.1    8.85   1.1699     351     1    100.0   15 
26/02/24   6:45   10.2   10.3   10.2    72    5.4    6.4    ONO   1.61  14.5    NO    9.6   10.0    9.4   999.6   0.00    0.0    0.084   0.000   21.3    48    9.9   20.3    8.86   1.1687     349     1    100.0   15 
26/02/24   7:00   10.2   10.3   10.0    74    5.8    6.4    ONO   1.61  25.7   OSO    9.6   10.1    9.4   999.4   0.00    0.0    0.084   0.000   21.5    48   10.0   20.6    8.86   1.1676     350     1    100.0   15 
26/02/24   7:15    9.9   10.0    9.8    75    5.7    1.6    ONO   0.40   9.7     O    9.9    9.8    9.8   999.6   0.00    0.0    0.088   0.000   21.6    48   10.1   20.7    8.87   1.1673     351     1    100.0   15 
26/02/24   7:30    9.7    9.8    9.6    75    5.4    0.0      O   0.00   4.8     O    9.7    9.5    9.5   999.5   0.00    0.0    0.090   0.000   21.7    48   10.2   20.8    8.87   1.1670     351     1    100.0   15 
26/02/24   7:45    9.4    9.6    9.3    77    5.6    3.2    ONO   0.80   8.0     O    9.4    9.3    9.3   999.7   0.00    0.0    0.093   0.000   21.9    48   10.4   21.2    8.88   1.1658     351     1    100.0   15 
26/02/24   8:00    9.6    9.9    9.3    75    5.3    4.8    ONO   1.21  14.5    SO    9.3    9.4    9.1   999.8   0.00    0.0    0.091   0.000   22.3    48   10.8   21.8    8.89   1.1641     351     1    100.0   15 
26/02/24   8:15   10.1   10.2    9.9    73    5.5    4.8      O   1.21  14.5     O    9.9    9.9    9.8  1000.0   0.00    0.0    0.086   0.000   22.8    48   11.2   22.5    8.91   1.1619     348     1    100.0   15 
26/02/24   8:30   10.3   10.8   10.1    70    5.1    6.4      O   1.61  14.5     O    9.8   10.1    9.5  1000.2   0.00    0.0    0.083   0.000   23.1    47   11.2   22.8    8.75   1.1611     352     1    100.0   15 
26/02/24   8:45   11.2   11.6   10.8    67    5.3    4.8    ONO   1.21  14.5    NO   11.2   10.8   10.8   999.8   0.00    0.0    0.074   0.000   23.6    47   11.6   23.4    8.75   1.1583     351     1    100.0   15 
26/02/24   9:00   11.7   12.1   11.6    66    5.6    6.4    ONO   1.61  16.1     N   11.3   11.2   10.8   999.4   0.00    0.0    0.069   0.000   23.9    46   11.6   23.8    8.55   1.1567     350     1    100.0   15 
26/02/24   9:15   12.2   12.4   12.1    63    5.4    6.4    ONO   1.61  16.1   OSO   11.9   11.6   11.3   999.6   0.00    0.0    0.064   0.000   24.1    45   11.4   23.9    8.44   1.1563     351     1    100.0   15 
26/02/24   9:30   12.4   12.6   12.3    63    5.6    4.8      O   1.21  16.1     O   12.4   11.8   11.8   999.9   0.00    0.0    0.061   0.000   24.2    45   11.5   24.0    8.44   1.1561     352     1    100.0   15 
26/02/24   9:45   12.4   12.6   12.3    63    5.6    6.4      O   1.61  16.1     O   12.2   11.8   11.6   999.9   0.00    0.0    0.061   0.000   24.0    45   11.3   23.8    8.45   1.1571     351     1    100.0   15 
26/02/24  10:00   12.4   12.6   12.4    62    5.4    3.2      O   0.80  11.3     O   12.4   11.8   11.8   999.8   0.00    0.0    0.061   0.000   23.8    45   11.1   23.6    8.45   1.1581     350     1    100.0   15 
26/02/24  10:15   12.6   12.7   12.4    61    5.2    4.8    ONO   1.21  17.7     O   12.6   11.9   11.9   999.5   0.00    0.0    0.060   0.000   23.6    45   10.9   23.3    8.45   1.1588     351     1    100.0   15 
26/02/24  10:30   12.9   13.1   12.7    59    5.1    8.0    ONO   2.01  20.9   ONO   12.5   12.2   11.8   999.3   0.00    0.0    0.056   0.000   23.4    46   11.2   23.2    8.57   1.1587     351     1    100.0   15 
26/02/24  10:45   13.3   13.6   13.1    58    5.2    8.0      O   2.01  20.9    SO   12.9   12.5   12.1   999.5   0.00    0.0    0.053   0.000   23.3    46   11.1   23.1    8.57   1.1595     350     1    100.0   15 
26/02/24  11:00   13.9   14.1   13.6    56    5.3    8.0      O   2.01  24.1   OSO   13.6   13.1   12.8   999.3   0.00    0.0    0.046   0.000   23.3    45   10.7   23.0    8.45   1.1596     351     1    100.0   15 
26/02/24  11:15   14.0   14.2   13.8    56    5.4    9.7    ONO   2.41  25.7     O   13.4   13.2   12.6   999.3   0.00    0.0    0.045   0.000   23.3    45   10.7   22.9    8.45   1.1599     350     1    100.0   15 
26/02/24  11:30   13.8   13.9   13.8    56    5.2    9.7    ONO   2.41  25.7   OSO   13.3   13.0   12.4   999.3   0.00    0.0    0.047   0.000   23.3    45   10.7   22.9    8.45   1.1599     351     1    100.0   15 
26/02/24  11:45   13.8   13.9   13.7    55    4.9    9.7    ONO   2.41  22.5     O   13.2   12.9   12.3   999.2   0.00    0.0    0.047   0.000   23.3    45   10.7   22.9    8.45   1.1598     351     1    100.0   15 
26/02/24  12:00   14.3   15.0   13.9    50    4.0    4.8    ONO   1.21  16.1     O   14.3   13.2   13.2   999.1   0.00    0.0    0.042   0.000   23.2    45   10.6   22.8    8.45   1.1599     350     1    100.0   15 
26/02/24  12:15   14.9   15.1   14.8    47    3.7    9.7    ONO   2.41  25.7    NO   14.6   13.7   13.4   998.8   0.00    0.0    0.035   0.000   23.3    45   10.7   22.9    8.45   1.1593     351     1    100.0   15 
26/02/24  12:30   14.7   14.8   14.6    49    4.1    9.7    ONO   2.41  24.1    NO   14.3   13.6   13.2   998.8   0.00    0.0    0.038   0.000   23.3    45   10.7   22.9    8.45   1.1593     350     1    100.0   15 
26/02/24  12:45   15.1   15.6   14.8    49    4.5    6.4    OSO   1.61  27.4     O   15.1   13.9   13.9   998.6   0.00    0.0    0.034   0.000   23.3    45   10.7   22.9    8.45   1.1591     352     1    100.0   15 
26/02/24  13:00   15.9   16.2   15.6    45    4.0    8.0    ONO   2.01  22.5     O   15.9   14.7   14.7   998.3   0.00    0.0    0.025   0.000   23.4    45   10.8   23.1    8.45   1.1582     351     1    100.0   15 
26/02/24  13:15   15.9   16.2   15.8    42    3.0    9.7      O   2.41  24.1     O   15.8   14.6   14.4   998.3   0.00    0.0    0.025   0.000   23.4    45   10.8   23.2    8.45   1.1580     349     1    100.0   15 
26/02/24  13:30   16.5   16.7   16.1    41    3.2    8.0      O   2.01  19.3     O   16.5   15.1   15.1   997.9   0.00    0.0    0.019   0.000   23.6    45   10.9   23.3    8.45   1.1569     350     1    100.0   15 
26/02/24  13:45   16.6   16.7   16.3    40    2.9    8.0      O   2.01  24.1   OSO   16.6   15.1   15.1   997.7   0.00    0.0    0.019   0.000   23.6    44   10.6   23.3    8.26   1.1567     351     1    100.0   15 
26/02/24  14:00   16.2   16.6   15.9    42    3.3    6.4      O   1.61  16.1   ONO   16.2   14.8   14.8   997.6   0.00    0.0    0.022   0.000   23.6    44   10.6   23.2    8.26   1.1569     352     1    100.0   15 
26/02/24  14:15   16.4   16.6   16.1    41    3.1    6.4      O   1.61  19.3    NO   16.4   15.0   15.0   997.4   0.00    0.0    0.020   0.000   23.6    45   10.9   23.3    8.45   1.1563     351     1    100.0   15 
26/02/24  14:30   16.5   16.6   16.3    41    3.2    8.0      O   2.01  22.5     O   16.5   15.1   15.1   997.2   0.00    0.0    0.019   0.000   23.6    46   11.3   23.3    8.56   1.1558     351     1    100.0   15 
26/02/24  14:45   16.4   16.5   16.3    42    3.4    8.0      O   2.01  22.5     O   16.4   15.0   15.0   997.2   0.00    0.0    0.020   0.000   23.6    46   11.3   23.4    8.56   1.1555     351     1    100.0   15 
26/02/24  15:00   16.6   16.8   16.3    41    3.2    8.0      O   2.01  24.1     O   16.6   15.1   15.1   997.3   0.00    0.0    0.019   0.000   23.7    46   11.4   23.5    8.56   1.1554     352     1    100.0   15 
26/02/24  15:15   16.6   16.8   16.2    42    3.6    9.7      O   2.41  24.1   ONO   16.6   15.2   15.2   997.3   0.00    0.0    0.018   0.000   23.7    46   11.4   23.6    8.56   1.1551     351     1    100.0   15 
26/02/24  15:30   16.0   16.2   15.9    42    3.1    8.0      O   2.01  20.9     O   16.0   14.6   14.6   997.3   0.00    0.0    0.024   0.000   23.7    46   11.4   23.5    8.56   1.1553     350     1    100.0   15 
26/02/24  15:45   15.9   15.9   15.8    42    3.0    8.0      O   2.01  25.7   OSO   15.9   14.5   14.5   997.2   0.00    0.0    0.025   0.000   23.6    45   10.9   23.3    8.45   1.1561     349     1    100.0   15 
26/02/24  16:00   15.7   15.9   15.6    43    3.1    9.7    ONO   2.41  25.7   OSO   15.4   14.3   14.1   997.3   0.00    0.0    0.028   0.000   23.4    45   10.8   23.1    8.45   1.1570     352     1    100.0   15 
26/02/24  16:15   15.3   15.6   14.9    44    3.1   11.3    ONO   2.82  24.1   ONO   14.8   13.9   13.4   997.2   0.00    0.0    0.032   0.000   23.3    44   10.3   22.9    8.27   1.1578     346     1    100.0   15 
26/02/24  16:30   14.8   14.9   14.7    47    3.6    9.7      O   2.41  19.3     O   14.4   13.6   13.2   997.5   0.00    0.0    0.037   0.000   23.2    44   10.2   22.7    8.28   1.1587     351     1    100.0   15 
26/02/24  16:45   14.7   14.8   14.6    46    3.2    8.0      O   2.01  24.1     O   14.6   13.5   13.3   997.4   0.00    0.0    0.038   0.000   23.1    44   10.2   22.7    8.28   1.1588     350     1    100.0   15 
26/02/24  17:00   14.4   14.6   14.2    45    2.6    9.7      O   2.41  22.5   ONO   14.0   13.2   12.7   997.5   0.00    0.0    0.041   0.000   23.2    45   10.6   22.8    8.45   1.1583     351     1    100.0   15 
26/02/24  17:15   13.9   14.2   13.7    46    2.4    9.7    ONO   2.41  24.1   ONO   13.3   12.7   12.2   997.7   0.00    0.0    0.046   0.000   23.3    44   10.3   22.9    8.27   1.1583     352     1    100.0   15 
26/02/24  17:30   13.4   13.7   13.1    48    2.6    6.4    ONO   1.61  17.7   ONO   13.3   12.3   12.2   997.9   0.00    0.0    0.052   0.000   23.3    45   10.7   22.9    8.45   1.1582     350     1    100.0   15 
26/02/24  17:45   12.8   13.1   12.6    49    2.4    6.4    ONO   1.61  19.3     O   12.6   11.8   11.6   998.0   0.00    0.0    0.057   0.000   23.3    46   11.1   23.1    8.57   1.1578     351     1    100.0   15 
26/02/24  18:00   12.3   12.6   12.2    50    2.1    6.4    ONO   1.61  17.7    SO   12.0   11.3   11.1   998.2   0.00    0.0    0.063   0.000   23.4    47   11.4   23.2    8.75   1.1575     351     1    100.0   15 
26/02/24  18:15   12.2   12.2   12.1    51    2.3    9.7    ONO   2.41  22.5    NO   11.3   11.3   10.4   998.3   0.00    0.0    0.064   0.000   23.4    47   11.4   23.2    8.75   1.1575     352     1    100.0   15 
26/02/24  18:30   11.9   12.1   11.7    53    2.6    8.0    ONO   2.01  30.6   OSO   11.2   11.1   10.4   998.5   0.00    0.0    0.067   0.000   23.4    47   11.5   23.2    8.75   1.1576     351     1    100.0   15 
26/02/24  18:45   11.5   11.7   11.3    55    2.8    9.7      O   2.41  20.9     O   10.4   10.8    9.7   998.8   0.00    0.0    0.071   0.000   23.5    47   11.5   23.3    8.75   1.1576     351     1    100.0   15 
26/02/24  19:00   11.1   11.3   10.8    58    3.2    8.0      O   2.01  22.5    NO   10.3   10.5    9.7   998.9   0.00    0.0    0.075   0.000   23.6    46   11.3   23.3    8.56   1.1578     351     1    100.0   15 
26/02/24  19:15   10.6   10.8   10.3    60    3.1    4.8    ONO   1.21  16.1     O   10.4   10.1    9.9   999.0   0.00    0.0    0.081   0.000   23.7    46   11.4   23.5    8.56   1.1573     352     1    100.0   15 
26/02/24  19:30   10.1   10.3    9.9    63    3.4    8.0      O   2.01  17.7   OSO    9.1    9.7    8.7   999.5   0.00    0.0    0.086   0.000   23.7    46   11.4   23.6    8.56   1.1576     351     1    100.0   15 
26/02/24  19:45    9.6    9.9    9.3    67    3.8    8.0    ONO   2.01  22.5     O    8.6    9.3    8.3   999.7   0.00    0.0    0.091   0.000   23.8    46   11.5   23.7    8.55   1.1573     351     1    100.0   15 
26/02/24  20:00    9.2    9.3    9.0    68    3.6    8.0    ONO   2.01  20.9   ONO    8.1    8.9    7.8   999.8   0.00    0.0    0.095   0.000   23.9    46   11.6   23.8    8.55   1.1572     350     1    100.0   15 
26/02/24  20:15    8.9    9.0    8.8    70    3.7    6.4    ONO   1.61  14.5   ONO    8.1    8.6    7.8  1000.0   0.00    0.0    0.098   0.000   23.8    46   11.5   23.7    8.55   1.1578     351     1    100.0   15 
26/02/24  20:30    8.7    8.8    8.7    71    3.8    6.4    ONO   1.61  16.1    NO    7.9    8.4    7.6  1000.4   0.00    0.0    0.100   0.000   23.8    46   11.5   23.6    8.55   1.1584     352     1    100.0   15 
26/02/24  20:45    8.6    8.7    8.6    72    3.8    6.4      O   1.61  17.7   ONO    7.8    8.4    7.6  1000.8   0.00    0.0    0.101   0.000   23.6    46   11.3   23.4    8.56   1.1597     351     1    100.0   15 
26/02/24  21:00    8.5    8.6    8.4    73    3.9    3.2    ONO   0.80  11.3   NNO    8.5    8.3    8.3  1001.1   0.00    0.0    0.102   0.000   23.4    46   11.1   23.1    8.57   1.1612     351     1    100.0   15 
26/02/24  21:15    8.3    8.4    8.2    73    3.8    3.2      O   0.80  11.3     O    8.3    8.1    8.1  1001.3   0.00    0.0    0.104   0.000   23.1    47   11.2   22.8    8.75   1.1624     351     1    100.0   15 
26/02/24  21:30    8.1    8.2    8.1    74    3.8    4.8      O   1.21  14.5   OSO    7.7    7.9    7.5  1001.1   0.00    0.0    0.106   0.000   22.9    47   11.0   22.5    8.75   1.1632     352     1    100.0   15 
26/02/24  21:45    8.1    8.1    8.0    75    3.9    6.4    ONO   1.61  20.9    NO    7.1    7.9    6.9  1001.2   0.00    0.0    0.107   0.000   22.7    47   10.8   22.2    8.75   1.1645     349     1    100.0   15 
26/02/24  22:00    8.1    8.1    8.0    75    3.9    6.4    ONO   1.61  17.7     O    7.1    7.9    6.9  1001.5   0.00    0.0    0.107   0.000   22.4    47   10.6   21.9    8.75   1.1658     349     1    100.0   15 
26/02/24  22:15    7.9    8.0    7.8    76    4.0    4.8    ONO   1.21  12.9   ONO    7.5    7.8    7.3  1001.5   0.00    0.0    0.108   0.000   22.2    48   10.7   21.6    8.89   1.1666     350     1    100.0   15 
26/02/24  22:30    7.7    7.8    7.7    76    3.8    1.6    ONO   0.40   9.7   ONO    7.7    7.5    7.5  1001.7   0.00    0.0    0.111   0.000   22.1    48   10.5   21.3    8.88   1.1677     350     1    100.0   15 
26/02/24  22:45    7.3    7.7    6.9    78    3.7    3.2      O   0.80   8.0   ONO    7.3    7.2    7.2  1001.8   0.00    0.0    0.115   0.000   21.9    48   10.4   21.1    8.88   1.1686     352     1    100.0   15 
26/02/24  23:00    6.7    6.9    6.6    79    3.3    3.2    ONO   0.80   6.4     O    6.7    6.6    6.6  1001.7   0.00    0.0    0.121   0.000   21.8    48   10.3   21.1    8.88   1.1688     351     1    100.0   15 
26/02/24  23:15    6.7    6.9    6.6    80    3.5    3.2    ONO   0.80   8.0   ONO    6.7    6.6    6.6  1001.6   0.00    0.0    0.121   0.000   22.0    48   10.5   21.3    8.88   1.1678     350     1    100.0   15 
26/02/24  23:30    7.0    7.1    6.9    79    3.6    3.2      O   0.80   8.0   OSO    7.0    6.9    6.9  1001.8   0.00    0.0    0.118   0.000   22.1    48   10.5   21.3    8.88   1.1678     351     1    100.0   15 
26/02/24  23:45    6.9    7.0    6.9    80    3.7    4.8    ONO   1.21  14.5   ONO    6.4    6.8    6.3  1001.9   0.00    0.0    0.119   0.000   21.9    48   10.4   21.2    8.88   1.1685     352     1    100.0   15 
27/02/24  00:00    7.1    7.2    7.0    79    3.7    6.4      O   1.61  14.5     O    6.1    7.0    5.9  1002.1   0.00    0.0    0.117   0.000   21.8    48   10.3   20.9    8.87   1.1695     349     1    100.0   15 
27/02/24   0:15    7.1    7.2    7.1    79    3.7    6.4    ONO   1.61  16.1     O    6.1    7.0    5.9  1002.3   0.00    0.0    0.117   0.000   21.6    48   10.1   20.6    8.87   1.1709     347     1    100.0   15 
27/02/24   0:30    7.1    7.1    7.0    79    3.7    4.8    ONO   1.21  12.9   ONO    6.5    6.9    6.4  1002.4   0.00    0.0    0.117   0.000   21.3    49   10.2   20.4    9.05   1.1718     351     1    100.0   15 
27/02/24   0:45    6.9    7.0    6.9    79    3.6    4.8    ONO   1.21  12.9     O    6.4    6.8    6.3  1002.6   0.00    0.0    0.119   0.000   21.1    49   10.0   20.1    9.05   1.1731     351     1    100.0   15 
27/02/24   1:00    6.9    6.9    6.9    79    3.6    4.8    ONO   1.21   9.7   ONO    6.4    6.8    6.3  1002.8   0.00    0.0    0.119   0.000   20.9    49    9.8   19.9    9.06   1.1744     351     1    100.0   15 
27/02/24   1:15    6.9    6.9    6.9    79    3.6    6.4    ONO   1.61  11.3     O    5.8    6.8    5.7  1002.9   0.00    0.0    0.119   0.000   20.7    49    9.6   19.8    9.07   1.1756     351     1    100.0   15 
27/02/24   1:30    6.9    6.9    6.9    79    3.6    4.8    ONO   1.21  11.3   ONO    6.4    6.8    6.3  1003.1   0.00    0.0    0.119   0.000   20.4    50    9.7   19.7    9.27   1.1766     350     1    100.0   15 
27/02/24   1:45    6.9    6.9    6.8    79    3.5    6.4      O   1.61  14.5   OSO    5.8    6.8    5.7  1003.3   0.00    0.0    0.119   0.000   20.2    50    9.5   19.5    9.28   1.1779     351     1    100.0   15 
27/02/24   2:00    6.8    6.9    6.8    79    3.4    8.0    ONO   2.01  17.7     O    5.3    6.7    5.2  1003.2   0.00    0.0    0.120   0.000   20.0    50    9.3   19.3    9.29   1.1788     350     1    100.0   15 
27/02/24   2:15    6.7    6.8    6.7    79    3.3    6.4    ONO   1.61  16.1    NO    5.6    6.6    5.4  1003.1   0.00    0.0    0.121   0.000   19.8    50    9.1   19.1    9.30   1.1799     352     1    100.0   15 
27/02/24   2:30    6.7    6.7    6.6    79    3.3    6.4    ONO   1.61  14.5    NO    5.5    6.6    5.4  1003.2   0.00    0.0    0.122   0.000   19.5    51    9.1   18.8    9.51   1.1810     351     1    100.0   15 
27/02/24   2:45    6.4    6.6    6.3    80    3.2    6.4    ONO   1.61  17.7    NO    5.3    6.3    5.2  1003.1   0.00    0.0    0.124   0.000   19.3    51    8.9   18.5    9.52   1.1820     350     1    100.0   15 
27/02/24   3:00    6.0    6.3    5.8    81    3.0    4.8    ONO   1.21  14.5   OSO    5.3    5.8    5.2  1003.3   0.00    0.0    0.128   0.000   19.1    51    8.7   18.3    9.52   1.1830     350     1    100.0   15 
27/02/24   3:15    5.6    5.8    5.4    82    2.8    6.4    ONO   1.61  12.9   ONO    4.3    5.4    4.1  1003.2   0.00    0.0    0.133   0.000   19.2    51    8.8   18.4    9.52   1.1827     349     1    100.0   15 
