                 Temp.  Temp.  Temp.  Hum.   Punt   Vel.   Dir.   Rec.  Vel.  Dir.  Sens.   Índ.   Índ.                  Int. Graus D.Graus D.  Temp.  Hum. Rosada  In.Cal.  EMC     Dens.    Mostr   Tx   Recep.  Int.
  Data    Hora    Ext.   Màx.   Mín.  Ext. Rosada   Vent   Vent   Vent  Màx.  Màx.  Tèrm.  Calor   THW    Bar    Pluja   Pluja  Calor    Fred    Int.  Int.   Int.   Int.    Int.  Int.Aire    Vent   Vent   ISS   Arc.
-------------------------------------------------------------------------------------------------------------------------------------------------------------------------------------------------------------------------
25/02/24   0:15    4.6    4.6    4.6    86    2.4    1.6     NO   0.40   4.8    NO    4.6    4.4    4.4  1013.7   0.00    0.0    0.144   0.000   18.8    49    7.9   17.9    9.13   1.1973     349     1    100.0   15 
25/02/24   0:30    4.8    5.0    4.6    86    2.6    1.6     NO   0.40   4.8    NO    4.8    4.7    4.7  1013.6   0.00    0.0    0.141   0.000   18.6    49    7.6   17.6    9.14   1.1986     350     1    100.0   15 
25/02/24   0:45    4.9    5.0    4.7    84    2.4    1.6     NO   0.40   4.8    NO    4.9    4.8    4.8  1013.3   0.00    0.0    0.140   0.000   18.3    50    7.7   17.4    9.35   1.1992     351     1    100.0   15 
25/02/24   1:00    4.6    4.7    4.5    84    2.1    1.6     NO   0.40   3.2    NO    4.6    4.4    4.4  1013.5   0.00    0.0    0.144   0.000   18.1    50    7.5   17.2    9.36   1.2004     352     1    100.0   15 
25/02/24   1:15    4.3    4.6    4.1    83    1.6    3.2      O   0.80   4.8   SSO    4.1    4.2    4.0  1013.4   0.00    0.0    0.146   0.000   18.0    50    7.4   17.0    9.36   1.2009     348     1    100.0   15 
25/02/24   1:30    4.2    4.3    4.1    81    1.2    3.2    ONO   0.80   6.4   ONO    4.0    4.0    3.8  1013.2   0.00    0.0    0.148   0.000   18.2    50    7.6   17.2    9.36   1.1998     350     1    100.0   15 
25/02/24   1:45    4.7    4.9    4.3    77    1.0    3.2     NO   0.80   8.0     O    4.6    4.4    4.3  1013.1   0.00    0.0    0.142   0.000   18.4    50    7.8   17.5    9.35   1.1983     351     1    100.0   15 
25/02/24   2:00    5.4    5.8    4.9    73    1.0    3.2      O   0.80   6.4     O    5.4    5.2    5.2  1013.1   0.00    0.0    0.134   0.000   18.8    49    7.9   17.9    9.13   1.1966     350     1    100.0   15 
25/02/24   2:15    5.5    5.7    5.4    73    1.0    1.6     NO   0.40   8.0   NNO    5.5    5.2    5.2  1012.9   0.00    0.0    0.134   0.000   19.2    49    8.2   18.3    9.12   1.1946     350     1    100.0   15 
25/02/24   2:30    5.6    5.8    5.4    71    0.8    1.6     NO   0.40   4.8    NO    5.6    5.3    5.3  1012.7   0.00    0.0    0.133   0.000   19.5    48    8.2   18.6    8.91   1.1932     351     1    100.0   15 
25/02/24   2:45    5.8    6.1    5.7    70    0.8    1.6     NO   0.40   4.8    NO    5.8    5.5    5.5  1012.5   0.00    0.0    0.130   0.000   19.8    48    8.4   18.9    8.90   1.1916     350     1    100.0   15 
25/02/24   3:00    6.3    6.6    6.1    67    0.6    1.6     NO   0.40   3.2    NO    6.3    6.0    6.0  1012.2   0.00    0.0    0.125   0.000   19.8    47    8.2   18.9    8.80   1.1912     351     1    100.0   15 
25/02/24   3:15    6.8    6.8    6.6    65    0.7    1.6     NO   0.40   4.8    NO    6.8    6.4    6.4  1012.1   0.00    0.0    0.120   0.000   19.7    48    8.4   18.8    8.90   1.1913     350     1    100.0   15 
25/02/24   3:30    6.9    6.9    6.8    65    0.8    1.6     NO   0.40   4.8    NO    6.9    6.5    6.5  1011.9   0.00    0.0    0.119   0.000   19.5    48    8.2   18.6    8.91   1.1923     351     1    100.0   15 
25/02/24   3:45    7.0    7.0    6.9    65    0.9    1.6     NO   0.40   4.8    NO    7.0    6.6    6.6  1011.8   0.00    0.0    0.118   0.000   19.3    48    8.0   18.4    8.91   1.1930     350     1    100.0   15 
25/02/24   4:00    6.9    7.0    6.8    65    0.8    3.2     NO   0.80   6.4     O    6.9    6.6    6.6  1011.8   0.00    0.0    0.119   0.000   19.1    48    7.8   18.2    8.92   1.1940     351     1    100.0   15 
25/02/24   4:15    6.9    6.9    6.8    66    1.0    1.6    ONO   0.40   6.4   ONO    6.9    6.5    6.5  1011.8   0.00    0.0    0.119   0.000   18.9    48    7.6   17.9    8.93   1.1950     351     1    100.0   15 
25/02/24   4:30    7.0    7.1    6.9    66    1.1    1.6      O   0.40   6.4   ONO    7.0    6.6    6.6  1011.9   0.00    0.0    0.118   0.000   18.7    48    7.4   17.7    8.94   1.1963     351     1    100.0   15 
25/02/24   4:45    7.0    7.1    6.9    66    1.1    1.6      O   0.40   6.4     O    7.0    6.6    6.6  1011.9   0.00    0.0    0.118   0.000   18.4    49    7.5   17.4    9.15   1.1971     351     1    100.0   15 
25/02/24   5:00    6.7    6.9    6.4    68    1.2    1.6      O   0.40   6.4     O    6.7    6.3    6.3  1011.7   0.00    0.0    0.122   0.000   18.3    49    7.4   17.3    9.15   1.1977     350     1    100.0   15 
25/02/24   5:15    6.4    6.4    6.2    69    1.1    1.6    ONO   0.40   8.0   ONO    6.4    6.1    6.1  1011.5   0.00    0.0    0.124   0.000   18.3    49    7.4   17.3    9.15   1.1974     351     1    100.0   15 
25/02/24   5:30    6.2    6.3    6.2    69    1.0    1.6    ONO   0.40  11.3     O    6.2    5.9    5.9  1011.4   0.00    0.0    0.126   0.000   18.3    49    7.4   17.3    9.15   1.1971     352     1    100.0   15 
25/02/24   5:45    6.4    6.5    6.3    69    1.2    0.0      O   0.00   1.6     O    6.4    6.1    6.1  1011.3   0.00    0.0    0.124   0.000   18.6    49    7.6   17.6    9.14   1.1959     351     2    100.0   15 
25/02/24   6:00    6.4    6.5    6.3    69    1.1    0.0      O   0.00   1.6     O    6.4    6.1    6.1  1011.2   0.00    0.0    0.124   0.000   18.9    48    7.6   17.9    8.93   1.1944     351     1    100.0   15 
25/02/24   6:15    6.2    6.3    6.1    70    1.1    3.2    ONO   0.80   6.4   ONO    6.2    5.8    5.8  1011.1   0.00    0.0    0.127   0.000   19.2    48    7.9   18.3    8.92   1.1926     350     1    100.0   15 
25/02/24   6:30    6.5    6.8    6.2    67    0.8    3.2    ONO   0.80   8.0   ONO    6.5    6.2    6.2  1010.8   0.00    0.0    0.123   0.000   19.4    47    7.8   18.5    8.81   1.1915     351     1    100.0   15 
25/02/24   6:45    6.8    6.8    6.8    67    1.1    1.6      O   0.40   9.7     O    6.8    6.5    6.5  1010.7   0.00    0.0    0.120   0.000   19.7    47    8.0   18.7    8.80   1.1902     352     1    100.0   15 
25/02/24   7:00    6.8    6.9    6.8    66    0.9    3.2      O   0.80  11.3   OSO    6.8    6.4    6.4  1010.7   0.00    0.0    0.120   0.000   19.8    47    8.2   18.9    8.80   1.1895     351     1    100.0   15 
25/02/24   7:15    7.1    7.2    6.9    66    1.1    3.2      O   0.80  11.3   ONO    7.1    6.7    6.7  1010.6   0.00    0.0    0.117   0.000   20.1    47    8.4   19.2    8.79   1.1882     351     1    100.0   15 
25/02/24   7:30    7.6    8.2    7.2    65    1.4    6.4    ONO   1.61  14.5   OSO    6.6    7.2    6.2  1010.4   0.00    0.0    0.112   0.000   20.3    47    8.6   19.4    8.78   1.1867     351     1    100.0   15 
25/02/24   7:45    8.2    8.3    8.2    65    2.0    6.4    ONO   1.61  16.1     O    7.3    7.8    6.9  1010.3   0.00    0.0    0.105   0.000   20.9    47    9.2   19.8    8.76   1.1839     351     1    100.0   15 
25/02/24   8:00    8.3    8.4    8.3    65    2.1    3.2     NO   0.80  11.3   OSO    8.3    7.9    7.9  1010.3   0.00    0.0    0.104   0.000   21.3    48    9.8   20.3    8.86   1.1817     351     1    100.0   15 
25/02/24   8:15    8.6    8.7    8.4    65    2.3    3.2      O   0.80   8.0     O    8.6    8.2    8.2  1010.1   0.00    0.0    0.102   0.000   21.6    49   10.4   20.8    9.05   1.1795     350     1    100.0   15 
25/02/24   8:30    8.8    8.9    8.7    65    2.6    1.6      O   0.40  11.3   OSO    8.8    8.4    8.4  1010.1   0.00    0.0    0.100   0.000   21.8    49   10.6   21.1    9.05   1.1784     351     1    100.0   15 
25/02/24   8:45    8.9    9.0    8.9    65    2.7    3.2      O   0.80  12.9     O    8.9    8.6    8.6  1009.9   0.00    0.0    0.098   0.000   21.9    49   10.7   21.3    9.05   1.1776     350     1    100.0   15 
25/02/24   9:00    9.1    9.2    9.0    66    3.0    4.8    ONO   1.21  11.3   OSO    8.7    8.7    8.4  1009.9   0.00    0.0    0.097   0.000   22.0    48   10.5   21.3    8.88   1.1776     349     1    100.0   15 
25/02/24   9:15    9.3    9.4    9.2    65    3.0    4.8      O   1.21  14.5    SO    9.0    8.9    8.7  1009.8   0.00    0.0    0.094   0.000   22.1    48   10.6   21.4    8.89   1.1770     351     1    100.0   15 
25/02/24   9:30    9.5    9.6    9.4    66    3.5    6.4      O   1.61  20.9   OSO    8.8    9.2    8.4  1009.7   0.00    0.0    0.092   0.000   22.1    47   10.3   21.4    8.75   1.1771     351     1    100.0   15 
25/02/24   9:45    9.7    9.9    9.6    66    3.7    4.8    ONO   1.21  12.9   ONO    9.5    9.4    9.2  1009.5   0.00    0.0    0.090   0.000   21.9    47   10.1   21.1    8.75   1.1777     351     1    100.0   15 
25/02/24  10:00   10.0   10.2    9.9    66    3.9    4.8      O   1.21  12.9    SO    9.8    9.7    9.5  1009.3   0.00    0.0    0.087   0.000   21.9    47   10.1   21.1    8.75   1.1778     352     1    100.0   15 
25/02/24  10:15   10.4   10.8   10.1    64    3.9    6.4    OSO   1.61  20.9     O    9.9   10.1    9.5  1009.1   0.00    0.0    0.082   0.000   22.1    46    9.9   21.2    8.62   1.1771     351     1    100.0   15 
25/02/24  10:30   10.7   10.8   10.6    65    4.4    8.0      O   2.01  20.9   OSO    9.8   10.3    9.4  1008.8   0.00    0.0    0.080   0.000   22.2    46   10.0   21.4    8.61   1.1762     349     1    100.0   15 
25/02/24  10:45   10.7   10.9   10.5    65    4.4    6.4      O   1.61  20.9   OSO   10.1   10.3    9.7  1008.6   0.00    0.0    0.080   0.000   22.1    46    9.9   21.2    8.62   1.1765     351     1    100.0   15 
25/02/24  11:00   11.1   11.2   10.9    65    4.8    8.0      O   2.01  17.7    NO   10.3   10.7    9.9  1008.6   0.00    0.0    0.075   0.000   21.9    46    9.7   21.0    8.62   1.1773     351     1    100.0   15 
25/02/24  11:15   11.5   11.8   11.2    65    5.1    4.8      O   1.21  16.1   OSO   11.5   11.0   11.0  1008.3   0.00    0.0    0.071   0.000   21.7    46    9.6   20.7    8.63   1.1778     350     1    100.0   15 
25/02/24  11:30   11.7   11.8   11.6    66    5.5    8.0    SSO   2.01  27.4   SSO   10.9   11.2   10.4  1008.2   0.00    0.0    0.069   0.000   21.6    46    9.5   20.6    8.63   1.1782     351     1    100.0   15 
25/02/24  11:45   11.3   11.6   11.2    68    5.6    8.0    OSO   2.01  25.7     S   10.6   10.9   10.2  1008.2   0.00    0.0    0.073   0.000   21.4    46    9.3   20.4    8.64   1.1790     351     1    100.0   15 
25/02/24  12:00   11.0   11.2   10.8    71    5.9    8.0      O   2.01  22.5    SO   10.2   10.7    9.9  1008.0   0.00    0.0    0.076   0.000   21.4    46    9.3   20.3    8.64   1.1790     350     1    100.0   15 
25/02/24  12:15   10.8   10.8   10.7    72    5.9    8.0    OSO   2.01  22.5     O    9.9   10.5    9.7  1007.8   0.00    0.0    0.079   0.000   21.6    46    9.4   20.5    8.63   1.1779     351     1    100.0   15 
25/02/24  12:30   10.7   10.8   10.7    72    5.9    8.0    OSO   2.01  20.9     O    9.9   10.5    9.7  1007.5   0.00    0.0    0.079   0.000   21.7    46    9.5   20.7    8.63   1.1770     351     1    100.0   15 
25/02/24  12:45   10.8   10.8   10.8    71    5.8    6.4      O   1.61  16.1     O   10.3   10.6   10.1  1007.2   0.00    0.0    0.078   0.000   21.8    46    9.6   20.8    8.63   1.1762     351     1    100.0   15 
25/02/24  13:00   11.1   11.3   10.8    69    5.6    6.4      O   1.61  14.5   OSO   10.6   10.7   10.3  1006.8   0.00    0.0    0.076   0.000   21.8    45    9.4   20.9    8.45   1.1758     351     1    100.0   15 
25/02/24  13:15   11.6   11.8   11.3    66    5.4    4.8    OSO   1.21  14.5     O   11.6   11.1   11.1  1006.5   0.00    0.0    0.071   0.000   22.0    45    9.5   21.1    8.45   1.1746     351     1    100.0   15 
25/02/24  13:30   11.9   12.0   11.7    65    5.5    3.2      O   0.80  16.1   SSO   11.9   11.4   11.4  1006.3   0.00    0.0    0.067   0.000   22.1    45    9.6   21.2    8.45   1.1740     351     1    100.0   15 
25/02/24  13:45   11.9   12.0   11.9    65    5.6    4.8      O   1.21  14.5     O   11.9   11.4   11.4  1005.9   0.00    0.0    0.067   0.000   22.1    45    9.6   21.3    8.45   1.1733     350     1    100.0   15 
25/02/24  14:00   12.1   12.3   12.0    65    5.7    3.2     SO   0.80  11.3    SO   12.1   11.6   11.6  1005.7   0.00    0.0    0.065   0.000   22.2    45    9.7   21.4    8.45   1.1725     351     1    100.0   15 
25/02/24  14:15   12.4   12.4   12.3    64    5.8    3.2    SSO   0.80  11.3   OSO   12.4   11.8   11.8  1005.3   0.00    0.0    0.062   0.000   22.3    45    9.8   21.6    8.45   1.1716     348     1    100.0   15 
25/02/24  14:30   12.3   12.3   12.3    65    5.9    4.8    OSO   1.21  17.7     S   12.3   11.8   11.8  1005.1   0.00    0.0    0.062   0.000   22.3    45    9.8   21.6    8.45   1.1713     352     1    100.0   15 
25/02/24  14:45   12.4   12.6   12.3    65    6.0    3.2    OSO   0.80  12.9    SO   12.4   11.8   11.8  1005.1   0.00    0.0    0.062   0.000   22.4    45    9.9   21.7    8.45   1.1710     349     1    100.0   15 
25/02/24  15:00   12.6   12.6   12.5    65    6.1    4.8     SO   1.21  14.5   OSO   12.6   12.0   12.0  1004.9   0.00    0.0    0.060   0.000   22.5    45   10.0   21.8    8.45   1.1703     351     1    100.0   15 
25/02/24  15:15   12.7   12.8   12.6    64    6.0    3.2    SSO   0.80  11.3     S   12.7   12.1   12.1  1004.7   0.00    0.0    0.059   0.000   22.4    45    9.9   21.8    8.45   1.1703     351     1    100.0   15 
25/02/24  15:30   12.8   12.9   12.7    63    6.0    3.2    OSO   0.80   9.7    SO   12.8   12.2   12.2  1004.5   0.00    0.0    0.057   0.000   22.4    45    9.9   21.8    8.45   1.1701     351     1    100.0   15 
25/02/24  15:45   12.6   12.7   12.6    64    6.0    3.2    OSO   0.80  11.3   SSO   12.6   12.0   12.0  1004.5   0.00    0.0    0.060   0.000   22.4    45    9.9   21.8    8.45   1.1700     350     1    100.0   15 
25/02/24  16:00   12.8   12.9   12.7    63    5.9    4.8    OSO   1.21  17.7    SO   12.8   12.2   12.2  1004.4   0.00    0.0    0.058   0.000   22.5    45   10.0   21.8    8.45   1.1697     351     1    100.0   15 
25/02/24  16:15   12.8   12.9   12.8    63    6.0    3.2      O   0.80   9.7   SSO   12.8   12.2   12.2  1004.2   0.00    0.0    0.057   0.000   22.6    44    9.7   21.9    8.30   1.1695     351     1    100.0   15 
25/02/24  16:30   12.7   12.8   12.7    64    6.1    4.8    SSO   1.21  14.5     S   12.7   12.1   12.1  1004.2   0.00    0.0    0.058   0.000   22.6    44    9.7   21.9    8.30   1.1695     351     1    100.0   15 
25/02/24  16:45   12.6   12.7   12.6    65    6.2    4.8      O   1.21  17.7    SO   12.6   12.1   12.1  1004.0   0.00    0.0    0.060   0.000   22.6    44    9.7   21.9    8.30   1.1693     352     1    100.0   15 
25/02/24  17:00   12.7   12.7   12.6    65    6.3    4.8    SSO   1.21  12.9   OSO   12.7   12.1   12.1  1004.0   0.00    0.0    0.059   0.000   22.6    44    9.7   21.9    8.30   1.1692     351     1    100.0   15 
25/02/24  17:15   12.4   12.6   12.4    66    6.3    3.2    OSO   0.80   8.0   OSO   12.4   11.9   11.9  1003.8   0.00    0.0    0.061   0.000   22.6    44    9.7   21.9    8.30   1.1690     351     1    100.0   15 
25/02/24  17:30   12.3   12.4   12.3    66    6.2    3.2    OSO   0.80  11.3    SO   12.3   11.8   11.8  1003.8   0.00    0.0    0.062   0.000   22.6    44    9.7   21.9    8.30   1.1690     351     1    100.0   15 
25/02/24  17:45   12.4   12.4   12.3    66    6.2    1.6      O   0.40   6.4     O   12.4   11.9   11.9  1003.4   0.00    0.0    0.062   0.000   22.6    44    9.7   21.9    8.30   1.1686     351     1    100.0   15 
25/02/24  18:00   12.2   12.3   12.1    68    6.5    1.6      O   0.40   6.4    NO   12.2   11.8   11.8  1003.4   0.00    0.0    0.064   0.000   22.6    45   10.0   21.9    8.45   1.1682     349     1    100.0   15 
25/02/24  18:15   12.1   12.2   12.1    68    6.4    1.6      O   0.40   4.8     O   12.1   11.7   11.7  1003.4   0.00    0.0    0.065   0.000   22.6    45   10.0   21.9    8.45   1.1682     350     1    100.0   15 
25/02/24  18:30   12.0   12.1   11.9    68    6.3    0.0      O   0.00   3.2     O   12.0   11.6   11.6  1003.2   0.00    0.0    0.066   0.000   22.6    45   10.1   22.0    8.45   1.1678     350     1    100.0   15 
25/02/24  18:45   11.9   11.9   11.8    69    6.4    0.0      O   0.00   3.2     O   11.9   11.5   11.5  1003.1   0.00    0.0    0.067   0.000   22.6    45   10.1   22.0    8.45   1.1676     351     1    100.0   15 
25/02/24  19:00   11.7   11.8   11.6    70    6.4    1.6      O   0.40   4.8   ONO   11.7   11.3   11.3  1002.6   0.00    0.0    0.069   0.000   22.6    45   10.1   22.0    8.45   1.1671     352     1    100.0   15 
25/02/24  19:15   11.6   11.7   11.6    71    6.5    0.0    ONO   0.00   3.2   ONO   11.6   11.3   11.3  1002.4   0.00    0.0    0.070   0.000   22.7    44    9.8   22.1    8.29   1.1668     351     1    100.0   15 
25/02/24  19:30   11.7   11.7   11.6    71    6.6    0.0    ONO   0.00   1.6   ONO   11.7   11.3   11.3  1002.0   0.00    0.0    0.069   0.000   22.7    44    9.8   22.1    8.29   1.1664     351     1    100.0   15 
25/02/24  19:45   11.6   11.7   11.4    73    6.9    0.0    ONO   0.00   3.2   ONO   11.6   11.3   11.3  1001.6   0.00    0.0    0.070   0.000   22.7    44    9.8   22.1    8.29   1.1659     351     1    100.0   15 
25/02/24  20:00   11.4   11.4   11.3    74    6.9    1.6    ONO   0.40   4.8   ONO   11.4   11.1   11.1  1001.4   0.00    0.0    0.072   0.000   22.7    44    9.8   22.2    8.29   1.1653     352     1    100.0   15 
25/02/24  20:15   11.3   11.3   11.2    74    6.8    0.0    ONO   0.00   3.2   ONO   11.3   11.0   11.0  1001.2   0.00    0.0    0.073   0.000   22.7    44    9.8   22.2    8.29   1.1651     350     1    100.0   15 
25/02/24  20:30   11.2   11.3   11.1    74    6.7    0.0    ONO   0.00   3.2   ONO   11.2   10.9   10.9  1001.2   0.00    0.0    0.075   0.000   22.8    44    9.9   22.2    8.29   1.1649     351     1    100.0   15 
25/02/24  20:45   10.9   11.1   10.8    75    6.6    1.6    ONO   0.40   3.2   ONO   10.9   10.7   10.7  1001.2   0.00    0.0    0.078   0.000   22.8    44    9.9   22.3    8.29   1.1646     351     1    100.0   15 
25/02/24  21:00   10.9   10.9   10.8    76    6.8    1.6    ONO   0.40   4.8   ONO   10.9   10.7   10.7  1001.1   0.00    0.0    0.078   0.000   22.9    44   10.0   22.4    8.29   1.1643     352     1    100.0   15 
25/02/24  21:15   10.8   10.8   10.7    77    6.9    1.6    ONO   0.40   4.8   ONO   10.8   10.6   10.6  1000.9   0.00    0.0    0.079   0.000   22.9    45   10.4   22.5    8.45   1.1634     351     1    100.0   15 
25/02/24  21:30   10.7   10.7   10.6    78    7.0    1.6    ONO   0.40   4.8   ONO   10.7   10.6   10.6  1000.8   0.00    0.0    0.080   0.000   23.1    45   10.5   22.7    8.45   1.1625     351     1    100.0   15 
25/02/24  21:45   10.9   11.1   10.7    77    7.0    1.6    ONO   0.40   4.8   ONO   10.9   10.7   10.7  1000.4   0.00    0.0    0.078   0.000   23.1    45   10.5   22.7    8.45   1.1620     351     1    100.0   15 
25/02/24  22:00   10.9   11.0   10.8    78    7.2    1.6    ONO   0.40   4.8   ONO   10.9   10.8   10.8  1000.3   0.00    0.0    0.078   0.000   23.1    45   10.5   22.7    8.45   1.1619     350     1    100.0   15 
25/02/24  22:15   10.9   10.9   10.8    78    7.2    0.0    ---   0.00   0.0   ---   10.9   10.8   10.8  1000.2   0.00    0.0    0.078   0.000   23.1    45   10.5   22.7    8.45   1.1621     351     1    100.0   15 
25/02/24  22:30   11.0   11.1   10.9    78    7.3    0.0    ONO   0.00   6.4   ONO   11.0   10.8   10.8  1000.1   0.00    0.0    0.076   0.000   23.1    45   10.5   22.7    8.45   1.1619     350     1    100.0   15 
25/02/24  22:45   11.1   11.2   11.1    77    7.2    1.6    ONO   0.40   6.4   OSO   11.1   10.9   10.9   999.8   0.00    0.0    0.075   0.000   22.9    46   10.7   22.4    8.59   1.1620     350     1    100.0   15 
25/02/24  23:00   11.2   11.2   11.1    77    7.3    0.0      O   0.00   6.4     O   11.2   11.0   11.0   999.7   0.00    0.0    0.075   0.000   22.6    46   10.4   22.1    8.60   1.1632     351     1    100.0   15 
25/02/24  23:15   11.1   11.2   10.9    78    7.4    0.0      O   0.00   3.2     O   11.1   10.9   10.9   999.5   0.00    0.0    0.075   0.000   22.3    47   10.5   21.7    8.75   1.1641     352     1    100.0   15 
25/02/24  23:30   10.9   10.9   10.9    79    7.4    1.6    ONO   0.40   4.8     O   10.9   10.8   10.8   999.5   0.00    0.0    0.077   0.000   22.1    47   10.2   21.3    8.75   1.1654     351     1    100.0   15 
25/02/24  23:45   10.8   10.9   10.7    79    7.3    1.6      O   0.40   8.0   ONO   10.8   10.7   10.7   999.5   0.00    0.0    0.079   0.000   21.8    47   10.0   21.0    8.75   1.1665     351     1    100.0   15 
26/02/24  00:00   10.9   10.9   10.8    79    7.4    0.0    ONO   0.00   4.8     O   10.9   10.8   10.8   999.6   0.00    0.0    0.078   0.000   21.6    48   10.1   20.6    8.87   1.1676     350     1    100.0   15 
26/02/24   0:15   10.9   11.1   10.9    78    7.3    0.0      O   0.00   4.8     O   10.9   10.8   10.8   999.7   0.00    0.0    0.077   0.000   21.3    48    9.9   20.3    8.86   1.1688     349     1    100.0   15 
26/02/24   0:30   11.2   11.3   11.1    77    7.3    1.6      O   0.40   9.7   ONO   11.2   11.0   11.0   999.4   0.00    0.0    0.075   0.000   21.1    48    9.7   20.1    8.85   1.1696     351     1    100.0   15 
26/02/24   0:45   11.3   11.3   11.3    76    7.2    3.2    ONO   0.80  11.3     O   11.3   11.1   11.1   999.2   0.00    0.0    0.073   0.000   20.9    48    9.5   19.9    8.86   1.1704     352     1    100.0   15 
26/02/24   1:00   11.3   11.3   11.2    76    7.2    3.2    ONO   0.80  11.3     O   11.3   11.1   11.1   999.1   0.00    0.0    0.073   0.000   20.7    49    9.6   19.8    9.07   1.1711     351     1    100.0   15 
26/02/24   1:15   11.3   11.3   11.2    76    7.2    3.2    ONO   0.80   8.0     O   11.3   11.1   11.1   999.2   0.00    0.0    0.073   0.000   20.4    49    9.4   19.6    9.07   1.1722     350     1    100.0   15 
26/02/24   1:30   11.4   11.6   11.2    76    7.3    4.8    ONO   1.21  14.5     O   11.4   11.2   11.2   999.2   0.00    0.0    0.072   0.000   20.3    49    9.2   19.5    9.08   1.1731     351     1    100.0   15 
26/02/24   1:45   11.8   12.2   11.6    74    7.3    4.8      O   1.21  11.3   ONO   11.8   11.6   11.6   999.3   0.00    0.0    0.068   0.000   20.1    50    9.4   19.4    9.29   1.1738     352     1    100.0   15 
26/02/24   2:00   12.4   12.5   12.2    74    7.9    6.4    ONO   1.61  16.1   ONO   12.1   12.1   11.8   999.4   0.00    0.0    0.062   0.000   19.9    50    9.2   19.2    9.29   1.1746     349     1    100.0   15 
26/02/24   2:15   12.7   12.8   12.5    73    8.0    6.4      O   1.61  17.7   ONO   12.5   12.4   12.2   999.3   0.00    0.0    0.058   0.000   19.8    50    9.1   19.1    9.30   1.1754     350     1    100.0   15 
26/02/24   2:30   12.6   12.8   12.3    74    8.1    3.2    ONO   0.80  11.3     O   12.6   12.3   12.3   999.3   0.00    0.0    0.060   0.000   19.6    50    8.9   18.8    9.30   1.1762     351     1    100.0   15 
26/02/24   2:45   12.0   12.3   11.7    76    7.9    4.8    ONO   1.21   9.7   ONO   12.0   11.7   11.7   999.2   0.00    0.0    0.066   0.000   19.7    50    8.9   18.9    9.30   1.1758     351     1    100.0   15 
26/02/24   3:00   11.8   11.8   11.7    76    7.7    4.8    ONO   1.21  12.9   ONO   11.8   11.5   11.5   998.9   0.00    0.0    0.068   0.000   19.8    50    9.1   19.1    9.30   1.1746     351     1    100.0   15 
26/02/24   3:15   11.8   11.9   11.8    76    7.7    6.4    ONO   1.61  14.5   ONO   11.5   11.6   11.2   998.8   0.00    0.0    0.068   0.000   20.2    50    9.4   19.4    9.28   1.1729     350     1    100.0   15 
