                 Temp.  Temp.  Temp.  Hum.   Punt   Vel.   Dir.   Rec.  Vel.  Dir.  Sens.   Índ.   Índ.                  Int. Graus D.Graus D.  Temp.  Hum. Rosada  In.Cal.  EMC     Dens.    Mostr   Tx   Recep.  Int.
  Data    Hora    Ext.   Màx.   Mín.  Ext. Rosada   Vent   Vent   Vent  Màx.  Màx.  Tèrm.  Calor   THW    Bar    Pluja   Pluja  Calor    Fred    Int.  Int.   Int.   Int.    Int.  Int.Aire    Vent   Vent   ISS   Arc.
-------------------------------------------------------------------------------------------------------------------------------------------------------------------------------------------------------------------------
 9/01/23   0:15   10.7   11.0   10.4    89    8.9    4.8    ONO   1.21   9.7     O   10.6   10.8   10.7  1016.2   0.00    0.0    0.080   0.000   23.9    51   13.2   24.1    9.35   1.1744     350     1    100.0   15 
 9/01/23   0:30   11.3   11.5   11.0    87    9.2    4.8    ONO   1.21  12.9   ONO   11.2   11.3   11.3  1016.1   0.00    0.0    0.073   0.000   23.8    51   13.1   23.9    9.35   1.1749     351     1    100.0   15 
 9/01/23   0:45   11.3   11.5   11.2    87    9.2    3.2    ONO   0.80   8.0     O   11.3   11.3   11.3  1016.2   0.00    0.0    0.073   0.000   23.8    52   13.4   23.9    9.55   1.1746     351     1    100.0   15 
 9/01/23   1:00   11.5   11.8   11.2    86    9.2    4.8    ONO   1.21   9.7     O   11.5   11.5   11.5  1016.0   0.00    0.0    0.071   0.000   24.5    51   13.7   24.5    9.35   1.1714     352     1    100.0   15 
 9/01/23   1:15   11.8   11.9   11.7    84    9.2    1.6      O   0.40  11.3     O   11.8   11.8   11.8  1016.2   0.00    0.0    0.068   0.000   24.4    51   13.6   24.5    9.35   1.1720     351     1    100.0   15 
 9/01/23   1:30   11.4   11.7   11.2    86    9.1    1.6    OSO   0.40   4.8     O   11.4   11.4   11.4  1016.3   0.00    0.0    0.072   0.000   24.0    52   13.5   24.1    9.55   1.1740     350     1    100.0   15 
 9/01/23   1:45   11.2   11.2   11.1    86    8.9    1.6      O   0.40   6.4     O   11.2   11.2   11.2  1016.5   0.00    0.0    0.075   0.000   23.8    53   13.6   23.9    9.66   1.1749     351     1    100.0   15 
 9/01/23   2:00   11.2   11.3   11.1    86    9.0    1.6    ONO   0.40   4.8   ONO   11.2   11.2   11.2  1016.2   0.00    0.0    0.074   0.000   23.4    53   13.3   23.5    9.68   1.1762     350     1    100.0   15 
 9/01/23   2:15   11.4   11.6   11.3    85    9.0    1.6      O   0.40   6.4   SSO   11.4   11.4   11.4  1016.1   0.00    0.0    0.072   0.000   23.2    54   13.3   23.2    9.88   1.1772     351     1    100.0   15 
 9/01/23   2:30   11.6   11.6   11.6    84    8.9    1.6     SO   0.40  12.9   OSO   11.6   11.5   11.5  1016.2   0.00    0.0    0.071   0.000   22.8    54   13.0   22.8    9.89   1.1790     351     1    100.0   15 
 9/01/23   2:45   11.8   11.8   11.6    82    8.8    1.6    OSO   0.40  14.5   OSO   11.8   11.7   11.7  1016.4   0.00    0.0    0.068   0.000   22.4    55   13.0   22.3   10.10   1.1809     351     1    100.0   15 
 9/01/23   3:00   11.8   11.8   11.8    81    8.7    1.6     NO   0.40   6.4    NO   11.8   11.7   11.7  1016.6   0.00    0.0    0.068   0.000   22.2    55   12.7   21.9   10.11   1.1823     351     1    100.0   15 
 9/01/23   3:15   11.7   11.8   11.7    81    8.6    1.6    NNO   0.40   6.4   ENE   11.7   11.6   11.6  1016.9   0.00    0.0    0.069   0.000   21.9    55   12.4   21.4   10.12   1.1843     350     1    100.0   15 
 9/01/23   3:30   11.8   11.8   11.7    81    8.6    1.6      O   0.40   6.4     O   11.8   11.6   11.6  1017.2   0.00    0.0    0.068   0.000   21.7    56   12.5   21.2   10.33   1.1855     351     1    100.0   15 
 9/01/23   3:45   11.5   11.7   11.2    82    8.5    6.4     NO   1.61  16.1    NO   11.1   11.4   11.0  1017.2   0.00    0.0    0.071   0.000   21.6    55   12.1   20.9   10.13   1.1863     351     1    100.0   15 
 9/01/23   4:00   11.1   11.2   11.0    82    8.2    8.0    ONO   2.01  16.1    NO   10.3   11.1   10.3  1017.3   0.00    0.0    0.075   0.000   21.3    56   12.2   20.7   10.34   1.1872     351     1    100.0   15 
 9/01/23   4:15   10.9   11.1   10.8    82    8.0    8.0    ONO   2.01  16.1     O   10.1   10.9   10.1  1017.4   0.00    0.0    0.077   0.000   21.2    56   12.0   20.5   10.35   1.1882     351     1    100.0   15 
 9/01/23   4:30   10.9   10.9   10.8    80    7.6    6.4    ONO   1.61  12.9   ONO   10.4   10.8   10.3  1017.1   0.00    0.0    0.078   0.000   21.0    56   11.9   20.4   10.35   1.1887     352     1    100.0   15 
 9/01/23   4:45   10.8   10.9   10.8    78    7.1    6.4    ONO   1.61  12.9     O   10.3   10.7   10.2  1017.0   0.00    0.0    0.078   0.000   20.8    57   12.0   20.3   10.56   1.1892     350     1    100.0   15 
 9/01/23   5:00   10.8   10.8   10.6    77    6.9    4.8    ONO   1.21  12.9   ONO   10.7   10.6   10.5  1017.1   0.00    0.0    0.079   0.000   20.8    56   11.7   20.2   10.36   1.1895     351     1    100.0   15 
 9/01/23   5:15   10.6   10.6   10.5    78    6.9    1.6     NO   0.40   8.0   ONO   10.6   10.4   10.4  1016.9   0.00    0.0    0.081   0.000   21.0    56   11.9   20.4   10.35   1.1885     350     1    100.0   15 
 9/01/23   5:30   10.5   10.7   10.4    77    6.6    1.6    NNO   0.40   4.8     N   10.5   10.4   10.4  1016.9   0.00    0.0    0.082   0.000   21.3    56   12.1   20.7   10.34   1.1871     352     1    100.0   15 
 9/01/23   5:45   10.9   11.1   10.7    75    6.7    1.6    NNE   0.40   8.0    NO   10.9   10.7   10.7  1017.2   0.00    0.0    0.077   0.000   21.7    55   12.3   21.2   10.13   1.1855     351     1    100.0   15 
 9/01/23   6:00   11.0   11.1   10.9    77    7.1    8.0      O   2.01  29.0   ONO   10.2   10.8   10.1  1017.2   0.00    0.0    0.076   0.000   22.1    55   12.6   21.7   10.12   1.1838     351     1    100.0   15 
 9/01/23   6:15   10.6   10.9   10.3    79    7.1    6.4    ONO   1.61  22.5   OSO   10.0   10.5    9.9  1017.5   0.00    0.0    0.081   0.000   22.3    55   12.8   22.0   10.11   1.1831     351     1    100.0   15 
 9/01/23   6:30   10.2   10.3   10.1    79    6.7    4.8    ONO   1.21  19.3   ONO   10.1   10.2   10.0  1017.4   0.00    0.0    0.084   0.000   22.5    54   12.7   22.3    9.90   1.1822     352     1    100.0   15 
 9/01/23   6:45   10.0   10.1   10.0    78    6.3    4.8    ONO   1.21  24.1     N    9.8    9.9    9.8  1017.8   0.00    0.0    0.087   0.000   22.7    54   12.9   22.7    9.89   1.1814     351     1    100.0   15 
 9/01/23   7:00   10.1   10.1   10.0    78    6.4    6.4      O   1.61  19.3     O    9.4   10.0    9.4  1017.7   0.00    0.0    0.086   0.000   22.9    54   13.1   22.8    9.89   1.1805     351     1    100.0   15 
 9/01/23   7:15   10.1   10.2   10.1    77    6.3    8.0    ONO   2.01  24.1    NO    9.1   10.1    9.1  1018.0   0.00    0.0    0.086   0.000   23.1    53   13.0   23.0    9.71   1.1803     351     1    100.0   15 
 9/01/23   7:30   10.1   10.1   10.0    77    6.2   11.3    ONO   2.82  33.8     O    8.5   10.0    8.4  1018.0   0.00    0.0    0.086   0.000   23.1    53   13.0   23.1    9.71   1.1801     351     1    100.0   15 
 9/01/23   7:45    9.9   10.0    9.7    78    6.2   14.5    ONO   3.62  33.8   ONO    7.6    9.8    7.6  1018.1   0.00    0.0    0.088   0.000   23.2    53   13.1   23.2    9.70   1.1796     352     1    100.0   15 
 9/01/23   8:00    9.6    9.7    9.5    78    6.0   11.3    ONO   2.82  32.2     O    8.0    9.5    7.9  1018.5   0.00    0.0    0.091   0.000   23.3    52   12.9   23.2    9.57   1.1802     350     1    100.0   15 
 9/01/23   8:15    9.5    9.6    9.4    78    5.9   11.3    ONO   2.82  38.6     O    7.8    9.4    7.7  1018.8   0.00    0.0    0.092   0.000   23.3    52   12.9   23.2    9.57   1.1805     349     1    100.0   15 
 9/01/23   8:30    9.2    9.4    9.1    79    5.8   11.3      O   2.82  32.2   ONO    7.5    9.2    7.4  1019.2   0.00    0.0    0.095   0.000   23.4    52   13.0   23.3    9.57   1.1804     350     1    100.0   15 
 9/01/23   8:45    9.1    9.1    9.0    79    5.6    8.0    ONO   2.01  29.0   ONO    7.9    9.0    7.8  1019.4   0.00    0.0    0.097   0.000   23.4    52   13.0   23.4    9.57   1.1804     352     1    100.0   15 
 9/01/23   9:00    9.1    9.1    8.9    79    5.6    8.0      O   2.01  20.9    SO    7.9    9.0    7.8  1019.7   0.00    0.0    0.097   0.000   23.4    52   13.0   23.3    9.57   1.1810     351     1    100.0   15 
 9/01/23   9:15    8.9    9.0    8.9    79    5.5    8.0     NO   2.01  25.7   ONO    7.8    8.9    7.7  1019.9   0.00    0.0    0.098   0.000   23.4    52   13.0   23.3    9.57   1.1813     349     1    100.0   15 
 9/01/23   9:30    9.1    9.2    9.0    78    5.4    9.7      O   2.41  35.4   ONO    7.6    8.9    7.5  1020.3   0.00    0.0    0.097   0.000   23.1    47   11.2   22.8    8.75   1.1848     351     1    100.0   15 
 9/01/23   9:45    9.4    9.6    9.2    76    5.4    8.0     NO   2.01  32.2   ONO    8.3    9.2    8.1  1020.6   0.00    0.0    0.093   0.000   22.6    48   11.0   22.2    8.90   1.1873     351     1    100.0   15 
 9/01/23  10:00    9.7    9.8    9.6    74    5.3    8.0    ONO   2.01  24.1     O    8.6    9.5    8.4  1021.2   0.00    0.0    0.090   0.000   22.7    47   10.8   22.2    8.75   1.1880     351     1    100.0   15 
 9/01/23  10:15    9.9   10.1    9.8    73    5.3    3.2    ONO   0.80  16.1     O    9.9    9.8    9.8  1021.8   0.00    0.0    0.087   0.000   22.7    46   10.5   22.2    8.59   1.1888     351     1    100.0   15 
 9/01/23  10:30   10.4   10.6   10.1    71    5.4    8.0    ONO   2.01  27.4   ONO    9.4   10.2    9.2  1022.0   0.00    0.0    0.083   0.000   22.8    47   10.9   22.4    8.75   1.1884     351     1    100.0   15 
 9/01/23  10:45   10.7   10.8   10.6    70    5.5    6.4      O   1.61  22.5    NO   10.2   10.4    9.9  1022.1   0.00    0.0    0.079   0.000   23.1    47   11.1   22.7    8.75   1.1872     350     1    100.0   15 
 9/01/23  11:00   10.9   11.1   10.8    69    5.4    8.0      O   2.01  22.5   OSO   10.1   10.6    9.7  1022.4   0.00    0.0    0.078   0.000   23.3    46   11.1   23.1    8.57   1.1864     352     1    100.0   15 
 9/01/23  11:15   11.3   11.6   11.1    65    5.0    4.8    ONO   1.21  14.5     O   11.3   10.9   10.8  1022.3   0.00    0.0    0.073   0.000   23.6    46   11.3   23.3    8.56   1.1853     350     1    100.0   15 
 9/01/23  11:30   11.9   12.3   11.6    62    4.8    3.2    OSO   0.80  22.5   OSO   11.9   11.3   11.3  1022.6   0.00    0.0    0.067   0.000   23.8    46   11.5   23.6    8.55   1.1845     349     1    100.0   15 
 9/01/23  11:45   12.2   12.2   12.1    61    4.9    6.4    ONO   1.61  17.7    NO   11.9   11.6   11.3  1022.8   0.00    0.0    0.064   0.000   24.0    45   11.3   23.8    8.45   1.1840     350     1    100.0   15 
 9/01/23  12:00   12.4   12.7   12.2    57    4.1    6.4      O   1.61  20.9     O   12.1   11.7   11.4  1022.5   0.00    0.0    0.062   0.000   24.2    45   11.5   23.9    8.44   1.1828     351     1    100.0   15 
 9/01/23  12:15   12.7   12.9   12.7    55    3.9    8.0      O   2.01  32.2     O   12.2   11.9   11.4  1022.6   0.00    0.0    0.058   0.000   24.4    45   11.7   24.2    8.43   1.1818     352     1    100.0   15 
 9/01/23  12:30   13.1   13.2   12.9    54    4.0    8.0      O   2.01  27.4     O   12.6   12.2   11.7  1022.7   0.00    0.0    0.055   0.000   24.7    45   12.0   24.5    8.42   1.1803     351     1    100.0   15 
 9/01/23  12:45   13.1   13.2   13.0    54    4.0   11.3      O   2.82  30.6     O   12.1   12.2   11.2  1022.6   0.00    0.0    0.055   0.000   24.9    45   12.2   24.7    8.41   1.1790     351     1    100.0   15 
 9/01/23  13:00   13.1   13.1   13.0    53    3.7   12.9      O   3.22  32.2   ONO   11.7   12.1   10.8  1022.4   0.00    0.0    0.055   0.000   25.1    45   12.3   24.8    8.41   1.1780     351     1    100.0   15 
 9/01/23  13:15   13.1   13.3   13.0    55    4.3   11.3      O   2.82  33.8     O   12.2   12.2   11.3  1022.5   0.00    0.0    0.054   0.000   25.3    45   12.5   25.1    8.40   1.1774     351     1    100.0   15 
 9/01/23  13:30   13.4   13.4   13.3    52    3.7   12.9      O   3.22  41.8     N   12.1   12.4   11.1  1022.3   0.00    0.0    0.052   0.000   25.3    45   12.5   25.1    8.40   1.1771     349     1    100.0   15 
 9/01/23  13:45   13.5   13.7   13.3    53    4.1   11.3    ONO   2.82  32.2   ONO   12.7   12.6   11.7  1022.3   0.00    0.0    0.050   0.000   25.1    45   12.3   24.8    8.41   1.1779     351     1    100.0   15 
 9/01/23  14:00   13.6   13.7   13.5    53    4.1   14.5    ONO   3.62  37.0    NO   11.9   12.6   10.9  1022.3   0.00    0.0    0.050   0.000   25.1    45   12.3   24.8    8.41   1.1781     350     1    100.0   15 
 9/01/23  14:15   13.6   13.7   13.6    54    4.5   11.3      O   2.82  32.2     O   12.8   12.7   11.8  1022.0   0.00    0.0    0.049   0.000   24.9    45   12.2   24.7    8.41   1.1785     351     1    100.0   15 
 9/01/23  14:30   13.6   13.7   13.6    54    4.5   12.9      O   3.22  30.6   ONO   12.4   12.7   11.4  1021.8   0.00    0.0    0.049   0.000   24.8    45   12.1   24.6    8.42   1.1788     351     1    100.0   15 
 9/01/23  14:45   13.6   13.7   13.4    55    4.7   14.5    ONO   3.62  41.8    NO   11.9   12.7   11.0  1022.3   0.00    0.0    0.050   0.000   24.7    45   12.0   24.5    8.42   1.1798     351     1    100.0   15 
 9/01/23  15:00   13.4   13.5   13.3    55    4.5   12.9      O   3.22  30.6   ONO   12.1   12.5   11.2  1022.3   0.00    0.0    0.052   0.000   24.7    45   12.0   24.5    8.42   1.1798     351     1    100.0   15 
 9/01/23  15:15   13.6   13.6   13.4    55    4.7    9.7      O   2.41  22.5   OSO   12.9   12.7   12.1  1022.4   0.00    0.0    0.050   0.000   24.9    45   12.1   24.6    8.41   1.1791     351     1    100.0   15 
 9/01/23  15:30   13.2   13.4   13.1    55    4.3   16.1      O   4.02  33.8   OSO   11.1   12.3   10.2  1022.5   0.00    0.0    0.054   0.000   25.1    45   12.3   24.8    8.41   1.1784     352     1    100.0   15 
 9/01/23  15:45   13.3   13.4   13.1    54    4.2   11.3      O   2.82  37.0     O   12.4   12.4   11.5  1022.5   0.00    0.0    0.053   0.000   25.1    45   12.3   24.8    8.41   1.1784     349     1    100.0   15 
 9/01/23  16:00   13.3   13.4   13.2    54    4.2   11.3      O   2.82  25.7   ONO   12.4   12.4   11.5  1022.7   0.00    0.0    0.052   0.000   25.0    45   12.2   24.7    8.41   1.1790     351     1    100.0   15 
 9/01/23  16:15   13.1   13.3   13.1    55    4.3   12.9      O   3.22  37.0   OSO   11.8   12.2   10.9  1023.1   0.00    0.0    0.054   0.000   24.9    45   12.2   24.7    8.41   1.1797     351     1    100.0   15 
 9/01/23  16:30   13.1   13.2   12.9    54    4.0   14.5      O   3.62  40.2   ONO   11.3   12.2   10.4  1023.4   0.00    0.0    0.055   0.000   24.9    45   12.1   24.6    8.41   1.1804     351     2    100.0   15 
 9/01/23  16:45   12.8   12.9   12.7    54    3.7   16.1      O   4.02  41.8    NO   10.6   11.9    9.7  1023.6   0.00    0.0    0.058   0.000   24.8    46   12.4   24.6    8.52   1.1807     351     1    100.0   15 
 9/01/23  17:00   12.6   12.7   12.4    55    3.7   12.9      O   3.22  40.2   OSO   11.1   11.7   10.3  1023.6   0.00    0.0    0.060   0.000   24.7    45   12.0   24.5    8.42   1.1814     350     1    100.0   15 
 9/01/23  17:15   12.3   12.4   12.1    56    3.7   16.1      O   4.02  41.8    NO   10.1   11.5    9.3  1024.0   0.00    0.0    0.063   0.000   24.7    45   12.0   24.5    8.42   1.1819     349     1    100.0   15 
 9/01/23  17:30   12.0   12.1   11.8    57    3.7   14.5      O   3.62  41.8    NO   10.1   11.3    9.3  1024.5   0.00    0.0    0.066   0.000   24.7    44   11.6   24.4    8.22   1.1830     351     1    100.0   15 
 9/01/23  17:45   11.8   11.8   11.7    58    3.8   12.9    ONO   3.22  35.4     O   10.2   11.1    9.5  1024.8   0.00    0.0    0.068   0.000   24.7    44   11.6   24.4    8.22   1.1834     350     1    100.0   15 
 9/01/23  18:00   11.6   11.7   11.5    58    3.6   12.9      O   3.22  37.0   ONO   10.0   10.9    9.3  1024.8   0.00    0.0    0.070   0.000   24.7    44   11.6   24.4    8.22   1.1834     351     1    100.0   15 
 9/01/23  18:15   11.4   11.6   11.4    58    3.5   12.9      O   3.22  32.2   OSO    9.8   10.8    9.1  1025.4   0.00    0.0    0.072   0.000   24.7    45   11.9   24.4    8.42   1.1838     351     1    100.0   15 
 9/01/23  18:30   11.3   11.4   11.2    59    3.5   11.3      O   2.82  40.2     O   10.0   10.7    9.4  1025.8   0.00    0.0    0.073   0.000   24.7    45   11.9   24.4    8.42   1.1842     351     1    100.0   15 
 9/01/23  18:45   11.2   11.3   11.1    59    3.4    9.7    ONO   2.41  27.4   ONO   10.1   10.6    9.4  1026.1   0.00    0.0    0.075   0.000   24.6    45   11.9   24.4    8.42   1.1849     352     1    100.0   15 
 9/01/23  19:00   11.1   11.1   10.9    60    3.6   11.3      O   2.82  29.0     O    9.7   10.5    9.2  1026.2   0.00    0.0    0.076   0.000   24.7    45   11.9   24.4    8.42   1.1847     351     1    100.0   15 
 9/01/23  19:15   10.9   11.0   10.8    60    3.4   11.3    ONO   2.82  29.0     O    9.5   10.3    8.9  1026.3   0.00    0.0    0.078   0.000   24.7    45   12.0   24.5    8.42   1.1845     351     1    100.0   15 
 9/01/23  19:30   10.8   10.8   10.8    60    3.4   14.5    ONO   3.62  33.8     O    8.7   10.3    8.2  1026.3   0.00    0.0    0.078   0.000   24.8    45   12.0   24.5    8.42   1.1843     351     1    100.0   15 
 9/01/23  19:45   10.8   10.8   10.6    61    3.6   12.9    ONO   3.22  37.0     O    9.0   10.3    8.5  1026.0   0.00    0.0    0.079   0.000   24.8    45   12.0   24.5    8.42   1.1839     352     1    100.0   15 
 9/01/23  20:00   10.5   10.6   10.4    62    3.5   12.9      O   3.22  33.8   OSO    8.7   10.1    8.2  1026.2   0.00    0.0    0.082   0.000   24.8    45   12.0   24.5    8.42   1.1841     350     1    100.0   15 
 9/01/23  20:15   10.4   10.4   10.3    62    3.4   12.9      O   3.22  33.8    NO    8.5    9.9    8.1  1026.2   0.00    0.0    0.083   0.000   24.8    45   12.0   24.5    8.42   1.1841     350     1    100.0   15 
 9/01/23  20:30   10.3   10.3   10.2    63    3.5   11.3      O   2.82  29.0   ONO    8.8    9.9    8.4  1026.7   0.00    0.0    0.084   0.000   24.8    45   12.1   24.6    8.42   1.1844     350     1    100.0   15 
 9/01/23  20:45   10.0   10.2    9.9    64    3.5    8.0    ONO   2.01  30.6   OSO    9.0    9.7    8.7  1027.6   0.00    0.0    0.087   0.000   24.8    45   12.0   24.5    8.42   1.1857     350     1    100.0   15 
 9/01/23  21:00    9.9    9.9    9.8    64    3.4    6.4    ONO   1.61  22.5   ONO    9.3    9.6    8.9  1028.0   0.00    0.0    0.088   0.000   24.7    45   12.0   24.5    8.42   1.1866     351     1    100.0   15 
 9/01/23  21:15    9.7    9.8    9.5    65    3.4    4.8      O   1.21  19.3     O    9.4    9.3    9.1  1028.3   0.00    0.0    0.090   0.000   24.6    45   11.9   24.4    8.42   1.1874     349     1    100.0   15 
 9/01/23  21:30    9.4    9.6    9.2    66    3.4    3.2      O   0.80  12.9   ONO    9.4    9.1    9.1  1028.4   0.00    0.0    0.093   0.000   24.6    46   12.2   24.4    8.53   1.1875     351     1    100.0   15 
 9/01/23  21:45    9.0    9.3    8.6    67    3.2    3.2      O   0.80  11.3    SO    9.0    8.7    8.7  1028.6   0.00    0.0    0.097   0.000   24.5    46   12.1   24.3    8.53   1.1879     350     1    100.0   15 
 9/01/23  22:00    8.6    8.7    8.6    67    2.8    4.8    OSO   1.21  12.9   OSO    8.2    8.3    7.9  1028.5   0.00    0.0    0.101   0.000   24.4    46   12.1   24.3    8.53   1.1881     352     1    100.0   15 
 9/01/23  22:15    8.6    8.7    8.5    68    3.0    3.2      O   0.80  11.3   OSO    8.6    8.2    8.2  1028.4   0.00    0.0    0.102   0.000   24.4    46   12.1   24.3    8.53   1.1880     350     1    100.0   15 
 9/01/23  22:30    8.4    8.5    8.3    69    3.0    4.8    ONO   1.21  11.3   OSO    8.0    8.1    7.7  1028.3   0.00    0.0    0.104   0.000   24.4    46   12.0   24.2    8.53   1.1882     350     1    100.0   15 
 9/01/23  22:45    8.2    8.3    8.2    70    3.1    4.8      O   1.21  19.3     O    7.8    7.9    7.6  1028.7   0.00    0.0    0.105   0.000   24.3    46   12.0   24.2    8.53   1.1889     351     1    100.0   15 
 9/01/23  23:00    8.1    8.2    8.0    70    2.9    4.8      O   1.21  20.9     O    7.7    7.8    7.4  1028.8   0.00    0.0    0.107   0.000   24.3    46   11.9   24.1    8.54   1.1893     352     1    100.0   15 
 9/01/23  23:15    7.9    8.0    7.8    71    3.0    4.8      O   1.21  19.3     O    7.4    7.6    7.2  1029.0   0.00    0.0    0.109   0.000   24.2    46   11.9   24.1    8.54   1.1898     350     1    100.0   15 
 9/01/23  23:30    7.7    7.8    7.6    72    2.9    4.8      O   1.21  17.7   ONO    7.2    7.4    6.9  1029.2   0.00    0.0    0.111   0.000   24.2    46   11.9   24.1    8.54   1.1900     351     1    100.0   15 
 9/01/23  23:45    7.6    7.6    7.5    72    2.8    6.4      O   1.61  20.9   OSO    6.6    7.3    6.3  1029.2   0.00    0.0    0.112   0.000   24.2    47   12.1   24.1    8.74   1.1900     350     1    100.0   15 
10/01/23  00:00    7.6    7.7    7.6    72    2.9    6.4    ONO   1.61  17.7     O    6.6    7.3    6.3  1029.4   0.00    0.0    0.112   0.000   24.2    47   12.1   24.1    8.74   1.1902     351     1    100.0   15 
10/01/23   0:15    7.7    7.8    7.6    71    2.8    6.4      O   1.61  20.9    NO    6.7    7.4    6.4  1029.7   0.00    0.0    0.111   0.000   24.2    47   12.2   24.1    8.74   1.1902     348     1    100.0   15 
10/01/23   0:30    7.8    7.8    7.7    72    3.0    1.6      O   0.40  17.7   OSO    7.8    7.5    7.5  1029.8   0.00    0.0    0.110   0.000   24.2    47   12.1   24.1    8.74   1.1906     352     1    100.0   15 
10/01/23   0:45    7.6    7.7    7.4    72    2.8    1.6     NO   0.40   6.4    NO    7.6    7.3    7.3  1029.8   0.00    0.0    0.112   0.000   23.9    47   11.9   23.8    8.75   1.1921     351     1    100.0   15 
10/01/23   1:00    7.2    7.4    7.1    73    2.7    4.8    ONO   1.21   9.7     O    6.7    7.0    6.4  1029.8   0.00    0.0    0.116   0.000   23.6    47   11.6   23.4    8.75   1.1935     351     1    100.0   15 
10/01/23   1:15    6.9    7.1    6.9    74    2.6    4.8    ONO   1.21  11.3   ONO    6.4    6.7    6.2  1029.8   0.00    0.0    0.119   0.000   23.3    48   11.7   23.1    8.93   1.1945     350     1    100.0   15 
10/01/23   1:30    6.9    6.9    6.8    74    2.6    4.8    ONO   1.21  12.9     O    6.3    6.7    6.1  1029.5   0.00    0.0    0.119   0.000   23.1    48   11.4   22.8    8.92   1.1955     350     1    100.0   15 
10/01/23   1:45    6.9    7.0    6.8    74    2.6    6.4    ONO   1.61  12.9     O    5.8    6.7    5.6  1029.9   0.00    0.0    0.119   0.000   22.8    48   11.2   22.4    8.91   1.1974     351     1    100.0   15 
10/01/23   2:00    6.8    6.8    6.7    75    2.7    4.8    ONO   1.21  12.9   ONO    6.2    6.6    5.9  1030.1   0.00    0.0    0.120   0.000   22.3    49   11.1   21.8    9.05   1.1995     348     1    100.0   15 
10/01/23   2:15    6.6    6.7    6.5    76    2.7    4.8    ONO   1.21  11.3   OSO    6.0    6.4    5.8  1030.1   0.00    0.0    0.122   0.000   21.8    50   10.9   21.1    9.25   1.2020     351     1    100.0   15 
10/01/23   2:30    6.4    6.5    6.4    77    2.7    4.8    ONO   1.21  11.3     O    5.8    6.3    5.7  1030.1   0.00    0.0    0.124   0.000   21.3    50   10.4   20.4    9.25   1.2045     351     1    100.0   15 
10/01/23   2:45    6.4    6.5    6.3    76    2.5    6.4    ONO   1.61  14.5     O    5.3    6.2    5.1  1030.0   0.00    0.0    0.124   0.000   20.8    51   10.3   20.0    9.46   1.2063     350     1    100.0   15 
10/01/23   3:00    6.4    6.4    6.4    77    2.7    4.8    ONO   1.21  11.3   ONO    5.8    6.3    5.7  1030.6   0.00    0.0    0.124   0.000   20.4    52   10.2   19.7    9.68   1.2090     350     1    100.0   15 
10/01/23   3:15    6.4    6.5    6.3    77    2.6    6.4    ONO   1.61  12.9   ONO    5.2    6.2    5.0  1030.8   0.00    0.0    0.124   0.000   20.0    52    9.8   19.4    9.69   1.2111     351     1    100.0   15 
10/01/23   3:30    6.5    6.5    6.4    76    2.6    1.6    ONO   0.40   6.4    NO    6.5    6.3    6.3  1031.0   0.00    0.0    0.123   0.000   19.7    53    9.9   19.1    9.90   1.2126     351     1    100.0   15 
10/01/23   3:45    6.3    6.4    6.1    77    2.5    0.0     NO   0.00   3.2    NO    6.3    6.1    6.1  1031.2   0.00    0.0    0.126   0.000   19.4    53    9.6   18.8    9.91   1.2144     351     1    100.0   15 
10/01/23   4:00    5.9    6.1    5.8    78    2.4    0.0    NNE   0.00   3.2   NNE    5.9    5.8    5.8  1031.4   0.00    0.0    0.129   0.000   19.1    54    9.6   18.5   10.09   1.2158     351     1    100.0   15 
10/01/23   4:15    5.7    5.8    5.6    78    2.1    1.6    ENE   0.40   8.0   ENE    5.7    5.5    5.5  1031.4   0.00    0.0    0.132   0.000   18.8    54    9.3   18.2   10.11   1.2172     351     1    100.0   15 
