                 Temp.  Temp.  Temp.  Hum.   Punt   Vel.   Dir.   Rec.  Vel.  Dir.  Sens.   Índ.   Índ.                  Int. Graus D.Graus D.  Temp.  Hum. Rosada  In.Cal.  EMC     Dens.    Mostr   Tx   Recep.  Int.
  Data    Hora    Ext.   Màx.   Mín.  Ext. Rosada   Vent   Vent   Vent  Màx.  Màx.  Tèrm.  Calor   THW    Bar    Pluja   Pluja  Calor    Fred    Int.  Int.   Int.   Int.    Int.  Int.Aire    Vent   Vent   ISS   Arc.
-------------------------------------------------------------------------------------------------------------------------------------------------------------------------------------------------------------------------
22/01/23   0:15    1.5    1.7    1.4    47   -8.6    4.8    ONO   1.21  14.5     O    0.2    0.9   -0.3  1023.6   0.00    0.0    0.175   0.000   20.1    44    7.4   19.0    8.35   1.2046     348     1    100.0   15 
22/01/23   0:30    1.7    1.8    1.6    46   -8.7    4.8    ONO   1.21  11.3   ONO    0.4    1.1   -0.2  1023.6   0.00    0.0    0.174   0.000   19.9    44    7.3   18.9    8.35   1.2051     351     1    100.0   15 
22/01/23   0:45    1.9    1.9    1.8    45   -8.8    3.2     NO   0.80  14.5   ONO    1.5    1.3    0.9  1023.8   0.00    0.0    0.171   0.000   19.8    44    7.2   18.7    8.35   1.2058     350     1    100.0   15 
22/01/23   1:00    1.8    1.8    1.7    46   -8.6    1.6     NO   0.40   8.0   NNO    1.8    1.2    1.2  1023.8   0.00    0.0    0.172   0.000   20.1    44    7.4   19.0    8.35   1.2048     351     1    100.0   15 
22/01/23   1:15    1.6    1.7    1.6    47   -8.5    3.2     NO   0.80  11.3     O    1.2    1.1    0.7  1023.7   0.00    0.0    0.174   0.000   21.1    44    8.3   19.8    8.35   1.1998     351     1    100.0   15 
22/01/23   1:30    1.6    1.7    1.4    48   -8.2    3.2    ONO   0.80  16.1    NO    1.2    1.1    0.7  1023.7   0.00    0.0    0.174   0.000   22.1    43    8.9   21.1    8.18   1.1952     351     1    100.0   15 
22/01/23   1:45    1.4    1.6    1.3    48   -8.4    3.2    ONO   0.80  12.9     O    1.0    0.9    0.5  1023.9   0.00    0.0    0.176   0.000   22.4    42    8.9   21.6    8.00   1.1939     350     1    100.0   15 
22/01/23   2:00    1.1    1.3    0.9    49   -8.4    1.6    ONO   0.40   4.8   NNO    1.1    0.6    0.6  1023.9   0.00    0.0    0.179   0.000   21.9    42    8.4   20.8    8.02   1.1964     351     1    100.0   15 
22/01/23   2:15    0.9    1.0    0.8    50   -8.3    1.6     NO   0.40   3.2    NO    0.9    0.4    0.4  1024.2   0.00    0.0    0.181   0.000   21.5    42    8.0   20.2    8.04   1.1988     351     1    100.0   15 
22/01/23   2:30    0.9    0.9    0.8    50   -8.4    1.6    ONO   0.40   6.4   OSO    0.9    0.4    0.4  1024.3   0.00    0.0    0.182   0.000   21.1    43    8.0   19.8    8.25   1.2005     350     1    100.0   15 
22/01/23   2:45    0.9    1.0    0.8    50   -8.4    1.6    ONO   0.40   9.7     N    0.9    0.4    0.4  1024.3   0.00    0.0    0.182   0.000   20.8    43    7.7   19.6    8.25   1.2022     350     1    100.0   15 
22/01/23   3:00    0.9    1.0    0.8    50   -8.3    1.6    ONO   0.40  12.9   NNO    0.9    0.4    0.4  1024.4   0.00    0.0    0.181   0.000   20.5    43    7.5   19.3    8.25   1.2036     352     1    100.0   15 
22/01/23   3:15    0.8    0.9    0.7    50   -8.5    0.0      O   0.00   3.2     O    0.8    0.3    0.3  1024.5   0.00    0.0    0.183   0.000   20.3    43    7.3   19.1    8.25   1.2048     351     1    100.0   15 
22/01/23   3:30    0.7    0.8    0.7    50   -8.5    0.0    ONO   0.00   4.8   ONO    0.7    0.2    0.2  1024.5   0.00    0.0    0.183   0.000   20.1    43    7.1   18.9    8.25   1.2059     351     1    100.0   15 
22/01/23   3:45    0.7    0.8    0.6    51   -8.3    0.0    ONO   0.00   1.6   ONO    0.7    0.2    0.2  1024.7   0.00    0.0    0.183   0.000   19.9    43    6.9   18.7    8.25   1.2069     351     1    100.0   15 
22/01/23   4:00    0.6    0.7    0.6    51   -8.4    0.0    ONO   0.00   1.6   ONO    0.6    0.1    0.1  1024.5   0.00    0.0    0.185   0.000   19.8    43    6.8   18.6    8.25   1.2072     351     1    100.0   15 
22/01/23   4:15    0.7    0.7    0.6    51   -8.3    0.0    ONO   0.00   4.8     O    0.7    0.2    0.2  1024.5   0.00    0.0    0.184   0.000   19.6    43    6.7   18.4    8.25   1.2080     352     1    100.0   15 
22/01/23   4:30    0.5    0.6    0.4    51   -8.5    0.0    ONO   0.00   3.2   ONO    0.5    0.0    0.0  1024.5   0.00    0.0    0.186   0.000   19.5    43    6.6   18.3    8.25   1.2086     349     1    100.0   15 
22/01/23   4:45    0.7    0.9    0.6    50   -8.5    0.0    ONO   0.00   3.2   ONO    0.7    0.2    0.2  1024.5   0.00    0.0    0.183   0.000   19.4    44    6.8   18.3    8.35   1.2088     350     1    100.0   15 
22/01/23   5:00    0.9    0.9    0.8    50   -8.4    1.6    ONO   0.40   6.4     O    0.9    0.4    0.4  1024.3   0.00    0.0    0.182   0.000   19.3    44    6.7   18.1    8.35   1.2092     351     1    100.0   15 
22/01/23   5:15    0.9    1.1    0.9    50   -8.3    1.6    ONO   0.40  12.9   OSO    0.9    0.4    0.4  1024.4   0.00    0.0    0.181   0.000   19.2    44    6.6   18.0    8.35   1.2098     351     1    100.0   15 
22/01/23   5:30    1.1    1.1    1.0    50   -8.2    1.6    ONO   0.40   9.7     O    1.1    0.6    0.6  1024.5   0.00    0.0    0.180   0.000   19.1    44    6.5   17.9    8.35   1.2105     349     1    100.0   15 
22/01/23   5:45    0.8    1.0    0.7    51   -8.2    0.0      O   0.00   6.4     O    0.8    0.3    0.3  1024.6   0.00    0.0    0.182   0.000   19.0    44    6.5   17.8    8.35   1.2109     350     1    100.0   15 
22/01/23   6:00    0.7    0.7    0.7    52   -8.1    0.0      O   0.00   1.6     O    0.7    0.2    0.2  1024.8   0.00    0.0    0.184   0.000   18.9    44    6.4   17.7    8.35   1.2117     350     1    100.0   15 
22/01/23   6:15    0.6    0.7    0.4    52   -8.2    0.0      O   0.00   3.2     O    0.6    0.1    0.1  1024.9   0.00    0.0    0.185   0.000   18.8    44    6.3   17.6    8.35   1.2120     350     1    100.0   15 
22/01/23   6:30    0.3    0.4    0.2    53   -8.1    0.0     NO   0.00   4.8     E    0.3   -0.1   -0.1  1025.0   0.00    0.0    0.188   0.000   18.7    44    6.2   17.5    8.35   1.2127     352     1    100.0   15 
22/01/23   6:45    0.2    0.2    0.1    53   -8.3    0.0     NO   0.00   6.4   OSO    0.2   -0.3   -0.3  1025.2   0.00    0.0    0.189   0.000   18.7    44    6.2   17.4    8.35   1.2133     351     1    100.0   15 
22/01/23   7:00   -0.1    0.1   -0.2    55   -8.0    1.6    ONO   0.40   6.4     O   -0.1   -0.5   -0.5  1025.3   0.00    0.0    0.192   0.000   18.6    44    6.1   17.4    8.35   1.2136     351     1    100.0   15 
22/01/23   7:15    0.3    0.3    0.1    54   -8.0    0.0    ONO   0.00   1.6   ONO    0.3   -0.2   -0.2  1025.6   0.00    0.0    0.188   0.000   18.5    44    6.0   17.2    8.35   1.2145     350     1    100.0   15 
22/01/23   7:30    0.3    0.3    0.2    53   -8.2    0.0     NO   0.00   1.6    NO    0.3   -0.2   -0.2  1025.6   0.00    0.0    0.188   0.000   18.4    44    6.0   17.2    8.35   1.2148     352     1    100.0   15 
22/01/23   7:45    0.4    0.6    0.2    52   -8.3    0.0    ONO   0.00   8.0     O    0.4   -0.1   -0.1  1025.7   0.00    0.0    0.186   0.000   18.4    44    5.9   17.1    8.35   1.2152     350     1    100.0   15 
22/01/23   8:00    0.6    0.7    0.5    51   -8.4    0.0    OSO   0.00   1.6   OSO    0.6    0.1    0.1  1025.8   0.00    0.0    0.185   0.000   18.3    44    5.9   17.1    8.35   1.2156     349     1    100.0   15 
22/01/23   8:15    0.3    0.7    0.1    53   -8.1    0.0     NO   0.00   6.4   NNO    0.3   -0.1   -0.1  1025.9   0.00    0.0    0.188   0.000   18.3    44    5.8   17.0    8.35   1.2160     351     1    100.0   15 
22/01/23   8:30    0.2    0.3    0.0    53   -8.2    0.0     NO   0.00   6.4   SSO    0.2   -0.2   -0.2  1026.1   0.00    0.0    0.189   0.000   18.2    44    5.8   16.9    8.36   1.2164     352     1    100.0   15 
22/01/23   8:45    0.1    0.3   -0.1    54   -8.2    1.6     NO   0.40  11.3   ENE    0.1   -0.4   -0.4  1026.0   0.00    0.0    0.190   0.000   18.7    45    6.5   17.5    8.54   1.2139     350     1    100.0   15 
22/01/23   9:00    0.3    0.4    0.2    54   -7.9    1.6     NO   0.40   4.8    NO    0.3   -0.1   -0.1  1026.0   0.00    0.0    0.188   0.000   20.7    43    7.7   19.5    8.25   1.2045     348     1    100.0   15 
22/01/23   9:15    0.2    0.2    0.1    55   -7.8    1.6     NO   0.40   4.8   ONO    0.2   -0.3   -0.3  1026.1   0.00    0.0    0.189   0.000   22.7    42    9.1   22.1    7.99   1.1952     350     1    100.0   15 
22/01/23   9:30    0.3    0.4    0.1    54   -8.0    1.6     NO   0.40   4.8    NO    0.3   -0.2   -0.2  1026.1   0.00    0.0    0.188   0.000   24.6    40   10.1   24.1    7.62   1.1867     351     1    100.0   15 
22/01/23   9:45    0.8    1.7    0.3    53   -7.7    0.0     NO   0.00   3.2    NO    0.8    0.3    0.3  1026.4   0.00    0.0    0.183   0.000   25.4    37    9.6   24.8    7.20   1.1843     351     1    100.0   15 
22/01/23  10:00    2.3    2.4    1.7    50   -7.1    3.2    ENE   0.80   9.7     E    1.9    1.7    1.4  1026.4   0.00    0.0    0.167   0.000   24.7    38    9.4   24.2    7.32   1.1872     351     1    100.0   15 
22/01/23  10:15    1.9    2.2    1.8    52   -6.9    3.2    ENE   0.80  12.9   ENE    1.6    1.4    1.1  1026.7   0.00    0.0    0.171   0.000   24.3    40    9.9   23.8    7.63   1.1887     349     1    100.0   15 
22/01/23  10:30    2.3    2.7    2.0    51   -6.8    1.6    ENE   0.40   8.0     E    2.3    1.8    1.8  1027.0   0.00    0.0    0.167   0.000   23.8    41    9.8   23.4    7.75   1.1911     351     1    100.0   15 
22/01/23  10:45    2.6    2.8    2.3    51   -6.6    3.2    ENE   0.80  11.3   ESE    2.2    2.0    1.7  1027.0   0.00    0.0    0.164   0.000   23.3    42    9.6   22.8    7.97   1.1935     351     1    100.0   15 
22/01/23  11:00    2.9    3.1    2.7    49   -6.8    3.2    ENE   0.80   8.0   ENE    2.6    2.3    2.1  1027.2   0.00    0.0    0.161   0.000   23.1    42    9.4   22.5    7.98   1.1948     349     1    100.0   15 
22/01/23  11:15    3.1    3.2    3.0    49   -6.6    6.4    ENE   1.61  11.3   ENE    1.4    2.6    0.8  1027.3   0.00    0.0    0.159   0.000   22.9    42    9.3   22.4    7.98   1.1954     350     1    100.0   15 
22/01/23  11:30    3.1    3.2    3.0    50   -6.3    8.0      E   2.01  14.5     E    0.9    2.6    0.4  1027.4   0.00    0.0    0.159   0.000   22.9    41    8.9   22.3    7.82   1.1961     351     1    100.0   15 
22/01/23  11:45    3.4    3.7    3.2    50   -6.0    3.2    ENE   0.80   9.7     E    3.2    2.9    2.7  1027.2   0.00    0.0    0.155   0.000   22.8    41    8.9   22.2    7.83   1.1962     351     1    100.0   15 
22/01/23  12:00    4.1    4.5    3.7    47   -6.2    3.2    ENE   0.80  11.3   ENE    3.9    3.5    3.3  1027.2   0.00    0.0    0.148   0.000   22.5    35    6.3   21.3    7.00   1.1998     352     1    100.0   15 
22/01/23  12:15    4.9    5.4    4.5    46   -5.8    3.2     NO   0.80   9.7   SSO    4.8    4.2    4.2  1027.0   0.00    0.0    0.140   0.000   22.2    37    6.8   21.0    7.31   1.2002     351     1    100.0   15 
22/01/23  12:30    5.9    6.4    5.4    43   -5.7    1.6     NO   0.40   9.7   OSO    5.9    5.2    5.2  1026.7   0.00    0.0    0.129   0.000   22.4    38    7.4   21.4    7.45   1.1984     351     1    100.0   15 
22/01/23  12:45    7.0    7.7    6.4    40   -5.7    1.6     NO   0.40   9.7   ONO    7.0    6.2    6.2  1026.5   0.00    0.0    0.118   0.000   22.6    38    7.6   21.7    7.44   1.1974     350     1    100.0   15 
22/01/23  13:00    7.8    8.1    7.7    39   -5.3    3.2     NO   0.80   8.0    NO    7.8    7.0    7.0  1026.3   0.00    0.0    0.109   0.000   22.8    37    7.4   21.9    7.29   1.1964     351     1    100.0   15 
22/01/23  13:15    8.4    8.4    8.1    38   -5.1    4.8     NO   1.21  14.5     O    8.0    7.5    7.1  1026.1   0.00    0.0    0.104   0.000   22.9    39    8.2   22.2    7.58   1.1951     350     1    100.0   15 
22/01/23  13:30    7.5    8.3    7.1    41   -4.9    6.4      O   1.61  19.3   ONO    6.5    6.7    5.7  1026.0   0.00    0.0    0.113   0.000   23.1    38    8.0   22.4    7.41   1.1945     351     1    100.0   15 
22/01/23  13:45    7.3    7.6    7.2    40   -5.4    4.8    ONO   1.21  17.7     O    6.8    6.6    6.0  1025.9   0.00    0.0    0.115   0.000   23.2    37    7.7   22.6    7.27   1.1941     347     1    100.0   15 
22/01/23  14:00    7.7    7.9    7.6    39   -5.4    6.4    ONO   1.61  17.7   ONO    6.7    6.9    5.9  1025.7   0.00    0.0    0.111   0.000   23.3    37    7.8   22.6    7.27   1.1937     350     1    100.0   15 
22/01/23  14:15    8.1    8.3    7.9    39   -5.0    6.4    ONO   1.61  16.1     O    7.2    7.3    6.3  1025.5   0.00    0.0    0.106   0.000   23.3    38    8.2   22.7    7.39   1.1928     352     1    100.0   15 
22/01/23  14:30    8.2    8.3    8.1    39   -4.9    6.4      O   1.61  27.4     O    7.3    7.4    6.5  1025.4   0.00    0.0    0.105   0.000   23.4    38    8.3   22.9    7.38   1.1921     351     1    100.0   15 
22/01/23  14:45    8.2    8.3    8.1    39   -5.0    8.0      O   2.01  27.4     O    6.8    7.3    6.0  1025.3   0.00    0.0    0.106   0.000   23.4    38    8.3   22.9    7.38   1.1921     350     1    100.0   15 
22/01/23  15:00    8.2    8.3    8.1    37   -5.6    9.7      O   2.41  24.1     O    6.6    7.3    5.7  1025.4   0.00    0.0    0.105   0.000   23.3    38    8.2   22.7    7.39   1.1927     351     1    100.0   15 
22/01/23  15:15    8.3    8.3    8.2    37   -5.6    8.0      O   2.01  24.1     O    7.0    7.4    6.1  1025.2   0.00    0.0    0.105   0.000   23.3    38    8.2   22.7    7.39   1.1925     352     1    100.0   15 
22/01/23  15:30    8.2    8.4    8.2    38   -5.3    6.4      O   1.61  20.9   OSO    7.3    7.3    6.4  1025.2   0.00    0.0    0.105   0.000   23.3    38    8.2   22.7    7.39   1.1924     349     1    100.0   15 
22/01/23  15:45    8.4    8.6    8.2    38   -5.1    8.0      O   2.01  22.5   OSO    7.1    7.5    6.2  1025.1   0.00    0.0    0.104   0.000   23.3    38    8.2   22.7    7.39   1.1926     351     1    100.0   15 
22/01/23  16:00    8.2    8.3    8.2    38   -5.3    8.0    ONO   2.01  25.7   ONO    6.9    7.3    6.1  1025.1   0.00    0.0    0.105   0.000   23.2    38    8.1   22.6    7.40   1.1929     351     1    100.0   15 
22/01/23  16:15    8.1    8.2    8.1    39   -5.0    8.0      O   2.01  20.9   OSO    6.8    7.3    5.9  1025.2   0.00    0.0    0.106   0.000   23.2    38    8.1   22.5    7.40   1.1932     350     1    100.0   15 
22/01/23  16:30    8.2    8.3    7.8    39   -5.0    4.8    ONO   1.21  17.7   OSO    7.8    7.3    6.9  1025.1   0.00    0.0    0.106   0.000   23.1    38    8.0   22.3    7.41   1.1937     351     1    100.0   15 
22/01/23  16:45    7.7    7.8    7.6    40   -5.1    4.8      O   1.21  17.7    NO    7.2    6.8    6.4  1025.1   0.00    0.0    0.111   0.000   22.9    38    7.9   22.2    7.42   1.1942     350     1    100.0   15 
22/01/23  17:00    7.9    7.9    7.8    39   -5.2    6.4      O   1.61  16.1     O    6.9    7.1    6.1  1025.0   0.00    0.0    0.109   0.000   22.8    38    7.8   22.0    7.43   1.1946     350     1    100.0   15 
22/01/23  17:15    7.9    7.9    7.8    39   -5.2    4.8      O   1.21  17.7     O    7.4    7.1    6.6  1025.0   0.00    0.0    0.109   0.000   22.7    38    7.7   21.8    7.43   1.1951     351     1    100.0   15 
22/01/23  17:30    7.6    7.8    7.4    40   -5.2    3.2    ONO   0.80  16.1     O    7.6    6.7    6.7  1024.9   0.00    0.0    0.112   0.000   22.6    38    7.6   21.7    7.44   1.1955     352     1    100.0   15 
22/01/23  17:45    7.2    7.4    7.0    40   -5.5    3.2    ONO   0.80  12.9   OSO    7.2    6.4    6.4  1024.9   0.00    0.0    0.116   0.000   22.6    38    7.6   21.7    7.44   1.1955     351     1    100.0   15 
22/01/23  18:00    6.8    7.0    6.4    40   -5.9    1.6      O   0.40   8.0     O    6.8    6.0    6.0  1024.8   0.00    0.0    0.120   0.000   22.6    38    7.5   21.6    7.45   1.1957     350     1    100.0   15 
22/01/23  18:15    6.3    6.4    6.2    41   -6.0    0.0     SO   0.00   3.2     O    6.3    5.5    5.5  1024.9   0.00    0.0    0.126   0.000   22.5    39    7.8   21.6    7.60   1.1958     350     1    100.0   15 
22/01/23  18:30    6.3    6.3    6.2    41   -6.0    0.0      O   0.00   3.2     O    6.3    5.5    5.5  1025.0   0.00    0.0    0.126   0.000   22.4    39    7.7   21.4    7.60   1.1964     352     1    100.0   15 
22/01/23  18:45    6.1    6.2    6.0    39   -6.9    0.0      O   0.00   4.8     O    6.1    5.3    5.3  1024.9   0.00    0.0    0.128   0.000   22.3    39    7.7   21.3    7.61   1.1966     351     1    100.0   15 
22/01/23  19:00    6.1    6.2    6.0    38   -7.2    0.0    ONO   0.00   1.6   ONO    6.1    5.3    5.3  1025.1   0.00    0.0    0.127   0.000   22.3    39    7.6   21.2    7.61   1.1970     350     1    100.0   15 
22/01/23  19:15    6.0    6.1    5.9    37   -7.6    0.0    ONO   0.00   4.8   ONO    6.0    5.2    5.2  1025.2   0.00    0.0    0.128   0.000   22.2    39    7.6   21.1    7.61   1.1974     350     1    100.0   15 
22/01/23  19:30    5.8    6.1    5.6    40   -6.8    1.6    ONO   0.40  12.9    NE    5.8    5.0    5.0  1025.4   0.00    0.0    0.131   0.000   22.2    39    7.6   21.1    7.61   1.1979     350     1    100.0   15 
22/01/23  19:45    5.6    5.7    5.3    43   -6.1    3.2    ENE   0.80   8.0     E    5.6    4.8    4.8  1025.6   0.00    0.0    0.133   0.000   22.1    39    7.5   20.9    7.61   1.1984     352     1    100.0   15 
22/01/23  20:00    5.2    5.3    4.9    47   -5.2    4.8    ENE   1.21  11.3   ENE    4.3    4.5    3.7  1025.5   0.00    0.0    0.137   0.000   22.1    39    7.5   20.9    7.61   1.1983     350     1    100.0   15 
22/01/23  20:15    4.8    4.9    4.8    48   -5.3    4.8    ENE   1.21  14.5   ENE    4.0    4.2    3.4  1025.7   0.00    0.0    0.141   0.000   22.1    39    7.5   20.9    7.62   1.1989     350     1    100.0   15 
22/01/23  20:30    4.7    4.8    4.7    47   -5.7    8.0    ENE   2.01  17.7   ENE    2.8    4.1    2.2  1025.7   0.00    0.0    0.142   0.000   22.1    40    7.9   21.0    7.71   1.1983     349     1    100.0   15 
22/01/23  20:45    4.4    4.7    4.2    49   -5.4    9.7    ENE   2.41  20.9    NE    2.0    3.8    1.4  1025.7   0.00    0.0    0.145   0.000   22.1    40    7.9   21.0    7.71   1.1983     349     1    100.0   15 
22/01/23  21:00    4.2    4.2    4.1    50   -5.3    9.7    ENE   2.41  19.3   ENE    1.8    3.6    1.2  1025.7   0.00    0.0    0.148   0.000   22.1    39    7.5   20.9    7.61   1.1986     350     1    100.0   15 
22/01/23  21:15    4.1    4.3    3.9    51   -5.1    8.0    ENE   2.01  19.3   ENE    2.1    3.6    1.6  1025.9   0.00    0.0    0.148   0.000   22.1    39    7.5   20.9    7.61   1.1989     351     1    100.0   15 
22/01/23  21:30    3.9    4.0    3.8    52   -5.0    8.0    ENE   2.01  14.5    NE    1.9    3.4    1.3  1026.2   0.00    0.0    0.150   0.000   21.9    38    7.0   20.7    7.49   1.2003     348     1    100.0   15 
22/01/23  21:45    3.9    4.0    3.8    52   -5.0    3.2    ENE   0.80  14.5    NE    3.8    3.4    3.2  1026.4   0.00    0.0    0.150   0.000   21.8    38    6.8   20.4    7.50   1.2013     351     1    100.0   15 
22/01/23  22:00    3.6    3.8    3.2    53   -5.1    1.6    SSE   0.40   4.8   ENE    3.6    3.1    3.1  1026.5   0.00    0.0    0.154   0.000   21.7    39    7.1   20.3    7.63   1.2017     352     1    100.0   15 
22/01/23  22:15    2.8    3.2    2.7    55   -5.3    1.6     SO   0.40   4.8     E    2.8    2.3    2.3  1026.7   0.00    0.0    0.161   0.000   21.6    39    7.1   20.2    7.63   1.2021     351     1    100.0   15 
22/01/23  22:30    2.6    2.7    2.5    56   -5.4    3.2      E   0.80   8.0   ESE    2.2    2.1    1.7  1026.7   0.00    0.0    0.164   0.000   21.6    40    7.4   20.3    7.73   1.2018     350     1    100.0   15 
22/01/23  22:45    2.6    2.6    2.5    56   -5.4    1.6    ENE   0.40   8.0     E    2.6    2.1    2.1  1026.6   0.00    0.0    0.164   0.000   21.6    40    7.4   20.3    7.73   1.2017     350     1    100.0   15 
22/01/23  23:00    2.4    2.5    2.2    58   -5.0    1.6    NNE   0.40   4.8   ENE    2.4    1.9    1.9  1026.7   0.00    0.0    0.166   0.000   21.6    41    7.7   20.2    7.92   1.2018     352     1    100.0   15 
22/01/23  23:15    2.2    2.3    2.1    58   -5.3    1.6     NE   0.40   4.8    NE    2.2    1.7    1.7  1026.8   0.00    0.0    0.168   0.000   21.4    41    7.6   20.1    7.93   1.2025     350     1    100.0   15 
22/01/23  23:30    1.8    2.1    1.4    60   -5.2    0.0     NE   0.00   1.6    NE    1.8    1.4    1.4  1026.7   0.00    0.0    0.172   0.000   21.4    42    7.9   20.1    8.04   1.2023     351     1    100.0   15 
22/01/23  23:45    1.4    1.5    1.2    61   -5.3    1.6      E   0.40   4.8     E    1.4    1.1    1.1  1026.5   0.00    0.0    0.176   0.000   21.4    42    8.0   20.2    8.04   1.2018     350     1    100.0   15 
23/01/23  00:00    1.1    1.2    1.0    62   -5.4    1.6    ONO   0.40  12.9     E    1.1    0.7    0.7  1026.7   0.00    0.0    0.179   0.000   22.2    41    8.3   21.2    7.87   1.1985     349     1    100.0   15 
23/01/23   0:15    1.4    1.6    1.2    60   -5.5    1.6    ENE   0.40   4.8    NO    1.4    1.0    1.0  1026.6   0.00    0.0    0.177   0.000   22.4    41    8.5   21.6    7.85   1.1974     347     1    100.0   15 
23/01/23   0:30    0.9    1.2    0.8    62   -5.6    0.0    NNO   0.00   3.2   NNO    0.9    0.5    0.5  1026.6   0.00    0.0    0.182   0.000   22.7    41    8.8   22.0    7.83   1.1961     349     1    100.0   15 
23/01/23   0:45    0.9    1.1    0.8    62   -5.5    0.0     NE   0.00   3.2    NE    0.9    0.6    0.6  1026.6   0.00    0.0    0.181   0.000   22.9    41    8.9   22.3    7.82   1.1953     349     1    100.0   15 
23/01/23   1:00    1.2    1.2    0.9    62   -5.3    0.0      O   0.00   6.4     O    1.2    0.8    0.8  1026.6   0.00    0.0    0.179   0.000   22.9    41    8.9   22.3    7.82   1.1952     351     1    100.0   15 
23/01/23   1:15    0.6    0.9    0.3    65   -5.3    0.0    ONO   0.00   3.2   ONO    0.6    0.2    0.2  1026.6   0.00    0.0    0.185   0.000   22.4    41    8.5   21.6    7.85   1.1974     351     1    100.0   15 
23/01/23   1:30    0.8    1.0    0.7    64   -5.2    0.0    ONO   0.00   1.6   ONO    0.8    0.5    0.5  1026.5   0.00    0.0    0.182   0.000   22.0    41    8.1   20.9    7.89   1.1994     351     1    100.0   15 
23/01/23   1:45    0.9    1.1    0.8    63   -5.3    0.0    ONO   0.00   3.2   ONO    0.9    0.6    0.6  1026.6   0.00    0.0    0.181   0.000   21.7    41    7.8   20.4    7.91   1.2012     350     1    100.0   15 
23/01/23   2:00    0.8    0.8    0.7    64   -5.3    0.0      E   0.00   4.8   ENE    0.8    0.4    0.4  1026.6   0.00    0.0    0.183   0.000   21.3    42    7.9   20.0    8.04   1.2025     349     1    100.0   15 
23/01/23   2:15    0.2    0.7   -0.1    65   -5.6    1.6     NO   0.40   4.8   ONO    0.2   -0.1   -0.1  1026.6   0.00    0.0    0.189   0.000   21.1    42    7.6   19.7    8.05   1.2038     351     1    100.0   15 
23/01/23   2:30    0.3    0.5    0.2    64   -5.7    1.6     NO   0.40   4.8    NO    0.3    0.0    0.0  1026.6   0.00    0.0    0.188   0.000   20.8    42    7.4   19.5    8.06   1.2049     350     1    100.0   15 
23/01/23   2:45    1.4    2.0    0.5    55   -6.7    1.6      O   0.40   9.7    NO    1.4    0.9    0.9  1026.6   0.00    0.0    0.177   0.000   20.6    42    7.2   19.4    8.07   1.2060     352     1    100.0   15 
23/01/23   3:00    1.0    1.6    0.8    54   -7.3    1.6     NO   0.40   8.0    NO    1.0    0.6    0.6  1026.7   0.00    0.0    0.181   0.000   20.4    42    7.1   19.2    8.07   1.2069     351     1    100.0   15 
23/01/23   3:15   -0.3    0.9   -0.7    62   -6.7    1.6    ENE   0.40   8.0     E   -0.3   -0.7   -0.7  1026.8   0.00    0.0    0.194   0.000   20.3    42    6.9   19.1    8.08   1.2079     350     1    100.0   15 
23/01/23   3:30   -0.6   -0.6   -0.7    63   -6.8    0.0    SSE   0.00   3.2   SSE   -0.6   -0.9   -0.9  1026.7   0.00    0.0    0.197   0.000   20.1    42    6.8   18.9    8.09   1.2085     350     1    100.0   15 
23/01/23   3:45   -0.4   -0.1   -0.6    62   -6.8    0.0    OSO   0.00   3.2   OSO   -0.4   -0.8   -0.8  1026.7   0.00    0.0    0.195   0.000   19.9    42    6.6   18.7    8.09   1.2093     349     1    100.0   15 
23/01/23   4:00   -0.3   -0.1   -0.5    59   -7.3    1.6      O   0.40   3.2     O   -0.3   -0.7   -0.7  1026.7   0.00    0.0    0.194   0.000   19.8    42    6.5   18.6    8.10   1.2099     352     1    100.0   15 
23/01/23   4:15   -0.4   -0.3   -0.5    59   -7.5    1.6     NO   0.40   6.4    NO   -0.4   -0.8   -0.8  1026.8   0.00    0.0    0.196   0.000   19.7    42    6.4   18.4    8.10   1.2108     350     1    100.0   15 
