                 Temp.  Temp.  Temp.  Hum.   Punt   Vel.   Dir.   Rec.  Vel.  Dir.  Sens.   Índ.   Índ.                  Int. Graus D.Graus D.  Temp.  Hum. Rosada  In.Cal.  EMC     Dens.    Mostr   Tx   Recep.  Int.
  Data    Hora    Ext.   Màx.   Mín.  Ext. Rosada   Vent   Vent   Vent  Màx.  Màx.  Tèrm.  Calor   THW    Bar    Pluja   Pluja  Calor    Fred    Int.  Int.   Int.   Int.    Int.  Int.Aire    Vent   Vent   ISS   Arc.
-------------------------------------------------------------------------------------------------------------------------------------------------------------------------------------------------------------------------
10/01/23   0:15    7.7    7.8    7.6    71    2.8    6.4      O   1.61  20.9    NO    6.7    7.4    6.4  1029.7   0.00    0.0    0.111   0.000   24.2    47   12.2   24.1    8.74   1.1902     348     1    100.0   15 
10/01/23   0:30    7.8    7.8    7.7    72    3.0    1.6      O   0.40  17.7   OSO    7.8    7.5    7.5  1029.8   0.00    0.0    0.110   0.000   24.2    47   12.1   24.1    8.74   1.1906     352     1    100.0   15 
10/01/23   0:45    7.6    7.7    7.4    72    2.8    1.6     NO   0.40   6.4    NO    7.6    7.3    7.3  1029.8   0.00    0.0    0.112   0.000   23.9    47   11.9   23.8    8.75   1.1921     351     1    100.0   15 
10/01/23   1:00    7.2    7.4    7.1    73    2.7    4.8    ONO   1.21   9.7     O    6.7    7.0    6.4  1029.8   0.00    0.0    0.116   0.000   23.6    47   11.6   23.4    8.75   1.1935     351     1    100.0   15 
10/01/23   1:15    6.9    7.1    6.9    74    2.6    4.8    ONO   1.21  11.3   ONO    6.4    6.7    6.2  1029.8   0.00    0.0    0.119   0.000   23.3    48   11.7   23.1    8.93   1.1945     350     1    100.0   15 
10/01/23   1:30    6.9    6.9    6.8    74    2.6    4.8    ONO   1.21  12.9     O    6.3    6.7    6.1  1029.5   0.00    0.0    0.119   0.000   23.1    48   11.4   22.8    8.92   1.1955     350     1    100.0   15 
10/01/23   1:45    6.9    7.0    6.8    74    2.6    6.4    ONO   1.61  12.9     O    5.8    6.7    5.6  1029.9   0.00    0.0    0.119   0.000   22.8    48   11.2   22.4    8.91   1.1974     351     1    100.0   15 
10/01/23   2:00    6.8    6.8    6.7    75    2.7    4.8    ONO   1.21  12.9   ONO    6.2    6.6    5.9  1030.1   0.00    0.0    0.120   0.000   22.3    49   11.1   21.8    9.05   1.1995     348     1    100.0   15 
10/01/23   2:15    6.6    6.7    6.5    76    2.7    4.8    ONO   1.21  11.3   OSO    6.0    6.4    5.8  1030.1   0.00    0.0    0.122   0.000   21.8    50   10.9   21.1    9.25   1.2020     351     1    100.0   15 
10/01/23   2:30    6.4    6.5    6.4    77    2.7    4.8    ONO   1.21  11.3     O    5.8    6.3    5.7  1030.1   0.00    0.0    0.124   0.000   21.3    50   10.4   20.4    9.25   1.2045     351     1    100.0   15 
10/01/23   2:45    6.4    6.5    6.3    76    2.5    6.4    ONO   1.61  14.5     O    5.3    6.2    5.1  1030.0   0.00    0.0    0.124   0.000   20.8    51   10.3   20.0    9.46   1.2063     350     1    100.0   15 
10/01/23   3:00    6.4    6.4    6.4    77    2.7    4.8    ONO   1.21  11.3   ONO    5.8    6.3    5.7  1030.6   0.00    0.0    0.124   0.000   20.4    52   10.2   19.7    9.68   1.2090     350     1    100.0   15 
10/01/23   3:15    6.4    6.5    6.3    77    2.6    6.4    ONO   1.61  12.9   ONO    5.2    6.2    5.0  1030.8   0.00    0.0    0.124   0.000   20.0    52    9.8   19.4    9.69   1.2111     351     1    100.0   15 
10/01/23   3:30    6.5    6.5    6.4    76    2.6    1.6    ONO   0.40   6.4    NO    6.5    6.3    6.3  1031.0   0.00    0.0    0.123   0.000   19.7    53    9.9   19.1    9.90   1.2126     351     1    100.0   15 
10/01/23   3:45    6.3    6.4    6.1    77    2.5    0.0     NO   0.00   3.2    NO    6.3    6.1    6.1  1031.2   0.00    0.0    0.126   0.000   19.4    53    9.6   18.8    9.91   1.2144     351     1    100.0   15 
10/01/23   4:00    5.9    6.1    5.8    78    2.4    0.0    NNE   0.00   3.2   NNE    5.9    5.8    5.8  1031.4   0.00    0.0    0.129   0.000   19.1    54    9.6   18.5   10.09   1.2158     351     1    100.0   15 
10/01/23   4:15    5.7    5.8    5.6    78    2.1    1.6    ENE   0.40   8.0   ENE    5.7    5.5    5.5  1031.4   0.00    0.0    0.132   0.000   18.8    54    9.3   18.2   10.11   1.2172     351     1    100.0   15 
10/01/23   4:30    5.4    5.6    5.4    79    2.1    0.0    ENE   0.00   3.2    NE    5.4    5.3    5.3  1031.5   0.00    0.0    0.134   0.000   18.6    55    9.4   17.9   10.24   1.2182     350     1    100.0   15 
10/01/23   4:45    5.3    5.4    5.2    79    1.9    0.0    ENE   0.00   3.2    NO    5.3    5.1    5.1  1031.2   0.00    0.0    0.136   0.000   18.4    55    9.2   17.8   10.25   1.2186     349     1    100.0   15 
10/01/23   5:00    5.1    5.2    5.1    80    1.9    0.0    NNO   0.00   3.2   NNO    5.1    4.9    4.9  1031.5   0.00    0.0    0.138   0.000   18.5    54    9.0   17.8   10.14   1.2190     351     1    100.0   15 
10/01/23   5:15    5.0    5.2    4.9    80    1.8    1.6    NNO   0.40   4.8   NNO    5.0    4.8    4.8  1031.4   0.00    0.0    0.139   0.000   18.7    54    9.2   18.1   10.12   1.2177     350     1    100.0   15 
10/01/23   5:30    5.2    5.3    5.0    78    1.7    1.6     NE   0.40   6.4   NNE    5.2    5.1    5.1  1031.6   0.00    0.0    0.137   0.000   19.0    54    9.5   18.3   10.10   1.2166     351     1    100.0   15 
10/01/23   5:45    5.2    5.3    5.1    79    1.8    1.6    ENE   0.40   6.4    NE    5.2    5.0    5.0  1031.6   0.00    0.0    0.137   0.000   19.3    53    9.5   18.7    9.91   1.2152     349     1    100.0   15 
10/01/23   6:00    5.2    5.6    4.9    79    1.8    4.8     NE   1.21   9.7    NE    4.3    5.0    4.2  1031.7   0.00    0.0    0.137   0.000   19.6    53    9.8   19.0    9.90   1.2140     352     1    100.0   15 
10/01/23   6:15    5.5    5.6    5.2    78    2.0    3.2     NE   0.80   8.0    NE    5.5    5.3    5.3  1032.0   0.00    0.0    0.134   0.000   19.8    52    9.7   19.2    9.70   1.2134     351     1    100.0   15 
10/01/23   6:30    4.9    5.2    4.7    81    1.9    4.8     NO   1.21  12.9   ONO    4.1    4.7    3.9  1032.3   0.00    0.0    0.140   0.000   20.0    52    9.8   19.4    9.69   1.2130     351     1    100.0   15 
10/01/23   6:45    5.3    5.8    4.9    79    2.0    4.8    ONO   1.21  14.5   OSO    4.6    5.2    4.4  1032.4   0.00    0.0    0.135   0.000   20.1    52    9.9   19.5    9.69   1.2125     351     1    100.0   15 
10/01/23   7:00    4.9    5.8    4.2    80    1.8    1.6     NO   0.40   4.8    NO    4.9    4.8    4.8  1032.6   0.00    0.0    0.139   0.000   20.2    52   10.0   19.6    9.68   1.2122     351     1    100.0   15 
10/01/23   7:15    4.1    4.3    4.0    83    1.5    0.0     NO   0.00   4.8    NO    4.1    4.0    4.0  1032.6   0.00    0.0    0.148   0.000   20.3    52   10.1   19.6    9.68   1.2119     352     1    100.0   15 
10/01/23   7:30    4.6    4.8    4.3    82    1.7    0.0     NE   0.00   6.4   ENE    4.6    4.4    4.4  1032.7   0.00    0.0    0.144   0.000   20.3    51    9.9   19.6    9.48   1.2120     351     1    100.0   15 
10/01/23   7:45    4.7    4.8    4.7    81    1.7    0.0     NE   0.00   3.2    NE    4.7    4.6    4.6  1032.8   0.00    0.0    0.142   0.000   20.4    51    9.9   19.7    9.48   1.2119     351     1    100.0   15 
10/01/23   8:00    4.7    4.7    4.6    82    1.9    0.0    NNO   0.00   4.8   NNO    4.7    4.5    4.5  1033.0   0.00    0.0    0.142   0.000   20.4    51   10.0   19.7    9.47   1.2118     350     1    100.0   15 
10/01/23   8:15    4.4    4.6    4.1    82    1.6    1.6    NNO   0.40   4.8   NNO    4.4    4.3    4.3  1033.3   0.00    0.0    0.145   0.000   20.4    51   10.0   19.7    9.47   1.2122     351     1    100.0   15 
10/01/23   8:30    3.8    4.1    3.6    83    1.2    1.6     NO   0.40   6.4    NO    3.8    3.7    3.7  1033.3   0.00    0.0    0.152   0.000   20.4    51   10.0   19.7    9.47   1.2122     351     1    100.0   15 
10/01/23   8:45    3.7    3.9    3.6    85    1.4    0.0      N   0.00   4.8    NE    3.7    3.6    3.6  1033.4   0.00    0.0    0.153   0.000   20.5    51   10.0   19.8    9.47   1.2120     350     1    100.0   15 
10/01/23   9:00    4.3    4.8    3.9    83    1.7    0.0      N   0.00   4.8   NNE    4.3    4.2    4.2  1033.9   0.00    0.0    0.146   0.000   20.6    51   10.1   19.8    9.47   1.2123     351     1    100.0   15 
10/01/23   9:15    4.9    5.1    4.8    80    1.8    1.6    ENE   0.40   8.0    NE    4.9    4.8    4.8  1034.0   0.00    0.0    0.139   0.000   20.7    50    9.9   19.9    9.26   1.2120     351     1    100.0   15 
10/01/23   9:30    5.2    5.6    5.0    80    2.1    1.6    ENE   0.40   4.8   ENE    5.2    5.1    5.1  1034.0   0.00    0.0    0.137   0.000   20.9    50   10.1   20.1    9.26   1.2108     352     1    100.0   15 
10/01/23   9:45    6.1    6.6    5.6    78    2.6    1.6     NO   0.40   6.4    SE    6.1    5.9    5.9  1034.3   0.00    0.0    0.127   0.000   21.3    50   10.4   20.4    9.25   1.2094     351     1    100.0   15 
10/01/23  10:00    6.8    7.4    6.6    77    3.1    0.0     NO   0.00   3.2    NO    6.8    6.7    6.7  1034.4   0.00    0.0    0.120   0.000   21.7    50   10.8   21.0    9.25   1.2074     351     1    100.0   15 
10/01/23  10:15    7.2    7.6    6.8    75    3.1    1.6     NO   0.40   4.8    NO    7.2    7.0    7.0  1034.2   0.00    0.0    0.116   0.000   22.1    49   10.9   21.5    9.05   1.2054     351     1    100.0   15 
10/01/23  10:30    6.8    6.9    6.8    76    2.8    3.2     NO   0.80   6.4    NO    6.8    6.6    6.6  1034.3   0.00    0.0    0.120   0.000   22.4    48   10.9   21.9    8.90   1.2042     352     1    100.0   15 
10/01/23  10:45    7.2    7.7    6.8    76    3.2    1.6     NO   0.40   6.4   ONO    7.2    6.9    6.9  1034.2   0.00    0.0    0.116   0.000   22.7    48   11.1   22.3    8.91   1.2028     351     1    100.0   15 
10/01/23  11:00    8.3    8.6    7.7    73    3.7    1.6    SSE   0.40   6.4   ONO    8.3    8.1    8.1  1034.3   0.00    0.0    0.105   0.000   23.0    48   11.4   22.7    8.92   1.2015     351     1    100.0   15 
10/01/23  11:15    8.9    9.3    8.6    71    3.9    3.2    OSO   0.80  11.3   NNO    8.9    8.6    8.6  1034.4   0.00    0.0    0.098   0.000   23.2    47   11.3   22.9    8.75   1.2008     350     1    100.0   15 
10/01/23  11:30    9.6    9.8    9.3    69    4.2    3.2      O   0.80  16.1     O    9.6    9.4    9.4  1034.3   0.00    0.0    0.091   0.000   23.5    47   11.5   23.3    8.75   1.1993     350     1    100.0   15 
10/01/23  11:45    9.3   10.0    8.7    70    4.1    4.8      E   1.21  12.9   ENE    9.0    9.1    8.8  1034.2   0.00    0.0    0.094   0.000   23.7    47   11.7   23.6    8.75   1.1981     350     1    100.0   15 
10/01/23  12:00    8.5    8.7    8.4    71    3.5    6.4    ENE   1.61  11.3     E    7.7    8.2    7.4  1033.8   0.00    0.0    0.102   0.000   23.9    46   11.6   23.8    8.55   1.1968     351     1    100.0   15 
10/01/23  12:15    8.5    8.6    8.4    70    3.3    8.0    ENE   2.01  14.5   ENE    7.3    8.2    7.0  1033.8   0.00    0.0    0.102   0.000   24.1    46   11.7   23.9    8.54   1.1963     351     1    100.0   15 
10/01/23  12:30    8.8    9.2    8.5    70    3.6    4.8      E   1.21  14.5   ENE    8.4    8.5    8.2  1033.5   0.00    0.0    0.100   0.000   24.2    46   11.9   24.1    8.54   1.1951     351     1    100.0   15 
10/01/23  12:45    9.4    9.7    9.2    67    3.6    6.4    ENE   1.61  16.1   ENE    8.7    9.2    8.4  1033.3   0.00    0.0    0.093   0.000   24.4    45   11.7   24.2    8.43   1.1941     351     1    100.0   15 
10/01/23  13:00    9.7   10.1    9.6    67    3.9    4.8    ENE   1.21  14.5   ENE    9.5    9.4    9.2  1033.2   0.00    0.0    0.090   0.000   24.6    45   11.9   24.4    8.42   1.1932     351     1    100.0   15 
10/01/23  13:15   10.4   10.6   10.1    65    4.1    3.2      E   0.80  16.1   ENE   10.4   10.0   10.0  1033.1   0.00    0.0    0.083   0.000   24.7    45   12.0   24.5    8.42   1.1925     351     1    100.0   15 
10/01/23  13:30   10.7   11.0   10.5    64    4.2    4.8    ENE   1.21  14.5     E   10.6   10.3   10.2  1032.9   0.00    0.0    0.079   0.000   24.8    45   12.0   24.5    8.42   1.1920     351     1    100.0   15 
10/01/23  13:45   10.9   10.9   10.8    64    4.3    6.4      E   1.61  12.9   ENE   10.4   10.4    9.9  1032.6   0.00    0.0    0.078   0.000   24.7    45   11.9   24.4    8.42   1.1922     352     1    100.0   15 
10/01/23  14:00   10.9   11.0   10.8    64    4.3    4.8    ENE   1.21  12.9     E   10.8   10.4   10.4  1032.5   0.00    0.0    0.078   0.000   24.5    45   11.8   24.3    8.43   1.1929     351     1    100.0   15 
10/01/23  14:15   11.1   11.2   11.0    63    4.3    6.4    ENE   1.61  12.9     E   10.7   10.6   10.2  1032.3   0.00    0.0    0.075   0.000   24.4    45   11.7   24.2    8.43   1.1929     351     1    100.0   15 
10/01/23  14:30   11.4   11.7   11.2    62    4.4    6.4    ENE   1.61  12.9   ENE   11.0   10.8   10.4  1032.4   0.00    0.0    0.072   0.000   24.2    45   11.5   24.0    8.44   1.1941     350     1    100.0   15 
10/01/23  14:45   11.8   12.0   11.6    61    4.5    3.2     SE   0.80   8.0     E   11.8   11.2   11.2  1032.3   0.00    0.0    0.068   0.000   24.1    45   11.4   23.9    8.44   1.1948     350     1    100.0   15 
10/01/23  15:00   12.2   12.3   12.0    60    4.6    3.2    ENE   0.80   8.0     E   12.2   11.5   11.5  1032.0   0.00    0.0    0.064   0.000   24.1    46   11.7   23.9    8.54   1.1942     352     1    100.0   15 
10/01/23  15:15   12.3   12.4   12.2    59    4.5    1.6    ENE   0.40   8.0     E   12.3   11.6   11.6  1032.0   0.00    0.0    0.062   0.000   24.2    46   11.8   24.0    8.54   1.1936     351     1    100.0   15 
10/01/23  15:30   12.6   12.9   12.3    58    4.5    1.6      O   0.40   8.0   OSO   12.6   11.8   11.8  1032.0   0.00    0.0    0.060   0.000   24.3    45   11.6   24.1    8.43   1.1931     350     1    100.0   15 
10/01/23  15:45   13.2   13.5   12.9    56    4.6    3.2    SSO   0.80  11.3     S   13.2   12.4   12.4  1031.9   0.00    0.0    0.053   0.000   24.4    45   11.7   24.2    8.43   1.1925     350     1    100.0   15 
10/01/23  16:00   13.6   13.7   13.5    55    4.7    3.2    OSO   0.80   8.0     O   13.6   12.7   12.7  1031.9   0.00    0.0    0.050   0.000   24.5    45   11.8   24.3    8.43   1.1922     351     1    100.0   15 
10/01/23  16:15   13.6   13.7   13.5    55    4.7    1.6    OSO   0.40   4.8     O   13.6   12.7   12.7  1031.8   0.00    0.0    0.049   0.000   24.4    45   11.7   24.2    8.43   1.1923     350     1    100.0   15 
10/01/23  16:30   13.7   13.7   13.6    55    4.8    0.0    OSO   0.00   4.8   OSO   13.7   12.8   12.8  1031.8   0.00    0.0    0.049   0.000   24.4    45   11.7   24.2    8.43   1.1923     351     1    100.0   15 
10/01/23  16:45   13.9   14.1   13.7    54    4.8    1.6      O   0.40   6.4     O   13.9   13.0   13.0  1031.7   0.00    0.0    0.046   0.000   24.4    45   11.7   24.2    8.43   1.1925     351     1    100.0   15 
10/01/23  17:00   13.7   14.0   13.4    56    5.1    1.6    OSO   0.40   8.0     S   13.7   12.9   12.9  1031.7   0.00    0.0    0.048   0.000   24.3    46   12.0   24.2    8.53   1.1924     351     1    100.0   15 
10/01/23  17:15   13.1   13.4   12.6    58    5.0    1.6    OSO   0.40   4.8   OSO   13.1   12.3   12.3  1031.9   0.00    0.0    0.055   0.000   24.3    46   11.9   24.1    8.54   1.1929     350     1    100.0   15 
10/01/23  17:30   12.4   12.6   12.1    61    5.1    1.6    OSO   0.40   6.4    SO   12.4   11.7   11.7  1031.9   0.00    0.0    0.062   0.000   24.2    46   11.9   24.1    8.54   1.1932     351     1    100.0   15 
10/01/23  17:45   11.8   12.1   11.5    63    5.0    3.2     SO   0.80   8.0    SO   11.8   11.2   11.2  1031.9   0.00    0.0    0.068   0.000   24.1    46   11.8   23.9    8.54   1.1937     350     1    100.0   15 
10/01/23  18:00   11.2   11.5   10.9    65    4.9    1.6    OSO   0.40   6.4   SSO   11.2   10.8   10.8  1031.9   0.00    0.0    0.074   0.000   24.0    45   11.3   23.8    8.45   1.1947     350     1    100.0   15 
10/01/23  18:15   10.6   10.9   10.3    68    4.9    1.6    OSO   0.40   4.8   OSO   10.6   10.3   10.3  1032.1   0.00    0.0    0.080   0.000   23.9    45   11.3   23.8    8.45   1.1951     351     1    100.0   15 
10/01/23  18:30   10.2   10.3   10.0    70    4.9    1.6      O   0.40   6.4   OSO   10.2    9.9    9.9  1032.2   0.00    0.0    0.085   0.000   23.9    45   11.3   23.8    8.45   1.1953     351     1    100.0   15 
10/01/23  18:45    9.9   10.0    9.8    71    4.9    0.0      O   0.00   4.8     O    9.9    9.7    9.7  1032.6   0.00    0.0    0.087   0.000   23.9    45   11.3   23.8    8.45   1.1957     350     1    100.0   15 
10/01/23  19:00    9.7    9.8    9.7    74    5.3    1.6    OSO   0.40   6.4    SO    9.7    9.6    9.6  1032.5   0.00    0.0    0.090   0.000   24.0    45   11.3   23.8    8.45   1.1954     350     1    100.0   15 
10/01/23  19:15    9.6    9.7    9.6    75    5.3    0.0    OSO   0.00   4.8   OSO    9.6    9.4    9.4  1032.6   0.00    0.0    0.091   0.000   24.0    46   11.7   23.9    8.55   1.1951     351     1    100.0   15 
10/01/23  19:30    9.4    9.6    9.3    77    5.6    1.6    OSO   0.40   4.8   OSO    9.4    9.3    9.3  1032.7   0.00    0.0    0.093   0.000   24.0    46   11.7   23.9    8.55   1.1952     351     1    100.0   15 
10/01/23  19:45    9.2    9.3    9.1    79    5.7    1.6    OSO   0.40   6.4   OSO    9.2    9.1    9.1  1032.7   0.00    0.0    0.095   0.000   24.0    46   11.7   23.9    8.55   1.1952     351     1    100.0   15 
10/01/23  20:00    9.0    9.1    9.0    81    5.9    1.6    OSO   0.40   4.8   OSO    9.0    8.9    8.9  1032.7   0.00    0.0    0.097   0.000   24.1    46   11.8   23.9    8.54   1.1947     351     1    100.0   15 
10/01/23  20:15    8.9    9.0    8.8    82    6.0    1.6      O   0.40   6.4     O    8.9    8.8    8.8  1032.7   0.00    0.0    0.098   0.000   24.2    46   11.9   24.1    8.54   1.1941     351     1    100.0   15 
10/01/23  20:30    8.8    8.9    8.8    84    6.3    1.6    ONO   0.40   6.4   OSO    8.8    8.8    8.8  1032.6   0.00    0.0    0.099   0.000   24.3    46   11.9   24.1    8.54   1.1937     351     1    100.0   15 
10/01/23  20:45    9.1    9.2    8.9    84    6.5    3.2    ONO   0.80   8.0   ONO    9.1    9.1    9.1  1032.6   0.00    0.0    0.096   0.000   24.3    46   12.0   24.2    8.53   1.1935     350     1    100.0   15 
10/01/23  21:00    9.1    9.2    8.9    84    6.5    1.6    ONO   0.40   4.8   ONO    9.1    9.1    9.1  1032.6   0.00    0.0    0.097   0.000   24.4    46   12.0   24.2    8.53   1.1933     351     1    100.0   15 
10/01/23  21:15    8.9    9.0    8.8    85    6.5    0.0    ONO   0.00   4.8   ONO    8.9    8.9    8.9  1032.7   0.00    0.0    0.098   0.000   24.3    46   12.0   24.2    8.53   1.1936     351     1    100.0   15 
10/01/23  21:30    8.7    8.8    8.6    85    6.3    0.0    ONO   0.00   3.2   ONO    8.7    8.7    8.7  1032.5   0.00    0.0    0.100   0.000   24.2    47   12.2   24.1    8.74   1.1936     351     1    100.0   15 
10/01/23  21:45    8.6    8.7    8.3    85    6.2    0.0    ONO   0.00   4.8   ONO    8.6    8.6    8.6  1032.4   0.00    0.0    0.102   0.000   24.2    47   12.1   24.1    8.74   1.1938     351     1    100.0   15 
10/01/23  22:00    8.2    8.3    8.1    85    5.8    0.0    ONO   0.00   3.2   ONO    8.2    8.2    8.2  1032.3   0.00    0.0    0.105   0.000   24.1    47   12.0   23.9    8.74   1.1942     351     1    100.0   15 
10/01/23  22:15    8.2    8.3    8.1    85    5.8    0.0     NO   0.00   4.8    NO    8.2    8.2    8.2  1032.4   0.00    0.0    0.106   0.000   24.0    47   12.0   23.9    8.75   1.1945     350     1    100.0   15 
10/01/23  22:30    8.5    8.6    8.3    84    5.9    0.0    NNO   0.00   4.8   NNO    8.5    8.5    8.5  1032.3   0.00    0.0    0.102   0.000   23.9    47   11.9   23.8    8.75   1.1947     351     1    100.0   15 
10/01/23  22:45    8.3    8.4    8.2    84    5.8    0.0    ---   0.00   0.0   ---    8.3    8.3    8.3  1032.3   0.00    0.0    0.104   0.000   23.9    48   12.2   23.8    8.95   1.1946     352     1    100.0   15 
10/01/23  23:00    8.1    8.2    8.0    85    5.7    0.0    NNO   0.00   1.6   NNO    8.1    8.1    8.1  1032.2   0.00    0.0    0.107   0.000   23.8    48   12.2   23.8    8.95   1.1948     351     1    100.0   15 
10/01/23  23:15    7.9    8.0    7.8    85    5.5    0.0    ---   0.00   0.0   ---    7.9    7.9    7.9  1032.1   0.00    0.0    0.109   0.000   23.8    48   12.1   23.7    8.95   1.1950     351     1    100.0   15 
10/01/23  23:30    7.7    7.8    7.6    85    5.4    0.0    ---   0.00   0.0   ---    7.7    7.7    7.7  1032.0   0.00    0.0    0.111   0.000   23.7    48   12.1   23.6    8.94   1.1952     349     1    100.0   15 
10/01/23  23:45    7.4    7.6    7.2    86    5.2    0.0    NNO   0.00   4.8   NNO    7.4    7.4    7.4  1032.0   0.00    0.0    0.114   0.000   23.7    48   12.0   23.6    8.94   1.1954     352     1    100.0   15 
11/01/23  00:00    6.8    7.2    6.6    85    4.4    3.2     NO   0.80   6.4    NO    6.8    6.7    6.7  1032.1   0.00    0.0    0.120   0.000   23.7    48   12.1   23.6    8.94   1.1952     350     1    100.0   15 
11/01/23   0:15    6.9    7.3    6.6    83    4.3    1.6     NO   0.40   6.4    NO    6.9    6.9    6.9  1031.9   0.00    0.0    0.119   0.000   23.9    49   12.6   23.9    9.05   1.1936     348     1    100.0   15 
11/01/23   0:30    7.6    7.7    7.3    79    4.1    0.0     NO   0.00   3.2    NO    7.6    7.4    7.4  1031.8   0.00    0.0    0.112   0.000   24.4    48   12.7   24.3    8.93   1.1916     351     1    100.0   15 
11/01/23   0:45    7.3    7.7    6.9    81    4.3    0.0    SSO   0.00   3.2   SSO    7.3    7.2    7.2  1031.7   0.00    0.0    0.115   0.000   24.0    48   12.3   23.9    8.95   1.1934     350     1    100.0   15 
11/01/23   1:00    6.6    6.9    6.3    84    4.0    0.0    SSO   0.00   3.2   SSO    6.6    6.5    6.5  1031.5   0.00    0.0    0.123   0.000   23.4    49   12.1   23.3    9.05   1.1956     351     1    100.0   15 
11/01/23   1:15    6.2    6.3    6.1    86    4.0    0.0    SSO   0.00   3.2   SSO    6.2    6.1    6.1  1031.4   0.00    0.0    0.127   0.000   22.9    49   11.7   22.7    9.05   1.1980     351     1    100.0   15 
11/01/23   1:30    6.3    6.4    6.1    85    4.0    0.0    OSO   0.00   3.2   OSO    6.3    6.3    6.3  1031.1   0.00    0.0    0.125   0.000   22.4    50   11.5   22.1    9.25   1.1998     351     1    100.0   15 
11/01/23   1:45    6.4    6.5    6.3    84    3.9    0.0    SSO   0.00   3.2   OSO    6.4    6.3    6.3  1031.0   0.00    0.0    0.124   0.000   22.0    50   11.1   21.4    9.25   1.2020     349     2    100.0   15 
11/01/23   2:00    6.1    6.3    5.8    84    3.6    0.0    SSE   0.00   3.2   SSE    6.1    6.0    6.0  1030.9   0.00    0.0    0.128   0.000   21.6    51   11.0   20.8    9.43   1.2038     351     1    100.0   15 
11/01/23   2:15    5.7    5.8    5.6    84    3.2    0.0    SSO   0.00   3.2     S    5.7    5.6    5.6  1030.7   0.00    0.0    0.131   0.000   21.2    51   10.6   20.3    9.45   1.2055     349     1    100.0   15 
11/01/23   2:30    5.4    5.6    5.4    85    3.1    1.6    SSO   0.40   4.8   SSO    5.4    5.3    5.3  1030.7   0.00    0.0    0.134   0.000   20.8    52   10.6   20.1    9.66   1.2069     351     1    100.0   15 
11/01/23   2:45    5.4    5.4    5.3    85    3.1    0.0    SSO   0.00   3.2   SSO    5.4    5.3    5.3  1030.5   0.00    0.0    0.134   0.000   20.4    52   10.3   19.8    9.67   1.2086     349     1    100.0   15 
11/01/23   3:00    5.6    5.7    5.4    84    3.1    0.0    SSO   0.00   3.2   SSO    5.6    5.5    5.5  1030.4   0.00    0.0    0.133   0.000   20.1    53   10.2   19.6    9.89   1.2098     350     1    100.0   15 
11/01/23   3:15    5.9    6.2    5.7    83    3.3    0.0    SSO   0.00   1.6   SSO    5.9    5.8    5.8  1030.2   0.00    0.0    0.129   0.000   19.8    53    9.9   19.2    9.90   1.2113     351     1    100.0   15 
11/01/23   3:30    6.3    6.4    6.2    82    3.4    0.0     SO   0.00   3.2    SO    6.3    6.2    6.2  1030.2   0.00    0.0    0.126   0.000   19.4    54    9.9   18.9   10.07   1.2127     351     1    100.0   15 
11/01/23   3:45    6.4    6.5    6.4    81    3.4    1.6    SSO   0.40   4.8   SSO    6.4    6.3    6.3  1030.0   0.00    0.0    0.124   0.000   19.2    54    9.6   18.6   10.09   1.2139     351     1    100.0   15 
11/01/23   4:00    6.3    6.5    6.1    81    3.3    0.0    SSE   0.00   4.8     S    6.3    6.2    6.2  1029.7   0.00    0.0    0.126   0.000   18.9    54    9.4   18.2   10.11   1.2150     351     1    100.0   15 
11/01/23   4:15    5.9    6.1    5.8    82    3.1    1.6      O   0.40   4.8   OSO    5.9    5.8    5.8  1029.4   0.00    0.0    0.129   0.000   18.7    55    9.4   18.1   10.24   1.2154     351     1    100.0   15 
