                 Temp.  Temp.  Temp.  Hum.   Punt   Vel.   Dir.   Rec.  Vel.  Dir.  Sens.   Índ.   Índ.                  Int. Graus D.Graus D.  Temp.  Hum. Rosada  In.Cal.  EMC     Dens.    Mostr   Tx   Recep.  Int.
  Data    Hora    Ext.   Màx.   Mín.  Ext. Rosada   Vent   Vent   Vent  Màx.  Màx.  Tèrm.  Calor   THW    Bar    Pluja   Pluja  Calor    Fred    Int.  Int.   Int.   Int.    Int.  Int.Aire    Vent   Vent   ISS   Arc.
-------------------------------------------------------------------------------------------------------------------------------------------------------------------------------------------------------------------------
 3/10/24   0:15   13.8   13.9   13.8    97   13.4    4.8    ENE   1.21  16.1   ENE   13.8   14.0   14.0  1004.2   0.20    1.4    0.047   0.000   22.2    65   15.3   22.3   11.85   1.1648     349     1    100.0   15 
 3/10/24   0:30   13.7   13.8   13.7    97   13.3    3.2      E   0.80  12.9   ESE   13.7   13.9   13.9  1004.2   0.00    0.0    0.048   0.000   22.1    65   15.2   22.2   11.85   1.1653     351     1    100.0   15 
 3/10/24   0:45   13.7   13.7   13.6    97   13.2    3.2      E   0.80  12.9     E   13.7   13.8   13.8  1004.0   0.00    0.0    0.049   0.000   22.0    66   15.4   22.1   12.12   1.1650     349     1    100.0   15 
 3/10/24   1:00   13.6   13.6   13.5    97   13.1    3.2      E   0.80  11.3   ESE   13.6   13.7   13.7  1003.9   0.00    0.0    0.050   0.000   21.9    66   15.2   22.0   12.12   1.1655     351     1    100.0   15 
 3/10/24   1:15   13.5   13.6   13.4    97   13.0    3.2      E   0.80  14.5     E   13.5   13.7   13.7  1003.8   0.60    6.4    0.050   0.000   21.8    66   15.2   21.9   12.12   1.1657     347     1    100.0   15 
 3/10/24   1:30   13.4   13.5   13.4    97   13.0    4.8    ENE   1.21  14.5   ENE   13.4   13.6   13.6  1004.2   1.20    6.6    0.051   0.000   21.7    66   15.1   21.7   12.13   1.1668     349     1    100.0   15 
 3/10/24   1:45   13.4   13.5   13.4    97   13.0    4.8      E   1.21  12.9   ENE   13.4   13.6   13.6  1004.0   1.80   13.0    0.051   0.000   21.7    66   15.0   21.7   12.13   1.1668     351     1    100.0   15 
 3/10/24   2:00   13.4   13.4   13.3    97   12.9    6.4      E   1.61  14.5     E   13.3   13.6   13.4  1003.7   3.40   16.0    0.052   0.000   21.6    66   15.0   21.6   12.13   1.1668     350     1    100.0   15 
 3/10/24   2:15   13.3   13.4   13.3    97   12.9    4.8    ENE   1.21  14.5   ENE   13.3   13.5   13.5  1003.9   1.80    9.6    0.052   0.000   21.5    66   14.9   21.4   12.14   1.1676     351     1    100.0   15 
 3/10/24   2:30   13.4   13.4   13.3    97   12.9    1.6    ESE   0.40  12.9     E   13.4   13.6   13.6  1004.1   1.20    7.0    0.052   0.000   21.4    66   14.8   21.3   12.14   1.1684     351     1    100.0   15 
 3/10/24   2:45   13.4   13.4   13.3    97   12.9    1.6    ESE   0.40   8.0     E   13.4   13.6   13.6  1004.3   0.80    5.0    0.052   0.000   21.3    66   14.7   21.3   12.14   1.1689     351     1    100.0   15 
 3/10/24   3:00   13.4   13.4   13.4    97   13.0    1.6     SE   0.40   6.4   ESE   13.4   13.6   13.6  1004.3   0.60    3.0    0.051   0.000   21.3    66   14.7   21.2   12.14   1.1691     350     1    100.0   15 
 3/10/24   3:15   13.5   13.6   13.4    97   13.0    3.2    ESE   0.80   9.7     E   13.5   13.7   13.7  1004.0   0.40    4.8    0.050   0.000   21.2    66   14.6   21.1   12.15   1.1694     350     1    100.0   15 
 3/10/24   3:30   13.5   13.6   13.5    97   13.0    1.6    ESE   0.40  11.3     E   13.5   13.7   13.7  1004.4   0.20    1.6    0.050   0.000   21.1    66   14.5   21.0   12.15   1.1701     352     1    100.0   15 
 3/10/24   3:45   13.4   13.5   13.4    97   13.0    3.2      E   0.80  12.9     E   13.4   13.6   13.6  1004.7   0.00    0.0    0.051   0.000   21.1    66   14.5   20.9   12.15   1.1709     351     1    100.0   15 
 3/10/24   4:00   13.3   13.4   13.2    97   12.8    1.6    ESE   0.40   9.7     E   13.3   13.4   13.4  1004.9   0.00    0.0    0.053   0.000   21.0    66   14.4   20.9   12.15   1.1713     351     1    100.0   15 
 3/10/24   4:15   13.2   13.2   13.1    97   12.7    1.6      E   0.40   8.0     E   13.2   13.3   13.3  1005.2   0.00    0.0    0.054   0.000   20.9    66   14.4   20.8   12.15   1.1720     351     1    100.0   15 
 3/10/24   4:30   13.0   13.1   12.9    97   12.5    1.6      E   0.40   6.4   ENE   13.0   13.2   13.2  1005.4   0.00    0.0    0.056   0.000   20.9    66   14.3   20.8   12.15   1.1725     351     1    100.0   15 
 3/10/24   4:45   12.9   12.9   12.9    97   12.4    3.2    ENE   0.80   6.4   ENE   12.9   13.1   13.1  1005.5   0.00    0.0    0.057   0.000   20.8    66   14.2   20.8   12.15   1.1729     351     1    100.0   15 
 3/10/24   5:00   12.9   13.1   12.9    97   12.5    1.6    ENE   0.40   6.4   ENE   12.9   13.1   13.1  1005.7   0.00    0.0    0.056   0.000   20.8    68   14.7   20.8   12.57   1.1728     350     1    100.0   15 
 3/10/24   5:15   13.1   13.1   13.1    97   12.6    0.0    NNE   0.00   3.2   ENE   13.1   13.3   13.3  1005.7   0.00    0.0    0.054   0.000   20.9    67   14.5   20.9   12.36   1.1726     351     1    100.0   15 
 3/10/24   5:30   13.1   13.2   13.1    97   12.6    0.0    NNE   0.00   3.2   NNE   13.1   13.3   13.3  1005.9   0.00    0.0    0.054   0.000   20.8    67   14.5   20.8   12.36   1.1730     350     1    100.0   15 
 3/10/24   5:45   13.1   13.1   13.1    97   12.6    0.0    NNE   0.00   3.2   NNE   13.1   13.2   13.2  1005.9   0.00    0.0    0.055   0.000   20.7    67   14.4   20.7   12.36   1.1737     351     1    100.0   15 
 3/10/24   6:00   13.2   13.2   13.1    97   12.7    0.0    NNE   0.00   1.6   NNE   13.2   13.3   13.3  1006.0   0.00    0.0    0.054   0.000   20.7    67   14.3   20.7   12.37   1.1741     350     1    100.0   15 
 3/10/24   6:15   13.2   13.3   13.2    97   12.8    0.0    NNE   0.00   3.2   NNE   13.2   13.4   13.4  1006.3   0.00    0.0    0.053   0.000   20.6    67   14.3   20.7   12.37   1.1747     350     1    100.0   15 
 3/10/24   6:30   13.2   13.2   13.2    98   12.9    0.0    NNE   0.00   3.2   NNE   13.2   13.3   13.3  1006.4   0.00    0.0    0.054   0.000   20.6    68   14.4   20.7   12.59   1.1748     350     1    100.0   15 
 3/10/24   6:45   13.2   13.3   13.2    98   12.9    0.0    NNE   0.00   4.8   NNE   13.2   13.4   13.4  1006.5   0.00    0.0    0.053   0.000   20.8    69   14.9   20.9   12.87   1.1735     352     1    100.0   15 
 3/10/24   7:00   13.4   13.5   13.3    98   13.1    0.0    NNE   0.00   3.2   NNE   13.4   13.6   13.6  1006.8   0.00    0.0    0.052   0.000   21.1    69   15.1   21.1   12.85   1.1724     351     1    100.0   15 
 3/10/24   7:15   13.6   13.6   13.5    98   13.2    1.6      O   0.40   4.8   ONO   13.6   13.7   13.7  1007.1   0.00    0.0    0.050   0.000   21.3    68   15.2   21.3   12.55   1.1717     351     1    100.0   15 
 3/10/24   7:30   13.9   14.1   13.6    98   13.6    1.6     NO   0.40   8.0   ONO   13.9   14.1   14.1  1007.3   0.00    0.0    0.046   0.000   21.8    67   15.4   21.9   12.32   1.1696     350     1    100.0   15 
 3/10/24   7:45   14.2   14.3   14.1    98   13.9    1.6     NO   0.40   8.0     O   14.2   14.4   14.4  1007.4   0.00    0.0    0.043   0.000   22.6    65   15.6   22.8   11.85   1.1665     352     1    100.0   15 
 3/10/24   8:00   14.2   14.3   14.2    98   13.9    1.6    ONO   0.40   8.0    SO   14.2   14.4   14.4  1007.6   0.00    0.0    0.043   0.000   23.1    64   15.9   23.6   11.65   1.1645     350     1    100.0   15 
 3/10/24   8:15   14.2   14.3   13.9    97   13.7    3.2     NO   0.80  12.9     O   14.2   14.3   14.3  1007.8   0.00    0.0    0.043   0.000   23.3    64   16.1   23.9   11.65   1.1632     350     1    100.0   15 
 3/10/24   8:30   14.0   14.1   13.9    98   13.7    3.2     NO   0.80   9.7   NNO   14.0   14.2   14.2  1008.0   0.00    0.0    0.045   0.000   23.5    63   16.0   24.1   11.46   1.1629     350     1    100.0   15 
 3/10/24   8:45   13.7   14.0   13.6    97   13.3    4.8     NO   1.21  16.1    SO   13.7   13.9   13.9  1008.1   0.00    0.0    0.048   0.000   23.7    62   16.0   24.2   11.26   1.1626     350     1    100.0   15 
 3/10/24   9:00   13.6   13.7   13.4    97   13.1    3.2     NO   0.80  11.3   NNO   13.6   13.8   13.8  1008.3   0.00    0.0    0.049   0.000   23.8    62   16.1   24.4   11.25   1.1620     351     1    100.0   15 
 3/10/24   9:15   13.3   13.4   13.2    97   12.9    3.2     NO   0.80  11.3     O   13.3   13.5   13.5  1008.7   0.00    0.0    0.052   0.000   24.0    62   16.3   24.6   11.25   1.1615     349     1    100.0   15 
 3/10/24   9:30   13.1   13.3   13.0    97   12.6    3.2    NNO   0.80  16.1    NO   13.1   13.3   13.3  1008.9   0.00    0.0    0.054   0.000   24.2    61   16.2   24.7   11.04   1.1612     350     1    100.0   15 
 3/10/24   9:45   13.4   13.8   13.2    97   13.0    3.2     NO   0.80  12.9   ONO   13.4   13.6   13.6  1009.0   0.00    0.0    0.051   0.000   24.1    61   16.1   24.6   11.04   1.1616     350     1    100.0   15 
 3/10/24  10:00   14.6   15.3   13.8    95   13.8    1.6     NO   0.40   6.4   OSO   14.6   14.7   14.7  1009.0   0.00    0.0    0.039   0.000   24.1    61   16.1   24.6   11.04   1.1617     352     1    100.0   15 
 3/10/24  10:15   15.9   16.7   15.3    90   14.3    3.2    NNO   0.80  12.9     O   15.9   16.2   16.2  1009.0   0.00    0.0    0.025   0.000   24.2    61   16.2   24.7   11.04   1.1610     349     1    100.0   15 
 3/10/24  10:30   16.9   17.2   16.6    81   13.6    4.8     NO   1.21  14.5   NNO   16.9   17.1   17.1  1009.1   0.00    0.0    0.015   0.000   24.2    60   15.9   24.6   10.93   1.1618     351     1    100.0   15 
 3/10/24  10:45   17.5   17.9   17.2    77   13.4    4.8     NO   1.21  16.1    SO   17.5   17.6   17.6  1009.1   0.00    0.0    0.009   0.000   24.2    60   15.9   24.6   10.93   1.1619     351     1    100.0   15 
 3/10/24  11:00   18.3   18.5   18.0    74   13.6    4.8     NO   1.21  16.1   ONO   18.3   18.4   18.4  1009.0   0.00    0.0    0.001   0.000   24.3    60   16.1   24.7   10.92   1.1609     351     1    100.0   15 
 3/10/24  11:15   18.7   18.8   18.5    69   12.9    4.8     NO   1.21   9.7   NNO   18.7   18.7   18.7  1009.0   0.00    0.0    0.000   0.003   24.4    60   16.1   24.8   10.91   1.1605     352     1    100.0   15 
 3/10/24  11:30   19.1   19.3   18.7    67   12.8    3.2     NO   0.80  11.3   OSO   19.1   19.1   19.1  1008.8   0.00    0.0    0.000   0.008   24.4    60   16.1   24.8   10.91   1.1604     349     1    100.0   15 
 3/10/24  11:45   19.3   19.6   19.2    66   12.8    6.4    NNO   1.61  12.9   OSO   19.3   19.3   19.3  1008.8   0.00    0.0    0.000   0.010   24.4    60   16.2   24.8   10.91   1.1600     351     1    100.0   15 
 3/10/24  12:00   19.7   19.9   19.5    62   12.2    4.8    OSO   1.21  12.9   OSO   19.7   19.6   19.6  1008.6   0.00    0.0    0.000   0.014   24.4    60   16.2   24.8   10.91   1.1598     350     1    100.0   15 
 3/10/24  12:15   20.0   20.2   19.8    61   12.2    4.8    NNO   1.21  12.9    NO   20.0   19.9   19.9  1008.5   0.00    0.0    0.000   0.017   24.4    60   16.2   24.8   10.91   1.1597     352     1    100.0   15 
 3/10/24  12:30   20.7   21.2   20.0    58   12.1    4.8    NNO   1.21  14.5   ONO   20.7   20.2   20.2  1008.4   0.00    0.0    0.000   0.024   24.4    60   16.2   24.8   10.91   1.1596     350     1    100.0   15 
 3/10/24  12:45   21.0   21.2   20.8    58   12.4    6.4    NNO   1.61  17.7   NNO   21.0   20.4   20.4  1008.3   0.00    0.0    0.000   0.028   24.4    60   16.2   24.8   10.91   1.1595     351     1    100.0   15 
 3/10/24  13:00   21.3   21.4   21.1    56   12.1    4.8    NNO   1.21  16.1    SO   21.3   20.7   20.7  1008.3   0.00    0.0    0.000   0.031   24.5    60   16.2   24.9   10.91   1.1592     351     1    100.0   15 
 3/10/24  13:15   21.6   21.8   21.4    58   12.9    6.4     NO   1.61  19.3   ONO   21.6   21.1   21.1  1008.3   0.00    0.0    0.000   0.034   24.5    60   16.2   24.9   10.91   1.1592     350     1    100.0   15 
 3/10/24  13:30   21.4   21.6   21.2    56   12.2    6.4     NO   1.61  20.9   NNO   21.4   20.8   20.8  1008.3   0.00    0.0    0.000   0.032   24.6    60   16.3   24.9   10.90   1.1589     350     1    100.0   15 
 3/10/24  13:45   21.7   21.8   21.5    53   11.7    6.4    NNO   1.61  25.7    NO   21.7   21.0   21.0  1008.3   0.00    0.0    0.000   0.035   24.7    60   16.4   25.1   10.89   1.1583     351     1    100.0   15 
 3/10/24  14:00   22.0   22.2   21.8    53   12.0    4.8    OSO   1.21  17.7   OSO   22.0   21.5   21.5  1008.3   0.00    0.0    0.000   0.038   24.8    60   16.5   25.2   10.89   1.1577     350     1    100.0   15 
 3/10/24  14:15   22.1   22.2   22.0    53   12.1    4.8    NNO   1.21  19.3    NO   22.1   21.7   21.7  1008.3   0.00    0.0    0.000   0.039   24.8    60   16.5   25.3   10.88   1.1574     351     1    100.0   15 
 3/10/24  14:30   22.3   22.4   22.2    51   11.7    4.8    NNO   1.21  16.1   OSO   22.3   21.9   21.9  1008.1   0.00    0.0    0.000   0.042   24.9    60   16.6   25.3   10.88   1.1569     350     1    100.0   15 
 3/10/24  14:45   22.4   22.5   22.4    50   11.5    4.8     NO   1.21  14.5   OSO   22.4   22.1   22.1  1008.0   0.00    0.0    0.000   0.043   24.9    60   16.6   25.3   10.88   1.1568     349     1    100.0   15 
 3/10/24  15:00   22.7   22.8   22.5    50   11.8    4.8     NO   1.21  11.3   ONO   22.7   22.4   22.4  1008.0   0.00    0.0    0.000   0.046   24.9    60   16.6   25.4   10.87   1.1565     350     1    100.0   15 
 3/10/24  15:15   23.2   23.3   22.8    49   11.9    3.2    NNO   0.80  14.5   NNO   23.2   22.9   22.9  1008.0   0.00    0.0    0.000   0.050   24.9    59   16.4   25.3   10.67   1.1569     351     1    100.0   15 
 3/10/24  15:30   23.1   23.3   23.0    49   11.8    4.8     NO   1.21  11.3   OSO   23.1   22.8   22.8  1008.0   0.00    0.0    0.000   0.049   24.8    60   16.5   25.3   10.88   1.1571     351     1    100.0   15 
 3/10/24  15:45   22.8   23.0   22.7    49   11.5    6.4     NO   1.61  17.7    SO   22.8   22.4   22.4  1008.1   0.00    0.0    0.000   0.046   24.8    60   16.5   25.2   10.89   1.1574     349     1    100.0   15 
 3/10/24  16:00   22.8   22.9   22.7    48   11.2    4.8     NO   1.21  12.9    NO   22.8   22.5   22.5  1008.1   0.00    0.0    0.000   0.047   24.7    60   16.4   25.2   10.89   1.1578     351     1    100.0   15 
 3/10/24  16:15   22.4   22.7   22.3    48   10.9    4.8     NO   1.21  16.1     N   22.4   21.9   21.9  1008.1   0.00    0.0    0.000   0.043   24.6    60   16.3   25.0   10.90   1.1584     351     1    100.0   15 
 3/10/24  16:30   22.2   22.3   22.1    49   10.9    4.8     NO   1.21  14.5   OSO   22.2   21.6   21.6  1008.3   0.00    0.0    0.000   0.040   24.6    60   16.3   25.0   10.90   1.1585     352     1    100.0   15 
 3/10/24  16:45   22.1   22.2   21.8    49   10.8    4.8     NO   1.21   9.7    NO   22.1   21.4   21.4  1008.3   0.00    0.0    0.000   0.039   24.6    60   16.3   24.9   10.90   1.1589     351     2    100.0   15 
 3/10/24  17:00   21.7   21.8   21.3    50   10.8    3.2    NNO   0.80  16.1   OSO   21.7   20.9   20.9  1008.5   0.00    0.0    0.000   0.035   24.6    60   16.3   24.9   10.90   1.1591     351     1    100.0   15 
 3/10/24  17:15   20.8   21.3   20.3    54   11.2    3.2     NO   0.80  12.9    SO   20.8   20.2   20.2  1008.7   0.00    0.0    0.000   0.026   24.5    60   16.2   24.9   10.91   1.1596     349     1    100.0   15 
 3/10/24  17:30   19.9   20.3   19.6    58   11.4    3.2      O   0.80  12.9    SO   19.9   19.6   19.6  1008.9   0.00    0.0    0.000   0.016   24.4    60   16.2   24.8   10.91   1.1602     351     1    100.0   15 
 3/10/24  17:45   19.4   19.6   19.2    60   11.4    1.6     NO   0.40   8.0     N   19.4   19.1   19.1  1009.2   0.00    0.0    0.000   0.011   24.4    61   16.4   24.8   11.03   1.1605     352     1    100.0   15 
 3/10/24  18:00   18.9   19.2   18.8    61   11.3    1.6    NNO   0.40   6.4   NNO   18.9   18.6   18.6  1009.5   0.00    0.0    0.000   0.006   24.4    61   16.4   24.8   11.03   1.1608     351     1    100.0   15 
 3/10/24  18:15   18.7   18.8   18.5    62   11.2    0.0    SSO   0.00   3.2   SSO   18.7   18.4   18.4  1009.6   0.00    0.0    0.000   0.003   24.3    61   16.3   24.8   11.04   1.1615     351     1    100.0   15 
 3/10/24  18:30   18.4   18.5   18.2    64   11.5    0.0    SSO   0.00   6.4   OSO   18.4   18.2   18.2  1009.9   0.00    0.0    0.000   0.001   24.2    61   16.2   24.7   11.04   1.1621     349     1    100.0   15 
 3/10/24  18:45   17.9   18.2   17.8    65   11.3    1.6      O   0.40   4.8     O   17.9   17.7   17.7  1010.0   0.00    0.0    0.004   0.000   24.1    61   16.1   24.6   11.04   1.1628     352     1    100.0   15 
 3/10/24  19:00   17.6   17.8   17.5    66   11.2    0.0    ONO   0.00   3.2   ONO   17.6   17.3   17.3  1010.2   0.00    0.0    0.008   0.000   24.1    61   16.1   24.6   11.04   1.1633     350     1    100.0   15 
 3/10/24  19:15   17.4   17.5   17.3    67   11.2    1.6      O   0.40   4.8     O   17.4   17.1   17.1  1010.2   0.00    0.0    0.010   0.000   24.0    61   16.0   24.5   11.05   1.1637     350     1    100.0   15 
 3/10/24  19:30   17.1   17.3   17.0    67   10.9    1.6      O   0.40   4.8     O   17.1   16.8   16.8  1010.3   0.00    0.0    0.013   0.000   23.9    62   16.2   24.5   11.25   1.1640     351     1    100.0   15 
 3/10/24  19:45   16.9   17.0   16.8    68   11.0    1.6    ONO   0.40   6.4   OSO   16.9   16.7   16.7  1010.5   0.00    0.0    0.014   0.000   23.8    62   16.1   24.3   11.25   1.1648     352     1    100.0   15 
 3/10/24  20:00   16.8   16.8   16.7    68   10.9    1.6    ONO   0.40   6.4   OSO   16.8   16.6   16.6  1010.6   0.00    0.0    0.016   0.000   23.6    62   15.9   24.2   11.26   1.1658     350     1    100.0   15 
 3/10/24  20:15   16.6   16.7   16.3    70   11.1    1.6     NO   0.40   4.8    NO   16.6   16.3   16.3  1010.6   0.00    0.0    0.019   0.000   23.4    63   16.0   24.0   11.47   1.1663     351     1    100.0   15 
 3/10/24  20:30   16.2   16.3   16.0    71   11.0    1.6      O   0.40   4.8     O   16.2   15.9   15.9  1010.6   0.00    0.0    0.022   0.000   23.3    63   15.8   23.8   11.47   1.1672     351     1    100.0   15 
 3/10/24  20:45   15.8   16.0   15.8    71   10.6    1.6      O   0.40   4.8   NNE   15.8   15.6   15.6  1010.9   0.00    0.0    0.026   0.000   23.2    63   15.7   23.7   11.48   1.1681     349     1    100.0   15 
 3/10/24  21:00   15.8   15.9   15.8    71   10.6    1.6     NO   0.40   4.8    NO   15.8   15.6   15.6  1010.9   0.00    0.0    0.026   0.000   23.1    63   15.6   23.5   11.48   1.1687     351     1    100.0   15 
 3/10/24  21:15   15.4   15.8   15.3    72   10.4    3.2     NO   0.80   8.0    NO   15.4   15.2   15.2  1010.9   0.00    0.0    0.030   0.000   22.9    64   15.8   23.4   11.65   1.1689     350     1    100.0   15 
 3/10/24  21:30   15.3   15.4   15.3    71   10.0    3.2     NO   0.80   8.0    NO   15.3   14.9   14.9  1010.9   0.00    0.0    0.032   0.000   22.8    64   15.6   23.1   11.65   1.1698     350     1    100.0   15 
 3/10/24  21:45   15.3   15.5   15.1    73   10.5    4.8     NO   1.21  11.3    NO   15.3   15.1   15.1  1010.7   0.00    0.0    0.031   0.000   22.7    64   15.5   23.0   11.65   1.1702     350     1    100.0   15 
 3/10/24  22:00   15.1   15.2   15.0    72   10.0    4.8     NO   1.21  12.9   OSO   15.1   14.7   14.7  1010.8   0.00    0.0    0.034   0.000   22.6    64   15.4   22.8   11.65   1.1708     352     1    100.0   15 
 3/10/24  22:15   15.2   15.3   15.1    72   10.2    3.2    NNO   0.80   8.0   ONO   15.2   14.8   14.8  1010.8   0.00    0.0    0.033   0.000   22.5    64   15.3   22.7   11.65   1.1711     351     1    100.0   15 
 3/10/24  22:30   14.7   15.1   14.5    74   10.1    4.8     NO   1.21   8.0     O   14.7   14.4   14.4  1010.7   0.00    0.0    0.038   0.000   22.4    65   15.5   22.6   11.85   1.1712     351     1    100.0   15 
 3/10/24  22:45   14.5   14.6   14.4    73    9.7    4.8     NO   1.21  12.9   ONO   14.5   14.2   14.2  1010.6   0.00    0.0    0.040   0.000   22.3    65   15.4   22.4   11.85   1.1718     351     1    100.0   15 
 3/10/24  23:00   14.6   14.7   14.6    72    9.6    4.8     NO   1.21   9.7     N   14.6   14.2   14.2  1010.7   0.00    0.0    0.039   0.000   22.2    65   15.3   22.3   11.85   1.1724     350     1    100.0   15 
 3/10/24  23:15   14.5   14.7   14.4    73    9.7    4.8     NO   1.21  16.1   NNO   14.5   14.2   14.2  1010.7   0.00    0.0    0.040   0.000   22.1    65   15.2   22.2   11.85   1.1731     350     1    100.0   15 
 3/10/24  23:30   14.3   14.4   14.2    74    9.7    4.8     NO   1.21  14.5    NO   14.3   13.9   13.9  1010.9   0.00    0.0    0.042   0.000   21.9    65   15.1   22.0   11.85   1.1738     351     1    100.0   15 
 3/10/24  23:45   14.0   14.2   13.8    75    9.6    0.0    NNO   0.00   3.2    NO   14.0   13.7   13.7  1011.1   0.00    0.0    0.045   0.000   21.9    65   15.0   21.9   11.85   1.1744     351     1    100.0   15 
 4/10/24  00:00   13.7   13.8   13.6    75    9.3    0.0    NNO   0.00   4.8   NNO   13.7   13.4   13.4  1011.1   0.00    0.0    0.049   0.000   21.8    65   14.9   21.8   11.85   1.1749     351     1    100.0   15 
 4/10/24   0:15   13.6   13.6   13.6    75    9.2    1.6    ONO   0.40   6.4    NO   13.6   13.2   13.2  1011.2   0.00    0.0    0.050   0.000   21.7    65   14.8   21.6   11.85   1.1756     349     1    100.0   15 
 4/10/24   0:30   13.6   13.7   13.6    74    9.1    1.6     NO   0.40   6.4    NO   13.6   13.3   13.3  1011.2   0.00    0.0    0.049   0.000   21.6    65   14.7   21.5   11.85   1.1763     352     1    100.0   15 
 4/10/24   0:45   13.6   13.6   13.6    74    9.0    0.0      O   0.00   3.2     O   13.6   13.2   13.2  1011.3   0.00    0.0    0.050   0.000   21.4    65   14.6   21.3   11.85   1.1769     351     1    100.0   15 
 4/10/24   1:00   13.6   13.7   13.6    73    8.9    1.6      O   0.40   4.8     O   13.6   13.2   13.2  1011.2   0.00    0.0    0.049   0.000   21.4    65   14.5   21.3   11.85   1.1771     350     1    100.0   15 
 4/10/24   1:15   13.6   13.7   13.6    73    8.9    0.0      O   0.00   3.2     O   13.6   13.2   13.2  1011.3   0.00    0.0    0.049   0.000   21.3    65   14.4   21.2   11.85   1.1777     350     1    100.0   15 
 4/10/24   1:30   13.4   13.6   13.3    73    8.7    0.0      O   0.00   3.2     O   13.4   13.1   13.1  1011.2   0.00    0.0    0.051   0.000   21.2    65   14.3   21.0   11.85   1.1783     352     1    100.0   15 
 4/10/24   1:45   13.3   13.3   13.3    73    8.6    0.0      O   0.00   3.2     O   13.3   12.9   12.9  1011.3   0.00    0.0    0.052   0.000   21.1    66   14.5   21.0   12.15   1.1783     351     1    100.0   15 
 4/10/24   2:00   13.3   13.3   13.2    75    8.9    0.0      O   0.00   3.2     O   13.3   12.9   12.9  1011.4   0.00    0.0    0.053   0.000   21.0    66   14.4   20.9   12.15   1.1790     350     1    100.0   15 
 4/10/24   2:15   13.1   13.2   13.1    76    9.0    1.6      O   0.40   3.2     O   13.1   12.8   12.8  1011.4   0.00    0.0    0.054   0.000   20.9    66   14.4   20.8   12.15   1.1794     351     1    100.0   15 
 4/10/24   2:30   12.9   13.1   12.8    77    9.0    1.6      O   0.40   3.2     O   12.9   12.7   12.7  1011.4   0.00    0.0    0.056   0.000   20.8    66   14.2   20.8   12.15   1.1800     348     1    100.0   15 
 4/10/24   2:45   12.7   12.8   12.6    77    8.8    1.6      O   0.40   4.8     O   12.7   12.5   12.5  1011.4   0.00    0.0    0.058   0.000   20.8    66   14.2   20.7   12.15   1.1802     352     1    100.0   15 
 4/10/24   3:00   12.6   12.6   12.5    76    8.4    1.6      O   0.40   6.4   NNO   12.6   12.3   12.3  1011.4   0.00    0.0    0.060   0.000   20.7    66   14.1   20.7   12.15   1.1807     351     1    100.0   15 
 4/10/24   3:15   12.4   12.6   12.4    75    8.1    1.6    ONO   0.40   4.8   ONO   12.4   12.2   12.2  1011.4   0.00    0.0    0.061   0.000   20.6    66   14.0   20.6   12.15   1.1810     351     1    100.0   15 
 4/10/24   3:30   12.2   12.4   11.8    75    7.9    1.6    NNO   0.40   4.8   OSO   12.2   11.9   11.9  1011.3   0.00    0.0    0.064   0.000   20.6    66   14.0   20.6   12.15   1.1812     351     1    100.0   15 
