                 Temp.  Temp.  Temp.  Hum.   Punt   Vel.   Dir.   Rec.  Vel.  Dir.  Sens.   Índ.   Índ.                  Int. Graus D.Graus D.  Temp.  Hum. Rosada  In.Cal.  EMC     Dens.    Mostr   Tx   Recep.  Int.
  Data    Hora    Ext.   Màx.   Mín.  Ext. Rosada   Vent   Vent   Vent  Màx.  Màx.  Tèrm.  Calor   THW    Bar    Pluja   Pluja  Calor    Fred    Int.  Int.   Int.   Int.    Int.  Int.Aire    Vent   Vent   ISS   Arc.
-------------------------------------------------------------------------------------------------------------------------------------------------------------------------------------------------------------------------
21/10/24   0:15   14.6   14.6   14.5    80   11.1    3.2     NO   0.80   6.4    NO   14.6   14.4   14.4  1024.2   0.00    0.0    0.039   0.000   22.5    65   15.6   22.8   11.85   1.1866     348     1    100.0   15 
21/10/24   0:30   14.3   14.5   14.1    81   11.1    1.6     NO   0.40   6.4    NO   14.3   14.2   14.2  1024.2   0.00    0.0    0.042   0.000   22.4    65   15.5   22.7   11.85   1.1869     351     1    100.0   15 
21/10/24   0:45   13.8   14.1   13.7    83   11.0    1.6     NO   0.40   3.2    NO   13.8   13.7   13.7  1024.1   0.00    0.0    0.047   0.000   22.3    66   15.7   22.6   12.11   1.1871     352     1    100.0   15 
21/10/24   1:00   13.8   13.9   13.8    83   11.0    1.6     NO   0.40   3.2    NO   13.8   13.7   13.7  1024.4   0.00    0.0    0.047   0.000   22.3    66   15.6   22.5   12.11   1.1877     351     1    100.0   15 
21/10/24   1:15   14.1   14.1   13.9    82   11.0    1.6     NO   0.40   4.8    NO   14.1   13.9   13.9  1024.3   0.00    0.0    0.045   0.000   22.2    66   15.5   22.3   12.11   1.1882     350     1    100.0   15 
21/10/24   1:30   14.0   14.1   14.0    82   11.0    0.0     NO   0.00   1.6    NO   14.0   13.9   13.9  1024.2   0.00    0.0    0.045   0.000   22.1    66   15.5   22.3   12.11   1.1883     351     1    100.0   15 
21/10/24   1:45   13.9   14.0   13.9    82   10.9    0.0    ---   0.00   0.0   ---   13.9   13.8   13.8  1024.2   0.00    0.0    0.046   0.000   22.0    66   15.4   22.1   12.12   1.1890     351     1    100.0   15 
21/10/24   2:00   13.7   13.9   13.5    83   10.8    1.6     NO   0.40   3.2    NO   13.7   13.6   13.6  1024.1   0.00    0.0    0.049   0.000   21.9    66   15.3   22.1   12.12   1.1891     351     1    100.0   15 
21/10/24   2:15   13.6   13.6   13.5    83   10.7    1.6     NO   0.40   4.8    NO   13.6   13.4   13.4  1024.0   0.00    0.0    0.050   0.000   21.9    66   15.2   22.0   12.12   1.1893     351     1    100.0   15 
21/10/24   2:30   13.6   13.6   13.5    83   10.7    0.0     NO   0.00   3.2    NO   13.6   13.4   13.4  1024.0   0.00    0.0    0.050   0.000   21.8    66   15.1   21.8   12.13   1.1898     351     1    100.0   15 
21/10/24   2:45   13.6   13.7   13.5    83   10.7    0.0     NO   0.00   1.6    NO   13.6   13.4   13.4  1024.0   0.00    0.0    0.050   0.000   21.7    66   15.0   21.7   12.13   1.1905     350     1    100.0   15 
21/10/24   3:00   13.7   13.8   13.7    84   11.1    0.0     NO   0.00   3.2    NO   13.7   13.7   13.7  1023.9   0.00    0.0    0.048   0.000   21.6    66   15.0   21.6   12.13   1.1907     352     1    100.0   15 
21/10/24   3:15   13.9   14.0   13.8    83   11.0    1.6    SSO   0.40   3.2   SSO   13.9   13.8   13.8  1024.0   0.00    0.0    0.046   0.000   21.6    67   15.2   21.6   12.33   1.1908     351     1    100.0   15 
21/10/24   3:30   14.0   14.1   13.9    82   11.0    1.6    SSO   0.40   4.8   ONO   14.0   13.9   13.9  1024.0   0.00    0.0    0.045   0.000   21.5    67   15.1   21.5   12.34   1.1910     351     1    100.0   15 
21/10/24   3:45   13.8   13.9   13.7    83   10.9    0.0    ONO   0.00   3.2   ONO   13.8   13.7   13.7  1024.1   0.00    0.0    0.047   0.000   21.4    67   15.1   21.4   12.34   1.1915     351     1    100.0   15 
21/10/24   4:00   13.7   13.8   13.7    83   10.9    0.0    ONO   0.00   1.6   ONO   13.7   13.6   13.6  1024.1   0.00    0.0    0.048   0.000   21.3    67   15.0   21.3   12.34   1.1921     351     1    100.0   15 
21/10/24   4:15   13.7   13.8   13.7    83   10.8    0.0    ONO   0.00   3.2   ONO   13.7   13.6   13.6  1024.4   0.00    0.0    0.049   0.000   21.3    67   14.9   21.2   12.34   1.1926     352     1    100.0   15 
21/10/24   4:30   13.7   13.7   13.7    83   10.9    1.6    ONO   0.40   4.8   ONO   13.7   13.6   13.6  1024.4   0.00    0.0    0.048   0.000   21.2    67   14.8   21.2   12.35   1.1930     351     1    100.0   15 
21/10/24   4:45   13.7   13.7   13.7    83   10.9    1.6     NO   0.40   3.2    NO   13.7   13.6   13.6  1024.4   0.00    0.0    0.048   0.000   21.2    67   14.8   21.1   12.35   1.1933     351     1    100.0   15 
21/10/24   5:00   13.8   13.8   13.7    82   10.8    1.6     NO   0.40   4.8    NO   13.8   13.7   13.7  1024.5   0.00    0.0    0.047   0.000   21.1    67   14.7   21.0   12.35   1.1939     350     1    100.0   15 
21/10/24   5:15   13.9   14.1   13.8    82   10.9    1.6     NO   0.40   4.8    NO   13.9   13.8   13.8  1024.5   0.00    0.0    0.046   0.000   21.0    67   14.6   20.9   12.35   1.1943     351     1    100.0   15 
21/10/24   5:30   14.1   14.2   14.1    81   10.9    0.0     NO   0.00   3.2    NO   14.1   14.0   14.0  1024.5   0.00    0.0    0.044   0.000   20.9    67   14.6   20.9   12.36   1.1946     351     1    100.0   15 
21/10/24   5:45   14.1   14.1   13.9    81   10.8    0.0     NO   0.00   3.2    NO   14.1   13.9   13.9  1024.5   0.00    0.0    0.045   0.000   20.9    67   14.6   20.9   12.36   1.1945     351     1    100.0   15 
21/10/24   6:00   13.8   13.9   13.7    83   10.9    0.0     NO   0.00   1.6    NO   13.8   13.7   13.7  1024.5   0.00    0.0    0.047   0.000   20.9    67   14.5   20.9   12.36   1.1948     351     1    100.0   15 
21/10/24   6:15   13.7   13.7   13.7    83   10.9    0.0     NO   0.00   3.2    NO   13.7   13.6   13.6  1024.5   0.00    0.0    0.048   0.000   20.8    67   14.5   20.8   12.36   1.1951     352     1    100.0   15 
21/10/24   6:30   13.7   13.7   13.7    83   10.8    0.0     NO   0.00   1.6    NO   13.7   13.6   13.6  1024.6   0.00    0.0    0.049   0.000   20.8    68   14.7   20.8   12.57   1.1953     351     1    100.0   15 
21/10/24   6:45   13.6   13.7   13.6    84   11.0    1.6      E   0.40   4.8     E   13.6   13.6   13.6  1024.7   0.00    0.0    0.049   0.000   20.9    68   14.8   20.9   12.56   1.1944     350     1    100.0   15 
21/10/24   7:00   13.5   13.6   13.4    83   10.7    0.0    NNO   0.00   3.2   NNO   13.5   13.4   13.4  1024.8   0.00    0.0    0.050   0.000   21.3    68   15.2   21.3   12.55   1.1925     351     1    100.0   15 
21/10/24   7:15   13.4   13.5   13.3    84   10.8    0.0    NNO   0.00   3.2   NNO   13.4   13.4   13.4  1024.9   0.00    0.0    0.051   0.000   22.0    66   15.4   22.1   12.12   1.1897     351     1    100.0   15 
21/10/24   7:30   13.6   13.7   13.5    84   10.9    0.0    NNO   0.00   4.8   NNO   13.6   13.5   13.5  1024.9   0.00    0.0    0.050   0.000   22.7    65   15.7   23.0   11.85   1.1866     352     1    100.0   15 
21/10/24   7:45   13.7   13.8   13.6    85   11.2    1.6    NNO   0.40   4.8   NNO   13.7   13.7   13.7  1025.1   0.00    0.0    0.048   0.000   23.2    64   16.0   23.7   11.65   1.1845     351     1    100.0   15 
21/10/24   8:00   13.8   13.8   13.8    85   11.3    1.6    NNO   0.40   6.4    NO   13.8   13.7   13.7  1025.2   0.00    0.0    0.047   0.000   23.4    63   16.0   24.0   11.47   1.1834     351     1    100.0   15 
21/10/24   8:15   13.8   13.9   13.7    85   11.3    0.0     NO   0.00   4.8    NO   13.8   13.7   13.7  1025.1   0.00    0.0    0.047   0.000   23.7    63   16.3   24.3   11.46   1.1819     351     1    100.0   15 
21/10/24   8:30   14.1   14.2   13.9    85   11.6    0.0     NO   0.00   1.6    NO   14.1   14.1   14.1  1025.3   0.00    0.0    0.044   0.000   24.0    62   16.3   24.6   11.25   1.1810     351     1    100.0   15 
21/10/24   8:45   14.7   15.3   14.2    84   12.0    0.0     NO   0.00   3.2    NO   14.7   14.6   14.6  1025.2   0.00    0.0    0.038   0.000   24.4    61   16.4   24.8   11.03   1.1792     350     1    100.0   15 
21/10/24   9:00   15.9   16.4   15.3    79   12.3    1.6    ONO   0.40   3.2   ONO   15.9   15.9   15.9  1025.3   0.00    0.0    0.025   0.000   24.7    61   16.7   25.2   11.02   1.1775     351     1    100.0   15 
21/10/24   9:15   16.9   17.2   16.4    77   12.8    0.0    OSO   0.00   3.2   OSO   16.9   16.9   16.9  1025.2   0.00    0.0    0.015   0.000   24.9    60   16.6   25.3   10.88   1.1769     350     1    100.0   15 
21/10/24   9:30   17.8   18.4   17.3    75   13.3    1.6     NO   0.40   4.8    NO   17.8   17.8   17.8  1025.2   0.00    0.0    0.006   0.000   24.9    60   16.6   25.4   10.87   1.1766     350     1    100.0   15 
21/10/24   9:45   19.2   19.8   18.4    71   13.8    1.6      E   0.40   8.0     E   19.2   19.4   19.4  1025.0   0.00    0.0    0.000   0.009   24.9    60   16.6   25.3   10.88   1.1767     351     1    100.0   15 
21/10/24  10:00   20.4   20.9   19.8    67   14.1    1.6    ESE   0.40   4.8   ESE   20.4   20.5   20.5  1024.9   0.00    0.0    0.000   0.021   24.8    61   16.7   25.3   11.02   1.1768     351     1    100.0   15 
21/10/24  10:15   20.9   21.1   20.9    66   14.4    1.6      E   0.40   8.0     E   20.9   20.8   20.8  1024.9   0.00    0.0    0.000   0.027   24.8    61   16.7   25.3   11.02   1.1768     351     1    100.0   15 
21/10/24  10:30   21.3   21.7   21.1    66   14.7    1.6      E   0.40   9.7     E   21.3   21.3   21.3  1024.8   0.00    0.0    0.000   0.031   24.8    61   16.7   25.3   11.02   1.1766     349     1    100.0   15 
21/10/24  10:45   21.8   22.1   21.7    64   14.7    1.6    ENE   0.40   8.0     E   21.8   21.8   21.8  1024.7   0.00    0.0    0.000   0.036   24.8    61   16.7   25.3   11.02   1.1766     351     1    100.0   15 
21/10/24  11:00   22.1   22.2   22.0    64   15.0    3.2    ESE   0.80  11.3    NE   22.1   22.2   22.2  1024.6   0.00    0.0    0.000   0.039   24.8    61   16.7   25.3   11.02   1.1764     348     1    100.0   15 
21/10/24  11:15   22.1   22.3   22.0    63   14.7    3.2    ENE   0.80  11.3     E   22.1   22.2   22.2  1024.4   0.00    0.0    0.000   0.039   24.8    61   16.8   25.3   11.02   1.1759     351     1    100.0   15 
21/10/24  11:30   22.7   23.0   22.3    62   15.0    1.6      E   0.40   6.4   ESE   22.7   22.9   22.9  1024.3   0.00    0.0    0.000   0.045   24.8    61   16.8   25.3   11.02   1.1758     350     1    100.0   15 
21/10/24  11:45   22.9   23.1   22.8    62   15.2    3.2    ENE   0.80  14.5   ENE   22.9   23.2   23.2  1024.3   0.00    0.0    0.000   0.047   24.9    61   16.9   25.4   11.01   1.1754     352     1    100.0   15 
21/10/24  12:00   22.8   22.9   22.8    62   15.2    3.2    ENE   0.80  11.3     E   22.8   23.2   23.2  1024.1   0.00    0.0    0.000   0.047   25.0    60   16.7   25.4   10.87   1.1750     351     1    100.0   15 
21/10/24  12:15   23.1   23.3   22.9    61   15.2    4.8    ENE   1.21  14.5   ENE   23.1   23.5   23.5  1023.9   0.00    0.0    0.000   0.050   25.1    60   16.8   25.6   10.86   1.1743     350     1    100.0   15 
21/10/24  12:30   23.3   23.6   23.2    60   15.1    3.2    ENE   0.80  12.9     E   23.3   23.7   23.7  1023.7   0.00    0.0    0.000   0.052   25.3    60   17.0   25.8   10.85   1.1732     351     1    100.0   15 
21/10/24  12:45   23.7   23.7   23.6    57   14.6    6.4    ENE   1.61  14.5    SE   23.7   24.0   24.0  1023.6   0.00    0.0    0.000   0.056   25.3    59   16.7   25.8   10.65   1.1731     349     1    100.0   15 
21/10/24  13:00   23.8   23.9   23.7    56   14.5    4.8    ENE   1.21  12.9   ENE   23.8   24.1   24.1  1023.5   0.00    0.0    0.000   0.057   25.3    59   16.7   25.8   10.65   1.1730     350     1    100.0   15 
21/10/24  13:15   23.9   23.9   23.8    56   14.6    4.8    ENE   1.21  17.7     E   23.9   24.2   24.2  1023.5   0.00    0.0    0.000   0.058   25.4    59   16.8   25.8   10.64   1.1726     351     1    100.0   15 
21/10/24  13:30   24.0   24.1   23.8    56   14.7    4.8      E   1.21  12.9   ESE   24.0   24.3   24.3  1023.3   0.00    0.0    0.000   0.059   25.5    59   16.9   25.9   10.63   1.1719     351     1    100.0   15 
21/10/24  13:45   23.9   24.0   23.8    57   14.9    4.8      E   1.21  14.5   ENE   23.9   24.3   24.3  1023.2   0.00    0.0    0.000   0.058   25.6    59   16.9   26.0   10.63   1.1714     351     1    100.0   15 
21/10/24  14:00   24.1   24.2   23.8    57   15.0    4.8      E   1.21  12.9   ESE   24.1   24.4   24.4  1023.2   0.00    0.0    0.000   0.060   25.6    57   16.5   26.0   10.23   1.1719     351     1    100.0   15 
21/10/24  14:15   23.8   24.2   23.7    57   14.7    6.4    ENE   1.61  17.7   ENE   23.8   24.1   24.1  1023.0   0.00    0.0    0.000   0.057   25.6    58   16.7   26.1   10.43   1.1713     349     1    100.0   15 
21/10/24  14:30   23.7   23.8   23.6    57   14.6    4.8      E   1.21  16.1     E   23.7   24.0   24.0  1023.0   0.00    0.0    0.000   0.056   25.6    59   17.0   26.1   10.63   1.1709     348     1    100.0   15 
21/10/24  14:45   23.7   23.8   23.6    57   14.6    4.8    ENE   1.21  17.7     E   23.7   24.0   24.0  1022.9   0.00    0.0    0.000   0.056   25.7    59   17.1   26.2   10.62   1.1702     350     1    100.0   15 
21/10/24  15:00   23.4   23.6   23.3    59   14.9    4.8    ENE   1.21  14.5   ESE   23.4   23.7   23.7  1022.9   0.00    0.0    0.000   0.053   25.8    59   17.2   26.3   10.61   1.1696     351     1    100.0   15 
21/10/24  15:15   23.1   23.3   22.8    60   14.9    4.8      E   1.21  14.5     E   23.1   23.4   23.4  1022.9   0.00    0.0    0.000   0.049   25.8    59   17.2   26.3   10.61   1.1696     351     1    100.0   15 
21/10/24  15:30   22.7   22.8   22.7    60   14.6    3.2    ESE   0.80  14.5   ENE   22.7   22.9   22.9  1022.8   0.00    0.0    0.000   0.046   25.7    59   17.1   26.2   10.62   1.1704     350     1    100.0   15 
21/10/24  15:45   22.7   22.8   22.5    61   14.8    4.8      E   1.21  14.5   ESE   22.7   22.9   22.9  1022.9   0.00    0.0    0.000   0.045   25.5    60   17.2   26.0   10.83   1.1710     351     1    100.0   15 
21/10/24  16:00   22.3   22.5   22.2    64   15.1    4.8    ESE   1.21  11.3     E   22.3   22.4   22.4  1022.9   0.00    0.0    0.000   0.041   25.4    59   16.8   25.8   10.64   1.1720     351     1    100.0   15 
21/10/24  16:15   22.1   22.2   21.9    66   15.4    3.2      E   0.80  14.5   ENE   22.1   22.2   22.2  1023.0   0.00    0.0    0.000   0.039   25.2    59   16.6   25.6   10.65   1.1729     352     1    100.0   15 
21/10/24  16:30   21.7   21.9   21.3    68   15.5    3.2    ESE   0.80  12.9     E   21.7   21.8   21.8  1023.1   0.00    0.0    0.000   0.035   25.1    60   16.7   25.5   10.87   1.1735     351     1    100.0   15 
21/10/24  16:45   20.9   21.3   20.6    70   15.2    1.6     SE   0.40  12.9     E   20.9   21.0   21.0  1023.2   0.00    0.0    0.000   0.027   24.9    60   16.6   25.4   10.87   1.1742     351     1    100.0   15 
21/10/24  17:00   20.4   20.6   20.3    72   15.2    1.6    ESE   0.40   6.4   ESE   20.4   20.8   20.8  1023.3   0.00    0.0    0.000   0.022   24.8    61   16.7   25.3   11.02   1.1749     350     1    100.0   15 
21/10/24  17:15   20.1   20.3   19.9    73   15.1    1.6      E   0.40   8.0     E   20.1   20.6   20.6  1023.4   0.00    0.0    0.000   0.019   24.7    61   16.6   25.1   11.02   1.1756     351     1    100.0   15 
21/10/24  17:30   19.7   19.9   19.5    75   15.1    1.6      E   0.40   4.8     E   19.7   20.1   20.1  1023.5   0.00    0.0    0.000   0.014   24.7    61   16.6   25.1   11.02   1.1758     350     1    100.0   15 
21/10/24  17:45   19.4   19.5   19.3    75   14.8    0.0      E   0.00   3.2     E   19.4   19.8   19.8  1023.6   0.00    0.0    0.000   0.011   24.7    61   16.6   25.1   11.02   1.1758     351     1    100.0   15 
21/10/24  18:00   19.3   19.4   19.2    75   14.7    1.6      E   0.40   8.0     E   19.3   19.6   19.6  1023.7   0.00    0.0    0.000   0.010   24.7    62   16.9   25.2   11.22   1.1756     351     1    100.0   15 
21/10/24  18:15   19.0   19.2   18.9    74   14.3    3.2    ENE   0.80  11.3    NE   19.0   19.3   19.3  1023.8   0.00    0.0    0.000   0.007   24.7    62   16.9   25.2   11.22   1.1755     350     1    100.0   15 
21/10/24  18:30   18.8   18.9   18.7    75   14.3    1.6      E   0.40   4.8     E   18.8   19.1   19.1  1023.9   0.00    0.0    0.000   0.005   24.8    62   17.0   25.3   11.22   1.1753     350     1    100.0   15 
21/10/24  18:45   18.6   18.7   18.6    76   14.3    3.2    ENE   0.80   8.0   ENE   18.6   18.9   18.9  1024.1   0.00    0.0    0.000   0.003   24.8    62   17.1   25.4   11.22   1.1752     351     1    100.0   15 
21/10/24  19:00   18.5   18.6   18.4    77   14.4    3.2    ENE   0.80   8.0   ENE   18.5   18.8   18.8  1024.2   0.00    0.0    0.000   0.002   24.8    63   17.3   25.4   11.42   1.1749     350     1    100.0   15 
21/10/24  19:15   18.3   18.4   18.2    78   14.4    3.2    ENE   0.80   6.4   ENE   18.3   18.6   18.6  1024.2   0.00    0.0    0.001   0.000   24.8    63   17.3   25.4   11.42   1.1752     350     1    100.0   15 
21/10/24  19:30   18.2   18.2   18.2    80   14.7    3.2    ENE   0.80   6.4   ENE   18.2   18.6   18.6  1024.4   0.00    0.0    0.001   0.000   24.7    63   17.2   25.2   11.42   1.1760     351     1    100.0   15 
21/10/24  19:45   18.1   18.1   17.9    80   14.6    1.6    ENE   0.40   4.8   ENE   18.1   18.4   18.4  1024.5   0.00    0.0    0.003   0.000   24.5    63   17.0   25.1   11.43   1.1770     351     1    100.0   15 
21/10/24  20:00   17.8   17.9   17.7    82   14.7    0.0    ENE   0.00   4.8   ENE   17.8   18.2   18.2  1024.5   0.00    0.0    0.005   0.000   24.3    64   17.1   24.9   11.63   1.1775     350     1    100.0   15 
21/10/24  20:15   17.7   17.8   17.7    83   14.8    3.2    ENE   0.80   6.4   ENE   17.7   18.0   18.0  1024.5   0.00    0.0    0.006   0.000   24.2    64   17.0   24.8   11.64   1.1781     351     1    100.0   15 
21/10/24  20:30   17.7   17.7   17.7    83   14.7    1.6    ENE   0.40   4.8   ENE   17.7   17.9   17.9  1024.5   0.00    0.0    0.007   0.000   24.1    64   16.8   24.7   11.64   1.1791     350     1    100.0   15 
21/10/24  20:45   17.6   17.7   17.5    83   14.7    0.0    ENE   0.00   3.2   ENE   17.6   17.9   17.9  1024.7   0.00    0.0    0.008   0.000   23.9    64   16.7   24.6   11.65   1.1798     351     1    100.0   15 
21/10/24  21:00   17.4   17.5   17.3    84   14.7    0.0    ENE   0.00   1.6   ENE   17.4   17.7   17.7  1024.8   0.00    0.0    0.010   0.000   23.9    64   16.7   24.6   11.65   1.1802     351     1    100.0   15 
21/10/24  21:15   17.2   17.3   17.2    84   14.5    1.6    ENE   0.40   4.8   ENE   17.2   17.5   17.5  1024.8   0.00    0.0    0.012   0.000   23.8    65   16.8   24.5   11.85   1.1806     351     1    100.0   15 
21/10/24  21:30   17.0   17.2   16.7    84   14.3    3.2     NO   0.80   6.4    NO   17.0   17.2   17.2  1025.0   0.00    0.0    0.014   0.000   23.7    65   16.7   24.4   11.85   1.1814     351     1    100.0   15 
21/10/24  21:45   16.4   16.7   16.2    85   13.9    3.2     NO   0.80   4.8    NO   16.4   16.6   16.6  1025.0   0.00    0.0    0.020   0.000   23.6    65   16.6   24.3   11.85   1.1817     351     1    100.0   15 
21/10/24  22:00   16.1   16.2   16.1    86   13.8    1.6     NO   0.40   6.4   ENE   16.1   16.2   16.2  1025.1   0.00    0.0    0.023   0.000   23.5    65   16.5   24.2   11.85   1.1823     350     1    100.0   15 
21/10/24  22:15   16.6   16.7   16.2    82   13.5    4.8    ENE   1.21  11.3   ENE   16.6   16.7   16.7  1025.1   0.00    0.0    0.019   0.000   23.4    65   16.5   24.1   11.85   1.1826     351     1    100.0   15 
21/10/24  22:30   16.6   16.7   16.5    83   13.7    1.6    ENE   0.40   8.0   ENE   16.6   16.7   16.7  1025.1   0.00    0.0    0.019   0.000   23.3    65   16.4   24.0   11.85   1.1832     349     1    100.0   15 
21/10/24  22:45   16.6   16.6   16.4    83   13.7    0.0    ENE   0.00   1.6   ENE   16.6   16.7   16.7  1025.0   0.00    0.0    0.019   0.000   23.3    65   16.3   23.9   11.85   1.1834     352     1    100.0   15 
21/10/24  23:00   16.3   16.4   16.2    84   13.6    0.0    ENE   0.00   3.2   ENE   16.3   16.4   16.4  1025.0   0.00    0.0    0.021   0.000   23.2    66   16.5   23.8   12.08   1.1837     351     1    100.0   15 
21/10/24  23:15   16.1   16.2   16.0    85   13.6    1.6    ENE   0.40   3.2   ENE   16.1   16.2   16.2  1024.9   0.00    0.0    0.023   0.000   23.1    66   16.4   23.7   12.08   1.1839     351     1    100.0   15 
21/10/24  23:30   16.1   16.1   16.0    85   13.5    1.6    ENE   0.40   3.2   ENE   16.1   16.2   16.2  1024.9   0.00    0.0    0.024   0.000   23.1    66   16.4   23.6   12.08   1.1841     350     1    100.0   15 
21/10/24  23:45   16.1   16.1   16.0    85   13.5    1.6    ENE   0.40   3.2   ENE   16.1   16.2   16.2  1024.8   0.00    0.0    0.024   0.000   22.9    66   16.3   23.4   12.08   1.1846     352     1    100.0   15 
22/10/24  00:00   15.8   16.0   15.8    86   13.5    1.6    ENE   0.40   6.4    NO   15.8   15.9   15.9  1024.8   0.00    0.0    0.026   0.000   22.8    66   16.1   23.3   12.09   1.1852     349     1    100.0   15 
22/10/24   0:15   15.6   15.8   15.5    86   13.3    3.2     NO   0.80   6.4    NO   15.6   15.7   15.7  1024.8   0.00    0.0    0.028   0.000   22.8    66   16.1   23.2   12.09   1.1855     348     1    100.0   15 
22/10/24   0:30   15.5   15.5   15.4    86   13.2    1.6     NO   0.40   4.8    NO   15.5   15.6   15.6  1024.7   0.00    0.0    0.030   0.000   22.7    66   16.0   23.1   12.09   1.1857     351     1    100.0   15 
22/10/24   0:45   15.6   15.7   15.4    86   13.2    3.2    NNE   0.80   6.4    NE   15.6   15.6   15.6  1024.8   0.00    0.0    0.029   0.000   22.6    66   15.9   23.0   12.10   1.1864     351     1    100.0   15 
22/10/24   1:00   15.6   15.7   15.5    86   13.3    1.6      E   0.40   8.0     E   15.6   15.7   15.7  1024.8   0.00    0.0    0.028   0.000   22.6    66   15.9   22.9   12.10   1.1867     350     1    100.0   15 
22/10/24   1:15   15.4   15.5   15.2    87   13.2    3.2      E   0.80   8.0   ENE   15.4   15.5   15.5  1024.6   0.00    0.0    0.031   0.000   22.4    66   15.8   22.7   12.10   1.1870     352     1    100.0   15 
22/10/24   1:30   15.2   15.2   15.1    88   13.2    1.6      E   0.40   9.7     E   15.2   15.2   15.2  1024.5   0.00    0.0    0.033   0.000   22.4    67   16.0   22.7   12.30   1.1869     347     1    100.0   15 
22/10/24   1:45   15.1   15.1   14.8    88   13.1    3.2    NNO   0.80   6.4   NNO   15.1   15.1   15.1  1024.5   0.00    0.0    0.034   0.000   22.3    67   15.9   22.6   12.31   1.1872     350     1    100.0   15 
22/10/24   2:00   14.5   14.8   14.3    89   12.7    4.8     NO   1.21   6.4    NO   14.5   14.6   14.6  1024.4   0.00    0.0    0.040   0.000   22.3    67   15.9   22.6   12.31   1.1874     351     1    100.0   15 
22/10/24   2:15   14.2   14.3   14.2    90   12.6    4.8     NO   1.21   6.4    NO   14.2   14.3   14.3  1024.4   0.00    0.0    0.043   0.000   22.2    67   15.7   22.4   12.31   1.1879     351     1    100.0   15 
22/10/24   2:30   14.1   14.2   13.9    90   12.4    4.8     NO   1.21   6.4    NO   14.1   14.1   14.1  1024.4   0.00    0.0    0.045   0.000   22.1    67   15.7   22.3   12.31   1.1883     351     1    100.0   15 
22/10/24   2:45   14.1   14.1   14.0    90   12.4    1.6     NO   0.40   4.8    NO   14.1   14.1   14.1  1024.5   0.00    0.0    0.045   0.000   22.0    67   15.6   22.2   12.32   1.1889     351     1    100.0   15 
22/10/24   3:00   14.2   14.2   14.1    90   12.5    0.0     NO   0.00   3.2    NO   14.2   14.2   14.2  1024.5   0.00    0.0    0.043   0.000   21.9    67   15.5   22.1   12.32   1.1893     351     1    100.0   15 
22/10/24   3:15   14.2   14.3   14.2    90   12.6    1.6     NO   0.40   4.8    NO   14.2   14.3   14.3  1024.6   0.00    0.0    0.043   0.000   21.8    67   15.4   21.9   12.32   1.1900     351     1    100.0   15 
22/10/24   3:30   14.2   14.3   14.1    90   12.6    0.0    ENE   0.00   4.8   ENE   14.2   14.3   14.3  1024.7   0.00    0.0    0.043   0.000   21.8    67   15.4   21.9   12.33   1.1903     349     1    100.0   15 
