                 Temp.  Temp.  Temp.  Hum.   Punt   Vel.   Dir.   Rec.  Vel.  Dir.  Sens.   Índ.   Índ.                  Int. Graus D.Graus D.  Temp.  Hum. Rosada  In.Cal.  EMC     Dens.    Mostr   Tx   Recep.  Int.
  Data    Hora    Ext.   Màx.   Mín.  Ext. Rosada   Vent   Vent   Vent  Màx.  Màx.  Tèrm.  Calor   THW    Bar    Pluja   Pluja  Calor    Fred    Int.  Int.   Int.   Int.    Int.  Int.Aire    Vent   Vent   ISS   Arc.
-------------------------------------------------------------------------------------------------------------------------------------------------------------------------------------------------------------------------
22/10/24   0:15   15.6   15.8   15.5    86   13.3    3.2     NO   0.80   6.4    NO   15.6   15.7   15.7  1024.8   0.00    0.0    0.028   0.000   22.8    66   16.1   23.2   12.09   1.1855     348     1    100.0   15 
22/10/24   0:30   15.5   15.5   15.4    86   13.2    1.6     NO   0.40   4.8    NO   15.5   15.6   15.6  1024.7   0.00    0.0    0.030   0.000   22.7    66   16.0   23.1   12.09   1.1857     351     1    100.0   15 
22/10/24   0:45   15.6   15.7   15.4    86   13.2    3.2    NNE   0.80   6.4    NE   15.6   15.6   15.6  1024.8   0.00    0.0    0.029   0.000   22.6    66   15.9   23.0   12.10   1.1864     351     1    100.0   15 
22/10/24   1:00   15.6   15.7   15.5    86   13.3    1.6      E   0.40   8.0     E   15.6   15.7   15.7  1024.8   0.00    0.0    0.028   0.000   22.6    66   15.9   22.9   12.10   1.1867     350     1    100.0   15 
22/10/24   1:15   15.4   15.5   15.2    87   13.2    3.2      E   0.80   8.0   ENE   15.4   15.5   15.5  1024.6   0.00    0.0    0.031   0.000   22.4    66   15.8   22.7   12.10   1.1870     352     1    100.0   15 
22/10/24   1:30   15.2   15.2   15.1    88   13.2    1.6      E   0.40   9.7     E   15.2   15.2   15.2  1024.5   0.00    0.0    0.033   0.000   22.4    67   16.0   22.7   12.30   1.1869     347     1    100.0   15 
22/10/24   1:45   15.1   15.1   14.8    88   13.1    3.2    NNO   0.80   6.4   NNO   15.1   15.1   15.1  1024.5   0.00    0.0    0.034   0.000   22.3    67   15.9   22.6   12.31   1.1872     350     1    100.0   15 
22/10/24   2:00   14.5   14.8   14.3    89   12.7    4.8     NO   1.21   6.4    NO   14.5   14.6   14.6  1024.4   0.00    0.0    0.040   0.000   22.3    67   15.9   22.6   12.31   1.1874     351     1    100.0   15 
22/10/24   2:15   14.2   14.3   14.2    90   12.6    4.8     NO   1.21   6.4    NO   14.2   14.3   14.3  1024.4   0.00    0.0    0.043   0.000   22.2    67   15.7   22.4   12.31   1.1879     351     1    100.0   15 
22/10/24   2:30   14.1   14.2   13.9    90   12.4    4.8     NO   1.21   6.4    NO   14.1   14.1   14.1  1024.4   0.00    0.0    0.045   0.000   22.1    67   15.7   22.3   12.31   1.1883     351     1    100.0   15 
22/10/24   2:45   14.1   14.1   14.0    90   12.4    1.6     NO   0.40   4.8    NO   14.1   14.1   14.1  1024.5   0.00    0.0    0.045   0.000   22.0    67   15.6   22.2   12.32   1.1889     351     1    100.0   15 
22/10/24   3:00   14.2   14.2   14.1    90   12.5    0.0     NO   0.00   3.2    NO   14.2   14.2   14.2  1024.5   0.00    0.0    0.043   0.000   21.9    67   15.5   22.1   12.32   1.1893     351     1    100.0   15 
22/10/24   3:15   14.2   14.3   14.2    90   12.6    1.6     NO   0.40   4.8    NO   14.2   14.3   14.3  1024.6   0.00    0.0    0.043   0.000   21.8    67   15.4   21.9   12.32   1.1900     351     1    100.0   15 
22/10/24   3:30   14.2   14.3   14.1    90   12.6    0.0    ENE   0.00   4.8   ENE   14.2   14.3   14.3  1024.7   0.00    0.0    0.043   0.000   21.8    67   15.4   21.9   12.33   1.1903     349     1    100.0   15 
22/10/24   3:45   13.8   14.1   13.6    91   12.3    1.6    ONO   0.40   4.8   ONO   13.8   13.8   13.8  1024.8   0.00    0.0    0.047   0.000   21.7    67   15.3   21.8   12.33   1.1908     351     1    100.0   15 
22/10/24   4:00   13.5   13.6   13.4    91   12.1    1.6      O   0.40   3.2     O   13.5   13.6   13.6  1024.9   0.00    0.0    0.050   0.000   21.7    67   15.3   21.7   12.33   1.1912     351     1    100.0   15 
22/10/24   4:15   13.4   13.4   13.3    92   12.1    0.0      O   0.00   3.2     O   13.4   13.4   13.4  1025.0   0.00    0.0    0.052   0.000   21.6    67   15.2   21.6   12.33   1.1919     351     1    100.0   15 
22/10/24   4:30   13.4   13.6   13.3    93   12.3    0.0      O   0.00   3.2     O   13.4   13.6   13.6  1025.1   0.00    0.0    0.051   0.000   21.5    68   15.3   21.6   12.55   1.1920     350     1    100.0   15 
22/10/24   4:45   13.6   13.6   13.5    93   12.4    0.0    ---   0.00   0.0   ---   13.6   13.7   13.7  1025.0   0.00    0.0    0.050   0.000   21.4    68   15.2   21.4   12.55   1.1925     351     1    100.0   15 
22/10/24   5:00   13.6   13.6   13.5    93   12.4    0.0      O   0.00   3.2     O   13.6   13.7   13.7  1025.2   0.00    0.0    0.050   0.000   21.3    68   15.2   21.3   12.55   1.1930     351     1    100.0   15 
22/10/24   5:15   13.6   13.7   13.6    93   12.5    0.0      O   0.00   3.2     O   13.6   13.7   13.7  1025.1   0.00    0.0    0.049   0.000   21.3    68   15.1   21.3   12.55   1.1932     351     1    100.0   15 
22/10/24   5:30   13.4   13.6   13.3    93   12.3    1.6      O   0.40   3.2     O   13.4   13.6   13.6  1025.0   0.00    0.0    0.051   0.000   21.2    68   15.1   21.2   12.55   1.1933     352     1    100.0   15 
22/10/24   5:45   13.3   13.3   13.2    93   12.2    0.0      O   0.00   3.2     O   13.3   13.4   13.4  1025.0   0.00    0.0    0.053   0.000   21.1    68   15.0   21.1   12.55   1.1940     351     1    100.0   15 
22/10/24   6:00   13.3   13.3   13.2    93   12.2    0.0      O   0.00   3.2     O   13.3   13.4   13.4  1025.1   0.00    0.0    0.053   0.000   21.1    68   14.9   21.1   12.55   1.1944     351     1    100.0   15 
22/10/24   6:15   13.2   13.3   13.1    93   12.1    1.6      O   0.40   4.8     O   13.2   13.3   13.3  1025.2   0.00    0.0    0.053   0.000   21.0    68   14.9   21.0   12.56   1.1948     351     1    100.0   15 
22/10/24   6:30   13.2   13.3   13.2    94   12.2    1.6      O   0.40   4.8     O   13.2   13.3   13.3  1025.3   0.00    0.0    0.054   0.000   20.9    68   14.8   20.9   12.56   1.1952     349     1    100.0   15 
22/10/24   6:45   13.2   13.3   12.8    93   12.1    0.0      O   0.00   1.6     O   13.2   13.3   13.3  1025.6   0.00    0.0    0.054   0.000   20.9    70   15.3   21.1   13.16   1.1950     351     1    100.0   15 
22/10/24   7:00   12.8   12.8   12.7    93   11.7    0.0      O   0.00   1.6     O   12.8   12.9   12.9  1025.6   0.00    0.0    0.058   0.000   21.4    69   15.5   21.5   12.84   1.1930     351     1    100.0   15 
22/10/24   7:15   13.2   13.7   12.7    94   12.2    1.6      O   0.40   8.0     E   13.2   13.3   13.3  1025.8   0.00    0.0    0.054   0.000   22.2    67   15.7   22.4   12.31   1.1896     351     1    100.0   15 
22/10/24   7:30   14.1   14.4   13.7    93   12.9    1.6    ENE   0.40   8.0     E   14.1   14.2   14.2  1025.8   0.00    0.0    0.045   0.000   22.9    66   16.3   23.4   12.08   1.1858     350     1    100.0   15 
22/10/24   7:45   14.7   14.8   14.4    90   13.0    3.2     NO   0.80   9.7     E   14.7   14.7   14.7  1025.9   0.00    0.0    0.038   0.000   23.5    65   16.5   24.2   11.85   1.1834     352     1    100.0   15 
22/10/24   8:00   14.8   14.9   14.7    90   13.2    4.8     NO   1.21   8.0    NO   14.8   14.9   14.9  1026.0   0.00    0.0    0.037   0.000   23.9    64   16.7   24.6   11.65   1.1817     351     1    100.0   15 
22/10/24   8:15   15.2   15.5   14.9    89   13.4    4.8     NO   1.21   9.7   NNO   15.2   15.3   15.3  1026.0   0.00    0.0    0.033   0.000   24.3    64   17.0   24.9   11.64   1.1797     351     1    100.0   15 
22/10/24   8:30   15.8   16.3   15.5    87   13.7    1.6     NO   0.40   6.4    NO   15.8   15.9   15.9  1026.1   0.00    0.0    0.026   0.000   24.5    63   17.0   25.1   11.43   1.1790     350     1    100.0   15 
22/10/24   8:45   16.8   17.6   16.3    84   14.1    1.6    ENE   0.40   9.7     E   16.8   17.0   17.0  1026.2   0.00    0.0    0.016   0.000   24.6    63   17.0   25.1   11.43   1.1787     351     1    100.0   15 
22/10/24   9:00   18.2   18.4   17.6    78   14.3    4.8      E   1.21  14.5   ENE   18.2   18.4   18.4  1026.2   0.00    0.0    0.002   0.000   24.6    62   16.8   25.1   11.23   1.1792     352     1    100.0   15 
22/10/24   9:15   18.6   18.8   18.4    76   14.2    3.2    ENE   0.80  14.5   ENE   18.6   18.8   18.8  1026.3   0.00    0.0    0.000   0.002   24.7    62   16.9   25.2   11.22   1.1787     350     1    100.0   15 
22/10/24   9:30   18.8   18.8   18.8    76   14.5    6.4    ENE   1.61  14.5   ENE   18.8   19.2   19.2  1026.4   0.00    0.0    0.000   0.005   24.8    62   17.0   25.3   11.22   1.1781     349     1    100.0   15 
22/10/24   9:45   19.1   19.5   18.8    74   14.4    4.8      E   1.21  12.9   ENE   19.1   19.4   19.4  1026.3   0.00    0.0    0.000   0.008   24.9    62   17.2   25.5   11.21   1.1772     351     1    100.0   15 
22/10/24  10:00   19.7   20.1   19.5    71   14.3    3.2      E   0.80  11.3   ENE   19.7   20.1   20.1  1026.3   0.00    0.0    0.000   0.014   25.0    62   17.2   25.6   11.21   1.1768     352     1    100.0   15 
22/10/24  10:15   20.3   20.4   20.1    71   14.8    3.2      E   0.80  12.9     E   20.3   20.6   20.6  1026.3   0.00    0.0    0.000   0.020   25.1    61   17.0   25.6   11.01   1.1770     351     1    100.0   15 
22/10/24  10:30   20.4   20.6   20.2    69   14.5    3.2    ENE   0.80   9.7     E   20.4   20.6   20.6  1026.3   0.00    0.0    0.000   0.021   25.0    62   17.2   25.6   11.21   1.1769     350     1    100.0   15 
22/10/24  10:45   20.7   20.9   20.6    68   14.6    3.2      E   0.80  11.3   ENE   20.7   20.8   20.8  1026.5   0.00    0.0    0.000   0.025   25.1    62   17.3   25.6   11.21   1.1768     351     1    100.0   15 
22/10/24  11:00   21.1   21.3   20.9    67   14.7    3.2    ESE   0.80  12.9     E   21.1   21.1   21.1  1026.5   0.00    0.0    0.000   0.029   25.2    62   17.4   25.7   11.20   1.1762     351     1    100.0   15 
22/10/24  11:15   21.6   21.7   21.4    67   15.2    4.8      E   1.21  14.5   ENE   21.6   21.6   21.6  1026.5   0.00    0.0    0.000   0.034   25.3    62   17.5   25.9   11.20   1.1756     349     1    100.0   15 
22/10/24  11:30   21.8   22.1   21.6    65   14.9    3.2      E   0.80  12.9     E   21.8   21.8   21.8  1026.2   0.00    0.0    0.000   0.036   25.4    61   17.3   25.9   11.00   1.1750     350     1    100.0   15 
22/10/24  11:45   22.3   22.5   22.1    64   15.2    3.2      E   0.80  11.3   ESE   22.3   22.5   22.5  1026.1   0.00    0.0    0.000   0.042   25.4    61   17.4   26.0   10.99   1.1746     351     1    100.0   15 
22/10/24  12:00   22.0   22.2   21.7    63   14.6    6.4      E   1.61  22.5     E   22.0   22.0   22.0  1026.0   0.00    0.0    0.000   0.038   25.4    61   17.4   26.0   10.99   1.1745     351     1    100.0   15 
22/10/24  12:15   21.4   21.7   21.2    65   14.5    6.4    ENE   1.61  22.5     E   21.4   21.3   21.3  1025.9   0.00    0.0    0.000   0.032   25.5    59   16.9   25.9   10.63   1.1749     352     1    100.0   15 
22/10/24  12:30   21.2   21.2   21.1    66   14.6    6.4    ENE   1.61  16.1   ESE   21.2   21.1   21.1  1025.9   0.00    0.0    0.000   0.030   25.3    58   16.5   25.7   10.45   1.1761     349     1    100.0   15 
22/10/24  12:45   21.6   21.7   21.2    65   14.7    4.8    ENE   1.21  16.1   ENE   21.6   21.5   21.5  1025.9   0.00    0.0    0.000   0.034   25.3    58   16.4   25.7   10.45   1.1764     350     1    100.0   15 
22/10/24  13:00   21.5   21.7   21.3    67   15.1    4.8      E   1.21  12.9     E   21.5   21.5   21.5  1025.8   0.00    0.0    0.000   0.033   25.2    58   16.4   25.6   10.45   1.1766     351     1    100.0   15 
22/10/24  13:15   21.3   21.3   21.2    69   15.4    3.2    ENE   0.80  12.9   ENE   21.3   21.3   21.3  1025.9   0.00    0.0    0.000   0.031   25.1    59   16.5   25.5   10.66   1.1770     352     1    100.0   15 
22/10/24  13:30   20.9   21.2   20.8    71   15.5    4.8      E   1.21  14.5    SE   20.9   21.1   21.1  1026.0   0.00    0.0    0.000   0.027   25.2    60   16.9   25.6   10.86   1.1764     350     1    100.0   15 
22/10/24  13:45   20.5   20.8   20.4    73   15.5    4.8    ESE   1.21  17.7   ESE   20.5   20.9   20.9  1025.8   0.00    0.0    0.000   0.023   25.2    60   16.9   25.6   10.86   1.1761     351     1    100.0   15 
22/10/24  14:00   20.9   21.2   20.6    72   15.7    4.8      E   1.21  12.9   ENE   20.9   21.1   21.1  1025.6   0.00    0.0    0.000   0.027   25.2    60   16.9   25.6   10.86   1.1760     351     1    100.0   15 
22/10/24  14:15   21.3   21.6   21.2    71   15.9    4.8    SSE   1.21  16.1   SSE   21.3   21.5   21.5  1025.6   0.00    0.0    0.000   0.031   25.3    60   17.0   25.8   10.85   1.1753     351     1    100.0   15 
22/10/24  14:30   21.7   21.8   21.6    70   16.0    6.4    ENE   1.61  16.1   ENE   21.7   21.9   21.9  1025.7   0.00    0.0    0.000   0.035   25.3    60   17.0   25.8   10.85   1.1751     351     1    100.0   15 
22/10/24  14:45   21.4   21.7   21.0    71   16.0    4.8      E   1.21  14.5     E   21.4   21.7   21.7  1025.8   0.00    0.0    0.000   0.032   25.4    60   17.1   25.9   10.84   1.1746     351     1    100.0   15 
22/10/24  15:00   20.5   21.0   20.2    74   15.7    4.8      E   1.21  12.9   ENE   20.5   21.0   21.0  1025.8   0.00    0.0    0.000   0.023   25.3    61   17.2   25.8   11.00   1.1752     351     1    100.0   15 
22/10/24  15:15   20.1   20.2   20.0    76   15.7    3.2      E   0.80   9.7     E   20.1   20.6   20.6  1025.8   0.00    0.0    0.000   0.018   25.2    61   17.1   25.7   11.00   1.1757     351     1    100.0   15 
22/10/24  15:30   20.2   20.3   20.1    76   15.8    3.2    ENE   0.80   9.7     E   20.2   20.7   20.7  1025.6   0.00    0.0    0.000   0.019   25.1    61   17.1   25.6   11.01   1.1758     352     1    100.0   15 
22/10/24  15:45   20.6   20.7   20.3    72   15.3    3.2    ESE   0.80   9.7     E   20.6   20.9   20.9  1025.6   0.00    0.0    0.000   0.023   25.1    61   17.0   25.6   11.01   1.1761     350     1    100.0   15 
22/10/24  16:00   20.4   20.7   20.2    74   15.7    3.2    ESE   0.80  12.9   ENE   20.4   20.9   20.9  1025.5   0.00    0.0    0.000   0.022   24.7    62   16.9   25.2   11.22   1.1774     350     1    100.0   15 
22/10/24  16:15   20.0   20.2   19.9    76   15.6    3.2      E   0.80   9.7     E   20.0   20.6   20.6  1025.7   0.00    0.0    0.000   0.017   24.2    63   16.7   24.8   11.44   1.1799     351     1    100.0   15 
22/10/24  16:30   19.8   19.9   19.7    76   15.5    1.6      E   0.40   8.0     E   19.8   20.3   20.3  1025.8   0.00    0.0    0.000   0.016   23.9    64   16.7   24.6   11.65   1.1811     350     1    100.0   15 
22/10/24  16:45   19.4   19.7   19.2    78   15.5    1.6    ESE   0.40   8.0     E   19.4   19.9   19.9  1025.9   0.00    0.0    0.000   0.011   23.7    64   16.5   24.4   11.65   1.1824     350     1    100.0   15 
22/10/24  17:00   19.0   19.2   18.8    79   15.3    3.2    ENE   0.80   8.0     E   19.0   19.5   19.5  1026.0   0.00    0.0    0.000   0.007   23.5    65   16.5   24.2   11.85   1.1835     351     1    100.0   15 
22/10/24  17:15   18.7   18.8   18.5    81   15.3    3.2    ENE   0.80   9.7     E   18.7   19.1   19.1  1026.2   0.00    0.0    0.000   0.003   23.3    65   16.4   24.0   11.85   1.1846     351     1    100.0   15 
22/10/24  17:30   18.4   18.5   18.2    82   15.3    1.6      E   0.40   8.0     E   18.4   18.8   18.8  1026.4   0.00    0.0    0.000   0.001   23.2    65   16.2   23.7   11.85   1.1857     352     1    100.0   15 
22/10/24  17:45   18.1   18.2   18.0    83   15.2    1.6      E   0.40   4.8     E   18.1   18.5   18.5  1026.7   0.00    0.0    0.002   0.000   23.0    65   16.1   23.5   11.85   1.1869     351     1    100.0   15 
22/10/24  18:00   18.0   18.0   17.9    84   15.3    1.6      E   0.40   3.2     E   18.0   18.4   18.4  1026.9   0.00    0.0    0.003   0.000   22.8    66   16.1   23.3   12.09   1.1877     351     1    100.0   15 
22/10/24  18:15   17.9   17.9   17.9    84   15.2    1.6      E   0.40   3.2     E   17.9   18.3   18.3  1027.2   0.00    0.0    0.004   0.000   22.8    66   16.1   23.2   12.09   1.1883     351     1    100.0   15 
22/10/24  18:30   17.9   17.9   17.9    84   15.2    1.6      E   0.40   4.8     E   17.9   18.3   18.3  1027.2   0.00    0.0    0.004   0.000   23.1    65   16.1   23.6   11.85   1.1872     349     1    100.0   15 
22/10/24  18:45   17.9   17.9   17.9    84   15.1    1.6      E   0.40   4.8     E   17.9   18.2   18.2  1027.3   0.00    0.0    0.005   0.000   23.4    65   16.4   24.1   11.85   1.1855     350     1    100.0   15 
22/10/24  19:00   17.8   17.9   17.8    84   15.1    1.6    ESE   0.40   3.2     E   17.8   18.2   18.2  1027.4   0.00    0.0    0.005   0.000   23.6    65   16.6   24.2   11.85   1.1848     351     1    100.0   15 
22/10/24  19:15   17.8   17.8   17.8    84   15.1    0.0    ENE   0.00   1.6    NE   17.8   18.2   18.2  1027.5   0.00    0.0    0.005   0.000   23.7    64   16.5   24.3   11.65   1.1846     350     1    100.0   15 
22/10/24  19:30   17.8   17.9   17.8    84   15.1    0.0    ---   0.00   0.0   ---   17.8   18.2   18.2  1027.3   0.00    0.0    0.005   0.000   23.7    64   16.5   24.4   11.65   1.1842     351     1    100.0   15 
22/10/24  19:45   17.7   17.8   17.6    85   15.2    0.0    ---   0.00   0.0   ---   17.7   18.1   18.1  1027.4   0.00    0.0    0.006   0.000   23.7    64   16.5   24.4   11.65   1.1842     352     1    100.0   15 
22/10/24  20:00   17.5   17.6   17.4    86   15.1    0.0    ENE   0.00   3.2   ENE   17.5   17.8   17.8  1027.5   0.00    0.0    0.009   0.000   23.6    65   16.6   24.3   11.85   1.1846     351     1    100.0   15 
22/10/24  20:15   17.4   17.4   17.3    86   15.0    0.0     NE   0.00   1.6   ENE   17.4   17.7   17.7  1027.6   0.00    0.0    0.010   0.000   23.5    65   16.5   24.2   11.85   1.1853     350     1    100.0   15 
22/10/24  20:30   17.3   17.3   17.3    86   15.0    0.0     NE   0.00   1.6    NE   17.3   17.7   17.7  1027.5   0.00    0.0    0.010   0.000   23.4    65   16.4   24.1   11.85   1.1858     350     1    100.0   15 
22/10/24  20:45   17.2   17.3   17.2    87   15.0    0.0     NE   0.00   3.2    NE   17.2   17.6   17.6  1027.5   0.00    0.0    0.012   0.000   23.3    65   16.4   24.0   11.85   1.1860     351     1    100.0   15 
22/10/24  21:00   17.1   17.2   17.0    87   14.9    1.6     NE   0.40   3.2    NE   17.1   17.4   17.4  1027.5   0.00    0.0    0.013   0.000   23.2    65   16.3   23.8   11.85   1.1867     351     1    100.0   15 
22/10/24  21:15   16.9   17.0   16.8    87   14.8    1.6     NE   0.40   4.8   NNO   16.9   17.2   17.2  1027.6   0.00    0.0    0.014   0.000   23.1    66   16.4   23.7   12.08   1.1870     351     1    100.0   15 
22/10/24  21:30   16.7   16.9   16.6    88   14.7    1.6     NO   0.40   4.8    NO   16.7   16.9   16.9  1027.7   0.00    0.0    0.017   0.000   23.1    66   16.4   23.6   12.08   1.1874     351     1    100.0   15 
22/10/24  21:45   16.5   16.6   16.4    88   14.5    1.6     NO   0.40   3.2    NO   16.5   16.7   16.7  1027.6   0.00    0.0    0.019   0.000   23.0    66   16.3   23.6   12.08   1.1877     351     1    100.0   15 
22/10/24  22:00   16.5   16.6   16.4    88   14.5    1.6     NO   0.40   4.8    NO   16.5   16.7   16.7  1027.6   0.00    0.0    0.019   0.000   22.9    66   16.3   23.4   12.08   1.1879     351     1    100.0   15 
22/10/24  22:15   16.4   16.6   16.1    88   14.4    3.2     NO   0.80   4.8    NO   16.4   16.6   16.6  1027.5   0.00    0.0    0.020   0.000   23.1    66   16.4   23.6   12.08   1.1873     349     1    100.0   15 
22/10/24  22:30   15.9   16.1   15.9    89   14.1    3.2     NO   0.80   4.8    NO   15.9   16.1   16.1  1027.6   0.00    0.0    0.025   0.000   23.1    66   16.4   23.6   12.08   1.1873     351     1    100.0   15 
22/10/24  22:45   16.0   16.1   15.9    89   14.2    1.6     NO   0.40   4.8    NO   16.0   16.2   16.2  1027.6   0.00    0.0    0.024   0.000   23.1    66   16.4   23.7   12.08   1.1871     351     1    100.0   15 
22/10/24  23:00   15.9   16.0   15.9    89   14.1    1.6     NO   0.40   4.8     N   15.9   16.1   16.1  1027.6   0.00    0.0    0.025   0.000   23.2    66   16.5   23.8   12.08   1.1868     351     1    100.0   15 
22/10/24  23:15   15.9   15.9   15.8    90   14.3    0.0      N   0.00   3.2     N   15.9   16.1   16.1  1027.6   0.00    0.0    0.025   0.000   23.2    66   16.5   23.8   12.08   1.1868     351     1    100.0   15 
22/10/24  23:30   16.0   16.1   15.9    89   14.2    1.6      N   0.40   3.2     N   16.0   16.2   16.2  1027.7   0.00    0.0    0.024   0.000   23.2    66   16.5   23.8   12.08   1.1868     348     1    100.0   15 
22/10/24  23:45   15.7   15.9   15.4    90   14.0    0.0      N   0.00   1.6     N   15.7   15.8   15.8  1027.6   0.00    0.0    0.028   0.000   23.1    67   16.6   23.7   12.28   1.1870     351     1    100.0   15 
23/10/24  00:00   15.3   15.4   15.3    91   13.9    0.0      N   0.00   3.2     N   15.3   15.5   15.5  1027.6   0.00    0.0    0.031   0.000   22.9    67   16.4   23.4   12.29   1.1879     351     1    100.0   15 
23/10/24   0:15   15.6   15.7   15.4    91   14.1    1.6      N   0.40   3.2     N   15.6   15.8   15.8  1027.7   0.00    0.0    0.028   0.000   22.8    67   16.3   23.3   12.29   1.1886     350     1    100.0   15 
23/10/24   0:30   15.7   15.7   15.7    90   14.0    0.0    ---   0.00   0.0   ---   15.7   15.8   15.8  1027.6   0.00    0.0    0.028   0.000   22.6    67   16.2   23.0   12.30   1.1894     351     1    100.0   15 
23/10/24   0:45   15.6   15.7   15.6    91   14.1    0.0      N   0.00   3.2     N   15.6   15.8   15.8  1027.6   0.00    0.0    0.028   0.000   22.5    67   16.1   22.9   12.30   1.1900     349     1    100.0   15 
23/10/24   1:00   15.6   15.7   15.4    91   14.1    0.0      N   0.00   1.6     N   15.6   15.7   15.7  1027.6   0.00    0.0    0.029   0.000   22.4    67   16.0   22.7   12.30   1.1906     350     1    100.0   15 
23/10/24   1:15   15.4   15.4   15.3    91   13.9    0.0      N   0.00   1.6     N   15.4   15.6   15.6  1027.7   0.00    0.0    0.031   0.000   22.3    67   15.9   22.6   12.31   1.1910     350     1    100.0   15 
23/10/24   1:30   15.2   15.3   15.2    91   13.8    0.0      N   0.00   1.6     N   15.2   15.4   15.4  1027.6   0.00    0.0    0.032   0.000   22.2    68   16.0   22.5   12.55   1.1912     351     1    100.0   15 
23/10/24   1:45   15.2   15.2   15.2    92   13.9    0.0      N   0.00   3.2     N   15.2   15.4   15.4  1027.5   0.00    0.0    0.032   0.000   22.2    68   16.0   22.4   12.55   1.1914     351     1    100.0   15 
23/10/24   2:00   15.3   15.3   15.2    92   14.0    0.0      N   0.00   1.6     N   15.3   15.4   15.4  1027.4   0.00    0.0    0.032   0.000   22.1    68   15.9   22.3   12.55   1.1918     351     1    100.0   15 
23/10/24   2:15   15.4   15.6   15.3    92   14.1    0.0    ---   0.00   0.0   ---   15.4   15.6   15.6  1027.2   0.00    0.0    0.031   0.000   22.0    68   15.8   22.2   12.55   1.1919     351     1    100.0   15 
23/10/24   2:30   15.4   15.6   15.3    91   13.9    0.0      N   0.00   1.6     N   15.4   15.6   15.6  1027.2   0.00    0.0    0.031   0.000   21.9    68   15.7   22.1   12.55   1.1924     349     1    100.0   15 
23/10/24   2:45   15.2   15.2   15.2    92   13.9    0.0      N   0.00   3.2     N   15.2   15.3   15.3  1027.0   0.00    0.0    0.033   0.000   21.8    68   15.7   22.0   12.55   1.1925     350     1    100.0   15 
23/10/24   3:00   15.2   15.2   15.2    92   13.9    0.0      N   0.00   1.6     N   15.2   15.4   15.4  1027.0   0.00    0.0    0.032   0.000   21.8    68   15.6   21.9   12.55   1.1928     351     1    100.0   15 
23/10/24   3:15   15.2   15.2   15.1    92   13.9    0.0      N   0.00   3.2     N   15.2   15.3   15.3  1027.0   0.00    0.0    0.033   0.000   21.7    68   15.5   21.8   12.55   1.1934     351     1    100.0   15 
23/10/24   3:30   15.2   15.2   15.1    92   13.9    0.0      N   0.00   1.6     N   15.2   15.3   15.3  1027.0   0.00    0.0    0.033   0.000   21.6    68   15.4   21.7   12.55   1.1937     350     1    100.0   15 
