                 Temp.  Temp.  Temp.  Hum.   Punt   Vel.   Dir.   Rec.  Vel.  Dir.  Sens.   Índ.   Índ.                  Int. Graus D.Graus D.  Temp.  Hum. Rosada  In.Cal.  EMC     Dens.    Mostr   Tx   Recep.  Int.
  Data    Hora    Ext.   Màx.   Mín.  Ext. Rosada   Vent   Vent   Vent  Màx.  Màx.  Tèrm.  Calor   THW    Bar    Pluja   Pluja  Calor    Fred    Int.  Int.   Int.   Int.    Int.  Int.Aire    Vent   Vent   ISS   Arc.
-------------------------------------------------------------------------------------------------------------------------------------------------------------------------------------------------------------------------
 1/12/25   0:15    7.0    7.0    6.9    84    4.5    0.0    ---   0.00   0.0   ---    7.0    6.9    6.9  1019.1   0.00    0.0    0.118   0.000   22.7    48   11.1   22.3    8.91   1.1852     350     1    100.0   15 
 1/12/25   0:30    6.9    7.0    6.8    84    4.4    0.0     NO   0.00   3.2    NO    6.9    6.8    6.8  1019.0   0.00    0.0    0.119   0.000   22.2    48   10.6   21.6    8.89   1.1875     351     1    100.0   15 
 1/12/25   0:45    6.7    6.8    6.6    84    4.2    0.0    ---   0.00   0.0   ---    6.7    6.7    6.7  1019.0   0.00    0.0    0.121   0.000   21.7    49   10.5   20.9    9.05   1.1895     351     1    100.0   15 
 1/12/25   1:00    6.3    6.6    6.2    86    4.2    0.0    ---   0.00   0.0   ---    6.3    6.3    6.3  1018.9   0.00    0.0    0.125   0.000   21.3    49   10.2   20.4    9.05   1.1913     351     1    100.0   15 
 1/12/25   1:15    6.3    6.3    6.2    86    4.1    0.0    ---   0.00   0.0   ---    6.3    6.2    6.2  1018.9   0.00    0.0    0.126   0.000   20.9    50   10.1   20.0    9.26   1.1932     351     1    100.0   15 
 1/12/25   1:30    6.3    6.6    6.2    86    4.2    0.0    ---   0.00   0.0   ---    6.3    6.3    6.3  1019.0   0.00    0.0    0.125   0.000   20.6    50    9.8   19.8    9.27   1.1949     352     1    100.0   15 
 1/12/25   1:45    6.7    6.8    6.5    86    4.5    0.0     NO   0.00   3.2    NO    6.7    6.6    6.6  1019.2   0.00    0.0    0.122   0.000   20.2    51    9.7   19.5    9.48   1.1968     351     1    100.0   15 
 1/12/25   2:00    6.7    6.8    6.6    85    4.3    0.0    NNE   0.00   1.6   NNE    6.7    6.6    6.6  1019.1   0.00    0.0    0.122   0.000   19.8    51    9.4   19.2    9.50   1.1984     350     1    100.0   15 
 1/12/25   2:15    6.6    6.6    6.5    86    4.4    0.0    ONO   0.00   3.2   ONO    6.6    6.5    6.5  1019.1   0.00    0.0    0.123   0.000   19.6    51    9.1   18.8    9.51   1.1997     351     1    100.0   15 
 1/12/25   2:30    6.4    6.5    6.4    86    4.3    0.0    ---   0.00   0.0   ---    6.4    6.4    6.4  1019.1   0.00    0.0    0.124   0.000   19.3    52    9.2   18.6    9.72   1.2008     352     1    100.0   15 
 1/12/25   2:45    6.3    6.4    6.2    86    4.1    0.0    ---   0.00   0.0   ---    6.3    6.2    6.2  1019.0   0.00    0.0    0.126   0.000   19.1    52    9.0   18.3    9.72   1.2018     351     1    100.0   15 
 1/12/25   3:00    6.1    6.2    6.0    86    3.9    0.0    ENE   0.00   3.2   NNE    6.1    6.0    6.0  1019.1   0.00    0.0    0.128   0.000   18.8    52    8.7   18.0    9.73   1.2034     351     1    100.0   15 
 1/12/25   3:15    6.0    6.0    5.9    87    4.0    0.0    ---   0.00   0.0   ---    6.0    5.9    5.9  1019.3   0.00    0.0    0.128   0.000   18.6    52    8.5   17.7    9.74   1.2046     351     1    100.0   15 
 1/12/25   3:30    6.0    6.1    5.9    87    4.0    0.0    ---   0.00   0.0   ---    6.0    5.9    5.9  1019.3   0.00    0.0    0.128   0.000   18.3    53    8.6   17.6    9.95   1.2055     350     1    100.0   15 
 1/12/25   3:45    6.1    6.2    6.1    86    3.9    0.0    ---   0.00   0.0   ---    6.1    6.1    6.1  1019.3   0.00    0.0    0.127   0.000   18.2    53    8.4   17.4    9.95   1.2064     352     1    100.0   15 
 1/12/25   4:00    5.9    6.1    5.6    86    3.7    0.0    ---   0.00   0.0   ---    5.9    5.8    5.8  1019.4   0.00    0.0    0.130   0.000   17.9    53    8.2   17.1    9.95   1.2075     350     1    100.0   15 
 1/12/25   4:15    5.8    6.0    5.5    88    3.9    0.0     NO   0.00   9.7   ONO    5.8    5.7    5.7  1019.5   0.00    0.0    0.131   0.000   17.8    53    8.1   16.9    9.95   1.2085     351     1    100.0   15 
 1/12/25   4:30    5.9    6.1    5.7    87    3.9    0.0    ---   0.00   0.0   ---    5.9    5.9    5.9  1019.7   0.00    0.0    0.129   0.000   17.6    53    7.9   16.7    9.95   1.2099     350     1    100.0   15 
 1/12/25   4:45    5.7    5.8    5.7    89    4.0    0.0     NO   0.00   1.6     O    5.7    5.7    5.7  1019.4   0.00    0.0    0.131   0.000   17.4    54    8.0   16.6   10.15   1.2098     352     1    100.0   15 
 1/12/25   5:00    5.7    5.8    5.7    89    4.0    0.0    ONO   0.00   1.6   ONO    5.7    5.7    5.7  1019.5   0.00    0.0    0.131   0.000   17.3    54    7.9   16.4   10.15   1.2108     350     1    100.0   15 
 1/12/25   5:15    5.7    5.8    5.5    89    4.0    0.0     NO   0.00   1.6   OSO    5.7    5.7    5.7  1019.5   0.00    0.0    0.131   0.000   17.1    54    7.7   16.3   10.15   1.2116     351     1    100.0   15 
 1/12/25   5:30    5.3    5.5    5.2    89    3.6    0.0     NO   0.00   1.6    NO    5.3    5.2    5.2  1019.6   0.00    0.0    0.136   0.000   17.2    54    7.8   16.4   10.15   1.2112     350     1    100.0   15 
 1/12/25   5:45    5.1    5.2    5.0    90    3.6    0.0      O   0.00   1.6   SSO    5.1    5.0    5.0  1019.5   0.00    0.0    0.138   0.000   17.7    53    8.0   16.8    9.95   1.2091     351     1    100.0   15 
 1/12/25   6:00    4.8    5.0    4.6    89    3.2    0.0      S   0.00   1.6     O    4.8    4.8    4.8  1019.8   0.00    0.0    0.141   0.000   18.3    52    8.2   17.4    9.75   1.2066     350     1    100.0   15 
 1/12/25   6:15    4.5    4.6    4.4    90    3.0    0.0    ESE   0.00   1.6   ESE    4.5    4.4    4.4  1019.8   0.00    0.0    0.144   0.000   18.9    51    8.5   18.1    9.53   1.2039     351     1    100.0   15 
 1/12/25   6:30    4.3    4.4    4.3    90    2.8    0.0    ESE   0.00   1.6   ESE    4.3    4.3    4.3  1020.0   0.00    0.0    0.146   0.000   19.4    50    8.7   18.7    9.31   1.2016     351     1    100.0   15 
 1/12/25   6:45    4.2    4.4    4.1    91    2.9    0.0    ESE   0.00   1.6   ESE    4.2    4.2    4.2  1020.0   0.00    0.0    0.147   0.000   19.8    49    8.8   19.1    9.10   1.2000     351     1    100.0   15 
 1/12/25   7:00    4.6    4.7    4.4    91    3.3    0.0     SO   0.00   1.6    SO    4.6    4.6    4.6  1020.1   0.00    0.0    0.143   0.000   20.1    49    9.1   19.3    9.09   1.1987     352     1    100.0   15 
 1/12/25   7:15    4.6    4.8    4.3    91    3.3    0.0    ONO   0.00   1.6    SO    4.6    4.6    4.6  1020.3   0.00    0.0    0.143   0.000   20.4    48    9.0   19.5    8.88   1.1978     351     1    100.0   15 
 1/12/25   7:30    4.5    4.6    4.3    91    3.2    0.0    ONO   0.00   1.6   ONO    4.5    4.4    4.4  1020.3   0.00    0.0    0.144   0.000   20.6    49    9.5   19.8    9.07   1.1965     351     1    100.0   15 
 1/12/25   7:45    4.7    4.9    4.6    91    3.4    0.0    ---   0.00   0.0   ---    4.7    4.7    4.7  1020.4   0.00    0.0    0.142   0.000   21.3    50   10.4   20.4    9.25   1.1930     348     1    100.0   15 
 1/12/25   8:00    5.2    5.4    4.9    91    3.8    0.0    ---   0.00   0.0   ---    5.2    5.2    5.2  1020.5   0.00    0.0    0.137   0.000   22.3    49   11.1   21.8    9.05   1.1882     352     1    100.0   15 
 1/12/25   8:15    5.8    6.1    5.4    90    4.3    0.0     NO   0.00   3.2    NO    5.8    5.8    5.8  1020.4   0.00    0.0    0.131   0.000   22.7    49   11.4   22.3    9.05   1.1865     351     1    100.0   15 
 1/12/25   8:30    6.2    6.3    6.1    89    4.5    0.0     NO   0.00   4.8    NO    6.2    6.2    6.2  1020.4   0.00    0.0    0.127   0.000   22.9    48   11.3   22.6    8.91   1.1857     351     1    100.0   15 
 1/12/25   8:45    6.4    6.7    6.3    88    4.6    1.6      O   0.40   6.4     O    6.4    6.4    6.4  1020.4   0.00    0.0    0.124   0.000   23.2    48   11.5   22.9    8.92   1.1842     350     1    100.0   15 
 1/12/25   9:00    6.9    7.0    6.7    87    4.9    1.6     NO   0.40   9.7     O    6.9    6.9    6.9  1020.4   0.00    0.0    0.119   0.000   23.3    48   11.7   23.1    8.93   1.1834     351     1    100.0   15 
 1/12/25   9:15    7.2    7.4    7.0    86    5.0    3.2     NO   0.80   8.0   OSO    7.2    7.2    7.2  1020.4   0.00    0.0    0.116   0.000   23.4    48   11.8   23.3    8.93   1.1829     352     1    100.0   15 
 1/12/25   9:30    7.7    7.8    7.4    84    5.1    1.6    NNO   0.40   6.4     O    7.7    7.6    7.6  1020.5   0.00    0.0    0.111   0.000   23.6    48   11.9   23.4    8.94   1.1824     350     1    100.0   15 
 1/12/25   9:45    7.9    8.1    7.8    83    5.2    3.2     NO   0.80   9.7   NNO    7.9    7.8    7.8  1020.5   0.00    0.0    0.109   0.000   23.6    48   12.0   23.5    8.94   1.1821     351     1    100.0   15 
 1/12/25  10:00    8.4    8.6    8.1    80    5.1    3.2     NO   0.80   8.0    NO    8.4    8.3    8.3  1020.3   0.00    0.0    0.104   0.000   23.7    48   12.1   23.6    8.94   1.1813     351     1    100.0   15 
 1/12/25  10:15    8.7    8.9    8.6    79    5.3    3.2     NO   0.80   8.0     O    8.7    8.6    8.6  1020.2   0.00    0.0    0.100   0.000   23.6    45   10.9   23.3    8.45   1.1831     351     1    100.0   15 
 1/12/25  10:30    9.1    9.2    8.9    77    5.2    3.2     NO   0.80   9.7   ONO    9.1    8.9    8.9  1020.0   0.00    0.0    0.097   0.000   23.5    46   11.2   23.3    8.56   1.1828     350     1    100.0   15 
 1/12/25  10:45    9.4    9.5    9.2    76    5.4    3.2    OSO   0.80  11.3   OSO    9.4    9.2    9.2  1019.7   0.00    0.0    0.093   0.000   23.7    46   11.4   23.5    8.56   1.1817     349     1    100.0   15 
 1/12/25  11:00    9.6    9.8    9.4    75    5.4    3.2    OSO   0.80   9.7    SO    9.6    9.4    9.4  1019.4   0.00    0.0    0.091   0.000   23.8    46   11.5   23.6    8.55   1.1808     351     1    100.0   15 
 1/12/25  11:15    9.9    9.9    9.8    74    5.5    3.2     SO   0.80  12.9    SO    9.9    9.7    9.7  1019.2   0.00    0.0    0.088   0.000   23.8    46   11.5   23.6    8.55   1.1805     351     1    100.0   15 
 1/12/25  11:30   10.3   10.8    9.9    71    5.3    3.2    NNO   0.80   9.7    NO   10.3   10.1   10.1  1018.9   0.00    0.0    0.083   0.000   23.7    46   11.4   23.5    8.56   1.1808     351     1    100.0   15 
 1/12/25  11:45   11.2   11.4   10.8    68    5.5    3.2    NNO   0.80  12.9     N   11.2   10.8   10.8  1018.7   0.00    0.0    0.074   0.000   23.6    46   11.3   23.4    8.56   1.1807     351     1    100.0   15 
 1/12/25  12:00   11.1   11.3   11.0    69    5.6    6.4     NO   1.61  24.1   NNO   10.7   10.8   10.3  1018.5   0.00    0.0    0.075   0.000   23.6    46   11.3   23.3    8.56   1.1807     350     1    100.0   15 
 1/12/25  12:15   11.1   11.4   10.9    68    5.4    8.0     NO   2.01  16.1   NNO   10.3   10.7    9.9  1018.1   0.00    0.0    0.075   0.000   23.4    47   11.5   23.2    8.75   1.1805     350     1    100.0   15 
 1/12/25  12:30   11.5   11.6   11.4    68    5.8    6.4     NO   1.61  16.1     O   11.1   11.1   10.7  1018.1   0.00    0.0    0.071   0.000   23.3    47   11.4   23.1    8.75   1.1810     351     1    100.0   15 
 1/12/25  12:45   11.6   11.7   11.5    67    5.7    6.4     NO   1.61  16.1    SO   11.2   11.2   10.8  1017.9   0.00    0.0    0.070   0.000   23.3    48   11.7   23.1    8.93   1.1804     351     1    100.0   15 
 1/12/25  13:00   11.9   12.2   11.6    66    5.7    4.8     NO   1.21  11.3    NO   11.9   11.4   11.4  1017.8   0.00    0.0    0.067   0.000   23.3    48   11.7   23.1    8.93   1.1804     350     1    100.0   15 
 1/12/25  13:15   12.3   12.4   12.2    65    5.9    4.8     NO   1.21  12.9     N   12.3   11.7   11.7  1017.7   0.00    0.0    0.063   0.000   23.2    48   11.6   22.9    8.93   1.1808     351     1    100.0   15 
 1/12/25  13:30   12.4   12.6   12.3    65    6.0    4.8     NO   1.21  11.3   ONO   12.4   11.9   11.9  1017.5   0.00    0.0    0.061   0.000   23.1    48   11.5   22.8    8.92   1.1811     352     1    100.0   15 
 1/12/25  13:45   12.7   13.0   12.5    63    5.9    4.8     NO   1.21  12.9    NO   12.7   12.1   12.1  1017.3   0.00    0.0    0.058   0.000   23.0    45   10.4   22.6    8.45   1.1825     351     1    100.0   15 
 1/12/25  14:00   13.1   13.2   13.0    63    6.2    3.2     NO   0.80   9.7    NO   13.1   12.5   12.5  1017.1   0.00    0.0    0.054   0.000   22.8    46   10.6   22.3    8.59   1.1830     351     1    100.0   15 
 1/12/25  14:15   12.9   13.3   12.7    63    6.1    3.2     NO   0.80  12.9   OSO   12.9   12.3   12.3  1017.0   0.00    0.0    0.056   0.000   22.8    46   10.6   22.4    8.59   1.1826     351     1    100.0   15 
 1/12/25  14:30   12.9   13.1   12.6    62    5.8    4.8    NNO   1.21   9.7    SO   12.9   12.2   12.2  1017.0   0.00    0.0    0.057   0.000   22.7    45   10.2   22.2    8.45   1.1834     351     1    100.0   15 
 1/12/25  14:45   12.7   12.8   12.6    61    5.3    4.8    NNO   1.21   9.7    NO   12.7   12.0   12.0  1017.0   0.00    0.0    0.059   0.000   22.5    45   10.0   21.8    8.45   1.1846     351     1    100.0   15 
 1/12/25  15:00   12.8   12.9   12.7    60    5.3    4.8     NO   1.21   9.7    NO   12.8   12.1   12.1  1016.9   0.00    0.0    0.057   0.000   22.3    47   10.4   21.6    8.75   1.1849     350     1    100.0   15 
 1/12/25  15:15   12.5   12.7   12.1    61    5.2    3.2    NNO   0.80   8.0   NNO   12.5   11.8   11.8  1016.9   0.00    0.0    0.061   0.000   22.1    48   10.6   21.4    8.89   1.1854     350     1    100.0   15 
 1/12/25  15:30   11.8   12.2   11.6    62    4.8    1.6     NO   0.40   8.0     O   11.8   11.3   11.3  1017.0   0.00    0.0    0.068   0.000   22.2    48   10.6   21.6    8.89   1.1852     350     1    100.0   15 
 1/12/25  15:45   11.7   11.7   11.4    63    4.9    3.2     NO   0.80   6.4    NO   11.7   11.1   11.1  1016.9   0.00    0.0    0.069   0.000   22.5    47   10.6   21.9    8.75   1.1838     351     1    100.0   15 
 1/12/25  16:00   11.2   11.4   10.9    64    4.6    3.2     NO   0.80   8.0   NNO   11.2   10.7   10.7  1016.9   0.00    0.0    0.075   0.000   22.9    47   11.0   22.6    8.75   1.1816     351     1    100.0   15 
 1/12/25  16:15   10.6   10.9   10.1    66    4.5    0.0    ONO   0.00   4.8   ONO   10.6   10.2   10.2  1017.0   0.00    0.0    0.081   0.000   23.2    46   10.9   22.8    8.58   1.1809     349     1    100.0   15 
 1/12/25  16:30    9.8   10.1    9.6    67    3.9    0.0    ONO   0.00   3.2   ONO    9.8    9.5    9.5  1017.0   0.00    0.0    0.089   0.000   23.3    46   11.1   23.1    8.57   1.1801     351     1    100.0   15 
 1/12/25  16:45    9.3    9.6    8.8    68    3.7    0.0    ONO   0.00   3.2   ONO    9.3    9.0    9.0  1017.1   0.00    0.0    0.094   0.000   23.4    46   11.2   23.2    8.57   1.1797     352     1    100.0   15 
 1/12/25  17:00    8.4    8.8    8.2    72    3.6    0.0      E   0.00   4.8     E    8.4    8.2    8.2  1017.1   0.00    0.0    0.104   0.000   23.6    46   11.3   23.3    8.56   1.1792     351     1    100.0   15 
 1/12/25  17:15    8.1    8.2    7.8    72    3.3    0.0      N   0.00   1.6     N    8.1    7.8    7.8  1017.4   0.00    0.0    0.107   0.000   23.6    46   11.3   23.3    8.56   1.1795     350     1    100.0   15 
 1/12/25  17:30    7.7    7.8    7.7    72    3.0    1.6      O   0.40   3.2     N    7.7    7.4    7.4  1017.5   0.00    0.0    0.111   0.000   23.6    46   11.3   23.4    8.56   1.1793     350     1    100.0   15 
 1/12/25  17:45    7.6    7.7    7.6    72    2.9    0.0      O   0.00   3.2     O    7.6    7.3    7.3  1017.4   0.00    0.0    0.112   0.000   23.6    44   10.6   23.3    8.26   1.1799     350     1    100.0   15 
 1/12/25  18:00    7.7    7.7    7.7    71    2.8    0.0      O   0.00   3.2     O    7.7    7.4    7.4  1017.4   0.00    0.0    0.111   0.000   23.6    44   10.6   23.2    8.26   1.1802     352     1    100.0   15 
 1/12/25  18:15    7.6    7.7    7.4    72    2.8    1.6     NO   0.40   4.8     O    7.6    7.3    7.3  1017.4   0.00    0.0    0.112   0.000   23.6    45   11.0   23.4    8.45   1.1796     350     1    100.0   15 
 1/12/25  18:30    7.2    7.4    7.0    73    2.7    1.6     NO   0.40   3.2    NO    7.2    7.0    7.0  1017.3   0.00    0.0    0.116   0.000   23.7    45   11.0   23.4    8.45   1.1792     351     1    100.0   15 
 1/12/25  18:45    6.8    7.0    6.7    74    2.5    0.0     NO   0.00   3.2    NO    6.8    6.6    6.6  1017.4   0.00    0.0    0.120   0.000   23.7    45   11.1   23.5    8.45   1.1791     350     1    100.0   15 
 1/12/25  19:00    6.8    6.9    6.7    72    2.1    1.6     NO   0.40   3.2    NO    6.8    6.6    6.6  1017.5   0.00    0.0    0.120   0.000   23.8    45   11.1   23.6    8.45   1.1788     351     1    100.0   15 
 1/12/25  19:15    6.8    6.8    6.7    72    2.1    3.2     NO   0.80   6.4    NO    6.8    6.5    6.5  1017.3   0.00    0.0    0.120   0.000   23.8    45   11.2   23.7    8.45   1.1784     350     1    100.0   15 
 1/12/25  19:30    6.4    6.7    6.2    74    2.1    0.0     NO   0.00   4.8    NO    6.4    6.2    6.2  1017.4   0.00    0.0    0.124   0.000   23.9    46   11.6   23.8    8.55   1.1776     351     1    100.0   15 
 1/12/25  19:45    6.2    6.2    6.1    75    2.1    1.6     NO   0.40   3.2    NO    6.2    5.9    5.9  1017.3   0.00    0.0    0.127   0.000   24.2    46   11.8   24.0    8.54   1.1764     351     1    100.0   15 
 1/12/25  20:00    5.8    6.1    5.7    76    1.9    0.0     NO   0.00   1.6    NO    5.8    5.6    5.6  1017.2   0.00    0.0    0.130   0.000   24.4    46   12.0   24.2    8.53   1.1752     350     1    100.0   15 
 1/12/25  20:15    5.7    5.7    5.7    77    1.9    1.6     NO   0.40   3.2    NO    5.7    5.4    5.4  1017.1   0.00    0.0    0.132   0.000   24.4    46   12.1   24.3    8.53   1.1748     352     1    100.0   15 
 1/12/25  20:30    6.0    6.2    5.7    75    1.9    1.6     NO   0.40   3.2    NO    6.0    5.8    5.8  1017.2   0.00    0.0    0.128   0.000   24.4    46   12.0   24.2    8.53   1.1752     349     1    100.0   15 
 1/12/25  20:45    6.4    6.7    6.2    73    2.0    3.2     NO   0.80   4.8   ONO    6.4    6.2    6.2  1017.0   0.00    0.0    0.124   0.000   24.3    45   11.6   24.1    8.44   1.1759     350     1    100.0   15 
 1/12/25  21:00    6.4    6.7    6.0    74    2.1    1.6     NO   0.40   6.4    NO    6.4    6.2    6.2  1017.1   0.00    0.0    0.124   0.000   24.2    44   11.1   23.9    8.24   1.1768     351     1    100.0   15 
 1/12/25  21:15    5.6    6.0    5.4    76    1.7    4.8     NO   1.21   8.0    NO    4.8    5.4    4.6  1017.0   0.00    0.0    0.133   0.000   24.0    45   11.3   23.8    8.45   1.1772     351     1    100.0   15 
 1/12/25  21:30    5.7    5.8    5.5    75    1.6    0.0     NO   0.00   4.8    NO    5.7    5.5    5.5  1017.0   0.00    0.0    0.131   0.000   23.9    45   11.3   23.8    8.45   1.1775     351     1    100.0   15 
 1/12/25  21:45    5.3    5.5    5.3    77    1.6    0.0     NO   0.00   4.8    NO    5.3    5.1    5.1  1016.9   0.00    0.0    0.135   0.000   23.9    45   11.3   23.8    8.45   1.1773     351     1    100.0   15 
 1/12/25  22:00    5.3    5.4    5.2    78    1.8    0.0     NO   0.00   3.2    NO    5.3    5.1    5.1  1016.7   0.00    0.0    0.136   0.000   24.1    45   11.4   23.9    8.44   1.1765     351     1    100.0   15 
 1/12/25  22:15    5.0    5.2    4.8    79    1.7    0.0     NO   0.00   1.6    NO    5.0    4.8    4.8  1016.6   0.00    0.0    0.139   0.000   23.9    45   11.3   23.8    8.45   1.1770     351     1    100.0   15 
 1/12/25  22:30    4.6    4.8    4.5    81    1.6    0.0     NO   0.00   3.2    NO    4.6    4.4    4.4  1016.5   0.00    0.0    0.143   0.000   23.9    45   11.2   23.7    8.45   1.1771     352     1    100.0   15 
 1/12/25  22:45    4.7    4.9    4.5    82    1.9    0.0     NO   0.00   1.6    NO    4.7    4.6    4.6  1016.4   0.00    0.0    0.142   0.000   23.8    45   11.2   23.7    8.45   1.1773     351     1    100.0   15 
 1/12/25  23:00    5.1    5.2    4.9    80    1.9    0.0      S   0.00   3.2     S    5.1    4.9    4.9  1016.4   0.00    0.0    0.138   0.000   23.8    45   11.2   23.7    8.45   1.1773     351     1    100.0   15 
 1/12/25  23:15    5.1    5.2    5.1    81    2.1    0.0      S   0.00   1.6     S    5.1    4.9    4.9  1016.3   0.00    0.0    0.138   0.000   23.8    45   11.1   23.6    8.45   1.1774     351     1    100.0   15 
 1/12/25  23:30    5.1    5.1    5.1    81    2.1    3.2     NO   0.80   4.8    SO    5.0    4.9    4.8  1016.2   0.00    0.0    0.138   0.000   23.7    45   11.1   23.5    8.45   1.1776     352     1    100.0   15 
 1/12/25  23:45    5.2    5.3    5.1    81    2.2    3.2     NO   0.80   6.4    NO    5.2    5.1    5.0  1016.0   0.00    0.0    0.137   0.000   23.3    46   11.0   22.9    8.57   1.1792     351     1    100.0   15 
 2/12/25  00:00    5.3    5.4    5.3    81    2.3    1.6     NO   0.40   4.8    NO    5.3    5.2    5.2  1016.0   0.00    0.0    0.135   0.000   22.8    46   10.6   22.3    8.59   1.1816     351     1    100.0   15 
 2/12/25   0:15    5.3    5.4    5.3    82    2.5    0.0     NO   0.00   3.2    NO    5.3    5.2    5.2  1015.7   0.00    0.0    0.135   0.000   22.3    47   10.4   21.6    8.75   1.1834     348     1    100.0   15 
 2/12/25   0:30    5.2    5.3    5.1    82    2.3    0.0     NO   0.00   3.2    NO    5.2    5.0    5.0  1015.5   0.00    0.0    0.137   0.000   21.8    47   10.0   21.0    8.75   1.1854     351     1    100.0   15 
 2/12/25   0:45    4.9    5.1    4.8    82    2.1    0.0     NO   0.00   1.6    NO    4.9    4.8    4.8  1015.4   0.00    0.0    0.139   0.000   21.4    48   10.0   20.5    8.86   1.1869     351     1    100.0   15 
 2/12/25   1:00    4.9    4.9    4.8    83    2.2    0.0     NO   0.00   1.6    NO    4.9    4.8    4.8  1015.2   0.00    0.0    0.140   0.000   21.1    48    9.6   20.0    8.85   1.1886     352     1    100.0   15 
 2/12/25   1:15    4.8    4.8    4.8    83    2.2    0.0    ---   0.00   0.0   ---    4.8    4.7    4.7  1015.1   0.00    0.0    0.141   0.000   20.7    49    9.6   19.8    9.07   1.1901     350     1    100.0   15 
 2/12/25   1:30    4.7    4.8    4.7    84    2.2    0.0     NO   0.00   1.6    NO    4.7    4.6    4.6  1015.0   0.00    0.0    0.142   0.000   20.3    49    9.2   19.5    9.08   1.1919     351     1    100.0   15 
 2/12/25   1:45    4.9    5.1    4.8    83    2.2    0.0     NO   0.00   3.2    NO    4.9    4.8    4.8  1014.9   0.00    0.0    0.140   0.000   19.9    50    9.2   19.2    9.29   1.1931     351     1    100.0   15 
 2/12/25   2:00    5.1    5.1    5.0    82    2.3    0.0    ---   0.00   0.0   ---    5.1    4.9    4.9  1014.7   0.00    0.0    0.138   0.000   19.6    50    8.9   18.8    9.30   1.1945     352     1    100.0   15 
 2/12/25   2:15    5.1    5.1    4.9    82    2.2    0.0     NO   0.00   3.2    NO    5.1    4.9    4.9  1014.6   0.00    0.0    0.138   0.000   19.3    50    8.6   18.6    9.31   1.1958     350     1    100.0   15 
 2/12/25   2:30    4.8    4.9    4.7    83    2.1    0.0     NO   0.00   1.6    NO    4.8    4.7    4.7  1014.3   0.00    0.0    0.141   0.000   19.1    51    8.7   18.3    9.52   1.1962     351     1    100.0   15 
 2/12/25   2:45    4.7    4.8    4.7    84    2.2    0.0     NO   0.00   3.2    NO    4.7    4.6    4.6  1014.2   0.00    0.0    0.142   0.000   18.8    51    8.5   18.0    9.53   1.1975     351     1    100.0   15 
 2/12/25   3:00    4.8    4.9    4.7    84    2.3    0.0     NO   0.00   3.2    NO    4.8    4.7    4.7  1014.0   0.00    0.0    0.141   0.000   18.6    52    8.6   17.8    9.74   1.1980     350     1    100.0   15 
 2/12/25   3:15    5.0    5.1    4.8    85    2.7    0.0     NO   0.00   3.2    NO    5.0    4.9    4.9  1013.8   0.00    0.0    0.139   0.000   18.4    52    8.4   17.6    9.75   1.1989     351     1    100.0   15 
 2/12/25   3:30    5.2    5.2    5.1    85    2.9    0.0     NO   0.00   3.2    NO    5.2    5.1    5.1  1013.7   0.00    0.0    0.137   0.000   18.2    52    8.1   17.3    9.75   1.1999     351     1    100.0   15 
 2/12/25   3:45    5.1    5.1    5.1    85    2.7    0.0     NO   0.00   1.6    NO    5.1    4.9    4.9  1013.5   0.00    0.0    0.138   0.000   18.0    52    8.0   17.1    9.75   1.2005     351     1    100.0   15 
