                 Temp.  Temp.  Temp.  Hum.   Punt   Vel.   Dir.   Rec.  Vel.  Dir.  Sens.   Índ.   Índ.                  Int. Graus D.Graus D.  Temp.  Hum. Rosada  In.Cal.  EMC     Dens.    Mostr   Tx   Recep.  Int.
  Data    Hora    Ext.   Màx.   Mín.  Ext. Rosada   Vent   Vent   Vent  Màx.  Màx.  Tèrm.  Calor   THW    Bar    Pluja   Pluja  Calor    Fred    Int.  Int.   Int.   Int.    Int.  Int.Aire    Vent   Vent   ISS   Arc.
-------------------------------------------------------------------------------------------------------------------------------------------------------------------------------------------------------------------------
10/12/25   0:15    9.1    9.2    8.9    80    5.8    0.0    ESE   0.00   3.2   ESE    9.1    9.0    9.0  1019.6   0.00    0.0    0.097   0.000   22.6    53   12.5   22.4    9.74   1.1844     348     1    100.0   15 
10/12/25   0:30    9.0    9.1    8.9    83    6.3    1.6    ENE   0.40   6.4    NE    9.0    9.0    9.0  1019.7   0.00    0.0    0.097   0.000   22.2    53   12.2   21.8    9.77   1.1866     351     1    100.0   15 
10/12/25   0:45    9.0    9.1    8.9    85    6.6    1.6    ENE   0.40   4.8   ENE    9.0    9.0    9.0  1019.6   0.00    0.0    0.097   0.000   21.8    54   12.1   21.3    9.92   1.1881     351     1    100.0   15 
10/12/25   1:00    8.8    8.9    8.7    86    6.6    0.0    ENE   0.00   3.2   ENE    8.8    8.8    8.8  1019.6   0.00    0.0    0.100   0.000   21.4    54   11.7   20.7    9.94   1.1904     350     1    100.0   15 
10/12/25   1:15    8.7    8.7    8.6    86    6.5    0.0    ENE   0.00   3.2   ENE    8.7    8.7    8.7  1019.7   0.00    0.0    0.101   0.000   21.1    55   11.7   20.3   10.15   1.1918     351     1    100.0   15 
10/12/25   1:30    8.8    9.0    8.6    83    6.1    0.0    ENE   0.00   3.2   ENE    8.8    8.8    8.8  1019.5   0.00    0.0    0.099   0.000   20.8    55   11.4   20.2   10.16   1.1930     351     1    100.0   15 
10/12/25   1:45    9.1    9.1    9.0    82    6.1    0.0    ENE   0.00   3.2   ENE    9.1    9.1    9.1  1019.6   0.00    0.0    0.097   0.000   20.6    55   11.2   20.0   10.17   1.1942     351     1    100.0   15 
10/12/25   2:00    8.9    9.0    8.7    82    6.0    0.0    ENE   0.00   3.2   ENE    8.9    8.8    8.8  1019.7   0.00    0.0    0.098   0.000   20.3    56   11.3   19.9   10.38   1.1952     351     1    100.0   15 
10/12/25   2:15    8.6    8.7    8.6    84    6.1    0.0    ENE   0.00   1.6   ENE    8.6    8.6    8.6  1019.6   0.00    0.0    0.101   0.000   20.1    56   11.1   19.7   10.39   1.1962     351     1    100.0   15 
10/12/25   2:30    8.4    8.6    8.3    84    5.8    0.0    ENE   0.00   1.6   ENE    8.4    8.4    8.4  1019.7   0.00    0.0    0.104   0.000   19.9    56   10.8   19.5   10.39   1.1974     351     1    100.0   15 
10/12/25   2:45    8.2    8.3    8.1    86    6.0    0.0    ENE   0.00   1.6   ENE    8.2    8.2    8.2  1019.6   0.00    0.0    0.106   0.000   19.7    56   10.7   19.3   10.40   1.1981     351     1    100.0   15 
10/12/25   3:00    8.1    8.1    8.0    87    6.0    1.6    ENE   0.40   4.8   ENE    8.1    8.1    8.1  1019.5   0.00    0.0    0.107   0.000   19.5    57   10.8   19.1   10.61   1.1988     351     1    100.0   15 
10/12/25   3:15    8.1    8.1    8.0    87    6.0    3.2      E   0.80   4.8     E    8.1    8.1    8.1  1019.4   0.00    0.0    0.107   0.000   19.3    57   10.6   18.9   10.61   1.1996     350     1    100.0   15 
10/12/25   3:30    8.2    8.3    8.1    86    6.0    3.2      E   0.80   8.0     E    8.2    8.2    8.2  1019.3   0.00    0.0    0.106   0.000   19.2    57   10.4   18.7   10.62   1.2003     352     1    100.0   15 
10/12/25   3:45    8.3    8.3    8.2    85    5.9    1.6    ENE   0.40   4.8     E    8.3    8.3    8.3  1019.4   0.00    0.0    0.105   0.000   18.9    57   10.2   18.4   10.63   1.2015     351     1    100.0   15 
10/12/25   4:00    8.2    8.2    8.1    85    5.8    3.2    ENE   0.80   4.8   ENE    8.2    8.2    8.2  1019.4   0.00    0.0    0.106   0.000   18.8    57   10.1   18.2   10.63   1.2024     350     1    100.0   15 
10/12/25   4:15    8.1    8.1    8.1    86    5.9    1.6    ENE   0.40   4.8   ENE    8.1    8.1    8.1  1019.3   0.00    0.0    0.106   0.000   18.6    58   10.2   18.1   10.75   1.2029     351     1    100.0   15 
10/12/25   4:30    8.2    8.2    8.1    86    6.0    1.6    ENE   0.40   3.2   ENE    8.2    8.2    8.2  1019.5   0.00    0.0    0.106   0.000   18.5    58   10.1   18.0   10.75   1.2036     351     1    100.0   15 
10/12/25   4:45    8.2    8.2    8.2    86    6.0    1.6    ENE   0.40   3.2   ENE    8.2    8.2    8.2  1019.5   0.00    0.0    0.106   0.000   18.3    58    9.9   17.8   10.75   1.2045     352     1    100.0   15 
10/12/25   5:00    8.3    8.3    8.2    86    6.1    1.6    ENE   0.40   3.2   ENE    8.3    8.3    8.3  1019.6   0.00    0.0    0.105   0.000   18.2    58    9.8   17.7   10.75   1.2052     350     1    100.0   15 
10/12/25   5:15    8.2    8.3    7.9    85    5.8    0.0    ENE   0.00   3.2   ENE    8.2    8.2    8.2  1019.7   0.00    0.0    0.106   0.000   18.1    58    9.7   17.6   10.75   1.2059     351     1    100.0   15 
10/12/25   5:30    7.6    7.9    7.5    87    5.6    1.6    ENE   0.40   3.2   ENE    7.6    7.6    7.6  1019.7   0.00    0.0    0.112   0.000   18.1    58    9.7   17.6   10.75   1.2059     351     1    100.0   15 
10/12/25   5:45    7.6    7.7    7.6    87    5.6    1.6    NNO   0.40   4.8   ENE    7.6    7.6    7.6  1019.9   0.00    0.0    0.112   0.000   18.5    57    9.8   17.9   10.64   1.2044     351     1    100.0   15 
10/12/25   6:00    7.7    7.8    7.6    86    5.5    1.6      N   0.40   3.2    NO    7.7    7.7    7.7  1020.1   0.00    0.0    0.111   0.000   19.1    56   10.1   18.6   10.42   1.2018     350     1    100.0   15 
10/12/25   6:15    8.0    8.1    7.8    85    5.6    3.2    NNO   0.80   4.8   NNO    8.0    8.0    8.0  1020.1   0.00    0.0    0.108   0.000   19.8    55   10.5   19.3   10.20   1.1987     350     1    100.0   15 
10/12/25   6:30    8.1    8.2    8.0    84    5.6    0.0     NO   0.00   3.2    NO    8.1    8.1    8.1  1020.2   0.00    0.0    0.106   0.000   20.3    55   10.9   19.8   10.18   1.1963     351     1    100.0   15 
10/12/25   6:45    7.6    8.0    7.2    84    5.1    0.0     NO   0.00   3.2    NO    7.6    7.6    7.6  1020.3   0.00    0.0    0.112   0.000   20.6    54   11.0   20.0    9.99   1.1950     351     1    100.0   15 
10/12/25   7:00    7.1    7.2    6.9    86    4.9    0.0     NO   0.00   1.6    NO    7.1    7.0    7.0  1020.4   0.00    0.0    0.117   0.000   20.8    54   11.2   20.2    9.97   1.1940     351     1    100.0   15 
10/12/25   7:15    7.1    7.3    6.8    87    5.0    0.0     NO   0.00   3.2    NO    7.1    7.1    7.1  1020.7   0.00    0.0    0.117   0.000   21.1    54   11.4   20.3    9.95   1.1930     351     1    100.0   15 
10/12/25   7:30    7.1    7.4    6.9    87    5.1    0.0     NO   0.00   3.2    NO    7.1    7.1    7.1  1020.7   0.00    0.0    0.117   0.000   21.8    53   11.8   21.2    9.80   1.1900     350     1    100.0   15 
10/12/25   7:45    7.1    7.3    6.9    88    5.2    0.0     NO   0.00   3.2    NO    7.1    7.1    7.1  1020.8   0.00    0.0    0.117   0.000   22.7    54   12.9   22.7    9.89   1.1850     351     1    100.0   15 
10/12/25   8:00    7.4    7.4    7.3    87    5.4    0.0     NO   0.00   3.2    NO    7.4    7.4    7.4  1020.9   0.00    0.0    0.114   0.000   23.2    53   13.1   23.2    9.70   1.1829     352     1    100.0   15 
10/12/25   8:15    7.6    7.8    7.4    86    5.4    0.0     NO   0.00   1.6    NO    7.6    7.6    7.6  1021.0   0.00    0.0    0.112   0.000   23.4    53   13.3   23.5    9.68   1.1819     351     1    100.0   15 
10/12/25   8:30    8.0    8.3    7.8    84    5.5    0.0    ---   0.00   0.0   ---    8.0    8.0    8.0  1021.2   0.00    0.0    0.108   0.000   23.4    53   13.3   23.5    9.68   1.1821     351     1    100.0   15 
10/12/25   8:45    9.0    9.6    8.3    81    5.9    0.0     NO   0.00   3.2    NO    9.0    8.9    8.9  1021.3   0.00    0.0    0.097   0.000   23.6    48   11.9   23.4    8.94   1.1834     351     1    100.0   15 
10/12/25   9:00    9.8    9.9    9.6    80    6.5    1.6    ENE   0.40   4.8   NNO    9.8    9.8    9.8  1021.4   0.00    0.0    0.089   0.000   23.2    49   11.9   22.9    9.05   1.1851     351     1    100.0   15 
10/12/25   9:15   10.1   10.3    9.9    80    6.8    0.0    ENE   0.00   3.2   ENE   10.1   10.1   10.1  1021.5   0.00    0.0    0.086   0.000   23.2    50   12.2   23.1    9.25   1.1846     352     1    100.0   15 
10/12/25   9:30   10.7   11.0   10.3    78    7.0    0.0    ENE   0.00   3.2   ENE   10.7   10.6   10.6  1021.5   0.00    0.0    0.080   0.000   23.5    51   12.8   23.4    9.36   1.1829     351     1    100.0   15 
10/12/25   9:45   11.3   11.6   11.0    77    7.4    0.0    ENE   0.00   3.2   ENE   11.3   11.1   11.1  1021.6   0.00    0.0    0.073   0.000   23.8    51   13.1   23.9    9.35   1.1813     350     1    100.0   15 
10/12/25  10:00   12.1   12.4   11.6    75    7.8    1.6    ENE   0.40   8.0     E   12.1   11.8   11.8  1021.5   0.00    0.0    0.065   0.000   24.1    50   13.0   24.1    9.24   1.1805     351     1    100.0   15 
10/12/25  10:15   12.5   12.9   12.3    74    8.0    1.6    ESE   0.40   8.0     E   12.5   12.2   12.2  1021.6   0.00    0.0    0.061   0.000   24.1    50   13.0   24.2    9.24   1.1803     350     1    100.0   15 
10/12/25  10:30   12.8   12.9   12.7    73    8.1    1.6     SO   0.40   4.8   SSE   12.8   12.5   12.5  1021.6   0.00    0.0    0.057   0.000   24.1    51   13.3   24.2    9.35   1.1799     351     1    100.0   15 
10/12/25  10:45   13.1   13.4   12.8    72    8.2    1.6     SO   0.40   4.8    SO   13.1   12.7   12.7  1021.4   0.00    0.0    0.054   0.000   24.0    51   13.2   24.1    9.35   1.1803     351     1    100.0   15 
10/12/25  11:00   13.7   14.2   13.4    70    8.3    1.6      O   0.40   6.4   ONO   13.7   13.3   13.3  1021.3   0.00    0.0    0.048   0.000   23.9    51   13.1   24.0    9.35   1.1807     351     1    100.0   15 
10/12/25  11:15   14.7   15.2   14.2    67    8.7    3.2    OSO   0.80   8.0   OSO   14.7   14.2   14.2  1021.3   0.00    0.0    0.038   0.000   23.8    51   13.0   23.8    9.35   1.1813     351     1    100.0   15 
10/12/25  11:30   15.6   16.1   15.2    63    8.6    3.2     SO   0.80  11.3    SO   15.6   15.0   15.0  1021.2   0.00    0.0    0.028   0.000   23.8    51   13.0   23.8    9.35   1.1811     351     1    100.0   15 
10/12/25  11:45   16.3   16.6   16.1    61    8.7    4.8    OSO   1.21  16.1   OSO   16.3   15.7   15.7  1021.2   0.00    0.0    0.021   0.000   23.8    51   13.0   23.8    9.35   1.1811     351     1    100.0   15 
10/12/25  12:00   16.9   17.2   16.6    57    8.4    4.8     NO   1.21  16.1   OSO   16.9   16.2   16.2  1021.1   0.00    0.0    0.014   0.000   23.8    51   13.0   23.8    9.35   1.1810     351     1    100.0   15 
10/12/25  12:15   17.2   17.3   17.2    56    8.4    6.4     NO   1.61  19.3   OSO   17.2   16.5   16.5  1021.0   0.00    0.0    0.012   0.000   23.7    51   13.0   23.8    9.36   1.1812     351     1    100.0   15 
10/12/25  12:30   17.1   17.2   16.8    57    8.5    6.4     NO   1.61  16.1   ONO   17.1   16.3   16.3  1021.1   0.00    0.0    0.013   0.000   23.7    51   13.0   23.8    9.36   1.1813     352     1    100.0   15 
10/12/25  12:45   16.8   16.9   16.8    58    8.5    3.2     NO   0.80  12.9   OSO   16.8   16.1   16.1  1021.0   0.00    0.0    0.016   0.000   23.6    51   12.8   23.6    9.36   1.1820     351     1    100.0   15 
10/12/25  13:00   16.9   16.9   16.8    58    8.6    4.8     NO   1.21  14.5     O   16.9   16.2   16.2  1021.0   0.00    0.0    0.015   0.000   23.4    51   12.7   23.4    9.37   1.1826     351     1    100.0   15 
10/12/25  13:15   16.7   16.8   16.7    58    8.4    3.2     NO   0.80   9.7   ONO   16.7   16.0   16.0  1021.1   0.00    0.0    0.017   0.000   23.3    50   12.3   23.1    9.25   1.1838     351     1    100.0   15 
10/12/25  13:30   16.7   16.7   16.7    58    8.4    3.2    NNO   0.80  11.3   ONO   16.7   15.9   15.9  1021.0   0.00    0.0    0.017   0.000   23.1    50   12.1   22.9    9.25   1.1846     352     1    100.0   15 
10/12/25  13:45   16.7   16.9   16.6    58    8.4    3.2    ONO   0.80  11.3   OSO   16.7   16.0   16.0  1021.1   0.00    0.0    0.017   0.000   23.0    50   12.0   22.8    9.25   1.1853     350     1    100.0   15 
10/12/25  14:00   16.9   17.1   16.9    56    8.1    4.8    NNO   1.21  11.3   OSO   16.9   16.2   16.2  1021.1   0.00    0.0    0.014   0.000   22.9    50   12.0   22.7    9.25   1.1856     351     1    100.0   15 
10/12/25  14:15   16.7   16.9   16.7    56    7.9    4.8     NO   1.21  11.3    NO   16.7   15.9   15.9  1021.1   0.00    0.0    0.017   0.000   22.8    50   11.8   22.5    9.25   1.1864     350     1    100.0   15 
10/12/25  14:30   16.8   16.9   16.8    56    8.0    3.2     NO   0.80  11.3   ONO   16.8   16.1   16.1  1021.1   0.00    0.0    0.016   0.000   22.8    49   11.6   22.5    9.05   1.1865     352     1    100.0   15 
10/12/25  14:45   17.0   17.1   16.9    54    7.6    4.8     NO   1.21  12.9   OSO   17.0   16.2   16.2  1021.3   0.00    0.0    0.014   0.000   23.2    50   12.2   22.9    9.25   1.1846     351     1    100.0   15 
10/12/25  15:00   16.8   16.9   16.6    55    7.7    4.8     NO   1.21  12.9    NO   16.8   15.9   15.9  1021.3   0.00    0.0    0.016   0.000   23.7    49   12.3   23.6    9.05   1.1825     351     1    100.0   15 
10/12/25  15:15   16.4   16.6   16.3    57    7.8    3.2     NO   0.80   9.7   NNO   16.4   15.6   15.6  1021.4   0.00    0.0    0.020   0.000   24.0    49   12.6   24.0    9.05   1.1810     351     1    100.0   15 
10/12/25  15:30   16.3   16.3   16.3    57    7.8    3.2     NO   0.80   8.0   NNO   16.3   15.6   15.6  1021.5   0.00    0.0    0.021   0.000   24.2    49   12.8   24.2    9.04   1.1800     351     1    100.0   15 
10/12/25  15:45   16.1   16.3   16.0    58    7.8    4.8     NO   1.21  12.9     O   16.1   15.3   15.3  1021.7   0.00    0.0    0.023   0.000   24.4    49   13.0   24.3    9.03   1.1794     352     1    100.0   15 
10/12/25  16:00   15.8   16.0   15.5    59    7.8    3.2     NO   0.80   8.0   NNO   15.8   15.1   15.1  1021.8   0.00    0.0    0.027   0.000   24.6    48   12.8   24.4    8.93   1.1790     351     1    100.0   15 
10/12/25  16:15   15.2   15.5   14.9    61    7.7    3.2     NO   0.80   6.4     O   15.2   14.5   14.5  1021.9   0.00    0.0    0.033   0.000   24.4    48   12.7   24.3    8.93   1.1800     350     1    100.0   15 
10/12/25  16:30   14.8   14.9   14.7    62    7.6    1.6     NO   0.40   4.8     O   14.8   14.1   14.1  1022.0   0.00    0.0    0.037   0.000   24.4    49   13.0   24.3    9.03   1.1797     351     1    100.0   15 
10/12/25  16:45   14.5   14.7   14.3    63    7.5    3.2    ONO   0.80   4.8   ONO   14.5   13.9   13.9  1022.3   0.00    0.0    0.040   0.000   24.3    49   12.9   24.3    9.03   1.1803     352     1    100.0   15 
10/12/25  17:00   14.1   14.3   14.0    64    7.4    3.2    ONO   0.80   4.8   ONO   14.1   13.5   13.5  1022.4   0.00    0.0    0.044   0.000   24.3    49   12.9   24.2    9.04   1.1807     351     1    100.0   15 
10/12/25  17:15   13.9   14.0   13.9    64    7.2    3.2     NO   0.80   4.8    NO   13.9   13.3   13.3  1022.5   0.00    0.0    0.046   0.000   24.3    49   12.9   24.2    9.04   1.1808     351     1    100.0   15 
10/12/25  17:30   13.8   13.9   13.7    65    7.3    1.6     NO   0.40   4.8   ONO   13.8   13.2   13.2  1022.4   0.00    0.0    0.047   0.000   24.2    49   12.8   24.2    9.04   1.1810     351     1    100.0   15 
10/12/25  17:45   13.7   13.7   13.7    65    7.2    3.2     NO   0.80   6.4    NO   13.7   13.1   13.1  1022.5   0.00    0.0    0.049   0.000   24.2    49   12.8   24.2    9.04   1.1812     351     1    100.0   15 
10/12/25  18:00   13.4   13.7   13.1    66    7.2    3.2    ONO   0.80   6.4   ONO   13.4   12.8   12.8  1022.7   0.00    0.0    0.052   0.000   24.2    50   13.1   24.2    9.24   1.1810     351     1    100.0   15 
10/12/25  18:15   12.8   13.1   12.8    67    6.9    3.2    ONO   0.80   4.8   ONO   12.8   12.3   12.3  1022.9   0.00    0.0    0.057   0.000   24.3    50   13.2   24.3    9.23   1.1807     351     1    100.0   15 
10/12/25  18:30   12.8   12.9   12.8    67    6.9    3.2     NO   0.80   4.8   ONO   12.8   12.3   12.3  1023.1   0.00    0.0    0.057   0.000   24.5    49   13.1   24.4    9.03   1.1804     350     1    100.0   15 
10/12/25  18:45   12.8   12.9   12.7    68    7.0    1.6     NO   0.40   4.8   SSO   12.8   12.3   12.3  1023.2   0.00    0.0    0.058   0.000   24.6    49   13.1   24.5    9.03   1.1803     351     1    100.0   15 
10/12/25  19:00   12.5   12.6   12.4    69    7.0    1.6      O   0.40   4.8     O   12.5   12.1   12.1  1023.3   0.00    0.0    0.061   0.000   24.6    49   13.1   24.5    9.03   1.1804     351     1    100.0   15 
10/12/25  19:15   12.3   12.4   12.0    70    7.0    1.6    ONO   0.40   8.0     O   12.3   11.9   11.9  1023.5   0.00    0.0    0.063   0.000   24.7    49   13.2   24.6    9.02   1.1800     350     1    100.0   15 
10/12/25  19:30   11.8   12.0   11.6    71    6.7    1.6    ONO   0.40   4.8   ONO   11.8   11.4   11.4  1023.6   0.00    0.0    0.068   0.000   24.7    49   13.2   24.6    9.02   1.1802     351     1    100.0   15 
10/12/25  19:45   11.5   11.6   11.4    73    6.8    1.6    ONO   0.40   4.8   ONO   11.5   11.2   11.2  1023.6   0.00    0.0    0.071   0.000   24.7    49   13.2   24.6    9.02   1.1802     351     1    100.0   15 
10/12/25  20:00   11.4   11.4   11.4    73    6.7    1.6    ONO   0.40   4.8   ONO   11.4   11.1   11.1  1023.8   0.00    0.0    0.072   0.000   24.7    49   13.3   24.6    9.02   1.1801     352     1    100.0   15 
10/12/25  20:15   11.4   11.6   11.4    73    6.8    1.6    ONO   0.40   4.8   ONO   11.4   11.2   11.2  1023.7   0.00    0.0    0.072   0.000   24.7    49   13.3   24.6    9.02   1.1800     350     1    100.0   15 
10/12/25  20:30   11.8   11.9   11.6    72    6.9    1.6    ONO   0.40   4.8   ONO   11.8   11.4   11.4  1023.7   0.00    0.0    0.068   0.000   24.6    49   13.1   24.5    9.03   1.1809     351     1    100.0   15 
10/12/25  20:45   11.9   12.0   11.8    73    7.2    0.0    ONO   0.00   3.2   ONO   11.9   11.6   11.6  1023.7   0.00    0.0    0.067   0.000   24.2    48   12.5   24.1    8.94   1.1832     350     1    100.0   15 
10/12/25  21:00   11.9   12.0   11.7    72    7.0    1.6    ONO   0.40   3.2   ONO   11.9   11.6   11.6  1023.8   0.00    0.0    0.067   0.000   23.8    49   12.4   23.7    9.05   1.1849     350     1    100.0   15 
10/12/25  21:15   11.4   11.7   11.3    74    7.0    4.8    ENE   1.21   9.7     E   11.4   11.2   11.2  1023.9   0.00    0.0    0.072   0.000   23.7    49   12.4   23.7    9.05   1.1853     352     1    100.0   15 
10/12/25  21:30   11.3   11.3   11.2    74    6.8    3.2      E   0.80  11.3   ENE   11.3   11.0   11.0  1024.1   0.00    0.0    0.073   0.000   23.8    49   12.5   23.8    9.05   1.1849     350     1    100.0   15 
10/12/25  21:45   11.1   11.3   10.9    74    6.6    3.2     NO   0.80   8.0     E   11.1   10.9   10.9  1024.3   0.00    0.0    0.075   0.000   23.9    49   12.5   23.9    9.05   1.1849     351     1    100.0   15 
10/12/25  22:00   10.7   10.9   10.6    76    6.7    3.2      E   0.80   9.7     E   10.7   10.6   10.6  1024.2   0.00    0.0    0.079   0.000   23.9    49   12.5   23.9    9.05   1.1848     351     1    100.0   15 
10/12/25  22:15   10.4   10.6   10.2    77    6.5    1.6     NO   0.40   6.4    NO   10.4   10.3   10.3  1024.3   0.00    0.0    0.083   0.000   23.9    49   12.5   23.9    9.05   1.1849     351     1    100.0   15 
10/12/25  22:30    9.9   10.2    9.8    78    6.3    1.6     NO   0.40   6.4    NO    9.9    9.9    9.9  1024.5   0.00    0.0    0.087   0.000   23.9    49   12.6   23.9    9.05   1.1848     351     1    100.0   15 
10/12/25  22:45    9.8    9.8    9.8    78    6.2    0.0    ENE   0.00   4.8    NO    9.8    9.8    9.8  1024.6   0.00    0.0    0.089   0.000   23.9    49   12.6   23.9    9.05   1.1850     351     1    100.0   15 
10/12/25  23:00    9.6    9.8    9.4    79    6.1    3.2     NO   0.80   6.4    NO    9.6    9.5    9.5  1024.7   0.00    0.0    0.091   0.000   23.9    49   12.6   23.9    9.05   1.1851     350     1    100.0   15 
10/12/25  23:15    9.2    9.3    9.2    81    6.1    4.8     NO   1.21   6.4    NO    8.9    9.2    8.9  1024.8   0.00    0.0    0.095   0.000   23.9    49   12.6   23.9    9.05   1.1852     350     1    100.0   15 
10/12/25  23:30    9.3    9.3    9.2    81    6.2    4.8     NO   1.21   8.0    NO    9.0    9.2    8.9  1024.8   0.00    0.0    0.094   0.000   23.9    49   12.5   23.9    9.05   1.1855     352     1    100.0   15 
10/12/25  23:45    9.0    9.2    8.9    82    6.1    4.8     NO   1.21   8.0    NO    8.7    8.9    8.6  1024.7   0.00    0.0    0.097   0.000   23.6    49   12.2   23.4    9.05   1.1870     349     1    100.0   15 
11/12/25  00:00    9.4    9.6    9.1    81    6.3    3.2     NO   0.80   4.8    NO    9.4    9.3    9.3  1024.6   0.00    0.0    0.093   0.000   23.2    50   12.2   22.9    9.25   1.1885     350     1    100.0   15 
11/12/25   0:15    9.8    9.9    9.6    80    6.5    3.2     NO   0.80   6.4    NO    9.8    9.8    9.8  1024.5   0.00    0.0    0.089   0.000   22.7    51   12.1   22.5    9.39   1.1903     349     1    100.0   15 
11/12/25   0:30    9.7    9.9    9.6    80    6.4    3.2     NO   0.80   6.4    NO    9.7    9.6    9.6  1024.4   0.00    0.0    0.090   0.000   22.3    51   11.7   21.8    9.41   1.1925     351     1    100.0   15 
11/12/25   0:45    9.5    9.7    9.3    81    6.4    1.6     NO   0.40   4.8    NO    9.5    9.4    9.4  1024.4   0.00    0.0    0.092   0.000   21.9    52   11.6   21.4    9.62   1.1938     351     1    100.0   15 
11/12/25   1:00    9.1    9.3    8.9    81    6.0    1.6     NO   0.40   4.8    NO    9.1    9.1    9.1  1024.3   0.00    0.0    0.096   0.000   21.7    52   11.4   21.0    9.63   1.1951     349     1    100.0   15 
11/12/25   1:15    8.8    8.9    8.8    82    5.9    0.0     NO   0.00   3.2    NO    8.8    8.8    8.8  1024.2   0.00    0.0    0.099   0.000   21.4    53   11.4   20.7    9.83   1.1961     351     1    100.0   15 
11/12/25   1:30    8.6    8.8    8.5    83    5.9    0.0     NO   0.00   1.6    NO    8.6    8.6    8.6  1024.2   0.00    0.0    0.101   0.000   21.1    53   11.2   20.3    9.85   1.1975     351     1    100.0   15 
11/12/25   1:45    8.4    8.5    8.3    84    5.8    0.0     NO   0.00   3.2    NO    8.4    8.4    8.4  1024.4   0.00    0.0    0.104   0.000   20.8    53   10.9   20.1    9.86   1.1990     348     1    100.0   15 
11/12/25   2:00    8.2    8.3    8.2    85    5.8    0.0     NO   0.00   1.6    NO    8.2    8.2    8.2  1024.3   0.00    0.0    0.105   0.000   20.6    54   10.9   19.9    9.99   1.2001     352     1    100.0   15 
11/12/25   2:15    8.2    8.3    8.2    85    5.8    0.0     NO   0.00   3.2    NO    8.2    8.2    8.2  1024.3   0.00    0.0    0.106   0.000   20.3    54   10.7   19.8   10.01   1.2012     351     1    100.0   15 
11/12/25   2:30    8.0    8.2    7.8    86    5.8    0.0     NO   0.00   3.2    NO    8.0    8.0    8.0  1024.4   0.00    0.0    0.108   0.000   20.1    54   10.5   19.6   10.02   1.2024     351     1    100.0   15 
11/12/25   2:45    7.8    7.8    7.7    86    5.6    0.0     NO   0.00   1.6    NO    7.8    7.8    7.8  1024.2   0.00    0.0    0.110   0.000   19.9    55   10.6   19.4   10.19   1.2031     351     1    100.0   15 
11/12/25   3:00    7.6    7.7    7.6    87    5.6    0.0     NO   0.00   1.6    NO    7.6    7.6    7.6  1024.1   0.00    0.0    0.112   0.000   19.7    55   10.4   19.2   10.20   1.2038     352     1    100.0   15 
11/12/25   3:15    7.6    7.6    7.5    87    5.5    0.0     NO   0.00   1.6    NO    7.6    7.6    7.6  1024.0   0.00    0.0    0.112   0.000   19.5    55   10.2   19.0   10.21   1.2048     350     1    100.0   15 
11/12/25   3:30    7.3    7.5    7.2    87    5.3    0.0     NO   0.00   1.6    NO    7.3    7.3    7.3  1024.0   0.00    0.0    0.115   0.000   19.3    56   10.3   18.8   10.42   1.2056     351     1    100.0   15 
11/12/25   3:45    7.1    7.2    7.0    88    5.3    0.0    ---   0.00   0.0   ---    7.1    7.1    7.1  1023.9   0.00    0.0    0.117   0.000   19.1    56   10.1   18.6   10.42   1.2064     351     1    100.0   15 
11/12/25   4:00    7.0    7.1    6.9    89    5.3    0.0    ---   0.00   0.0   ---    7.0    7.1    7.1  1023.9   0.00    0.0    0.118   0.000   18.9    56   10.0   18.4   10.43   1.2072     351     1    100.0   15 
