                 Temp.  Temp.  Temp.  Hum.   Punt   Vel.   Dir.   Rec.  Vel.  Dir.  Sens.   Índ.   Índ.                  Int. Graus D.Graus D.  Temp.  Hum. Rosada  In.Cal.  EMC     Dens.    Mostr   Tx   Recep.  Int.
  Data    Hora    Ext.   Màx.   Mín.  Ext. Rosada   Vent   Vent   Vent  Màx.  Màx.  Tèrm.  Calor   THW    Bar    Pluja   Pluja  Calor    Fred    Int.  Int.   Int.   Int.    Int.  Int.Aire    Vent   Vent   ISS   Arc.
-------------------------------------------------------------------------------------------------------------------------------------------------------------------------------------------------------------------------
13/12/25   0:15   10.2   10.3   10.1    85    7.8    3.2     NO   0.80   6.4    NO   10.2   10.2   10.2  1024.1   0.00    0.0    0.085   0.000   22.7    53   12.6   22.6    9.73   1.1892     349     1    100.0   15 
13/12/25   0:30    9.9   10.1    9.9    85    7.5    3.2     NO   0.80   6.4   NNO    9.9   10.0   10.0  1024.0   0.00    0.0    0.087   0.000   22.4    53   12.4   22.2    9.75   1.1906     351     1    100.0   15 
13/12/25   0:45    9.8    9.9    9.7    85    7.4    1.6      O   0.40   6.4     O    9.8    9.8    9.8  1023.9   0.00    0.0    0.089   0.000   22.2    54   12.4   21.8    9.91   1.1915     351     1    100.0   15 
13/12/25   1:00    9.6    9.7    9.6    85    7.2    0.0    ONO   0.00   3.2   ONO    9.6    9.7    9.7  1024.0   0.00    0.0    0.091   0.000   21.9    54   12.2   21.4    9.92   1.1930     351     1    100.0   15 
13/12/25   1:15    9.5    9.6    9.3    86    7.3    1.6    OSO   0.40   6.4   OSO    9.5    9.6    9.6  1024.0   0.00    0.0    0.092   0.000   21.6    54   11.9   21.0    9.93   1.1945     351     1    100.0   15 
13/12/25   1:30    9.2    9.3    9.1    87    7.2    0.0    OSO   0.00   3.2   OSO    9.2    9.3    9.3  1024.1   0.00    0.0    0.095   0.000   21.3    55   11.9   20.7   10.14   1.1956     351     1    100.0   15 
13/12/25   1:45    9.1    9.2    9.0    88    7.2    0.0    OSO   0.00   3.2   OSO    9.1    9.1    9.1  1024.2   0.00    0.0    0.097   0.000   21.1    55   11.7   20.3   10.15   1.1972     351     1    100.0   15 
13/12/25   2:00    9.1    9.2    9.0    88    7.2    0.0    ---   0.00   0.0   ---    9.1    9.1    9.1  1024.3   0.00    0.0    0.097   0.000   20.8    55   11.5   20.2   10.16   1.1984     351     1    100.0   15 
13/12/25   2:15    9.2    9.2    9.1    87    7.1    0.0    OSO   0.00   3.2   OSO    9.2    9.2    9.2  1024.3   0.00    0.0    0.095   0.000   20.6    56   11.5   20.1   10.37   1.1992     351     1    100.0   15 
13/12/25   2:30    9.1    9.2    9.0    86    6.9    1.6     NO   0.40   4.8     O    9.1    9.2    9.2  1024.3   0.00    0.0    0.096   0.000   20.4    56   11.3   19.9   10.38   1.2003     351     1    100.0   15 
13/12/25   2:45    8.6    9.0    8.4    88    6.7    1.6     NO   0.40   4.8    NO    8.6    8.7    8.7  1024.3   0.00    0.0    0.101   0.000   20.2    56   11.1   19.7   10.38   1.2015     351     1    100.0   15 
13/12/25   3:00    8.4    8.6    8.4    88    6.6    1.6     NO   0.40   3.2    NO    8.4    8.5    8.5  1024.2   0.00    0.0    0.103   0.000   19.9    57   11.2   19.6   10.59   1.2022     352     1    100.0   15 
13/12/25   3:15    8.4    8.4    8.3    88    6.5    0.0     NO   0.00   3.2    NO    8.4    8.4    8.4  1024.2   0.00    0.0    0.104   0.000   19.8    57   11.0   19.4   10.60   1.2031     351     1    100.0   15 
13/12/25   3:30    8.4    8.4    8.3    88    6.5    0.0     NO   0.00   3.2    NO    8.4    8.4    8.4  1024.3   0.00    0.0    0.104   0.000   19.6    57   10.8   19.2   10.61   1.2042     350     1    100.0   15 
13/12/25   3:45    8.2    8.3    8.2    88    6.4    0.0     NO   0.00   1.6    NO    8.2    8.3    8.3  1024.3   0.00    0.0    0.105   0.000   19.4    58   10.9   19.0   10.75   1.2048     351     1    100.0   15 
13/12/25   4:00    8.1    8.2    8.1    89    6.4    0.0     NO   0.00   1.6    NO    8.1    8.2    8.2  1024.4   0.00    0.0    0.106   0.000   19.2    58   10.8   18.8   10.75   1.2058     351     1    100.0   15 
13/12/25   4:15    8.2    8.2    8.1    88    6.3    0.0    ---   0.00   0.0   ---    8.2    8.2    8.2  1024.4   0.00    0.0    0.106   0.000   19.1    58   10.6   18.6   10.75   1.2067     352     1    100.0   15 
13/12/25   4:30    8.2    8.3    8.2    88    6.4    0.0    ---   0.00   0.0   ---    8.2    8.3    8.3  1024.4   0.00    0.0    0.105   0.000   18.9    58   10.5   18.5   10.75   1.2072     350     1    100.0   15 
13/12/25   4:45    8.3    8.3    8.3    88    6.5    0.0     NO   0.00   3.2    NO    8.3    8.4    8.4  1024.5   0.00    0.0    0.104   0.000   18.8    58   10.4   18.3   10.75   1.2079     351     1    100.0   15 
13/12/25   5:00    8.3    8.3    8.2    88    6.4    1.6     NO   0.40   4.8    NO    8.3    8.3    8.3  1024.4   0.00    0.0    0.105   0.000   18.7    58   10.2   18.2   10.75   1.2087     351     1    100.0   15 
13/12/25   5:15    8.2    8.2    8.2    88    6.3    0.0     NO   0.00   3.2    NO    8.2    8.2    8.2  1024.6   0.00    0.0    0.106   0.000   18.6    58   10.1   18.1   10.75   1.2094     352     1    100.0   15 
13/12/25   5:30    7.8    8.1    7.7    88    6.0    0.0      O   0.00   3.2    NO    7.8    7.9    7.9  1024.6   0.00    0.0    0.109   0.000   18.5    59   10.3   18.0   10.95   1.2095     351     1    100.0   15 
13/12/25   5:45    7.6    7.7    7.5    88    5.7    0.0    OSO   0.00   3.2   OSO    7.6    7.6    7.6  1024.9   0.00    0.0    0.112   0.000   18.4    59   10.3   17.9   10.95   1.2101     351     1    100.0   15 
13/12/25   6:00    7.3    7.5    7.3    89    5.6    0.0    OSO   0.00   3.2   OSO    7.3    7.4    7.4  1025.0   0.00    0.0    0.115   0.000   18.9    58   10.4   18.4   10.75   1.2082     351     1    100.0   15 
13/12/25   6:15    7.4    7.4    7.3    89    5.7    0.0    OSO   0.00   1.6   OSO    7.4    7.4    7.4  1025.1   0.00    0.0    0.114   0.000   19.6    57   10.9   19.2   10.60   1.2049     351     1    100.0   15 
13/12/25   6:30    7.3    7.3    7.2    89    5.6    0.0    OSO   0.00   3.2   OSO    7.3    7.3    7.3  1025.2   0.00    0.0    0.115   0.000   20.2    55   10.9   19.7   10.18   1.2025     351     1    100.0   15 
13/12/25   6:45    7.1    7.2    6.8    88    5.2    0.0    OSO   0.00   3.2   OSO    7.1    7.1    7.1  1025.4   0.00    0.0    0.117   0.000   20.7    55   11.3   20.1   10.17   1.2005     351     1    100.0   15 
13/12/25   7:00    6.7    6.8    6.7    89    5.0    1.6    OSO   0.40   3.2   OSO    6.7    6.8    6.8  1025.7   0.00    0.0    0.121   0.000   21.2    55   11.8   20.4   10.15   1.1984     350     1    100.0   15 
13/12/25   7:15    6.8    6.9    6.7    90    5.3    1.6     NO   0.40   6.4    NO    6.8    6.8    6.8  1025.9   0.00    0.0    0.120   0.000   21.6    54   11.9   21.0    9.93   1.1967     351     1    100.0   15 
13/12/25   7:30    6.9    7.0    6.8    89    5.2    3.2     NO   0.80   6.4   ONO    6.9    6.9    6.9  1026.0   0.00    0.0    0.119   0.000   21.8    54   12.1   21.3    9.92   1.1957     352     1    100.0   15 
13/12/25   7:45    6.9    7.0    6.9    89    5.3    1.6     NO   0.40   4.8     O    6.9    7.0    7.0  1026.3   0.00    0.0    0.119   0.000   22.0    53   12.0   21.5    9.79   1.1954     351     1    100.0   15 
13/12/25   8:00    7.0    7.2    6.9    90    5.5    1.6     NO   0.40   4.8    NO    7.0    7.1    7.1  1026.4   0.00    0.0    0.118   0.000   22.1    53   12.1   21.7    9.78   1.1950     350     1    100.0   15 
13/12/25   8:15    7.3    7.4    7.2    89    5.6    1.6     NO   0.40   3.2    NO    7.3    7.3    7.3  1026.6   0.00    0.0    0.115   0.000   22.1    53   12.0   21.6    9.78   1.1955     351     1    100.0   15 
13/12/25   8:30    7.5    7.7    7.4    89    5.8    1.6     NO   0.40   3.2    NO    7.5    7.6    7.6  1026.7   0.00    0.0    0.113   0.000   21.8    53   11.8   21.2    9.80   1.1971     352     1    100.0   15 
13/12/25   8:45    7.8    8.0    7.7    89    6.1    1.6     NO   0.40   4.8    NO    7.8    7.9    7.9  1026.9   0.00    0.0    0.109   0.000   21.4    52   11.1   20.6    9.64   1.1995     351     1    100.0   15 
13/12/25   9:00    8.3    8.4    8.0    88    6.4    1.6     NO   0.40   3.2    NO    8.3    8.3    8.3  1027.1   0.00    0.0    0.105   0.000   21.1    54   11.4   20.3    9.95   1.2009     351     1    100.0   15 
13/12/25   9:15    8.6    8.8    8.4    87    6.6    0.0     NO   0.00   3.2    NO    8.6    8.7    8.7  1027.2   0.00    0.0    0.101   0.000   21.2    55   11.8   20.4   10.15   1.2001     351     1    100.0   15 
13/12/25   9:30    8.8    8.9    8.7    84    6.3    0.0     NO   0.00   3.2    NO    8.8    8.8    8.8  1027.3   0.00    0.0    0.099   0.000   21.3    54   11.6   20.6    9.94   1.2000     351     1    100.0   15 
13/12/25   9:45    8.7    8.9    8.6    85    6.3    0.0     NO   0.00   3.2    NO    8.7    8.7    8.7  1027.5   0.00    0.0    0.100   0.000   21.7    54   12.0   21.2    9.93   1.1979     352     1    100.0   15 
13/12/25  10:00    9.1    9.2    8.9    85    6.7    0.0     NO   0.00   3.2    NO    9.1    9.1    9.1  1027.6   0.00    0.0    0.096   0.000   22.3    53   12.2   21.9    9.77   1.1956     351     1    100.0   15 
13/12/25  10:15    9.3    9.3    9.2    85    6.9    0.0     NO   0.00   1.6    NO    9.3    9.3    9.3  1027.5   0.00    0.0    0.094   0.000   22.7    52   12.4   22.6    9.59   1.1935     349     1    100.0   15 
13/12/25  10:30    9.4    9.7    9.2    86    7.2    0.0     NO   0.00   1.6    NO    9.4    9.4    9.4  1027.5   0.00    0.0    0.093   0.000   23.0    51   12.3   22.8    9.38   1.1924     349     1    100.0   15 
13/12/25  10:45    9.8   10.2    9.7    84    7.3    0.0     NO   0.00   1.6    NO    9.8    9.9    9.9  1027.4   0.00    0.0    0.089   0.000   23.2    51   12.5   23.0    9.38   1.1915     352     1    100.0   15 
13/12/25  11:00   10.6   11.2   10.2    79    7.1    1.6     NO   0.40   6.4    NO   10.6   10.6   10.6  1027.2   0.00    0.0    0.080   0.000   23.4    51   12.7   23.4    9.37   1.1899     350     1    100.0   15 
13/12/25  11:15   11.6   11.8   11.2    76    7.5    1.6     NO   0.40   6.4    NO   11.6   11.3   11.3  1027.0   0.00    0.0    0.071   0.000   23.7    51   12.9   23.7    9.36   1.1885     351     1    100.0   15 
13/12/25  11:30   12.1   12.4   11.8    73    7.4    0.0      E   0.00   3.2    NO   12.1   11.8   11.8  1027.0   0.00    0.0    0.065   0.000   23.7    50   12.6   23.6    9.25   1.1888     351     1    100.0   15 
13/12/25  11:45   12.6   12.7   12.4    72    7.6    1.6    NNO   0.40   4.8   NNE   12.6   12.2   12.2  1026.7   0.00    0.0    0.060   0.000   23.5    50   12.5   23.4    9.25   1.1893     351     1    100.0   15 
13/12/25  12:00   12.7   12.8   12.6    72    7.8    1.6     NO   0.40   4.8    NO   12.7   12.3   12.3  1026.5   0.00    0.0    0.058   0.000   23.3    51   12.6   23.2    9.37   1.1899     352     1    100.0   15 
13/12/25  12:15   12.9   13.3   12.7    71    7.8    1.6    ENE   0.40   4.8   ENE   12.9   12.5   12.5  1026.2   0.00    0.0    0.057   0.000   23.1    51   12.4   22.9    9.38   1.1907     351     1    100.0   15 
13/12/25  12:30   13.6   14.2   13.3    69    8.0    1.6    ENE   0.40   4.8   ENE   13.6   13.2   13.2  1026.1   0.00    0.0    0.049   0.000   22.8    46   10.6   22.4    8.59   1.1933     350     1    100.0   15 
13/12/25  12:45   14.3   14.3   14.2    68    8.5    3.2    ENE   0.80   8.0     E   14.3   13.8   13.8  1025.9   0.00    0.0    0.042   0.000   22.4    47   10.5   21.8    8.75   1.1950     351     1    100.0   15 
13/12/25  13:00   14.3   14.4   14.2    68    8.4    1.6    ENE   0.40   6.4   ENE   14.3   13.8   13.8  1025.8   0.00    0.0    0.042   0.000   22.4    47   10.6   21.9    8.75   1.1946     351     1    100.0   15 
13/12/25  13:15   14.7   14.8   14.4    68    8.8    1.6    ESE   0.40   8.0     E   14.7   14.2   14.2  1025.5   0.00    0.0    0.038   0.000   22.8    48   11.2   22.4    8.91   1.1923     351     1    100.0   15 
13/12/25  13:30   15.0   15.1   14.8    67    8.9    1.6      E   0.40   9.7     E   15.0   14.5   14.5  1025.4   0.00    0.0    0.035   0.000   23.3    47   11.3   23.0    8.75   1.1900     351     1    100.0   15 
13/12/25  13:45   15.4   15.6   15.1    64    8.6    1.6    ENE   0.40   6.4   ENE   15.4   14.8   14.8  1025.3   0.00    0.0    0.031   0.000   23.6    47   11.6   23.4    8.75   1.1882     350     1    100.0   15 
13/12/25  14:00   15.6   15.7   15.6    64    8.8    1.6    ENE   0.40   9.7     E   15.6   15.1   15.1  1025.3   0.00    0.0    0.028   0.000   23.8    47   11.8   23.7    8.75   1.1871     352     1    100.0   15 
13/12/25  14:15   15.5   15.6   15.4    64    8.7    3.2    ENE   0.80   8.0     E   15.5   14.9   14.9  1025.2   0.00    0.0    0.030   0.000   24.0    47   12.0   23.9    8.75   1.1861     351     1    100.0   15 
13/12/25  14:30   15.4   15.4   15.3    64    8.6    3.2      E   0.80   8.0     E   15.4   14.8   14.8  1025.3   0.00    0.0    0.031   0.000   24.1    47   12.0   23.9    8.74   1.1859     351     1    100.0   15 
13/12/25  14:45   15.3   15.3   15.0    64    8.5    3.2      E   0.80   9.7     E   15.3   14.7   14.7  1025.2   0.00    0.0    0.032   0.000   24.1    47   12.1   24.0    8.74   1.1856     351     1    100.0   15 
13/12/25  15:00   14.9   15.0   14.8    65    8.4    3.2      E   0.80   9.7     E   14.9   14.3   14.3  1025.3   0.00    0.0    0.036   0.000   24.2    47   12.1   24.1    8.74   1.1854     350     1    100.0   15 
13/12/25  15:15   14.7   14.8   14.4    67    8.6    1.6      E   0.40   8.0     E   14.7   14.2   14.2  1025.3   0.00    0.0    0.038   0.000   24.1    47   12.1   24.0    8.74   1.1857     351     1    100.0   15 
13/12/25  15:30   14.3   14.5   14.2    69    8.7    1.6      E   0.40   8.0     E   14.3   13.9   13.9  1025.3   0.00    0.0    0.042   0.000   24.1    47   12.1   24.0    8.74   1.1857     351     1    100.0   15 
13/12/25  15:45   14.2   14.3   14.1    68    8.4    1.6    ENE   0.40   8.0     E   14.2   13.7   13.7  1025.3   0.00    0.0    0.043   0.000   24.2    48   12.5   24.2    8.94   1.1848     351     1    100.0   15 
13/12/25  16:00   13.7   14.1   13.3    70    8.3    1.6      E   0.40   8.0     E   13.7   13.2   13.2  1025.4   0.00    0.0    0.049   0.000   24.3    48   12.6   24.3    8.93   1.1844     350     1    100.0   15 
13/12/25  16:15   13.1   13.3   13.1    71    8.0    1.6      E   0.40   4.8     E   13.1   12.7   12.7  1025.4   0.00    0.0    0.054   0.000   24.4    48   12.7   24.3    8.93   1.1840     351     1    100.0   15 
13/12/25  16:30   12.9   13.1   12.6    71    7.8    1.6      E   0.40   8.0     E   12.9   12.6   12.6  1025.4   0.00    0.0    0.056   0.000   24.4    48   12.7   24.3    8.93   1.1838     351     1    100.0   15 
13/12/25  16:45   12.2   12.6   11.7    74    7.7    1.6    ESE   0.40   8.0     E   12.2   11.9   11.9  1025.5   0.00    0.0    0.064   0.000   24.4    48   12.7   24.3    8.93   1.1842     351     1    100.0   15 
13/12/25  17:00   11.4   11.7   11.3    76    7.4    3.2    ENE   0.80   6.4   ENE   11.4   11.2   11.2  1025.6   0.00    0.0    0.072   0.000   24.1    48   12.4   24.1    8.94   1.1856     350     1    100.0   15 
13/12/25  17:15   11.8   12.0   11.4    74    7.3    4.8    ENE   1.21   8.0    NE   11.8   11.5   11.5  1025.6   0.00    0.0    0.068   0.000   24.1    49   12.7   24.1    9.04   1.1856     352     1    100.0   15 
13/12/25  17:30   11.8   12.0   11.7    75    7.5    4.8    ENE   1.21   8.0   ENE   11.8   11.6   11.6  1025.7   0.00    0.0    0.068   0.000   24.0    49   12.6   24.0    9.05   1.1860     351     1    100.0   15 
13/12/25  17:45   11.7   11.8   11.7    77    7.8    3.2    ENE   0.80   8.0     E   11.7   11.4   11.4  1025.7   0.00    0.0    0.069   0.000   24.0    49   12.6   24.0    9.05   1.1860     351     1    100.0   15 
13/12/25  18:00   11.6   11.7   11.5    77    7.7    3.2    ENE   0.80   6.4   ENE   11.6   11.4   11.4  1025.8   0.00    0.0    0.070   0.000   24.1    49   12.7   24.1    9.04   1.1858     349     1    100.0   15 
13/12/25  18:15   11.4   11.5   11.3    78    7.7    1.6    ENE   0.40   4.8   ENE   11.4   11.3   11.3  1025.8   0.00    0.0    0.072   0.000   24.1    49   12.7   24.1    9.04   1.1859     350     1    100.0   15 
13/12/25  18:30   10.9   11.3   10.7    79    7.4    1.6    NNO   0.40   4.8   NNO   10.9   10.8   10.8  1026.0   0.00    0.0    0.077   0.000   24.1    49   12.7   24.1    9.04   1.1861     352     1    100.0   15 
13/12/25  18:45   10.7   11.0   10.6    82    7.8    3.2    ENE   0.80   8.0     E   10.7   10.7   10.7  1026.1   0.00    0.0    0.079   0.000   24.1    49   12.7   24.1    9.04   1.1862     350     1    100.0   15 
13/12/25  19:00   11.1   11.1   11.1    83    8.3    3.2    ENE   0.80   8.0   ENE   11.1   11.0   11.0  1026.1   0.00    0.0    0.076   0.000   24.1    49   12.7   24.1    9.04   1.1862     350     1    100.0   15 
13/12/25  19:15   11.0   11.1   11.0    83    8.2    3.2    ENE   0.80   6.4   ENE   11.0   10.9   10.9  1026.1   0.00    0.0    0.076   0.000   24.1    49   12.7   24.1    9.04   1.1859     351     1    100.0   15 
13/12/25  19:30   10.9   11.1   10.6    82    7.9    1.6    ENE   0.40   3.2   ENE   10.9   10.8   10.8  1026.1   0.00    0.0    0.078   0.000   24.1    49   12.7   24.1    9.04   1.1859     352     1    100.0   15 
13/12/25  19:45   10.3   10.6   10.3    83    7.6    1.6    ENE   0.40   4.8   ENE   10.3   10.3   10.3  1026.2   0.00    0.0    0.083   0.000   24.1    49   12.7   24.1    9.04   1.1863     351     1    100.0   15 
13/12/25  20:00   10.2   10.3   10.1    84    7.6    1.6      N   0.40   4.8     N   10.2   10.2   10.2  1026.2   0.00    0.0    0.085   0.000   24.1    49   12.7   24.1    9.04   1.1863     351     1    100.0   15 
13/12/25  20:15    9.9   10.1    9.8    84    7.4    0.0      N   0.00   3.2     N    9.9   10.0   10.0  1026.2   0.00    0.0    0.087   0.000   24.1    49   12.7   24.1    9.04   1.1860     351     1    100.0   15 
13/12/25  20:30   10.1   10.3    9.9    83    7.4    1.6      N   0.40   3.2     N   10.1   10.1   10.1  1026.2   0.00    0.0    0.086   0.000   24.1    49   12.7   24.1    9.04   1.1860     351     1    100.0   15 
13/12/25  20:45    9.9   10.3    9.6    83    7.2    0.0      N   0.00   3.2     N    9.9   10.0   10.0  1026.3   0.00    0.0    0.087   0.000   24.0    49   12.6   24.0    9.05   1.1867     352     1    100.0   15 
13/12/25  21:00    9.4    9.6    9.4    85    7.0    0.0      N   0.00   1.6     N    9.4    9.5    9.5  1026.5   0.00    0.0    0.093   0.000   24.0    49   12.6   24.0    9.05   1.1869     351     1    100.0   15 
13/12/25  21:15    9.7    9.9    9.4    85    7.3    1.6      N   0.40   3.2     N    9.7    9.7    9.7  1026.6   0.00    0.0    0.090   0.000   24.0    49   12.6   24.0    9.05   1.1871     351     1    100.0   15 
13/12/25  21:30    9.9    9.9    9.8    83    7.1    0.0      N   0.00   3.2     N    9.9    9.9    9.9  1026.6   0.00    0.0    0.088   0.000   23.9    50   12.9   24.0    9.25   1.1869     351     1    100.0   15 
13/12/25  21:45    9.5    9.8    9.3    84    6.9    0.0      N   0.00   3.2     N    9.5    9.6    9.6  1026.6   0.00    0.0    0.092   0.000   23.9    50   12.8   23.9    9.25   1.1873     352     1    100.0   15 
13/12/25  22:00    9.3    9.4    9.3    84    6.8    1.6     NO   0.40   4.8    NO    9.3    9.3    9.3  1026.7   0.00    0.0    0.094   0.000   23.9    50   12.8   23.9    9.25   1.1873     351     1    100.0   15 
13/12/25  22:15    9.1    9.4    8.8    84    6.5    4.8     NO   1.21   6.4   ONO    8.8    9.1    8.8  1026.7   0.00    0.0    0.096   0.000   23.9    50   12.8   23.9    9.25   1.1874     351     1    100.0   15 
13/12/25  22:30    8.7    8.8    8.6    85    6.3    4.8     NO   1.21   6.4    NO    8.4    8.7    8.4  1026.7   0.00    0.0    0.100   0.000   23.9    50   12.8   23.9    9.25   1.1874     351     1    100.0   15 
13/12/25  22:45    8.5    8.6    8.5    86    6.3    3.2     NO   0.80   4.8    NO    8.5    8.5    8.5  1026.7   0.00    0.0    0.102   0.000   23.9    49   12.5   23.9    9.05   1.1878     351     1    100.0   15 
13/12/25  23:00    8.6    8.7    8.6    85    6.2    3.2     NO   0.80   4.8    NO    8.6    8.6    8.6  1026.8   0.00    0.0    0.101   0.000   23.9    49   12.6   23.9    9.05   1.1876     352     1    100.0   15 
13/12/25  23:15    8.4    8.7    8.3    85    6.1    1.6     NO   0.40   6.4    NO    8.4    8.4    8.4  1026.8   0.00    0.0    0.103   0.000   23.9    49   12.6   23.9    9.05   1.1876     351     1    100.0   15 
13/12/25  23:30    8.2    8.3    8.2    86    6.0    0.0     NO   0.00   1.6    NO    8.2    8.2    8.2  1026.8   0.00    0.0    0.105   0.000   23.8    49   12.5   23.8    9.05   1.1881     351     1    100.0   15 
13/12/25  23:45    8.2    8.3    8.2    86    6.0    0.0     NO   0.00   1.6    NO    8.2    8.2    8.2  1026.7   0.00    0.0    0.105   0.000   23.4    50   12.4   23.3    9.25   1.1896     351     1    100.0   15 
14/12/25  00:00    8.1    8.2    7.9    86    5.9    0.0    ---   0.00   0.0   ---    8.1    8.1    8.1  1026.6   0.00    0.0    0.106   0.000   23.0    50   12.0   22.8    9.25   1.1917     352     1    100.0   15 
14/12/25   0:15    7.8    8.0    7.8    87    5.8    0.0     NO   0.00   1.6    NO    7.8    7.8    7.8  1026.4   0.00    0.0    0.109   0.000   22.6    51   12.0   22.3    9.40   1.1931     349     1    100.0   15 
14/12/25   0:30    7.7    7.8    7.4    87    5.6    1.6     NO   0.40   4.8    NO    7.7    7.7    7.7  1026.3   0.00    0.0    0.111   0.000   22.3    51   11.7   21.8    9.41   1.1947     350     1    100.0   15 
14/12/25   0:45    7.3    7.4    7.3    88    5.5    0.0     NO   0.00   3.2    NO    7.3    7.3    7.3  1026.2   0.00    0.0    0.115   0.000   22.3    51   11.7   21.8    9.41   1.1945     351     1    100.0   15 
14/12/25   1:00    7.3    7.3    7.3    89    5.6    0.0     NO   0.00   1.6    NO    7.3    7.4    7.4  1026.1   0.00    0.0    0.115   0.000   22.2    51   11.5   21.7    9.41   1.1950     351     1    100.0   15 
14/12/25   1:15    7.3    7.3    7.3    89    5.6    0.0     NO   0.00   1.6    NO    7.3    7.4    7.4  1026.0   0.00    0.0    0.115   0.000   21.9    52   11.6   21.3    9.62   1.1960     351     1    100.0   15 
14/12/25   1:30    7.1    7.3    7.0    90    5.6    0.0     NO   0.00   3.2    NO    7.1    7.2    7.2  1025.7   0.00    0.0    0.117   0.000   21.6    52   11.3   20.9    9.63   1.1971     352     1    100.0   15 
14/12/25   1:45    6.9    7.0    6.9    90    5.4    0.0     NO   0.00   3.2    NO    6.9    7.0    7.0  1025.8   0.00    0.0    0.119   0.000   21.3    52   11.0   20.5    9.64   1.1989     351     1    100.0   15 
14/12/25   2:00    6.8    6.9    6.6    90    5.3    1.6     NO   0.40   3.2    NO    6.8    6.8    6.8  1025.8   0.00    0.0    0.120   0.000   21.0    53   11.1   20.2    9.85   1.2000     350     1    100.0   15 
14/12/25   2:15    6.4    6.6    6.3    91    5.1    1.6     NO   0.40   3.2    NO    6.4    6.5    6.5  1025.8   0.00    0.0    0.124   0.000   20.7    53   10.8   20.1    9.86   1.2013     351     1    100.0   15 
14/12/25   2:30    6.5    6.6    6.4    91    5.1    1.6     NO   0.40   3.2    NO    6.5    6.6    6.6  1025.8   0.00    0.0    0.123   0.000   20.4    53   10.5   19.8    9.88   1.2030     351     1    100.0   15 
14/12/25   2:45    6.6    6.6    6.5    91    5.2    0.0     NO   0.00   3.2    NO    6.6    6.6    6.6  1025.6   0.00    0.0    0.123   0.000   20.1    54   10.5   19.6   10.02   1.2038     351     1    100.0   15 
14/12/25   3:00    6.7    6.8    6.6    92    5.5    0.0     NO   0.00   1.6    NO    6.7    6.8    6.8  1025.5   0.00    0.0    0.121   0.000   19.8    54   10.3   19.3   10.04   1.2051     351     1    100.0   15 
14/12/25   3:15    6.8    6.8    6.7    91    5.4    0.0     NO   0.00   1.6    NO    6.8    6.8    6.8  1025.5   0.00    0.0    0.120   0.000   19.6    55   10.3   19.1   10.21   1.2062     351     1    100.0   15 
14/12/25   3:30    6.7    6.7    6.6    91    5.3    0.0    ---   0.00   0.0   ---    6.7    6.7    6.7  1025.3   0.00    0.0    0.122   0.000   19.3    55   10.1   18.8   10.21   1.2072     351     1    100.0   15 
14/12/25   3:45    6.6    6.7    6.5    91    5.2    0.0     NO   0.00   1.6    NO    6.6    6.7    6.7  1025.3   0.00    0.0    0.122   0.000   19.1    55    9.9   18.6   10.22   1.2083     352     1    100.0   15 
14/12/25   4:00    6.5    6.5    6.4    92    5.3    0.0     NO   0.00   1.6    NO    6.5    6.6    6.6  1025.2   0.00    0.0    0.123   0.000   18.9    56   10.0   18.4   10.43   1.2087     351     1    100.0   15 
