                 Temp.  Temp.  Temp.  Hum.   Punt   Vel.   Dir.   Rec.  Vel.  Dir.  Sens.   Índ.   Índ.                  Int. Graus D.Graus D.  Temp.  Hum. Rosada  In.Cal.  EMC     Dens.    Mostr   Tx   Recep.  Int.
  Data    Hora    Ext.   Màx.   Mín.  Ext. Rosada   Vent   Vent   Vent  Màx.  Màx.  Tèrm.  Calor   THW    Bar    Pluja   Pluja  Calor    Fred    Int.  Int.   Int.   Int.    Int.  Int.Aire    Vent   Vent   ISS   Arc.
-------------------------------------------------------------------------------------------------------------------------------------------------------------------------------------------------------------------------
18/06/23   0:15   22.4   22.6   22.4    60   14.3    4.8    ONO   1.21  14.5   ONO   22.4   22.5   22.5  1019.1   0.00    0.0    0.000   0.043   28.1    45   15.1   28.3    8.30   1.1593     350     1    100.0   15 
18/06/23   0:30   22.3   22.4   22.3    61   14.4    4.8      O   1.21  14.5   ONO   22.3   22.4   22.4  1019.1   0.00    0.0    0.000   0.042   28.1    45   15.1   28.3    8.30   1.1593     351     1    100.0   15 
18/06/23   0:45   22.1   22.3   22.0    63   14.7    3.2    ONO   0.80  11.3   ONO   22.1   22.2   22.2  1018.7   0.00    0.0    0.000   0.039   28.1    46   15.4   28.3    8.45   1.1584     351     1    100.0   15 
18/06/23   1:00   21.9   22.0   21.8    65   15.0    3.2      O   0.80   9.7   ONO   21.9   21.9   21.9  1018.9   0.00    0.0    0.000   0.037   28.1    46   15.4   28.3    8.45   1.1586     350     1    100.0   15 
18/06/23   1:15   21.6   21.8   21.5    67   15.2    3.2    ONO   0.80   9.7    NO   21.6   21.7   21.7  1018.6   0.00    0.0    0.000   0.034   28.1    46   15.4   28.2    8.45   1.1586     350     1    100.0   15 
18/06/23   1:30   21.5   21.5   21.4    67   15.1    0.0    ONO   0.00   4.8   ONO   21.5   21.5   21.5  1018.2   0.00    0.0    0.000   0.033   28.0    47   15.6   28.2    8.60   1.1580     351     1    100.0   15 
18/06/23   1:45   21.5   21.6   21.4    67   15.1    0.0    ONO   0.00   3.2   ONO   21.5   21.5   21.5  1018.2   0.00    0.0    0.000   0.033   28.0    47   15.6   28.2    8.60   1.1579     349     1    100.0   15 
18/06/23   2:00   21.4   21.5   21.4    67   15.1    0.0     NE   0.00   1.6   ONO   21.4   21.4   21.4  1017.7   0.00    0.0    0.000   0.032   28.0    47   15.6   28.2    8.60   1.1574     351     1    100.0   15 
18/06/23   2:15   21.4   21.5   21.3    67   15.1    0.0    ESE   0.00   4.8     E   21.4   21.4   21.4  1017.2   0.00    0.0    0.000   0.032   27.9    48   15.9   28.2    8.80   1.1566     351     1    100.0   15 
18/06/23   2:30   21.0   21.3   20.7    71   15.5    1.6    OSO   0.40   4.8   ESE   21.0   21.2   21.2  1017.5   0.00    0.0    0.000   0.028   27.9    48   15.9   28.2    8.80   1.1570     351     1    100.0   15 
18/06/23   2:45   20.6   20.7   20.6    73   15.6    1.6      O   0.40   6.4   OSO   20.6   21.0   21.0  1017.9   0.00    0.0    0.000   0.024   27.9    48   15.9   28.1    8.81   1.1577     351     1    100.0   15 
18/06/23   3:00   20.7   20.9   20.6    72   15.5    0.0      O   0.00   3.2     O   20.7   21.0   21.0  1017.4   0.00    0.0    0.000   0.025   27.8    48   15.8   28.1    8.81   1.1574     351     1    100.0   15 
18/06/23   3:15   21.1   21.2   20.9    71   15.6    0.0     SE   0.00   4.8   OSO   21.1   21.2   21.2  1016.8   0.00    0.0    0.000   0.029   27.8    49   16.1   28.1    8.91   1.1566     351     1    100.0   15 
18/06/23   3:30   21.1   21.2   21.0    71   15.6    1.6     NE   0.40   4.8    NE   21.1   21.2   21.2  1016.5   0.00    0.0    0.000   0.029   27.7    49   16.0   27.9    8.91   1.1565     351     1    100.0   15 
18/06/23   3:45   21.0   21.1   21.0    72   15.8    1.6      E   0.40   8.0     E   21.0   21.2   21.2  1016.3   0.00    0.0    0.000   0.028   27.7    49   16.0   27.9    8.91   1.1563     350     1    100.0   15 
18/06/23   4:00   20.8   21.0   20.7    72   15.6    0.0     NO   0.00   6.4   OSO   20.8   21.1   21.1  1016.4   0.00    0.0    0.000   0.026   27.7    49   16.0   27.9    8.91   1.1567     352     1    100.0   15 
18/06/23   4:15   20.6   20.7   20.4    75   16.0    0.0      O   0.00   8.0     O   20.6   21.1   21.1  1016.8   0.00    0.0    0.000   0.023   27.6    49   15.9   27.8    8.92   1.1574     351     1    100.0   15 
18/06/23   4:30   20.3   20.4   20.3    75   15.8    1.6      O   0.40   6.4     O   20.3   20.9   20.9  1017.0   0.00    0.0    0.000   0.021   27.6    50   16.2   27.8    9.12   1.1575     349     1    100.0   15 
18/06/23   4:45   20.4   20.4   20.3    76   16.0    1.6    OSO   0.40   8.0   OSO   20.4   21.0   21.0  1017.2   0.00    0.0    0.000   0.021   27.5    50   16.1   27.7    9.12   1.1580     351     1    100.0   15 
18/06/23   5:00   20.4   20.6   20.3    74   15.6    1.6      O   0.40   8.0     O   20.4   20.9   20.9  1017.1   0.00    0.0    0.000   0.021   27.4    50   16.1   27.7    9.12   1.1582     352     1    100.0   15 
18/06/23   5:15   20.7   20.7   20.6    74   15.9    1.6    ONO   0.40   6.4   ONO   20.7   21.1   21.1  1017.2   0.00    0.0    0.000   0.024   27.6    50   16.2   27.8    9.12   1.1577     349     1    100.0   15 
18/06/23   5:30   20.8   21.1   20.7    74   16.0    0.0    ONO   0.00   3.2   ONO   20.8   21.2   21.2  1017.3   0.00    0.0    0.000   0.026   27.8    50   16.5   28.2    9.11   1.1564     351     1    100.0   15 
18/06/23   5:45   21.2   21.3   21.1    73   16.2    1.6    ONO   0.40   4.8   ONO   21.2   21.4   21.4  1017.2   0.00    0.0    0.000   0.030   28.1    50   16.7   28.6    9.10   1.1552     351     1    100.0   15 
18/06/23   6:00   21.7   21.9   21.3    71   16.2    1.6    ONO   0.40   6.4     O   21.7   21.9   21.9  1017.4   0.00    0.0    0.000   0.035   28.3    49   16.6   28.9    8.89   1.1544     352     1    100.0   15 
18/06/23   6:15   22.3   22.6   22.0    67   15.9    1.6      O   0.40   8.0     O   22.3   22.6   22.6  1017.5   0.00    0.0    0.000   0.041   28.5    49   16.7   29.2    8.88   1.1538     351     1    100.0   15 
18/06/23   6:30   22.9   23.3   22.6    62   15.3    0.0      O   0.00   3.2     O   22.9   23.3   23.3  1017.6   0.00    0.0    0.000   0.048   28.7    48   16.6   29.4    8.78   1.1534     349     1    100.0   15 
18/06/23   6:45   23.8   24.2   23.4    60   15.5    0.0      O   0.00   4.8    SO   23.8   24.3   24.3  1017.7   0.00    0.0    0.000   0.057   28.8    48   16.7   29.7    8.77   1.1527     351     1    100.0   15 
18/06/23   7:00   24.2   24.2   24.1    60   15.9    0.0      S   0.00   4.8    SO   24.2   24.6   24.6  1017.8   0.00    0.0    0.000   0.061   28.8    47   16.4   29.6    8.57   1.1533     350     1    100.0   15 
18/06/23   7:15   24.1   24.2   24.1    62   16.3    1.6      O   0.40   6.4   OSO   24.1   24.6   24.6  1018.4   0.00    0.0    0.000   0.060   28.7    48   16.6   29.4    8.78   1.1543     352     1    100.0   15 
18/06/23   7:30   24.0   24.1   23.8    65   17.0    1.6    OSO   0.40   9.7     O   24.0   24.7   24.7  1018.7   0.00    0.0    0.000   0.059   28.7    49   16.9   29.4    8.88   1.1542     351     1    100.0   15 
18/06/23   7:45   22.8   23.8   22.1    77   18.5    3.2    ONO   0.80  11.3   ONO   22.8   23.7   23.7  1019.1   0.20    0.0    0.000   0.046   28.5    52   17.7   29.4    9.38   1.1542     351     1    100.0   15 
18/06/23   8:00   21.9   22.1   21.9    74   17.1    1.6      O   0.40   8.0   ONO   21.9   22.4   22.4  1019.3   0.00    0.0    0.000   0.038   28.4    53   17.9   29.3    9.59   1.1545     351     1    100.0   15 
18/06/23   8:15   22.2   22.3   22.1    72   16.9    1.6      O   0.40   4.8     O   22.2   22.7   22.7  1019.1   0.00    0.0    0.000   0.041   28.3    53   17.8   29.2    9.59   1.1549     350     1    100.0   15 
18/06/23   8:30   22.4   22.6   22.3    70   16.6    1.6    ONO   0.40   6.4     O   22.4   22.8   22.8  1019.2   0.00    0.0    0.000   0.042   28.1    52   17.3   28.8    9.40   1.1564     351     1    100.0   15 
18/06/23   8:45   22.5   22.6   22.4    72   17.2    1.6    SSO   0.40   6.4   SSO   22.5   23.1   23.1  1019.6   0.00    0.0    0.000   0.043   28.0    53   17.5   28.7    9.60   1.1570     351     1    100.0   15 
18/06/23   9:00   22.2   22.4   21.7    76   17.7    1.6    OSO   0.40   6.4   SSE   22.2   22.8   22.8  1019.8   0.60    2.6    0.000   0.040   27.8    54   17.6   28.4    9.75   1.1579     349     1    100.0   15 
18/06/23   9:15   21.0   21.6   20.5    84   18.2    1.6    OSO   0.40   6.4     O   21.0   21.8   21.8  1020.0   1.20    6.0    0.000   0.028   27.8    57   18.5   28.7   10.19   1.1568     351     1    100.0   15 
18/06/23   9:30   19.9   20.5   19.4    86   17.5    0.0    OSO   0.00   6.4     O   19.9   20.8   20.8  1020.1   1.00    6.4    0.000   0.017   27.6    57   18.3   28.4   10.18   1.1581     351     1    100.0   15 
18/06/23   9:45   18.9   19.4   18.3    87   16.7    3.2     NO   0.80   8.0     O   18.9   19.6   19.6  1019.7   1.20    7.0    0.000   0.006   27.3    57   18.1   28.1   10.17   1.1589     351     1    100.0   15 
18/06/23  10:00   18.0   18.3   17.8    86   15.6    4.8    ONO   1.21   9.7   ONO   18.0   18.4   18.4  1019.5   0.40    3.4    0.003   0.000   27.1    55   17.3   27.6    9.85   1.1606     351     1    100.0   15 
18/06/23  10:15   17.9   18.4   17.7    88   15.9    3.2     NO   0.80   8.0    NO   17.9   18.4   18.4  1018.9   0.20    1.6    0.004   0.000   26.8    56   17.3   27.3   10.05   1.1612     351     1    100.0   15 
18/06/23  10:30   18.7   19.1   18.4    91   17.2    1.6    ONO   0.40   4.8   ONO   18.7   19.4   19.4  1018.4   0.00    0.0    0.000   0.004   26.6    58   17.7   27.2   10.35   1.1607     352     1    100.0   15 
18/06/23  10:45   19.3   19.6   19.1    91   17.8    0.0     NO   0.00   4.8    NO   19.3   20.2   20.2  1018.5   0.00    0.0    0.000   0.010   26.7    60   18.3   27.4   10.75   1.1594     349     1    100.0   15 
18/06/23  11:00   19.7   20.0   19.5    91   18.2    0.0    SSE   0.00   4.8   SSE   19.7   20.6   20.6  1018.1   0.00    0.0    0.000   0.014   26.8    60   18.4   27.6   10.75   1.1586     351     1    100.0   15 
18/06/23  11:15   19.9   20.0   19.9    91   18.4    3.2    ENE   0.80   9.7    NE   19.9   20.9   20.9  1017.2   0.00    0.0    0.000   0.017   26.9    61   18.8   27.9   10.95   1.1563     350     1    100.0   15 
18/06/23  11:30   20.2   20.4   20.1    90   18.5    1.6      E   0.40  11.3   ENE   20.2   21.2   21.2  1017.7   0.00    0.0    0.000   0.020   27.1    60   18.6   27.9   10.75   1.1568     351     1    100.0   15 
18/06/23  11:45   20.1   20.4   19.9    91   18.5    1.6      O   0.40   6.4   OSO   20.1   21.1   21.1  1017.8   0.00    0.0    0.000   0.018   27.1    61   18.9   28.0   10.95   1.1564     351     1    100.0   15 
18/06/23  12:00   20.1   20.2   19.9    91   18.6    0.0    OSO   0.00   4.8   OSO   20.1   21.1   21.1  1017.5   0.00    0.0    0.000   0.019   27.1    61   18.9   28.0   10.95   1.1560     350     1    100.0   15 
18/06/23  12:15   20.6   20.9   20.2    89   18.7    1.6    OSO   0.40   8.0   OSO   20.6   21.7   21.7  1018.0   0.00    0.0    0.000   0.023   27.1    61   18.9   28.1   10.95   1.1563     351     1    100.0   15 
18/06/23  12:30   21.2   21.7   20.8    85   18.6    3.2    SSO   0.80   8.0     S   21.2   22.1   22.1  1018.3   0.00    0.0    0.000   0.030   27.2    60   18.8   28.2   10.75   1.1565     351     1    100.0   15 
18/06/23  12:45   22.4   23.1   21.7    76   18.0    4.8    SSE   1.21  11.3    SE   22.4   23.2   23.2  1018.2   0.00    0.0    0.000   0.043   27.3    59   18.6   28.2   10.55   1.1562     352     1    100.0   15 
18/06/23  13:00   23.7   24.2   23.1    69   17.7    3.2      S   0.80   9.7     S   23.7   24.6   24.6  1018.1   0.00    0.0    0.000   0.056   27.4    58   18.4   28.3   10.35   1.1559     351     1    100.0   15 
18/06/23  13:15   24.6   24.7   24.2    69   18.5    1.6     SO   0.40   6.4    SO   24.6   25.5   25.5  1017.9   0.00    0.0    0.000   0.065   27.6    58   18.5   28.5   10.35   1.1551     351     1    100.0   15 
18/06/23  13:30   24.8   25.4   24.6    58   16.0    0.0      S   0.00   4.8     S   24.8   25.2   25.2  1017.6   0.00    0.0    0.000   0.068   27.7    57   18.4   28.6   10.19   1.1547     351     1    100.0   15 
18/06/23  13:45   25.9   26.2   25.4    58   17.0    1.6    ENE   0.40   6.4   ESE   25.9   26.3   26.3  1017.5   0.00    0.0    0.000   0.079   27.8    56   18.2   28.7   10.05   1.1541     351     1    100.0   15 
18/06/23  14:00   25.9   26.1   25.9    57   16.8    3.2    ENE   0.80   8.0     E   25.9   26.4   26.4  1017.5   0.00    0.0    0.000   0.079   27.9    54   17.8   28.7    9.75   1.1544     351     1    100.0   15 
18/06/23  14:15   25.9   25.9   25.8    57   16.7    3.2     SE   0.80   6.4   ESE   25.9   26.3   26.3  1017.6   0.00    0.0    0.000   0.079   28.0    53   17.5   28.7    9.60   1.1546     350     1    100.0   15 
18/06/23  14:30   26.1   26.1   25.9    58   17.1    3.2    ENE   0.80  11.3   ESE   26.1   26.6   26.6  1017.6   0.00    0.0    0.000   0.080   28.1    53   17.6   28.9    9.60   1.1541     350     1    100.0   15 
18/06/23  14:45   26.0   26.1   25.9    59   17.4    3.2    ESE   0.80   8.0     E   26.0   26.6   26.6  1017.9   0.00    0.0    0.000   0.080   28.1    53   17.6   28.9    9.60   1.1544     352     1    100.0   15 
18/06/23  15:00   25.9   26.0   25.8    53   15.6    4.8    ESE   1.21  12.9   ESE   25.9   26.1   26.1  1017.9   0.00    0.0    0.000   0.079   28.2    52   17.4   28.9    9.40   1.1545     351     1    100.0   15 
18/06/23  15:15   25.9   26.1   25.8    54   15.9    3.2    SSE   0.80  11.3   ESE   25.9   26.2   26.2  1018.0   0.00    0.0    0.000   0.079   28.2    50   16.8   28.7    9.10   1.1555     349     1    100.0   15 
18/06/23  15:30   26.1   26.1   26.1    55   16.4    4.8     SE   1.21  16.1   ESE   26.1   26.4   26.4  1018.2   0.00    0.0    0.000   0.081   28.2    50   16.8   28.7    9.10   1.1558     351     1    100.0   15 
18/06/23  15:45   25.9   26.1   25.8    54   15.9    4.8    OSO   1.21  16.1   ESE   25.9   26.2   26.2  1018.3   0.00    0.0    0.000   0.079   28.2    50   16.8   28.8    9.09   1.1556     349     1    100.0   15 
18/06/23  16:00   25.7   25.8   25.6    55   16.0    3.2      O   0.80  12.9    SO   25.7   26.0   26.0  1018.0   0.00    0.0    0.000   0.077   28.2    50   16.8   28.8    9.09   1.1552     351     1    100.0   15 
18/06/23  16:15   25.6   25.6   25.5    52   15.0    1.6      S   0.40   4.8     S   25.6   25.7   25.7  1017.6   0.00    0.0    0.000   0.075   28.2    50   16.8   28.8    9.09   1.1548     349     1    100.0   15 
18/06/23  16:30   25.9   26.0   25.6    46   13.4    4.8      E   1.21  12.9   ESE   25.9   25.8   25.8  1017.5   0.00    0.0    0.000   0.079   28.2    47   15.8   28.6    8.59   1.1561     351     1    100.0   15 
18/06/23  16:45   25.7   25.8   25.6    49   14.2    6.4      E   1.61  16.1   ENE   25.7   25.7   25.7  1017.3   0.00    0.0    0.000   0.077   28.3    46   15.6   28.6    8.45   1.1559     350     1    100.0   15 
18/06/23  17:00   25.4   25.6   25.3    53   15.2    6.4      E   1.61  17.7   ENE   25.4   25.6   25.6  1017.4   0.00    0.0    0.000   0.074   28.3    47   15.9   28.8    8.59   1.1553     352     1    100.0   15 
18/06/23  17:15   25.1   25.3   25.0    51   14.3    9.7      E   2.41  16.1     E   25.1   25.1   25.1  1017.3   0.00    0.0    0.000   0.071   28.3    47   15.9   28.7    8.59   1.1555     350     1    100.0   15 
18/06/23  17:30   25.2   25.2   25.1    47   13.1    6.4    ESE   1.61  14.5   ENE   25.2   25.0   25.0  1017.5   0.00    0.0    0.000   0.071   28.2    46   15.5   28.5    8.45   1.1565     351     1    100.0   15 
18/06/23  17:45   25.3   25.4   25.3    41   11.1    6.4      E   1.61  16.1     E   25.3   24.9   24.9  1017.4   0.00    0.0    0.000   0.073   28.2    44   14.8   28.3    8.15   1.1575     349     1    100.0   15 
18/06/23  18:00   25.4   25.4   25.3    40   10.8    6.4    ESE   1.61  14.5   ESE   25.4   24.9   24.9  1017.9   0.00    0.0    0.000   0.073   28.1    43   14.3   28.0    8.00   1.1591     352     1    100.0   15 
18/06/23  18:15   25.2   25.3   25.2    39   10.3    4.8      E   1.21  11.3   ESE   25.2   24.7   24.7  1017.5   0.00    0.0    0.000   0.072   28.0    41   13.5   27.8    7.70   1.1598     351     1    100.0   15 
18/06/23  18:30   25.1   25.2   24.9    38    9.7    4.8      E   1.21  11.3   ENE   25.1   24.6   24.6  1017.6   0.00    0.0    0.000   0.070   27.9    41   13.5   27.7    7.70   1.1602     351     1    100.0   15 
18/06/23  18:45   24.9   25.0   24.8    38    9.6    3.2    ESE   0.80   9.7     E   24.9   24.4   24.4  1017.8   0.00    0.0    0.000   0.068   27.8    40   13.0   27.4    7.55   1.1613     351     1    100.0   15 
18/06/23  19:00   24.7   24.8   24.5    40   10.2    3.2    ENE   0.80   8.0     E   24.7   24.2   24.2  1017.6   0.00    0.0    0.000   0.066   27.8    40   13.0   27.4    7.55   1.1612     351     1    100.0   15 
18/06/23  19:15   24.3   24.5   24.2    42   10.6    3.2    ESE   0.80   8.0     E   24.3   23.9   23.9  1018.1   0.00    0.0    0.000   0.063   27.7    40   12.9   27.3    7.55   1.1622     351     1    100.0   15 
18/06/23  19:30   24.1   24.2   24.1    43   10.7    1.6    ESE   0.40   4.8     E   24.1   23.8   23.8  1018.1   0.00    0.0    0.000   0.060   27.7    41   13.2   27.3    7.71   1.1620     351     1    100.0   15 
18/06/23  19:45   23.9   24.1   23.7    45   11.2    1.6      E   0.40   8.0     E   23.9   23.7   23.7  1017.8   0.00    0.0    0.000   0.058   27.6    41   13.2   27.2    7.72   1.1620     350     1    100.0   15 
18/06/23  20:00   23.4   23.7   23.1    49   12.1    6.4    ENE   1.61  12.9   ENE   23.4   23.3   23.3  1017.3   0.00    0.0    0.000   0.053   27.6    41   13.1   27.2    7.72   1.1617     351     1    100.0   15 
18/06/23  20:15   22.9   23.1   22.9    53   12.9    4.8    ESE   1.21  14.5     E   22.9   22.9   22.9  1018.2   0.00    0.0    0.000   0.048   27.5    42   13.4   27.2    7.85   1.1626     351     1    100.0   15 
18/06/23  20:30   22.8   22.9   22.8    52   12.5    3.2     NE   0.80   8.0     E   22.8   22.7   22.7  1018.2   0.00    0.0    0.000   0.047   27.4    43   13.8   27.2    8.02   1.1624     351     1    100.0   15 
18/06/23  20:45   22.8   22.9   22.7    55   13.3    3.2    ENE   0.80   8.0    NE   22.8   22.8   22.8  1018.1   0.00    0.0    0.000   0.047   27.4    44   14.1   27.2    8.15   1.1621     351     1    100.0   15 
18/06/23  21:00   22.6   22.7   22.4    62   14.9    4.8    ENE   1.21   9.7    NE   22.6   22.7   22.7  1017.9   0.00    0.0    0.000   0.044   27.3    45   14.3   27.1    8.33   1.1620     351     1    100.0   15 
18/06/23  21:15   22.2   22.4   21.9    63   14.8    3.2    ENE   0.80  11.3   ENE   22.2   22.2   22.2  1018.4   0.00    0.0    0.000   0.040   27.2    46   14.6   27.1    8.45   1.1625     350     2    100.0   15 
18/06/23  21:30   21.8   21.9   21.8    64   14.7    3.2    ENE   0.80   6.4   ENE   21.8   21.8   21.8  1018.6   0.00    0.0    0.000   0.036   27.2    46   14.5   27.0    8.45   1.1630     351     1    100.0   15 
18/06/23  21:45   21.9   22.0   21.8    61   14.0    3.2     NE   0.80   8.0    NE   21.9   21.7   21.7  1018.7   0.00    0.0    0.000   0.037   27.1    47   14.8   27.0    8.63   1.1630     351     1    100.0   15 
18/06/23  22:00   21.9   22.0   21.9    61   14.1    1.6    ENE   0.40   6.4   ENE   21.9   21.8   21.8  1018.8   0.00    0.0    0.000   0.038   27.1    47   14.8   26.9    8.64   1.1633     349     1    100.0   15 
18/06/23  22:15   21.5   21.9   21.1    62   13.9    1.6     NO   0.40   4.8   NNE   21.5   21.3   21.3  1018.8   0.00    0.0    0.000   0.033   27.0    48   15.1   26.9    8.84   1.1633     351     1    100.0   15 
18/06/23  22:30   20.9   21.0   20.8    62   13.3    0.0     NO   0.00   3.2    NO   20.9   20.6   20.6  1018.7   0.00    0.0    0.000   0.027   27.0    48   15.1   26.9    8.84   1.1631     352     1    100.0   15 
18/06/23  22:45   20.7   20.9   20.6    63   13.4    1.6     NO   0.40   4.8    NO   20.7   20.5   20.5  1018.4   0.00    0.0    0.000   0.025   26.9    49   15.3   26.9    8.94   1.1627     350     1    100.0   15 
18/06/23  23:00   20.7   20.8   20.6    62   13.1    0.0     NO   0.00   3.2    NO   20.7   20.4   20.4  1018.6   0.00    0.0    0.000   0.024   27.0    49   15.4   27.0    8.94   1.1626     350     1    100.0   15 
18/06/23  23:15   20.8   20.9   20.8    62   13.3    0.0     NO   0.00   3.2    NO   20.8   20.6   20.6  1018.6   0.00    0.0    0.000   0.026   27.1    49   15.4   27.1    8.94   1.1623     351     1    100.0   15 
18/06/23  23:30   20.8   20.9   20.8    62   13.2    0.0    ONO   0.00   4.8    NO   20.8   20.5   20.5  1018.7   0.00    0.0    0.000   0.025   27.0    50   15.7   27.1    9.14   1.1623     352     1    100.0   15 
18/06/23  23:45   20.6   20.8   20.4    64   13.6    0.0    ONO   0.00   3.2   ONO   20.6   20.5   20.5  1018.3   0.00    0.0    0.000   0.024   26.9    50   15.6   26.9    9.14   1.1624     350     1    100.0   15 
19/06/23  00:00   20.4   20.4   20.3    62   12.9    0.0    ONO   0.00   6.4    SO   20.4   20.2   20.2  1018.8   0.00    0.0    0.000   0.021   26.8    50   15.5   26.8    9.15   1.1635     351     1    100.0   15 
19/06/23   0:15   20.1   20.4   19.7    65   13.3    1.6    OSO   0.40   4.8   OSO   20.1   20.2   20.2  1018.7   0.00    0.0    0.000   0.018   26.7    50   15.4   26.7    9.15   1.1640     350     1    100.0   15 
19/06/23   0:30   20.1   20.3   19.7    61   12.3    1.6     NO   0.40   6.4    NE   20.1   19.9   19.9  1018.2   0.00    0.0    0.000   0.018   26.6    51   15.6   26.7    9.35   1.1632     349     1    100.0   15 
19/06/23   0:45   20.2   20.3   20.1    61   12.4    0.0     NO   0.00   4.8    NO   20.2   20.0   20.0  1018.2   0.00    0.0    0.000   0.019   26.5    51   15.5   26.6    9.35   1.1639     350     1    100.0   15 
19/06/23   1:00   20.2   20.3   20.0    62   12.7    1.6    ENE   0.40   4.8     E   20.2   20.1   20.1  1018.3   0.00    0.0    0.000   0.020   26.4    51   15.5   26.6    9.35   1.1643     351     1    100.0   15 
19/06/23   1:15   20.0   20.1   19.9    64   13.0    0.0    SSE   0.00   3.2   SSE   20.0   20.1   20.1  1018.0   0.00    0.0    0.000   0.017   26.4    51   15.4   26.6    9.35   1.1642     349     1    100.0   15 
19/06/23   1:30   19.9   20.0   19.9    66   13.3    0.0     SE   0.00   4.8     S   19.9   20.0   20.0  1018.0   0.00    0.0    0.000   0.016   26.3    51   15.4   26.5    9.35   1.1645     351     1    100.0   15 
19/06/23   1:45   19.8   19.9   19.7    67   13.5    0.0    ---   0.00   0.0   ---   19.8   19.9   19.9  1017.7   0.00    0.0    0.000   0.015   26.3    51   15.3   26.4    9.35   1.1644     350     1    100.0   15 
19/06/23   2:00   19.5   19.7   19.3    69   13.7    0.0    ---   0.00   0.0   ---   19.5   19.7   19.7  1017.6   0.00    0.0    0.000   0.012   26.2    52   15.6   26.4    9.47   1.1642     352     1    100.0   15 
19/06/23   2:15   19.1   19.3   19.0    70   13.5    0.0    ---   0.00   0.0   ---   19.1   19.3   19.3  1017.7   0.00    0.0    0.000   0.008   26.2    52   15.5   26.4    9.47   1.1646     351     1    100.0   15 
19/06/23   2:30   18.9   19.0   18.8    71   13.5    0.0    ---   0.00   0.0   ---   18.9   19.1   19.1  1017.7   0.00    0.0    0.000   0.006   26.1    52   15.5   26.3    9.47   1.1648     351     1    100.0   15 
19/06/23   2:45   18.7   18.8   18.7    70   13.1    0.0    ENE   0.00   4.8   ENE   18.7   18.8   18.8  1017.5   0.00    0.0    0.000   0.004   26.0    52   15.4   26.2    9.47   1.1652     351     1    100.0   15 
19/06/23   3:00   18.8   18.9   18.8    70   13.2    3.2    ENE   0.80   9.7     E   18.8   18.9   18.9  1017.3   0.00    0.0    0.000   0.005   25.9    52   15.3   26.1    9.48   1.1652     352     1    100.0   15 
19/06/23   3:15   18.8   18.8   18.7    71   13.4    1.6    ENE   0.40   9.7     E   18.8   18.9   18.9  1017.1   0.00    0.0    0.000   0.005   25.9    52   15.3   26.1    9.48   1.1653     351     1    100.0   15 
