                 Temp.  Temp.  Temp.  Hum.   Punt   Vel.   Dir.   Rec.  Vel.  Dir.  Sens.   Índ.   Índ.                  Int. Graus D.Graus D.  Temp.  Hum. Rosada  In.Cal.  EMC     Dens.    Mostr   Tx   Recep.  Int.
  Data    Hora    Ext.   Màx.   Mín.  Ext. Rosada   Vent   Vent   Vent  Màx.  Màx.  Tèrm.  Calor   THW    Bar    Pluja   Pluja  Calor    Fred    Int.  Int.   Int.   Int.    Int.  Int.Aire    Vent   Vent   ISS   Arc.
-------------------------------------------------------------------------------------------------------------------------------------------------------------------------------------------------------------------------
14/06/23   0:15   16.8   16.8   16.7    87   14.6    0.0    ONO   0.00   4.8   ONO   16.8   17.0   17.0  1013.9   0.00    0.0    0.016   0.000   24.6    59   16.0   24.9   10.70   1.1657     349     1    100.0   15 
14/06/23   0:30   16.6   16.7   16.4    88   14.6    0.0    ONO   0.00   3.2   ONO   16.6   16.8   16.8  1013.9   0.00    0.0    0.019   0.000   24.4    59   15.9   24.8   10.71   1.1663     350     1    100.0   15 
14/06/23   0:45   16.3   16.4   16.3    89   14.5    0.0    ONO   0.00   3.2   ONO   16.3   16.5   16.5  1013.8   0.00    0.0    0.021   0.000   24.3    60   16.1   24.7   10.92   1.1665     352     1    100.0   15 
14/06/23   1:00   16.3   16.3   16.3    89   14.5    1.6     NO   0.40   4.8    NO   16.3   16.5   16.5  1013.8   0.00    0.0    0.021   0.000   24.3    60   16.0   24.7   10.92   1.1667     351     1    100.0   15 
14/06/23   1:15   16.3   16.4   16.3    88   14.3    0.0     NO   0.00   4.8    NO   16.3   16.6   16.6  1013.7   0.00    0.0    0.021   0.000   24.2    60   16.0   24.7   10.93   1.1669     351     1    100.0   15 
14/06/23   1:30   16.4   16.6   16.3    86   14.1    0.0     NO   0.00   3.2    NO   16.4   16.6   16.6  1013.7   0.00    0.0    0.020   0.000   24.2    60   15.9   24.6   10.93   1.1672     351     1    100.0   15 
14/06/23   1:45   16.6   16.7   16.6    87   14.4    0.0     NO   0.00   3.2    NO   16.6   16.8   16.8  1013.7   0.00    0.0    0.018   0.000   24.1    60   15.9   24.6   10.93   1.1675     350     1    100.0   15 
14/06/23   2:00   16.4   16.6   16.3    88   14.5    0.0     NO   0.00   3.2    NO   16.4   16.7   16.7  1013.8   0.00    0.0    0.020   0.000   24.1    60   15.8   24.5   10.94   1.1679     350     1    100.0   15 
14/06/23   2:15   16.3   16.4   16.3    88   14.3    0.0     NO   0.00   1.6    NO   16.3   16.6   16.6  1013.7   0.00    0.0    0.021   0.000   23.9    60   15.7   24.4   10.95   1.1684     351     1    100.0   15 
14/06/23   2:30   16.3   16.4   16.2    88   14.3    0.0     NO   0.00   3.2    NO   16.3   16.4   16.4  1013.8   0.00    0.0    0.021   0.000   23.9    60   15.7   24.4   10.95   1.1688     351     1    100.0   15 
14/06/23   2:45   16.2   16.2   16.2    89   14.4    0.0    ONO   0.00   3.2   ONO   16.2   16.4   16.4  1014.0   0.00    0.0    0.022   0.000   23.8    60   15.6   24.3   10.95   1.1693     351     1    100.0   15 
14/06/23   3:00   16.2   16.2   16.2    89   14.4    0.0    ONO   0.00   1.6   ONO   16.2   16.4   16.4  1014.0   0.00    0.0    0.023   0.000   23.8    60   15.5   24.3   10.95   1.1695     352     1    100.0   15 
14/06/23   3:15   16.2   16.2   16.1    89   14.4    0.0    ONO   0.00   3.2   ONO   16.2   16.4   16.4  1014.1   0.00    0.0    0.023   0.000   23.7    60   15.4   24.1   10.96   1.1703     351     1    100.0   15 
14/06/23   3:30   16.1   16.1   16.1    89   14.3    0.0    ONO   0.00   1.6   ONO   16.1   16.3   16.3  1014.2   0.00    0.0    0.023   0.000   23.6    60   15.4   24.1   10.96   1.1706     350     1    100.0   15 
14/06/23   3:45   16.1   16.1   16.0    89   14.2    0.0    ---   0.00   0.0   ---   16.1   16.3   16.3  1014.4   0.00    0.0    0.024   0.000   23.6    60   15.3   24.0   10.96   1.1712     351     1    100.0   15 
14/06/23   4:00   16.0   16.1   15.9    90   14.4    0.0    ONO   0.00   3.2   ONO   16.0   16.2   16.2  1014.4   0.00    0.0    0.024   0.000   23.4    60   15.2   23.8   10.97   1.1718     351     1    100.0   15 
14/06/23   4:15   15.9   16.0   15.9    90   14.3    0.0    ONO   0.00   1.6   ONO   15.9   16.2   16.2  1014.6   0.00    0.0    0.025   0.000   23.4    60   15.2   23.8   10.97   1.1723     351     1    100.0   15 
14/06/23   4:30   15.8   15.9   15.7    90   14.2    0.0    ONO   0.00   4.8   ONO   15.8   16.0   16.0  1014.8   0.00    0.0    0.026   0.000   23.3    61   15.4   23.8   11.09   1.1725     349     1    100.0   15 
14/06/23   4:45   15.8   15.9   15.7    89   14.0    1.6      O   0.40   4.8     O   15.8   15.9   15.9  1014.9   0.00    0.0    0.027   0.000   23.3    61   15.3   23.7   11.09   1.1729     350     1    100.0   15 
14/06/23   5:00   16.1   16.3   15.9    87   13.9    3.2     NO   0.80   8.0     O   16.1   16.2   16.2  1014.8   0.00    0.0    0.024   0.000   23.2    61   15.3   23.6   11.10   1.1731     352     1    100.0   15 
14/06/23   5:15   16.5   16.7   16.3    85   14.0    1.6     NO   0.40   4.8     O   16.5   16.7   16.7  1015.0   0.00    0.0    0.019   0.000   23.2    61   15.3   23.6   11.10   1.1733     351     1    100.0   15 
14/06/23   5:30   16.7   16.8   16.6    84   13.9    1.6     NO   0.40   9.7    NO   16.7   16.8   16.8  1015.2   0.00    0.0    0.017   0.000   23.2    61   15.3   23.6   11.10   1.1735     350     1    100.0   15 
14/06/23   5:45   16.9   17.0   16.8    84   14.2    3.2    ONO   0.80   9.7     O   16.9   17.1   17.1  1015.2   0.00    0.0    0.015   0.000   23.2    60   15.0   23.6   10.97   1.1739     350     1    100.0   15 
14/06/23   6:00   16.9   17.0   16.9    84   14.2    3.2      O   0.80   9.7     O   16.9   17.2   17.2  1015.2   0.00    0.0    0.014   0.000   23.3    60   15.1   23.7   10.97   1.1736     351     1    100.0   15 
14/06/23   6:15   17.1   17.2   16.9    84   14.3    4.8    ONO   1.21  12.9   ONO   17.1   17.3   17.3  1015.4   0.00    0.0    0.013   0.000   23.3    61   15.4   23.8   11.09   1.1733     351     1    100.0   15 
14/06/23   6:30   17.3   17.4   17.2    83   14.4    4.8      O   1.21  11.3   OSO   17.3   17.6   17.6  1015.4   0.00    0.0    0.010   0.000   23.5    62   15.8   24.0   11.26   1.1720     351     1    100.0   15 
14/06/23   6:45   17.7   18.1   17.4    82   14.6    1.6     NO   0.40   9.7   ONO   17.7   18.0   18.0  1015.6   0.00    0.0    0.006   0.000   23.8    61   15.9   24.4   11.05   1.1708     348     1    100.0   15 
14/06/23   7:00   18.3   18.6   18.2    81   15.0    1.6     NO   0.40   8.0    NO   18.3   18.7   18.7  1015.9   0.00    0.0    0.000   0.000   24.4    61   16.4   24.8   11.03   1.1682     349     1    100.0   15 
14/06/23   7:15   18.7   18.8   18.6    80   15.2    1.6    ONO   0.40  16.1    NO   18.7   19.2   19.2  1016.0   0.00    0.0    0.000   0.004   24.6    61   16.6   25.1   11.02   1.1672     352     1    100.0   15 
14/06/23   7:30   18.6   18.8   18.5    80   15.1    4.8    ONO   1.21  16.1    NO   18.6   19.1   19.1  1016.1   0.00    0.0    0.000   0.003   24.7    60   16.4   25.2   10.89   1.1671     350     1    100.0   15 
14/06/23   7:45   18.8   18.9   18.6    79   15.1    1.6      O   0.40   9.7     O   18.8   19.2   19.2  1016.0   0.00    0.0    0.000   0.005   24.8    60   16.5   25.3   10.88   1.1664     349     1    100.0   15 
14/06/23   8:00   19.2   19.3   18.9    78   15.2    1.6     NO   0.40   8.0   OSO   19.2   19.6   19.6  1016.1   0.00    0.0    0.000   0.009   25.0    60   16.7   25.4   10.87   1.1657     351     1    100.0   15 
14/06/23   8:15   19.3   19.4   19.3    77   15.2    1.6     NO   0.40   8.0    NO   19.3   19.8   19.8  1016.1   0.00    0.0    0.000   0.010   25.1    59   16.5   25.5   10.66   1.1655     351     1    100.0   15 
14/06/23   8:30   19.8   19.9   19.4    78   15.8    4.8      E   1.21   9.7     E   19.8   20.4   20.4  1016.1   0.00    0.0    0.000   0.015   25.2    59   16.6   25.6   10.65   1.1649     351     1    100.0   15 
14/06/23   8:45   20.2   20.7   19.8    75   15.6    0.0     NO   0.00   4.8   NNO   20.2   20.7   20.7  1016.1   0.00    0.0    0.000   0.019   25.4    59   16.8   25.9   10.64   1.1638     351     1    100.0   15 
14/06/23   9:00   21.3   21.8   20.7    68   15.1    1.6      S   0.40   9.7   SSO   21.3   21.3   21.3  1016.1   0.00    0.0    0.000   0.031   25.6    58   16.7   26.1   10.43   1.1633     351     1    100.0   15 
14/06/23   9:15   22.3   22.6   21.8    63   14.9    3.2    OSO   0.80  11.3   OSO   22.3   22.4   22.4  1016.2   0.00    0.0    0.000   0.041   25.8    58   16.9   26.2   10.41   1.1625     348     1    100.0   15 
14/06/23   9:30   22.7   23.1   22.4    60   14.5    3.2      O   0.80  14.5     O   22.7   22.8   22.8  1016.3   0.00    0.0    0.000   0.045   25.9    58   17.0   26.4   10.40   1.1617     352     1    100.0   15 
14/06/23   9:45   23.5   23.8   23.1    55   13.9    3.2      O   0.80  12.9    SO   23.5   23.7   23.7  1016.4   0.00    0.0    0.000   0.054   26.1    58   17.1   26.6   10.39   1.1612     348     1    100.0   15 
14/06/23  10:00   24.2   24.5   23.8    55   14.6    3.2      O   0.80  14.5    SO   24.2   24.4   24.4  1016.3   0.00    0.0    0.000   0.061   26.2    56   16.7   26.6   10.09   1.1614     350     1    100.0   15 
14/06/23  10:15   24.2   24.4   23.9    56   14.8    1.6    OSO   0.40  11.3   OSO   24.2   24.4   24.4  1016.3   0.00    0.0    0.000   0.061   26.2    55   16.5   26.6    9.88   1.1614     347     1    100.0   15 
14/06/23  10:30   24.6   24.8   24.4    53   14.4    3.2     NO   0.80  11.3   OSO   24.6   24.7   24.7  1016.3   0.00    0.0    0.000   0.065   26.2    54   16.2   26.5    9.77   1.1618     352     1    100.0   15 
14/06/23  10:45   24.8   25.0   24.7    54   14.8    4.8     NO   1.21  16.1   OSO   24.8   24.9   24.9  1016.3   0.00    0.0    0.000   0.067   26.3    54   16.2   26.6    9.76   1.1616     351     1    100.0   15 
14/06/23  11:00   25.2   25.4   25.0    51   14.4    4.8      O   1.21  14.5   ONO   25.2   25.2   25.2  1016.3   0.00    0.0    0.000   0.072   26.4    53   16.1   26.7    9.65   1.1611     351     1    100.0   15 
14/06/23  11:15   25.3   25.7   25.1    51   14.5    6.4      O   1.61  20.9   OSO   25.3   25.3   25.3  1016.3   0.00    0.0    0.000   0.073   26.6    53   16.2   26.9    9.65   1.1603     351     1    100.0   15 
14/06/23  11:30   26.1   26.7   25.6    50   14.8    3.2    OSO   0.80  20.9   OSO   26.1   26.2   26.2  1016.3   0.00    0.0    0.000   0.080   26.7    52   16.0   26.9    9.45   1.1601     351     1    100.0   15 
14/06/23  11:45   26.7   26.8   26.6    51   15.7    4.8     NO   1.21  16.1    NO   26.7   26.8   26.8  1016.4   0.00    0.0    0.000   0.087   26.9    52   16.2   27.1    9.44   1.1593     351     1    100.0   15 
14/06/23  12:00   26.4   26.7   26.1    50   15.1    4.8      O   1.21  11.3     O   26.4   26.4   26.4  1016.4   0.00    0.0    0.000   0.084   26.9    52   16.3   27.2    9.44   1.1590     351     1    100.0   15 
14/06/23  12:15   26.1   26.2   26.1    50   14.9    3.2      O   0.80  11.3   ONO   26.1   26.2   26.2  1016.2   0.00    0.0    0.000   0.081   27.0    52   16.3   27.2    9.44   1.1586     351     1    100.0   15 
14/06/23  12:30   27.2   27.9   26.3    46   14.5    3.2     NO   0.80  14.5     O   27.2   27.0   27.0  1016.1   0.00    0.0    0.000   0.092   27.1    52   16.4   27.4    9.43   1.1579     351     1    100.0   15 
14/06/23  12:45   27.6   28.1   27.2    48   15.6    3.2    ONO   0.80   9.7    NO   27.6   27.7   27.7  1016.2   0.00    0.0    0.000   0.096   27.2    52   16.5   27.5    9.43   1.1574     352     1    100.0   15 
14/06/23  13:00   27.4   27.7   27.2    51   16.4    3.2      E   0.80   9.7     E   27.4   27.7   27.7  1015.9   0.00    0.0    0.000   0.095   27.3    52   16.6   27.6    9.43   1.1568     351     1    100.0   15 
14/06/23  13:15   27.3   27.3   27.2    50   15.9    3.2     NO   0.80   9.7    NO   27.3   27.4   27.4  1016.0   0.00    0.0    0.000   0.093   27.3    52   16.6   27.7    9.43   1.1566     351     1    100.0   15 
14/06/23  13:30   27.4   27.7   27.2    50   16.1    3.2    ESE   0.80   8.0    NO   27.4   27.7   27.7  1016.0   0.00    0.0    0.000   0.095   27.4    52   16.7   27.7    9.42   1.1563     349     1    100.0   15 
14/06/23  13:45   26.9   27.3   26.7    50   15.6    1.6     SE   0.40   6.4    SE   26.9   26.9   26.9  1015.8   0.00    0.0    0.000   0.089   27.4    52   16.7   27.7    9.42   1.1561     350     1    100.0   15 
14/06/23  14:00   27.8   27.9   27.2    48   15.8    1.6    SSO   0.40   8.0   SSO   27.8   27.9   27.9  1015.8   0.00    0.0    0.000   0.098   27.4    53   17.0   27.8    9.62   1.1557     350     1    100.0   15 
14/06/23  14:15   27.6   27.9   27.3    50   16.2    1.6     SO   0.40   6.4   SSO   27.6   27.9   27.9  1015.8   0.00    0.0    0.000   0.097   27.4    53   17.0   27.9    9.62   1.1554     349     1    100.0   15 
14/06/23  14:30   27.6   27.8   27.4    47   15.3    1.6    ESE   0.40   8.0    SE   27.6   27.7   27.7  1015.8   0.00    0.0    0.000   0.097   27.5    53   17.1   28.0    9.62   1.1551     351     1    100.0   15 
14/06/23  14:45   27.9   28.2   27.4    41   13.4    1.6    ONO   0.40   6.4   ONO   27.9   27.6   27.6  1015.6   0.00    0.0    0.000   0.100   27.6    52   16.9   28.1    9.42   1.1548     350     1    100.0   15 
14/06/23  15:00   28.3   28.4   28.2    40   13.4    1.6     NO   0.40  14.5    NO   28.3   28.2   28.2  1015.7   0.00    0.0    0.000   0.104   27.7    52   16.9   28.1    9.41   1.1546     348     1    100.0   15 
14/06/23  15:15   28.3   28.4   28.3    41   13.8    4.8    ENE   1.21  14.5     E   28.3   28.3   28.3  1015.7   0.00    0.0    0.000   0.104   27.7    51   16.7   28.1    9.31   1.1547     350     1    100.0   15 
14/06/23  15:30   28.1   28.3   27.6    47   15.7    8.0    ENE   2.01  17.7   ENE   28.1   28.4   28.4  1015.8   0.00    0.0    0.000   0.102   27.8    51   16.8   28.3    9.31   1.1543     351     1    100.0   15 
14/06/23  15:45   27.1   27.5   26.8    49   15.4    6.4      E   1.61  17.7     E   27.1   27.1   27.1  1016.0   0.00    0.0    0.000   0.091   27.9    50   16.5   28.3    9.11   1.1546     350     1    100.0   15 
14/06/23  16:00   26.7   26.8   26.6    52   16.0    4.8    SSE   1.21  14.5    NE   26.7   26.8   26.8  1016.2   0.00    0.0    0.000   0.087   27.8    50   16.5   28.2    9.11   1.1552     352     1    100.0   15 
14/06/23  16:15   26.2   26.6   25.8    58   17.3    4.8    SSO   1.21  14.5     S   26.2   26.7   26.7  1016.3   0.00    0.0    0.000   0.082   27.7    51   16.7   28.1    9.31   1.1554     350     1    100.0   15 
14/06/23  16:30   25.4   25.8   25.1    60   17.1    6.4    SSO   1.61  17.7    SO   25.4   25.9   25.9  1016.4   0.00    0.0    0.000   0.074   27.7    51   16.7   28.1    9.31   1.1555     350     1    100.0   15 
14/06/23  16:45   24.9   25.1   24.7    60   16.6    8.0      S   2.01  17.7   SSE   24.9   25.4   25.4  1016.4   0.00    0.0    0.000   0.069   27.8    52   17.0   28.3    9.41   1.1548     350     1    100.0   15 
14/06/23  17:00   24.7   24.8   24.7    62   16.9    4.8      S   1.21  14.5   ENE   24.7   25.2   25.2  1016.3   0.00    0.0    0.000   0.067   27.8    52   17.1   28.4    9.41   1.1544     352     1    100.0   15 
14/06/23  17:15   24.7   24.8   24.7    62   16.9    3.2      S   0.80  11.3     S   24.7   25.2   25.2  1016.5   0.00    0.0    0.000   0.067   27.8    52   17.1   28.4    9.41   1.1547     350     1    100.0   15 
14/06/23  17:30   24.6   24.8   24.2    63   17.0    4.8    SSO   1.21  12.9   SSO   24.6   25.1   25.1  1016.6   0.00    0.0    0.000   0.065   27.8    53   17.3   28.4    9.61   1.1546     351     1    100.0   15 
14/06/23  17:45   24.0   24.2   23.8    65   17.0    3.2    OSO   0.80   9.7    SO   24.0   24.7   24.7  1016.9   0.00    0.0    0.000   0.059   27.7    53   17.3   28.3    9.61   1.1552     350     1    100.0   15 
14/06/23  18:00   23.7   23.8   23.7    67   17.2    4.8    SSO   1.21  11.3   SSO   23.7   24.5   24.5  1017.1   0.00    0.0    0.000   0.056   27.7    53   17.2   28.2    9.61   1.1557     351     1    100.0   15 
14/06/23  18:15   23.9   23.9   23.7    68   17.6    4.8    SSO   1.21  16.1     S   23.9   24.7   24.7  1017.1   0.00    0.0    0.000   0.058   27.7    53   17.2   28.2    9.61   1.1558     352     1    100.0   15 
14/06/23  18:30   23.8   23.9   23.8    68   17.6    6.4    SSO   1.61  14.5    SO   23.8   24.7   24.7  1017.2   0.00    0.0    0.000   0.057   27.6    54   17.5   28.2    9.75   1.1557     351     1    100.0   15 
14/06/23  18:45   23.8   23.9   23.7    68   17.6    4.8    SSO   1.21  12.9   OSO   23.8   24.7   24.7  1017.5   0.00    0.0    0.000   0.057   27.6    54   17.4   28.1    9.75   1.1564     350     1    100.0   15 
14/06/23  19:00   23.6   23.7   23.4    69   17.5    3.2    SSO   0.80  11.3     S   23.6   24.4   24.4  1017.6   0.00    0.0    0.000   0.054   27.5    54   17.4   28.1    9.75   1.1568     350     1    100.0   15 
14/06/23  19:15   23.2   23.4   23.1    71   17.7    4.8     SO   1.21  12.9   OSO   23.2   24.1   24.1  1017.8   0.00    0.0    0.000   0.051   27.4    55   17.6   28.1    9.85   1.1569     352     1    100.0   15 
14/06/23  19:30   22.9   23.1   22.8    74   18.1    4.8    SSO   1.21  11.3   SSO   22.9   23.8   23.8  1017.9   0.00    0.0    0.000   0.048   27.4    55   17.5   28.0    9.85   1.1573     351     1    100.0   15 
14/06/23  19:45   22.7   22.8   22.5    76   18.2    4.8    SSO   1.21  12.9    SO   22.7   23.5   23.5  1018.1   0.00    0.0    0.000   0.045   27.3    56   17.8   28.0   10.05   1.1574     350     1    100.0   15 
14/06/23  20:00   22.3   22.5   22.2    76   17.9    3.2    SSO   0.80   8.0   SSO   22.3   23.0   23.0  1018.4   0.00    0.0    0.000   0.042   27.3    56   17.7   27.9   10.05   1.1580     351     1    100.0   15 
14/06/23  20:15   21.9   22.2   21.8    77   17.7    3.2    SSO   0.80   9.7   SSO   21.9   22.6   22.6  1018.6   0.00    0.0    0.000   0.038   27.2    56   17.7   27.8   10.05   1.1585     351     1    100.0   15 
14/06/23  20:30   21.6   21.8   21.4    78   17.6    1.6    OSO   0.40   8.0    SO   21.6   22.2   22.2  1018.9   0.00    0.0    0.000   0.034   27.2    57   17.9   27.8   10.17   1.1588     349     1    100.0   15 
14/06/23  20:45   21.4   21.4   21.3    78   17.4    1.6    SSO   0.40   6.4   OSO   21.4   21.9   21.9  1019.2   0.00    0.0    0.000   0.032   27.1    57   17.9   27.8   10.17   1.1595     350     1    100.0   15 
14/06/23  21:00   21.2   21.3   21.2    78   17.2    0.0      S   0.00   6.4    SO   21.2   21.7   21.7  1019.4   0.00    0.0    0.000   0.030   27.0    57   17.8   27.6   10.16   1.1603     351     1    100.0   15 
14/06/23  21:15   21.1   21.2   21.0    78   17.1    0.0    OSO   0.00   1.6   OSO   21.1   21.6   21.6  1019.5   0.00    0.0    0.000   0.029   26.9    57   17.7   27.6   10.16   1.1606     349     1    100.0   15 
14/06/23  21:30   20.9   21.0   20.8    79   17.1    0.0     SO   0.00   4.8    SO   20.9   21.6   21.6  1019.7   0.00    0.0    0.000   0.027   26.9    57   17.7   27.5   10.16   1.1611     352     1    100.0   15 
14/06/23  21:45   20.8   20.9   20.6    79   17.1    1.6    OSO   0.40   4.8    SO   20.8   21.5   21.5  1019.7   0.00    0.0    0.000   0.026   26.8    57   17.6   27.4   10.16   1.1614     351     1    100.0   15 
14/06/23  22:00   20.4   20.6   20.3    81   17.1    1.6    OSO   0.40   8.0   OSO   20.4   21.3   21.3  1019.8   0.00    0.0    0.000   0.022   26.8    57   17.5   27.3   10.15   1.1619     351     1    100.0   15 
14/06/23  22:15   20.2   20.3   20.1    81   16.9    0.0    OSO   0.00   4.8   OSO   20.2   21.0   21.0  1019.9   0.00    0.0    0.000   0.020   26.7    58   17.7   27.3   10.35   1.1622     350     1    100.0   15 
14/06/23  22:30   20.0   20.1   19.8    82   16.8    1.6      O   0.40   6.4   OSO   20.0   20.8   20.8  1020.1   0.00    0.0    0.000   0.017   26.6    58   17.7   27.2   10.35   1.1627     352     1    100.0   15 
14/06/23  22:45   19.8   19.9   19.8    81   16.5    1.6    OSO   0.40   6.4   OSO   19.8   20.6   20.6  1020.2   0.00    0.0    0.000   0.016   26.6    58   17.6   27.1   10.36   1.1631     350     1    100.0   15 
14/06/23  23:00   19.8   19.9   19.7    81   16.5    1.6    OSO   0.40   6.4   OSO   19.8   20.6   20.6  1020.2   0.00    0.0    0.000   0.016   26.5    58   17.6   27.1   10.36   1.1634     351     1    100.0   15 
14/06/23  23:15   19.6   19.7   19.4    81   16.2    1.6    OSO   0.40   6.4   OSO   19.6   20.2   20.2  1020.2   0.00    0.0    0.000   0.013   26.5    58   17.6   27.1   10.36   1.1633     349     1    100.0   15 
14/06/23  23:30   19.4   19.4   19.3    82   16.2    3.2    OSO   0.80   9.7   OSO   19.4   20.1   20.1  1019.9   0.00    0.0    0.000   0.011   26.4    58   17.5   26.9   10.37   1.1636     352     1    100.0   15 
14/06/23  23:45   19.2   19.3   19.1    83   16.3    1.6      O   0.40   4.8     O   19.2   19.8   19.8  1020.1   0.00    0.0    0.000   0.009   26.3    59   17.7   26.9   10.57   1.1637     350     1    100.0   15 
15/06/23  00:00   19.1   19.2   18.9    84   16.3    0.0    OSO   0.00   4.8   OSO   19.1   19.7   19.7  1019.8   0.00    0.0    0.000   0.008   26.3    59   17.6   26.9   10.58   1.1637     351     1    100.0   15 
15/06/23   0:15   18.9   18.9   18.8    85   16.3    0.0    ONO   0.00   4.8   ONO   18.9   19.4   19.4  1019.7   0.00    0.0    0.000   0.006   26.2    59   17.6   26.8   10.58   1.1639     350     1    100.0   15 
15/06/23   0:30   18.9   19.0   18.9    85   16.4    0.0    ONO   0.00   3.2   ONO   18.9   19.5   19.5  1019.6   0.00    0.0    0.000   0.006   26.2    59   17.5   26.7   10.59   1.1641     351     1    100.0   15 
15/06/23   0:45   18.7   18.9   18.6    86   16.3    0.0    ONO   0.00   3.2   ONO   18.7   19.3   19.3  1019.6   0.00    0.0    0.000   0.004   26.1    59   17.5   26.7   10.59   1.1644     350     1    100.0   15 
15/06/23   1:00   18.6   18.6   18.6    87   16.3    1.6    ONO   0.40   4.8   ONO   18.6   19.1   19.1  1019.7   0.00    0.0    0.000   0.002   26.0    59   17.4   26.6   10.60   1.1650     351     1    100.0   15 
15/06/23   1:15   18.6   18.6   18.6    87   16.3    0.0    ONO   0.00   6.4   OSO   18.6   19.1   19.1  1019.6   0.00    0.0    0.000   0.002   25.9    60   17.6   26.5   10.80   1.1649     349     1    100.0   15 
15/06/23   1:30   18.6   18.6   18.6    88   16.5    0.0    ONO   0.00   4.8   ONO   18.6   19.1   19.1  1019.7   0.00    0.0    0.000   0.002   25.9    60   17.5   26.4   10.81   1.1653     351     1    100.0   15 
15/06/23   1:45   18.6   18.6   18.5    88   16.5    0.0    ONO   0.00   3.2   ONO   18.6   19.1   19.1  1019.6   0.00    0.0    0.000   0.002   25.9    60   17.5   26.4   10.81   1.1651     351     1    100.0   15 
15/06/23   2:00   18.3   18.5   18.2    88   16.3    0.0    ONO   0.00   4.8   ONO   18.3   18.8   18.8  1019.6   0.00    0.0    0.001   0.000   25.8    60   17.4   26.3   10.81   1.1657     352     1    100.0   15 
15/06/23   2:15   18.2   18.2   18.1    88   16.1    0.0    ONO   0.00   1.6   ONO   18.2   18.7   18.7  1019.6   0.00    0.0    0.002   0.000   25.7    60   17.4   26.3   10.82   1.1660     351     1    100.0   15 
15/06/23   2:30   18.1   18.3   17.9    88   16.1    1.6     NE   0.40   3.2   ONO   18.1   18.6   18.6  1019.5   0.00    0.0    0.002   0.000   25.7    60   17.3   26.2   10.82   1.1662     351     1    100.0   15 
15/06/23   2:45   18.0   18.3   17.7    88   16.0    0.0    ONO   0.00   1.6    NE   18.0   18.4   18.4  1019.5   0.00    0.0    0.003   0.000   25.6    60   17.3   26.1   10.83   1.1665     351     1    100.0   15 
15/06/23   3:00   17.6   17.7   17.6    89   15.8    0.0    ---   0.00   0.0   ---   17.6   18.0   18.0  1019.6   0.00    0.0    0.008   0.000   25.5    60   17.2   26.0   10.83   1.1672     350     1    100.0   15 
15/06/23   3:15   17.8   17.9   17.6    89   15.9    0.0    ---   0.00   0.0   ---   17.8   18.2   18.2  1019.6   0.00    0.0    0.006   0.000   25.4    60   17.1   25.9   10.84   1.1675     352     1    100.0   15 
