                 Temp.  Temp.  Temp.  Hum.   Punt   Vel.   Dir.   Rec.  Vel.  Dir.  Sens.   Índ.   Índ.                  Int. Graus D.Graus D.  Temp.  Hum. Rosada  In.Cal.  EMC     Dens.    Mostr   Tx   Recep.  Int.
  Data    Hora    Ext.   Màx.   Mín.  Ext. Rosada   Vent   Vent   Vent  Màx.  Màx.  Tèrm.  Calor   THW    Bar    Pluja   Pluja  Calor    Fred    Int.  Int.   Int.   Int.    Int.  Int.Aire    Vent   Vent   ISS   Arc.
-------------------------------------------------------------------------------------------------------------------------------------------------------------------------------------------------------------------------
24/06/23   0:15   21.1   21.1   21.1    89   19.2    0.0    OSO   0.00   1.6   OSO   21.1   22.2   22.2  1025.1   0.00    0.0    0.000   0.029   27.6    62   19.6   28.9   11.12   1.1617     349     1    100.0   15 
24/06/23   0:30   21.0   21.1   20.9    90   19.3    0.0    OSO   0.00   3.2   OSO   21.0   22.1   22.1  1024.9   0.00    0.0    0.000   0.028   27.4    63   19.7   28.7   11.32   1.1620     351     1    100.0   15 
24/06/23   0:45   21.0   21.0   21.0    90   19.3    0.0    OSO   0.00   3.2   OSO   21.0   22.1   22.1  1024.8   0.00    0.0    0.000   0.028   27.3    63   19.6   28.5   11.33   1.1625     350     1    100.0   15 
24/06/23   1:00   20.9   21.0   20.9    90   19.2    0.0    OSO   0.00   1.6   OSO   20.9   22.1   22.1  1024.7   0.00    0.0    0.000   0.027   27.2    63   19.5   28.3   11.33   1.1629     351     1    100.0   15 
24/06/23   1:15   20.9   20.9   20.8    91   19.4    0.0    OSO   0.00   1.6   OSO   20.9   22.1   22.1  1024.6   0.00    0.0    0.000   0.027   27.1    64   19.7   28.3   11.54   1.1630     351     1    100.0   15 
24/06/23   1:30   20.9   20.9   20.8    91   19.4    0.0    OSO   0.00   1.6   OSO   20.9   22.1   22.1  1024.5   0.00    0.0    0.000   0.027   27.0    64   19.6   28.2   11.54   1.1632     350     1    100.0   15 
24/06/23   1:45   20.9   20.9   20.9    91   19.4    0.0    OSO   0.00   1.6   OSO   20.9   22.1   22.1  1024.4   0.00    0.0    0.000   0.027   26.9    65   19.8   28.2   11.74   1.1630     350     1    100.0   15 
24/06/23   2:00   21.0   21.0   20.9    92   19.6    0.0    OSO   0.00   3.2   OSO   21.0   22.2   22.2  1024.3   0.00    0.0    0.000   0.028   26.9    65   19.8   28.1   11.74   1.1632     350     1    100.0   15 
24/06/23   2:15   21.0   21.1   21.0    92   19.6    0.0    OSO   0.00   1.6   OSO   21.0   22.2   22.2  1024.1   0.00    0.0    0.000   0.028   26.8    66   19.9   28.1   11.94   1.1629     351     1    100.0   15 
24/06/23   2:30   21.1   21.1   21.0    92   19.7    0.0    OSO   0.00   1.6   OSO   21.1   22.3   22.3  1024.0   0.00    0.0    0.000   0.028   26.8    66   19.9   28.0   11.95   1.1630     351     1    100.0   15 
24/06/23   2:45   21.1   21.1   21.0    91   19.5    0.0    OSO   0.00   4.8   OSO   21.1   22.2   22.2  1023.8   0.00    0.0    0.000   0.028   26.7    66   19.8   27.9   11.95   1.1631     351     1    100.0   15 
24/06/23   3:00   20.7   21.0   20.6    91   19.2    1.6      O   0.40   9.7     O   20.7   21.9   21.9  1023.8   0.00    0.0    0.000   0.025   26.7    65   19.6   27.8   11.75   1.1636     350     1    100.0   15 
24/06/23   3:15   20.5   20.6   20.4    89   18.6    1.6    ONO   0.40   6.4     O   20.5   21.6   21.6  1023.8   0.00    0.0    0.000   0.023   26.7    64   19.3   27.7   11.55   1.1642     352     1    100.0   15 
24/06/23   3:30   20.4   20.4   20.3    88   18.3    1.6      O   0.40   8.0   ONO   20.4   21.4   21.4  1023.8   0.00    0.0    0.000   0.021   26.6    64   19.2   27.6   11.55   1.1649     351     1    100.0   15 
24/06/23   3:45   20.4   20.4   20.4    88   18.4    1.6      O   0.40   8.0   ONO   20.4   21.5   21.5  1023.7   0.00    0.0    0.000   0.022   26.5    63   18.9   27.4   11.36   1.1654     351     1    100.0   15 
24/06/23   4:00   20.5   20.5   20.4    88   18.4    1.6      O   0.40   6.4   OSO   20.5   21.6   21.6  1023.7   0.00    0.0    0.000   0.023   26.4    63   18.8   27.3   11.36   1.1658     351     1    100.0   15 
24/06/23   4:15   20.4   20.4   20.4    88   18.4    3.2    ONO   0.80   8.0   ONO   20.4   21.5   21.5  1023.7   0.00    0.0    0.000   0.022   26.4    63   18.8   27.3   11.36   1.1660     350     1    100.0   15 
24/06/23   4:30   20.4   20.4   20.3    87   18.2    3.2    ONO   0.80   4.8     O   20.4   21.4   21.4  1023.7   0.00    0.0    0.000   0.021   26.3    63   18.7   27.2   11.36   1.1663     350     1    100.0   15 
24/06/23   4:45   20.3   20.3   20.2    88   18.2    1.6     NO   0.40   6.4   ONO   20.3   21.3   21.3  1023.7   0.00    0.0    0.000   0.020   26.3    63   18.7   27.1   11.36   1.1666     351     1    100.0   15 
24/06/23   5:00   20.2   20.3   20.2    88   18.2    1.6     NO   0.40   6.4    NO   20.2   21.2   21.2  1023.7   0.00    0.0    0.000   0.020   26.2    63   18.6   27.1   11.37   1.1669     351     1    100.0   15 
24/06/23   5:15   20.3   20.3   20.3    88   18.2    0.0     NO   0.00   4.8   ONO   20.3   21.3   21.3  1023.7   0.00    0.0    0.000   0.020   26.2    63   18.6   27.1   11.37   1.1669     352     1    100.0   15 
24/06/23   5:30   20.3   20.3   20.3    88   18.2    0.0    ONO   0.00   3.2   ONO   20.3   21.3   21.3  1023.7   0.00    0.0    0.000   0.020   26.3    63   18.7   27.1   11.36   1.1666     349     1    100.0   15 
24/06/23   5:45   20.3   20.4   20.3    88   18.3    1.6    ONO   0.40   4.8   ONO   20.3   21.3   21.3  1023.8   0.00    0.0    0.000   0.021   26.4    63   18.8   27.3   11.36   1.1662     350     1    100.0   15 
24/06/23   6:00   20.5   20.6   20.4    88   18.4    1.6      O   0.40   4.8   ONO   20.5   21.6   21.6  1023.8   0.00    0.0    0.000   0.023   26.6    63   18.9   27.5   11.35   1.1653     350     1    100.0   15 
24/06/23   6:15   20.7   20.9   20.6    87   18.4    0.0    OSO   0.00   3.2   OSO   20.7   21.7   21.7  1023.8   0.00    0.0    0.000   0.024   26.6    63   19.0   27.6   11.35   1.1650     350     1    100.0   15 
24/06/23   6:30   21.1   21.3   20.9    86   18.7    1.6    OSO   0.40   8.0   OSO   21.1   22.0   22.0  1023.8   0.00    0.0    0.000   0.029   26.8    62   18.9   27.8   11.14   1.1642     351     1    100.0   15 
24/06/23   6:45   21.5   21.8   21.3    85   18.9    0.0    OSO   0.00   6.4   OSO   21.5   22.4   22.4  1023.8   0.00    0.0    0.000   0.033   27.2    62   19.3   28.3   11.13   1.1620     351     1    100.0   15 
24/06/23   7:00   22.0   22.1   21.8    84   19.2    1.6    OSO   0.40   4.8   OSO   22.0   22.9   22.9  1023.8   0.00    0.0    0.000   0.038   27.6    61   19.4   28.8   10.95   1.1607     351     1    100.0   15 
24/06/23   7:15   22.3   22.6   22.1    82   19.1    0.0      O   0.00   6.4   ONO   22.3   23.2   23.2  1023.8   0.00    0.0    0.000   0.041   27.6    61   19.4   28.8   10.95   1.1604     351     1    100.0   15 
24/06/23   7:30   22.6   22.7   22.6    82   19.4    1.6      O   0.40   6.4   OSO   22.6   23.6   23.6  1023.8   0.00    0.0    0.000   0.045   27.8    61   19.6   29.1   10.95   1.1596     352     1    100.0   15 
24/06/23   7:45   22.9   23.4   22.6    79   19.1    1.6    SSE   0.40   8.0   SSE   22.9   23.9   23.9  1023.9   0.00    0.0    0.000   0.048   27.8    60   19.4   29.1   10.75   1.1598     351     1    100.0   15 
24/06/23   8:00   23.7   23.8   23.4    76   19.2    1.6      O   0.40   6.4   OSO   23.7   24.8   24.8  1023.8   0.00    0.0    0.000   0.056   27.9    61   19.7   29.3   10.95   1.1589     349     1    100.0   15 
24/06/23   8:15   23.8   24.3   23.7    75   19.1    1.6     NO   0.40   6.4     S   23.8   25.0   25.0  1023.8   0.00    0.0    0.000   0.057   28.1    59   19.3   29.3   10.55   1.1589     351     1    100.0   15 
24/06/23   8:30   24.6   24.7   24.3    71   19.0    3.2      E   0.80  12.9   ESE   24.6   25.7   25.7  1023.7   0.00    0.0    0.000   0.065   28.3    58   19.3   29.7   10.35   1.1577     349     1    100.0   15 
24/06/23   8:45   24.9   25.2   24.7    69   18.9    3.2    ENE   0.80  12.9   ESE   24.9   25.9   25.9  1023.6   0.00    0.0    0.000   0.069   28.4    57   19.1   29.8   10.21   1.1575     352     1    100.0   15 
24/06/23   9:00   25.3   25.4   25.2    67   18.8    6.4    ESE   1.61  14.5     E   25.3   26.2   26.2  1023.6   0.00    0.0    0.000   0.073   28.5    57   19.2   29.9   10.22   1.1572     351     1    100.0   15 
24/06/23   9:15   25.6   25.8   25.2    66   18.8    4.8    ESE   1.21  14.5   ENE   25.6   26.5   26.5  1023.5   0.00    0.0    0.000   0.076   28.6    56   18.9   29.9   10.05   1.1572     350     1    100.0   15 
24/06/23   9:30   25.8   25.9   25.7    64   18.5    6.4    ESE   1.61  14.5   ESE   25.8   26.6   26.6  1023.4   0.00    0.0    0.000   0.078   28.6    55   18.7   29.9    9.85   1.1573     349     1    100.0   15 
24/06/23   9:45   26.3   26.6   25.8    60   17.9    6.4    ENE   1.61  14.5   ENE   26.3   26.9   26.9  1023.4   0.00    0.0    0.000   0.083   28.7    55   18.8   30.1    9.85   1.1566     352     1    100.0   15 
24/06/23  10:00   26.7   26.9   26.6    59   18.0    4.8     NE   1.21  12.9     E   26.7   27.4   27.4  1023.2   0.00    0.0    0.000   0.087   28.9    54   18.6   30.2    9.75   1.1560     351     1    100.0   15 
24/06/23  10:15   26.9   27.3   26.7    59   18.2    4.8    ESE   1.21  16.1   ENE   26.9   27.6   27.6  1023.1   0.00    0.0    0.000   0.089   29.0    53   18.5   30.3    9.57   1.1557     351     1    100.0   15 
24/06/23  10:30   27.6   27.7   27.3    56   18.0    6.4    ENE   1.61  19.3   ENE   27.6   28.3   28.3  1022.9   0.00    0.0    0.000   0.096   29.2    53   18.6   30.5    9.56   1.1547     350     1    100.0   15 
24/06/23  10:45   27.8   28.2   27.6    54   17.7    4.8    ENE   1.21  12.9     E   27.8   28.6   28.6  1022.8   0.00    0.0    0.000   0.099   29.3    52   18.5   30.6    9.35   1.1541     352     1    100.0   15 
24/06/23  11:00   28.1   28.3   28.1    54   17.9    6.4    ENE   1.61  16.1     E   28.1   29.0   29.0  1022.6   0.00    0.0    0.000   0.102   29.4    52   18.6   30.7    9.35   1.1534     351     1    100.0   15 
24/06/23  11:15   28.6   29.1   28.3    51   17.4    4.8     NE   1.21  16.1   ESE   28.6   29.4   29.4  1022.4   0.00    0.0    0.000   0.106   29.6    51   18.3   30.7    9.25   1.1530     351     1    100.0   15 
24/06/23  11:30   29.1   29.3   29.0    48   17.0    8.0    ESE   2.01  16.1   ENE   29.1   29.9   29.9  1022.3   0.00    0.0    0.000   0.112   29.7    50   18.1   30.8    9.05   1.1528     351     1    100.0   15 
24/06/23  11:45   29.1   29.3   29.0    48   17.0    6.4    ENE   1.61  14.5   ESE   29.1   29.9   29.9  1022.2   0.00    0.0    0.000   0.112   29.8    50   18.3   31.0    9.05   1.1517     351     1    100.0   15 
24/06/23  12:00   29.4   29.4   29.2    48   17.2    6.4    ENE   1.61  16.1     E   29.4   30.2   30.2  1022.0   0.00    0.0    0.000   0.115   29.5    49   17.7   30.4    8.85   1.1538     352     1    100.0   15 
24/06/23  12:15   29.7   29.9   29.4    48   17.5    8.0     SE   2.01  16.1   ENE   29.7   30.6   30.6  1021.8   0.00    0.0    0.000   0.118   29.1    48   16.9   29.9    8.76   1.1563     351     1    100.0   15 
24/06/23  12:30   30.3   30.8   29.7    46   17.4    6.4    ESE   1.61  16.1   ESE   30.3   31.3   31.3  1021.6   0.00    0.0    0.000   0.125   28.7    47   16.2   29.3    8.58   1.1585     351     1    100.0   15 
24/06/23  12:45   30.8   31.0   30.6    48   18.6    8.0    ESE   2.01  17.7   ENE   30.8   32.3   32.3  1021.6   0.00    0.0    0.000   0.130   28.4    48   16.4   29.0    8.79   1.1592     350     1    100.0   15 
24/06/23  13:00   30.4   30.6   30.1    54   20.0    8.0    SSE   2.01  25.7   NNE   30.4   32.7   32.7  1021.6   0.00    0.0    0.000   0.126   28.4    50   17.0   29.2    9.09   1.1583     352     1    100.0   15 
24/06/23  13:15   29.9   30.1   29.4    56   20.2    9.7    ESE   2.41  24.1   ENE   29.9   32.1   32.1  1021.5   0.00    0.0    0.000   0.120   28.6    52   17.7   29.5    9.38   1.1567     351     1    100.0   15 
24/06/23  13:30   29.2   29.4   29.1    57   19.8    9.7     SE   2.41  20.9    SE   29.2   31.1   31.1  1021.4   0.00    0.0    0.000   0.113   28.7    54   18.4   29.9    9.75   1.1551     351     1    100.0   15 
24/06/23  13:45   29.3   29.4   29.2    58   20.2    8.0    ESE   2.01  17.7   ESE   29.3   31.3   31.3  1021.4   0.00    0.0    0.000   0.114   28.8    55   18.8   30.2    9.85   1.1541     350     1    100.0   15 
24/06/23  14:00   29.7   30.1   29.2    56   20.0    8.0     SE   2.01  20.9   ESE   29.7   31.6   31.6  1021.2   0.00    0.0    0.000   0.118   28.8    56   19.2   30.3   10.05   1.1531     352     1    100.0   15 
24/06/23  14:15   30.7   31.1   30.0    53   20.0    6.4    SSE   1.61  14.5    SO   30.7   33.0   33.0  1021.1   0.00    0.0    0.000   0.128   28.9    56   19.2   30.4   10.05   1.1527     351     1    100.0   15 
24/06/23  14:30   30.9   31.2   30.8    51   19.6    8.0      S   2.01  17.7    SE   30.9   32.9   32.9  1021.1   0.00    0.0    0.000   0.131   29.0    57   19.6   30.7   10.23   1.1517     351     1    100.0   15 
24/06/23  14:45   30.9   31.1   30.8    51   19.6    6.4      S   1.61  17.7     S   30.9   32.9   32.9  1021.0   0.00    0.0    0.000   0.131   29.1    57   19.7   30.8   10.24   1.1512     349     1    100.0   15 
24/06/23  15:00   30.9   31.1   30.9    51   19.6    6.4    SSO   1.61  19.3   SSO   30.9   32.9   32.9  1021.0   0.00    0.0    0.000   0.131   29.1    57   19.7   30.9   10.24   1.1509     351     1    100.0   15 
24/06/23  15:15   31.0   31.1   31.0    51   19.7    6.4    SSO   1.61  17.7    SO   31.0   33.1   33.1  1021.0   0.00    0.0    0.000   0.132   29.1    57   19.7   30.9   10.24   1.1509     352     1    100.0   15 
24/06/23  15:30   30.7   31.0   30.6    51   19.4    6.4    SSO   1.61  16.1    SO   30.7   32.7   32.7  1021.0   0.00    0.0    0.000   0.129   29.3    56   19.6   31.1   10.05   1.1501     351     1    100.0   15 
24/06/23  15:45   30.7   30.9   30.6    51   19.4    6.4      S   1.61  14.5   SSO   30.7   32.7   32.7  1020.8   0.00    0.0    0.000   0.129   29.6    56   19.9   31.4   10.05   1.1488     350     1    100.0   15 
24/06/23  16:00   30.7   31.0   30.6    50   19.1    4.8    SSO   1.21  16.1     S   30.7   32.5   32.5  1020.8   0.00    0.0    0.000   0.129   29.7    55   19.7   31.6    9.84   1.1484     351     1    100.0   15 
24/06/23  16:15   30.7   31.0   30.2    49   18.8    6.4    SSO   1.61  14.5   SSO   30.7   32.3   32.3  1020.7   0.00    0.0    0.000   0.129   29.9    55   19.9   31.8    9.83   1.1474     350     1    100.0   15 
24/06/23  16:30   30.1   30.2   29.8    49   18.2    4.8    ESE   1.21  14.5   ESE   30.1   31.3   31.3  1020.7   0.00    0.0    0.000   0.123   29.9    55   19.9   31.9    9.83   1.1471     350     1    100.0   15 
24/06/23  16:45   29.4   29.8   29.3    50   17.9    4.8      E   1.21  14.5   ESE   29.4   30.4   30.4  1020.7   0.00    0.0    0.000   0.116   30.1    54   19.7   32.0    9.73   1.1470     351     1    100.0   15 
24/06/23  17:00   29.2   29.4   29.0    49   17.4    6.4      E   1.61  16.1   ESE   29.2   30.1   30.1  1020.6   0.00    0.0    0.000   0.113   30.1    54   19.8   32.1    9.73   1.1466     350     1    100.0   15 
24/06/23  17:15   28.7   29.0   28.3    51   17.6    6.4    ESE   1.61  16.1     E   28.7   29.7   29.7  1020.9   0.00    0.0    0.000   0.108   30.0    53   19.4   31.7    9.53   1.1479     350     1    100.0   15 
24/06/23  17:30   28.2   28.3   28.2    51   17.1    4.8     SE   1.21  12.9   ESE   28.2   28.9   28.9  1020.9   0.00    0.0    0.000   0.103   29.7    54   19.4   31.3    9.74   1.1493     351     1    100.0   15 
24/06/23  17:45   28.0   28.2   27.7    54   17.8    6.4    ESE   1.61  14.5   ESE   28.0   28.8   28.8  1021.0   0.00    0.0    0.000   0.101   29.5    54   19.2   31.1    9.75   1.1502     350     1    100.0   15 
24/06/23  18:00   27.4   27.7   27.1    57   18.2    6.4    ESE   1.61  16.1   ESE   27.4   28.2   28.2  1020.9   0.00    0.0    0.000   0.095   29.4    54   19.1   30.9    9.75   1.1508     351     1    100.0   15 
24/06/23  18:15   26.9   27.1   26.6    59   18.2    8.0    ENE   2.01  16.1   ENE   26.9   27.6   27.6  1021.0   0.00    0.0    0.000   0.089   29.3    54   19.1   30.8    9.75   1.1511     349     1    100.0   15 
24/06/23  18:30   26.3   26.6   26.2    64   19.0    6.4      E   1.61  14.5   ESE   26.3   27.3   27.3  1021.1   0.00    0.0    0.000   0.083   29.2    54   18.9   30.6    9.75   1.1521     352     1    100.0   15 
24/06/23  18:45   25.9   26.2   25.7    67   19.3    6.4    ESE   1.61  14.5     E   25.9   26.9   26.9  1021.1   0.00    0.0    0.000   0.079   29.1    55   19.1   30.6    9.85   1.1520     349     1    100.0   15 
24/06/23  19:00   25.4   25.7   25.2    70   19.6    6.4      E   1.61  14.5     E   25.4   26.6   26.6  1021.2   0.00    0.0    0.000   0.074   29.0    56   19.3   30.6   10.05   1.1522     351     1    100.0   15 
24/06/23  19:15   24.9   25.2   24.7    74   20.0    6.4      E   1.61  12.9   ENE   24.9   26.3   26.3  1021.3   0.00    0.0    0.000   0.069   28.9    57   19.5   30.6   10.23   1.1524     349     1    100.0   15 
24/06/23  19:30   24.5   24.7   24.3    77   20.2    6.4      E   1.61  11.3     E   24.5   25.9   25.9  1021.4   0.00    0.0    0.000   0.064   28.9    58   19.8   30.8   10.35   1.1518     350     1    100.0   15 
24/06/23  19:45   24.1   24.3   23.9    79   20.2    6.4      E   1.61  11.3     E   24.1   25.6   25.6  1021.5   0.00    0.0    0.000   0.060   28.9    59   20.1   30.8   10.55   1.1518     350     1    100.0   15 
24/06/23  20:00   23.7   23.9   23.6    81   20.3    4.8    ENE   1.21  11.3   ENE   23.7   25.1   25.1  1021.6   0.00    0.0    0.000   0.056   28.8    60   20.3   30.8   10.75   1.1518     350     1    100.0   15 
24/06/23  20:15   23.4   23.6   23.3    82   20.2    4.8    ENE   1.21  11.3     E   23.4   24.7   24.7  1021.8   0.00    0.0    0.000   0.053   28.7    60   20.2   30.6   10.75   1.1525     348     1    100.0   15 
24/06/23  20:30   23.2   23.3   23.0    83   20.1    4.8    ENE   1.21  11.3   ENE   23.2   24.3   24.3  1021.8   0.00    0.0    0.000   0.050   28.6    61   20.4   30.6   10.95   1.1527     352     1    100.0   15 
24/06/23  20:45   22.9   23.0   22.8    85   20.2    4.8    ENE   1.21  11.3   ENE   22.9   24.1   24.1  1022.0   0.00    0.0    0.000   0.047   28.5    61   20.2   30.3   10.95   1.1536     351     1    100.0   15 
24/06/23  21:00   22.7   22.8   22.6    86   20.3    4.8    ENE   1.21   9.7     E   22.7   23.9   23.9  1022.0   0.00    0.0    0.000   0.046   28.4    62   20.4   30.2   11.09   1.1537     351     1    100.0   15 
24/06/23  21:15   22.6   22.6   22.5    86   20.1    4.8    ENE   1.21   6.4   ENE   22.6   23.7   23.7  1022.1   0.00    0.0    0.000   0.044   28.3    62   20.3   30.0   11.09   1.1544     351     1    100.0   15 
24/06/23  21:30   22.5   22.6   22.4    87   20.2    4.8    ENE   1.21   6.4   ENE   22.5   23.7   23.7  1022.2   0.00    0.0    0.000   0.043   28.2    63   20.5   29.9   11.30   1.1546     351     1    100.0   15 
24/06/23  21:45   22.4   22.4   22.3    87   20.1    3.2     NE   0.80   8.0   ENE   22.4   23.6   23.6  1022.2   0.00    0.0    0.000   0.042   28.1    63   20.4   29.8   11.30   1.1553     352     1    100.0   15 
24/06/23  22:00   22.3   22.3   22.2    88   20.2    1.6     NE   0.40   4.8    NE   22.3   23.4   23.4  1022.3   0.00    0.0    0.000   0.041   28.0    63   20.3   29.7   11.30   1.1557     350     1    100.0   15 
24/06/23  22:15   22.2   22.2   22.1    88   20.1    1.6     NE   0.40   6.4   ENE   22.2   23.3   23.3  1022.4   0.00    0.0    0.000   0.040   28.0    63   20.3   29.7   11.30   1.1558     350     1    100.0   15 
24/06/23  22:30   22.1   22.1   22.1    88   20.0    1.6    ENE   0.40   4.8   ENE   22.1   23.2   23.2  1022.4   0.00    0.0    0.000   0.039   27.9    63   20.2   29.6   11.30   1.1561     351     1    100.0   15 
24/06/23  22:45   21.9   22.1   21.9    89   20.0    1.6    NNE   0.40   4.8   NNE   21.9   23.1   23.1  1022.4   0.00    0.0    0.000   0.038   27.9    64   20.4   29.6   11.51   1.1560     352     1    100.0   15 
24/06/23  23:00   21.8   21.9   21.7    90   20.1    1.6    NNO   0.40   4.8   NNO   21.8   23.0   23.0  1022.4   0.00    0.0    0.000   0.036   27.8    64   20.3   29.4   11.51   1.1566     350     1    100.0   15 
24/06/23  23:15   21.7   21.8   21.6    90   20.0    1.6    NNO   0.40   3.2   NNO   21.7   22.9   22.9  1022.4   0.00    0.0    0.000   0.035   27.7    64   20.3   29.3   11.51   1.1569     351     1    100.0   15 
24/06/23  23:30   21.6   21.6   21.6    90   19.8    1.6    NNO   0.40   3.2   NNO   21.6   22.8   22.8  1022.3   0.00    0.0    0.000   0.034   27.6    64   20.2   29.2   11.52   1.1574     351     1    100.0   15 
24/06/23  23:45   21.5   21.6   21.4    90   19.8    0.0    NNO   0.00   1.6   NNO   21.5   22.7   22.7  1022.2   0.00    0.0    0.000   0.033   27.5    64   20.1   29.0   11.52   1.1579     352     1    100.0   15 
25/06/23  00:00   21.3   21.4   21.2    90   19.6    1.6    NNO   0.40   3.2   NNO   21.3   22.5   22.5  1022.2   0.00    0.0    0.000   0.031   27.4    64   20.0   28.9   11.52   1.1582     351     1    100.0   15 
25/06/23   0:15   21.2   21.3   21.2    90   19.5    1.6    NNO   0.40   3.2   NNO   21.2   22.3   22.3  1022.1   0.00    0.0    0.000   0.030   27.3    64   19.9   28.7   11.53   1.1587     348     1    100.0   15 
25/06/23   0:30   21.2   21.3   21.1    90   19.5    3.2    NNO   0.80   4.8   NNO   21.2   22.3   22.3  1022.0   0.00    0.0    0.000   0.030   27.2    64   19.8   28.5   11.53   1.1592     351     1    100.0   15 
25/06/23   0:45   21.0   21.1   20.9    90   19.3    3.2     NO   0.80   4.8   NNO   21.0   22.1   22.1  1021.9   0.00    0.0    0.000   0.028   27.2    64   19.8   28.4   11.53   1.1593     350     1    100.0   15 
25/06/23   1:00   21.0   21.1   20.9    90   19.3    1.6     NO   0.40   3.2    NO   21.0   22.1   22.1  1021.8   0.00    0.0    0.000   0.028   27.2    64   19.8   28.4   11.53   1.1592     351     1    100.0   15 
25/06/23   1:15   21.1   21.1   21.0    89   19.2    1.6     NO   0.40   3.2    NO   21.1   22.1   22.1  1021.7   0.00    0.0    0.000   0.028   27.2    64   19.8   28.5   11.53   1.1588     352     1    100.0   15 
25/06/23   1:30   21.0   21.1   20.9    90   19.3    1.6     NO   0.40   3.2    NO   21.0   22.1   22.1  1021.6   0.00    0.0    0.000   0.028   27.3    63   19.6   28.5   11.33   1.1588     351     1    100.0   15 
25/06/23   1:45   20.9   21.0   20.9    90   19.2    1.6     NO   0.40   3.2    NO   20.9   22.1   22.1  1021.7   0.00    0.0    0.000   0.027   27.3    63   19.7   28.6   11.33   1.1586     351     1    100.0   15 
25/06/23   2:00   20.8   20.9   20.6    89   18.9    1.6     NO   0.40   4.8    NO   20.8   21.8   21.8  1021.7   0.00    0.0    0.000   0.025   27.3    63   19.7   28.6   11.33   1.1586     351     1    100.0   15 
25/06/23   2:15   20.6   20.6   20.5    88   18.5    1.6     NO   0.40   3.2    NO   20.6   21.6   21.6  1021.5   0.00    0.0    0.000   0.023   27.4    63   19.7   28.7   11.32   1.1581     351     1    100.0   15 
25/06/23   2:30   20.6   20.6   20.5    86   18.1    3.2     NO   0.80   4.8    NO   20.6   21.6   21.6  1021.4   0.00    0.0    0.000   0.023   27.4    62   19.5   28.6   11.12   1.1584     350     1    100.0   15 
25/06/23   2:45   20.7   20.8   20.6    86   18.2    1.6     NO   0.40   4.8    NO   20.7   21.7   21.7  1021.4   0.00    0.0    0.000   0.024   27.4    62   19.5   28.6   11.12   1.1584     351     1    100.0   15 
25/06/23   3:00   20.8   20.8   20.8    85   18.2    0.0     NO   0.00   4.8    NO   20.8   21.8   21.8  1021.4   0.00    0.0    0.000   0.026   27.3    62   19.4   28.5   11.13   1.1587     351     1    100.0   15 
25/06/23   3:15   20.7   20.8   20.4    84   17.9    0.0     NO   0.00   1.6    NO   20.7   21.6   21.6  1021.3   0.00    0.0    0.000   0.024   27.3    62   19.4   28.5   11.13   1.1585     350     1    100.0   15 
25/06/23   3:30   20.4   20.5   20.4    84   17.6    0.0     NO   0.00   1.6    NO   20.4   21.3   21.3  1021.2   0.00    0.0    0.000   0.021   27.3    62   19.4   28.5   11.13   1.1585     352     1    100.0   15 
