                 Temp.  Temp.  Temp.  Hum.   Punt   Vel.   Dir.   Rec.  Vel.  Dir.  Sens.   Índ.   Índ.                  Int. Graus D.Graus D.  Temp.  Hum. Rosada  In.Cal.  EMC     Dens.    Mostr   Tx   Recep.  Int.
  Data    Hora    Ext.   Màx.   Mín.  Ext. Rosada   Vent   Vent   Vent  Màx.  Màx.  Tèrm.  Calor   THW    Bar    Pluja   Pluja  Calor    Fred    Int.  Int.   Int.   Int.    Int.  Int.Aire    Vent   Vent   ISS   Arc.
-------------------------------------------------------------------------------------------------------------------------------------------------------------------------------------------------------------------------
17/05/24   0:15   13.0   13.3   12.8    92   11.7    1.6    ENE   0.40   8.0     E   13.0   13.1   13.1  1009.1   0.00    0.0    0.056   0.000   21.3    58   12.7   20.8   10.74   1.1773     347     1    100.0   15 
17/05/24   0:30   12.9   12.9   12.8    93   11.8    1.6    ENE   0.40   4.8   ENE   12.9   13.0   13.0  1009.0   0.00    0.0    0.057   0.000   21.2    58   12.6   20.6   10.75   1.1777     352     1    100.0   15 
17/05/24   0:45   13.1   13.2   12.9    92   11.8    1.6    ENE   0.40   4.8   ENE   13.1   13.2   13.2  1009.0   0.00    0.0    0.054   0.000   21.1    58   12.5   20.6   10.75   1.1780     350     1    100.0   15 
17/05/24   1:00   12.6   13.1   12.3    93   11.5    1.6     NO   0.40   6.4    NO   12.6   12.7   12.7  1008.8   0.00    0.0    0.060   0.000   21.0    58   12.4   20.4   10.75   1.1783     351     1    100.0   15 
17/05/24   1:15   12.3   12.3   12.2    93   11.2    0.0     NO   0.00   3.2    NO   12.3   12.4   12.4  1008.7   0.00    0.0    0.063   0.000   20.9    58   12.3   20.4   10.75   1.1788     350     1    100.0   15 
17/05/24   1:30   12.5   12.6   12.4    94   11.6    0.0     NO   0.00   1.6    NO   12.5   12.6   12.6  1008.6   0.00    0.0    0.061   0.000   20.8    59   12.5   20.4   10.95   1.1786     349     1    100.0   15 
17/05/24   1:45   12.6   12.6   12.6    93   11.5    0.0     NO   0.00   3.2    NO   12.6   12.7   12.7  1008.6   0.00    0.0    0.060   0.000   20.7    59   12.4   20.3   10.95   1.1791     352     1    100.0   15 
17/05/24   2:00   12.3   12.6   12.0    93   11.2    1.6     NO   0.40   4.8    NO   12.3   12.4   12.4  1008.6   0.00    0.0    0.062   0.000   20.7    59   12.4   20.3   10.95   1.1795     351     1    100.0   15 
17/05/24   2:15   11.8   11.9   11.7    93   10.7    0.0     NO   0.00   3.2    NO   11.8   11.9   11.9  1008.5   0.00    0.0    0.068   0.000   20.6    59   12.3   20.2   10.95   1.1799     351     1    100.0   15 
17/05/24   2:30   11.7   11.7   11.6    94   10.7    0.0     NO   0.00   4.8    NO   11.7   11.8   11.8  1008.5   0.00    0.0    0.069   0.000   20.5    59   12.2   20.1   10.95   1.1801     351     1    100.0   15 
17/05/24   2:45   11.6   11.6   11.4    94   10.6    1.6     NO   0.40   4.8    NO   11.6   11.7   11.7  1008.3   0.00    0.0    0.071   0.000   20.4    59   12.1   20.1   10.95   1.1805     351     1    100.0   15 
17/05/24   3:00   11.3   11.4   11.1    94   10.4    3.2     NO   0.80   8.0    NO   11.3   11.5   11.5  1008.3   0.00    0.0    0.073   0.000   20.3    59   12.1   20.0   10.95   1.1808     351     1    100.0   15 
17/05/24   3:15   11.1   11.1   11.0    94   10.1    3.2     NO   0.80   4.8    NO   11.1   11.2   11.2  1008.1   0.00    0.0    0.076   0.000   20.2    59   11.9   19.9   10.95   1.1811     351     1    100.0   15 
17/05/24   3:30   10.9   11.0   10.9    94   10.0    0.0     NO   0.00   4.8    NO   10.9   11.1   11.1  1007.9   0.00    0.0    0.077   0.000   20.1    59   11.8   19.8   10.95   1.1814     351     1    100.0   15 
17/05/24   3:45   10.9   10.9   10.8    94   10.0    0.0     NO   0.00   3.2    NO   10.9   11.1   11.1  1007.8   0.00    0.0    0.078   0.000   20.1    59   11.8   19.8   10.95   1.1816     351     1    100.0   15 
17/05/24   4:00   10.8   10.8   10.8    94    9.9    0.0     NO   0.00   1.6    NO   10.8   11.0   11.0  1007.8   0.00    0.0    0.078   0.000   20.0    59   11.7   19.8   10.95   1.1819     351     1    100.0   15 
17/05/24   4:15   10.8   10.8   10.8    95   10.0    0.0     NO   0.00   3.2    NO   10.8   11.0   11.0  1008.0   0.00    0.0    0.079   0.000   19.9    59   11.6   19.7   10.95   1.1826     351     1    100.0   15 
17/05/24   4:30   10.7   10.8   10.6    94    9.7    1.6    ENE   0.40   4.8   ENE   10.7   10.8   10.8  1008.0   0.00    0.0    0.080   0.000   19.8    59   11.5   19.5   10.95   1.1832     351     1    100.0   15 
17/05/24   4:45   10.6   10.6   10.5    94    9.6    3.2    ENE   0.80   8.0    NE   10.6   10.8   10.8  1008.3   0.00    0.0    0.081   0.000   19.9    59   11.6   19.7   10.95   1.1830     350     1    100.0   15 
17/05/24   5:00   10.7   10.9   10.5    94    9.7    3.2     NE   0.80   8.0    NE   10.7   10.8   10.8  1008.4   0.00    0.0    0.080   0.000   20.2    59   11.9   19.9   10.95   1.1814     352     1    100.0   15 
17/05/24   5:15   11.2   11.4   10.9    94   10.2    4.8     NE   1.21   8.0    NE   11.1   11.3   11.3  1008.5   0.00    0.0    0.075   0.000   20.7    58   12.1   20.2   10.75   1.1796     351     1    100.0   15 
17/05/24   5:30   11.6   11.6   11.4    93   10.5    3.2     NE   0.80   8.0    NE   11.6   11.7   11.7  1008.7   0.00    0.0    0.071   0.000   21.2    57   12.4   20.7   10.54   1.1774     347     1    100.0   15 
17/05/24   5:45   11.4   11.6   11.2    92   10.2    1.6     NO   0.40   6.4   ONO   11.4   11.6   11.6  1008.7   0.00    0.0    0.072   0.000   21.7    56   12.5   21.2   10.33   1.1755     345     1    100.0   15 
17/05/24   6:00   11.2   11.3   11.2    92   10.0    0.0     NO   0.00   4.8   ONO   11.2   11.3   11.3  1008.9   0.00    0.0    0.074   0.000   22.1    56   12.9   21.8   10.31   1.1734     352     1    100.0   15 
17/05/24   6:15   11.2   11.3   11.2    92   10.0    1.6     NO   0.40   6.4   NNO   11.2   11.3   11.3  1008.9   0.00    0.0    0.074   0.000   22.4    55   12.9   22.2   10.10   1.1723     351     1    100.0   15 
17/05/24   6:30   11.3   11.4   11.2    92   10.0    1.6     NO   0.40   4.8    NO   11.3   11.4   11.4  1008.9   0.00    0.0    0.073   0.000   22.6    55   13.1   22.4   10.10   1.1715     350     1    100.0   15 
17/05/24   6:45   11.8   12.1   11.4    92   10.5    1.6     NO   0.40   4.8   ONO   11.8   11.9   11.9  1009.0   0.00    0.0    0.068   0.000   22.9    55   13.4   23.0   10.08   1.1697     351     1    100.0   15 
17/05/24   7:00   12.3   12.6   12.1    91   10.9    0.0     NO   0.00   4.8    NO   12.3   12.4   12.4  1009.1   0.00    0.0    0.062   0.000   23.4    55   13.8   23.5   10.07   1.1675     351     1    100.0   15 
17/05/24   7:15   13.1   13.5   12.6    89   11.3    3.2    ENE   0.80  11.3   ENE   13.1   13.1   13.1  1009.1   0.00    0.0    0.055   0.000   23.7    54   13.9   23.9    9.86   1.1662     351     1    100.0   15 
17/05/24   7:30   13.7   13.8   13.5    87   11.6    6.4    ENE   1.61  14.5   ENE   13.7   13.7   13.7  1009.2   0.00    0.0    0.048   0.000   24.3    53   14.1   24.4    9.65   1.1639     350     1    100.0   15 
17/05/24   7:45   13.7   13.8   13.7    88   11.8    4.8    ENE   1.21   9.7     E   13.7   13.7   13.7  1009.1   0.00    0.0    0.048   0.000   24.4    53   14.2   24.6    9.65   1.1629     351     1    100.0   15 
17/05/24   8:00   14.0   14.2   13.8    87   11.9    4.8      E   1.21  11.3   ENE   14.0   14.0   14.0  1009.1   0.00    0.0    0.045   0.000   24.5    53   14.3   24.6    9.65   1.1627     351     1    100.0   15 
17/05/24   8:15   14.4   14.6   14.2    86   12.1    4.8    ENE   1.21   8.0     E   14.4   14.4   14.4  1009.4   0.00    0.0    0.041   0.000   24.6    53   14.3   24.7    9.65   1.1627     352     1    100.0   15 
17/05/24   8:30   14.6   14.7   14.5    86   12.3    4.8    ENE   1.21  11.3   ENE   14.6   14.6   14.6  1009.3   0.00    0.0    0.039   0.000   24.4    53   14.2   24.5    9.65   1.1634     350     1    100.0   15 
17/05/24   8:45   14.9   15.1   14.6    85   12.4    3.2    ENE   0.80   9.7     E   14.9   14.9   14.9  1009.4   0.00    0.0    0.036   0.000   24.3    53   14.1   24.4    9.65   1.1638     350     1    100.0   15 
17/05/24   9:00   15.3   15.4   15.1    85   12.8    4.8    ENE   1.21  11.3   ENE   15.3   15.3   15.3  1009.4   0.00    0.0    0.032   0.000   24.2    53   14.0   24.3    9.65   1.1643     350     1    100.0   15 
17/05/24   9:15   15.4   15.6   15.4    84   12.8    6.4    ENE   1.61  16.1   ENE   15.4   15.4   15.4  1009.5   0.00    0.0    0.030   0.000   24.1    53   13.9   24.2    9.65   1.1653     351     1    100.0   15 
17/05/24   9:30   15.7   15.9   15.6    83   12.8    6.4    ENE   1.61  16.1     E   15.7   15.7   15.7  1009.6   0.00    0.0    0.027   0.000   24.1    53   13.9   24.2    9.65   1.1654     351     1    100.0   15 
17/05/24   9:45   16.0   16.1   15.9    82   12.9    8.0    ENE   2.01  14.5   ENE   16.0   16.1   16.1  1009.5   0.00    0.0    0.024   0.000   24.1    53   13.9   24.2    9.65   1.1653     351     1    100.0   15 
17/05/24  10:00   15.9   16.1   15.9    83   13.1    6.4     NE   1.61  12.9   ENE   15.9   16.0   16.0  1009.3   0.00    0.0    0.025   0.000   23.9    54   14.1   24.2    9.85   1.1653     351     1    100.0   15 
17/05/24  10:15   16.5   16.8   16.1    82   13.4    6.4    ENE   1.61  11.3   ENE   16.5   16.6   16.6  1009.2   0.00    0.0    0.019   0.000   24.0    54   14.1   24.2    9.85   1.1649     350     1    100.0   15 
17/05/24  10:30   16.8   16.9   16.7    82   13.7    6.4    ENE   1.61  14.5   ENE   16.8   17.0   17.0  1009.2   0.00    0.0    0.016   0.000   24.0    54   14.1   24.2    9.85   1.1649     352     1    100.0   15 
17/05/24  10:45   17.1   17.2   16.9    81   13.8    3.2    ENE   0.80   8.0   NNE   17.1   17.3   17.3  1009.1   0.00    0.0    0.013   0.000   23.9    54   14.1   24.2    9.85   1.1651     351     1    100.0   15 
17/05/24  11:00   17.3   17.6   17.2    78   13.5    4.8     NE   1.21  14.5   ENE   17.3   17.4   17.4  1009.0   0.00    0.0    0.010   0.000   23.9    54   14.0   24.1    9.85   1.1653     351     1    100.0   15 
17/05/24  11:15   17.9   18.2   17.6    76   13.7    8.0      E   2.01  17.7     E   17.9   18.1   18.1  1008.9   0.00    0.0    0.004   0.000   23.9    54   14.1   24.2    9.85   1.1648     350     1    100.0   15 
17/05/24  11:30   18.3   18.6   18.2    75   13.8   12.9    ESE   3.22  22.5   ESE   18.0   18.5   18.2  1008.8   0.00    0.0    0.000   0.000   24.1    54   14.2   24.3    9.84   1.1642     350     1    100.0   15 
17/05/24  11:45   18.3   18.4   18.2    74   13.6    9.7    ENE   2.41  20.9     E   18.3   18.4   18.4  1008.6   0.00    0.0    0.000   0.000   24.1    54   14.2   24.3    9.84   1.1637     351     1    100.0   15 
17/05/24  12:00   18.6   18.8   18.4    74   13.9    8.0      E   2.01  20.9     E   18.6   18.8   18.8  1008.5   0.00    0.0    0.000   0.003   24.1    54   14.2   24.3    9.84   1.1635     348     1    100.0   15 
17/05/24  12:15   18.9   19.1   18.7    74   14.2   11.3    ESE   2.82  20.9   ESE   18.9   19.1   19.1  1008.2   0.00    0.0    0.000   0.006   24.2    54   14.3   24.3    9.84   1.1629     347     1    100.0   15 
17/05/24  12:30   19.0   19.1   18.8    74   14.3   11.3    ENE   2.82  22.5   ENE   19.0   19.3   19.3  1008.1   0.00    0.0    0.000   0.007   24.2    54   14.3   24.4    9.84   1.1624     350     1    100.0   15 
17/05/24  12:45   19.2   19.3   18.9    74   14.4   11.3      E   2.82  22.5   ESE   19.2   19.4   19.4  1008.1   0.00    0.0    0.000   0.009   24.2    54   14.3   24.3    9.84   1.1628     349     1    100.0   15 
17/05/24  13:00   19.1   19.3   19.1    74   14.4    8.0      E   2.01  17.7   ENE   19.1   19.4   19.4  1008.2   0.00    0.0    0.000   0.008   24.2    55   14.6   24.4   10.03   1.1625     351     1    100.0   15 
17/05/24  13:15   18.8   19.1   18.6    75   14.3    8.0    ENE   2.01  16.1   ESE   18.8   19.1   19.1  1008.2   0.00    0.0    0.000   0.005   24.2    55   14.6   24.4   10.03   1.1625     350     1    100.0   15 
17/05/24  13:30   18.4   18.6   18.4    75   13.9    6.4      E   1.61  14.5     E   18.4   18.6   18.6  1008.6   0.00    0.0    0.000   0.001   24.1    55   14.5   24.3   10.03   1.1632     351     1    100.0   15 
17/05/24  13:45   18.4   18.7   17.8    76   14.1    4.8    ONO   1.21  20.9   OSO   18.4   18.6   18.6  1008.9   0.00    0.0    0.000   0.001   24.1    55   14.5   24.3   10.04   1.1639     346     1    100.0   15 
17/05/24  14:00   16.4   17.8   15.6    84   13.7    6.4    ONO   1.61  19.3   ONO   16.4   16.6   16.6  1009.1   0.80    7.2    0.020   0.000   24.0    56   14.7   24.3   10.24   1.1641     348     1    100.0   15 
17/05/24  14:15   14.9   15.5   14.5    88   12.9    6.4    ONO   1.61  16.1     O   14.9   14.9   14.9  1008.8   1.20    8.2    0.036   0.000   24.0    56   14.7   24.3   10.24   1.1637     350     1    100.0   15 
17/05/24  14:30   14.9   15.8   14.4    91   13.4    4.8     NO   1.21  11.3    NO   14.9   15.0   15.0  1008.3   0.20    3.0    0.036   0.000   24.0    56   14.7   24.3   10.24   1.1631     351     1    100.0   15 
17/05/24  14:45   15.9   16.3   15.6    88   14.0    4.8     NO   1.21  24.1     E   15.9   16.1   16.1  1008.5   0.00    0.0    0.025   0.000   24.2    56   14.8   24.4   10.23   1.1625     352     1    100.0   15 
17/05/24  15:00   16.1   16.2   16.0    87   13.9    6.4      E   1.61  24.1     E   16.1   16.2   16.2  1008.1   0.00    0.0    0.024   0.000   24.3    56   14.9   24.5   10.22   1.1615     351     1    100.0   15 
17/05/24  15:15   16.2   16.6   16.0    85   13.7    6.4      E   1.61  11.3   ESE   16.2   16.3   16.3  1008.0   0.00    0.0    0.022   0.000   24.2    56   14.9   24.5   10.23   1.1616     351     1    100.0   15 
17/05/24  15:30   16.9   17.2   16.6    80   13.4    4.8    ESE   1.21  11.3   ENE   16.9   17.0   17.0  1008.1   0.00    0.0    0.015   0.000   24.2    56   14.9   24.5   10.23   1.1617     350     1    100.0   15 
17/05/24  15:45   17.4   17.8   17.1    77   13.3    4.8    ESE   1.21  12.9    SE   17.4   17.4   17.4  1008.1   0.00    0.0    0.010   0.000   24.2    56   14.8   24.4   10.23   1.1620     351     1    100.0   15 
17/05/24  16:00   17.9   18.1   17.8    76   13.7    8.0    ESE   2.01  17.7   ESE   17.9   18.1   18.1  1008.0   0.00    0.0    0.004   0.000   24.1    56   14.8   24.4   10.23   1.1623     350     1    100.0   15 
17/05/24  16:15   18.1   18.2   17.9    78   14.2    8.0      E   2.01  16.1   ESE   18.1   18.3   18.3  1007.9   0.00    0.0    0.003   0.000   24.1    56   14.7   24.3   10.24   1.1623     351     1    100.0   15 
17/05/24  16:30   18.1   18.2   18.1    78   14.2    8.0    ESE   2.01  17.7   ENE   18.1   18.4   18.4  1007.9   0.00    0.0    0.002   0.000   24.1    56   14.7   24.3   10.24   1.1624     350     1    100.0   15 
17/05/24  16:45   18.2   18.3   18.1    77   14.1    6.4    ESE   1.61  16.1   ESE   18.2   18.4   18.4  1007.9   0.00    0.0    0.002   0.000   24.1    56   14.7   24.3   10.24   1.1624     350     1    100.0   15 
17/05/24  17:00   18.3   18.4   18.3    73   13.4    6.4      E   1.61  14.5   ESE   18.3   18.4   18.4  1008.0   0.00    0.0    0.000   0.000   24.0    56   14.7   24.3   10.24   1.1627     352     1    100.0   15 
17/05/24  17:15   18.6   18.7   18.4    76   14.3    6.4    ENE   1.61  14.5   ENE   18.6   18.9   18.9  1007.9   0.00    0.0    0.000   0.003   23.9    56   14.6   24.3   10.25   1.1630     351     1    100.0   15 
17/05/24  17:30   18.6   18.7   18.4    77   14.5    4.8      E   1.21  12.9   ENE   18.6   18.9   18.9  1008.0   0.00    0.0    0.000   0.003   23.9    56   14.6   24.3   10.25   1.1631     351     1    100.0   15 
17/05/24  17:45   18.3   18.4   18.2    78   14.4    3.2    ENE   0.80   8.0     E   18.3   18.6   18.6  1008.2   0.00    0.0    0.000   0.000   23.8    56   14.5   24.2   10.25   1.1638     349     1    100.0   15 
17/05/24  18:00   18.2   18.2   18.1    79   14.5    4.8      E   1.21   9.7     E   18.2   18.5   18.5  1008.2   0.00    0.0    0.002   0.000   23.8    56   14.5   24.2   10.25   1.1639     352     1    100.0   15 
17/05/24  18:15   18.1   18.2   18.1    82   15.0    3.2    ENE   0.80  11.3     E   18.1   18.5   18.5  1008.3   0.00    0.0    0.002   0.000   23.9    56   14.6   24.3   10.25   1.1635     350     1    100.0   15 
17/05/24  18:30   17.9   18.1   17.8    84   15.2    4.8      E   1.21  12.9     E   17.9   18.3   18.3  1008.4   0.00    0.0    0.004   0.000   24.1    56   14.7   24.3   10.24   1.1630     351     2    100.0   15 
17/05/24  18:45   17.6   17.8   17.4    86   15.2    4.8      E   1.21  11.3     E   17.6   17.9   17.9  1008.5   0.00    0.0    0.008   0.000   24.1    56   14.7   24.3   10.24   1.1631     344     1    100.0   15 
17/05/24  19:00   17.3   17.4   17.2    86   15.0    4.8      E   1.21  12.9   ENE   17.3   17.7   17.7  1008.8   0.00    0.0    0.010   0.000   24.1    56   14.8   24.4   10.23   1.1632     350     1    100.0   15 
17/05/24  19:15   17.2   17.2   17.1    87   15.0    3.2      E   0.80  11.3   ENE   17.2   17.5   17.5  1008.9   0.00    0.0    0.012   0.000   24.1    56   14.8   24.4   10.23   1.1633     352     1    100.0   15 
17/05/24  19:30   16.9   17.1   16.8    87   14.8    1.6      E   0.40   4.8     E   16.9   17.2   17.2  1009.0   0.00    0.0    0.014   0.000   24.2    56   14.8   24.4   10.23   1.1631     350     1    100.0   15 
17/05/24  19:45   16.7   16.8   16.6    87   14.5    3.2      E   0.80   8.0     E   16.7   16.9   16.9  1008.9   0.00    0.0    0.017   0.000   24.2    56   14.8   24.4   10.23   1.1631     349     1    100.0   15 
17/05/24  20:00   16.5   16.6   16.5    87   14.3    1.6      E   0.40   4.8     E   16.5   16.7   16.7  1009.4   0.00    0.0    0.019   0.000   24.1    56   14.7   24.3   10.24   1.1641     351     1    100.0   15 
17/05/24  20:15   16.4   16.5   16.3    86   14.1    0.0      E   0.00   3.2     E   16.4   16.6   16.6  1009.6   0.00    0.0    0.020   0.000   23.9    57   14.9   24.3   10.35   1.1646     352     1    100.0   15 
17/05/24  20:30   16.3   16.3   16.3    89   14.5    3.2    OSO   0.80  11.3     S   16.3   16.6   16.6  1010.0   0.00    0.0    0.021   0.000   23.9    57   14.9   24.3   10.35   1.1651     351     1    100.0   15 
17/05/24  20:45   16.1   16.3   15.8    90   14.4    1.6    ONO   0.40   8.0     O   16.1   16.3   16.3  1010.0   0.00    0.0    0.024   0.000   24.0    57   15.0   24.3   10.34   1.1648     351     1    100.0   15 
17/05/24  21:00   15.6   15.8   15.4    91   14.1    1.6    OSO   0.40   8.0   OSO   15.6   15.8   15.8  1010.2   0.00    0.0    0.028   0.000   24.1    57   15.0   24.4   10.34   1.1647     351     1    100.0   15 
17/05/24  21:15   15.3   15.4   15.1    91   13.8    1.6    OSO   0.40   4.8   OSO   15.3   15.4   15.4  1010.2   0.00    0.0    0.032   0.000   24.1    57   15.0   24.4   10.34   1.1647     350     1    100.0   15 
17/05/24  21:30   15.1   15.2   14.9    92   13.8    0.0    OSO   0.00   4.8   OSO   15.1   15.2   15.2  1010.2   0.00    0.0    0.034   0.000   24.1    57   15.1   24.4   10.33   1.1644     352     1    100.0   15 
17/05/24  21:45   14.9   14.9   14.9    92   13.6    0.0    OSO   0.00   4.8   OSO   14.9   15.1   15.1  1010.1   0.00    0.0    0.036   0.000   24.1    57   15.0   24.4   10.34   1.1646     351     1    100.0   15 
17/05/24  22:00   14.9   14.9   14.8    92   13.6    0.0    OSO   0.00   3.2   OSO   14.9   15.1   15.1  1010.0   0.00    0.0    0.036   0.000   24.1    57   15.1   24.4   10.33   1.1642     351     1    100.0   15 
17/05/24  22:15   14.7   14.8   14.7    93   13.6    1.6    OSO   0.40   3.2   OSO   14.7   14.9   14.9  1010.0   0.00    0.0    0.038   0.000   24.1    57   15.0   24.4   10.34   1.1645     351     1    100.0   15 
17/05/24  22:30   14.8   14.8   14.7    93   13.7    1.6     NO   0.40   4.8    NO   14.8   14.9   14.9  1009.9   0.00    0.0    0.037   0.000   24.0    57   15.0   24.3   10.34   1.1647     352     1    100.0   15 
17/05/24  22:45   14.7   14.8   14.7    93   13.6    1.6     NO   0.40   3.2    NO   14.7   14.9   14.9  1009.9   0.00    0.0    0.038   0.000   23.8    57   14.8   24.2   10.35   1.1655     350     1    100.0   15 
17/05/24  23:00   14.7   14.8   14.7    93   13.6    1.6     NO   0.40   3.2    NO   14.7   14.9   14.9  1009.9   0.00    0.0    0.038   0.000   23.7    57   14.7   24.1   10.36   1.1660     351     1    100.0   15 
17/05/24  23:15   14.7   14.7   14.6    93   13.5    0.0     NO   0.00   3.2    NO   14.7   14.8   14.8  1010.0   0.00    0.0    0.038   0.000   23.6    58   14.9   23.9   10.57   1.1664     351     1    100.0   15 
17/05/24  23:30   14.6   14.6   14.5    94   13.6    0.0    ---   0.00   0.0   ---   14.6   14.7   14.7  1009.8   0.00    0.0    0.039   0.000   23.4    58   14.7   23.7   10.59   1.1673     352     1    100.0   15 
17/05/24  23:45   14.4   14.6   14.4    94   13.5    0.0    ---   0.00   0.0   ---   14.4   14.6   14.6  1009.7   0.00    0.0    0.041   0.000   23.2    58   14.4   23.4   10.60   1.1683     351     1    100.0   15 
18/05/24  00:00   14.3   14.4   14.1    93   13.2    1.6     NO   0.40   4.8    NO   14.3   14.4   14.4  1009.7   0.00    0.0    0.042   0.000   23.0    58   14.3   23.2   10.61   1.1692     348     1    100.0   15 
18/05/24   0:15   14.1   14.2   14.1    94   13.2    0.0     NO   0.00   3.2    NO   14.1   14.2   14.2  1009.8   0.00    0.0    0.044   0.000   22.8    58   14.1   22.9   10.63   1.1705     349     1    100.0   15 
18/05/24   0:30   14.2   14.2   14.1    94   13.2    1.6     NO   0.40   4.8    NO   14.2   14.3   14.3  1009.8   0.00    0.0    0.043   0.000   22.6    59   14.2   22.7   10.84   1.1710     350     1    100.0   15 
18/05/24   0:45   14.0   14.2   13.8    94   13.0    1.6    SSE   0.40   4.8    NO   14.0   14.1   14.1  1009.7   0.00    0.0    0.045   0.000   22.4    59   14.0   22.4   10.85   1.1717     351     1    100.0   15 
18/05/24   1:00   13.8   13.8   13.8    94   12.8    0.0    ---   0.00   0.0   ---   13.8   13.9   13.9  1009.8   0.00    0.0    0.047   0.000   22.3    59   13.9   22.2   10.87   1.1726     351     1    100.0   15 
18/05/24   1:15   13.8   13.9   13.8    94   12.9    0.0    OSO   0.00   3.2   OSO   13.8   13.9   13.9  1009.7   0.00    0.0    0.047   0.000   22.2    59   13.8   22.1   10.87   1.1731     350     1    100.0   15 
18/05/24   1:30   13.7   13.8   13.7    95   12.9    0.0    ONO   0.00   4.8   ONO   13.7   13.8   13.8  1009.5   0.00    0.0    0.048   0.000   22.1    59   13.7   21.9   10.88   1.1735     350     1    100.0   15 
18/05/24   1:45   13.7   13.7   13.7    95   12.9    1.6    ONO   0.40   4.8    NO   13.7   13.8   13.8  1009.5   0.00    0.0    0.048   0.000   21.9    59   13.5   21.7   10.89   1.1743     350     1    100.0   15 
18/05/24   2:00   13.0   13.7   12.7    95   12.2    3.2     NO   0.80   6.4    NO   13.0   13.1   13.1  1009.4   0.00    0.0    0.056   0.000   21.8    59   13.4   21.5   10.90   1.1747     351     1    100.0   15 
18/05/24   2:15   12.9   13.2   12.7    95   12.1    1.6     NO   0.40   4.8    NO   12.9   13.0   13.0  1009.3   0.00    0.0    0.057   0.000   21.7    60   13.6   21.4   11.03   1.1749     351     1    100.0   15 
18/05/24   2:30   13.1   13.2   13.0    95   12.3    0.0     NO   0.00   4.8    NE   13.1   13.2   13.2  1009.2   0.00    0.0    0.054   0.000   21.6    60   13.5   21.2   11.03   1.1754     351     1    100.0   15 
18/05/24   2:45   12.9   13.0   12.8    95   12.1    1.6    ENE   0.40   4.8   ENE   12.9   13.0   13.0  1009.2   0.00    0.0    0.057   0.000   21.4    60   13.4   21.1   11.04   1.1759     351     1    100.0   15 
18/05/24   3:00   12.9   12.9   12.8    95   12.2    0.0    NNE   0.00   3.2   NNE   12.9   13.1   13.1  1008.9   0.00    0.0    0.056   0.000   21.3    60   13.2   20.9   11.04   1.1761     351     1    100.0   15 
18/05/24   3:15   12.6   12.9   12.3    95   11.8    1.6     NO   0.40   6.4   OSO   12.6   12.7   12.7  1009.5   0.00    0.0    0.060   0.000   21.3    60   13.2   20.9   11.04   1.1772     352     1    100.0   15 
