                 Temp.  Temp.  Temp.  Hum.   Punt   Vel.   Dir.   Rec.  Vel.  Dir.  Sens.   Índ.   Índ.                  Int. Graus D.Graus D.  Temp.  Hum. Rosada  In.Cal.  EMC     Dens.    Mostr   Tx   Recep.  Int.
  Data    Hora    Ext.   Màx.   Mín.  Ext. Rosada   Vent   Vent   Vent  Màx.  Màx.  Tèrm.  Calor   THW    Bar    Pluja   Pluja  Calor    Fred    Int.  Int.   Int.   Int.    Int.  Int.Aire    Vent   Vent   ISS   Arc.
-------------------------------------------------------------------------------------------------------------------------------------------------------------------------------------------------------------------------
 5/05/24   0:15   15.4   15.6   15.1    68    9.5    1.6     NO   0.40   3.2    NO   15.4   15.0   15.0  1014.5   0.00    0.0    0.031   0.000   23.1    52   12.7   23.0    9.58   1.1762     350     1    100.0   15 
 5/05/24   0:30   14.9   15.1   14.8    66    8.6    0.0     NO   0.00   3.2    NO   14.9   14.4   14.4  1014.3   0.00    0.0    0.036   0.000   23.0    52   12.6   22.9    9.58   1.1766     351     1    100.0   15 
 5/05/24   0:45   15.0   15.1   14.9    65    8.5    1.6     NO   0.40   3.2    NO   15.0   14.4   14.4  1014.1   0.00    0.0    0.035   0.000   22.9    52   12.6   22.8    9.58   1.1766     352     1    100.0   15 
 5/05/24   1:00   14.9   14.9   14.8    64    8.1    0.0     NO   0.00   3.2    NO   14.9   14.3   14.3  1014.1   0.00    0.0    0.036   0.000   22.9    52   12.5   22.7    9.59   1.1770     351     1    100.0   15 
 5/05/24   1:15   14.6   14.9   14.2    67    8.5    3.2     NO   0.80   8.0   NNO   14.6   14.1   14.1  1014.1   0.00    0.0    0.039   0.000   22.8    53   12.7   22.7    9.73   1.1772     350     1    100.0   15 
 5/05/24   1:30   13.9   14.2   13.8    69    8.3    1.6     NO   0.40   3.2    NO   13.9   13.5   13.5  1014.0   0.00    0.0    0.046   0.000   22.7    53   12.6   22.5    9.74   1.1775     350     1    100.0   15 
 5/05/24   1:45   14.0   14.1   13.9    69    8.4    0.0     NO   0.00   1.6    NO   14.0   13.6   13.6  1013.9   0.00    0.0    0.045   0.000   22.6    53   12.5   22.4    9.74   1.1778     352     1    100.0   15 
 5/05/24   2:00   14.2   14.3   14.1    69    8.6    0.0    ---   0.00   0.0   ---   14.2   13.8   13.8  1013.9   0.00    0.0    0.043   0.000   22.5    53   12.4   22.3    9.75   1.1783     351     1    100.0   15 
 5/05/24   2:15   14.3   14.3   14.2    69    8.7    0.0     NO   0.00   3.2    NO   14.3   13.8   13.8  1013.7   0.00    0.0    0.042   0.000   22.4    53   12.4   22.2    9.75   1.1784     351     1    100.0   15 
 5/05/24   2:30   14.0   14.3   13.8    69    8.4    0.0     NO   0.00   3.2    NO   14.0   13.6   13.6  1013.7   0.00    0.0    0.045   0.000   22.3    53   12.3   22.0    9.76   1.1789     351     1    100.0   15 
 5/05/24   2:45   14.1   14.2   13.8    68    8.2    0.0     NO   0.00   3.2    NO   14.1   13.6   13.6  1013.5   0.00    0.0    0.045   0.000   22.3    54   12.5   22.0    9.91   1.1787     351     1    100.0   15 
 5/05/24   3:00   14.1   14.2   14.0    67    8.1    0.0     NO   0.00   3.2    NO   14.1   13.6   13.6  1013.4   0.00    0.0    0.044   0.000   22.2    54   12.5   21.9    9.91   1.1788     351     1    100.0   15 
 5/05/24   3:15   13.8   14.0   13.6    70    8.4    0.0     NO   0.00   3.2    NO   13.8   13.3   13.3  1013.5   0.00    0.0    0.047   0.000   22.1    54   12.4   21.7    9.91   1.1795     351     1    100.0   15 
 5/05/24   3:30   13.4   13.6   13.3    72    8.4    0.0    ---   0.00   0.0   ---   13.4   13.0   13.0  1013.5   0.00    0.0    0.052   0.000   22.1    54   12.3   21.7    9.92   1.1798     351     1    100.0   15 
 5/05/24   3:45   13.3   13.3   13.3    73    8.6    0.0    ---   0.00   0.0   ---   13.3   12.9   12.9  1013.4   0.00    0.0    0.052   0.000   21.9    54   12.2   21.5    9.92   1.1802     350     1    100.0   15 
 5/05/24   4:00   13.4   13.4   13.3    72    8.4    0.0     NO   0.00   3.2    NO   13.4   13.0   13.0  1013.4   0.00    0.0    0.052   0.000   21.9    54   12.2   21.4    9.92   1.1805     352     1    100.0   15 
 5/05/24   4:15   13.2   13.4   12.8    73    8.4    1.6     NO   0.40   4.8    NO   13.2   12.8   12.8  1013.4   0.00    0.0    0.054   0.000   21.8    54   12.1   21.2    9.93   1.1810     351     1    100.0   15 
 5/05/24   4:30   12.6   12.8   12.5    74    8.1    1.6     NO   0.40   4.8    NO   12.6   12.3   12.3  1013.4   0.00    0.0    0.060   0.000   21.7    54   12.0   21.2    9.93   1.1813     350     1    100.0   15 
 5/05/24   4:45   12.4   12.5   12.3    75    8.1    3.2     NO   0.80   4.8    NO   12.4   12.1   12.1  1013.5   0.00    0.0    0.062   0.000   21.7    54   12.0   21.2    9.93   1.1814     350     1    100.0   15 
 5/05/24   5:00   12.5   12.6   12.3    74    8.0    1.6     NO   0.40   3.2    NO   12.5   12.2   12.2  1013.5   0.00    0.0    0.061   0.000   21.9    54   12.2   21.4    9.92   1.1807     352     1    100.0   15 
 5/05/24   5:15   12.7   12.8   12.6    73    7.9    3.2     NE   0.80   6.4    NE   12.7   12.3   12.3  1013.6   0.00    0.0    0.059   0.000   22.2    54   12.4   21.8    9.91   1.1793     348     1    100.0   15 
 5/05/24   5:30   12.7   12.7   12.4    74    8.1    3.2     NE   0.80   8.0     E   12.7   12.3   12.3  1013.7   0.00    0.0    0.059   0.000   22.4    53   12.3   22.1    9.76   1.1786     350     1    100.0   15 
 5/05/24   5:45   12.4   12.5   12.4    74    7.9    0.0      E   0.00   3.2     E   12.4   12.2   12.2  1013.6   0.00    0.0    0.061   0.000   22.7    53   12.6   22.5    9.74   1.1771     351     1    100.0   15 
 5/05/24   6:00   12.9   13.3   12.5    74    8.4    0.0      E   0.00   1.6     E   12.9   12.6   12.6  1013.7   0.00    0.0    0.057   0.000   23.3    52   12.9   23.2    9.57   1.1745     350     1    100.0   15 
 5/05/24   6:15   13.6   13.8   13.4    71    8.4    3.2    ENE   0.80   6.4   ENE   13.6   13.2   13.2  1013.7   0.00    0.0    0.049   0.000   24.0    51   13.2   24.1    9.35   1.1712     350     1    100.0   15 
 5/05/24   6:30   13.3   13.6   13.2    72    8.4    1.6    ENE   0.40   4.8   ENE   13.3   12.9   12.9  1013.8   0.00    0.0    0.052   0.000   24.4    51   13.6   24.5    9.35   1.1691     350     1    100.0   15 
 5/05/24   6:45   14.2   14.5   13.6    68    8.3    1.6    ENE   0.40   6.4   ENE   14.2   13.7   13.7  1013.8   0.00    0.0    0.043   0.000   24.7    50   13.5   24.6    9.22   1.1684     350     1    100.0   15 
 5/05/24   7:00   14.6   14.7   14.5    69    9.0    3.2    ENE   0.80   8.0    NE   14.6   14.2   14.2  1013.7   0.00    0.0    0.039   0.000   24.8    50   13.7   24.8    9.22   1.1674     351     1    100.0   15 
 5/05/24   7:15   14.7   14.9   14.6    66    8.4    4.8    ENE   1.21   8.0     E   14.7   14.1   14.1  1014.0   0.00    0.0    0.038   0.000   25.0    50   13.9   24.9    9.21   1.1669     352     1    100.0   15 
 5/05/24   7:30   15.2   15.6   14.8    63    8.2    3.2     NE   0.80   8.0     E   15.2   14.6   14.6  1013.9   0.00    0.0    0.033   0.000   25.2    50   14.0   25.1    9.20   1.1660     349     1    100.0   15 
 5/05/24   7:45   15.8   16.1   15.6    63    8.7    4.8      E   1.21  11.3   ENE   15.8   15.2   15.2  1013.9   0.00    0.0    0.027   0.000   25.3    49   13.8   25.2    9.00   1.1657     351     1    100.0   15 
 5/05/24   8:00   16.3   16.7   16.1    62    9.0    3.2    ENE   0.80  11.3   ENE   16.3   15.7   15.7  1013.9   0.00    0.0    0.021   0.000   25.3    49   13.8   25.2    9.00   1.1655     350     1    100.0   15 
 5/05/24   8:15   16.9   17.1   16.7    61    9.3    4.8    ENE   1.21  11.3   ENE   16.9   16.3   16.3  1013.7   0.00    0.0    0.015   0.000   25.3    49   13.8   25.2    9.00   1.1653     350     1    100.0   15 
 5/05/24   8:30   17.1   17.4   17.0    59    9.0    4.8      E   1.21  11.3     E   17.1   16.4   16.4  1013.8   0.00    0.0    0.013   0.000   25.3    50   14.2   25.3    9.20   1.1650     337     1     98.5   15 
 5/05/24   8:45   17.4   17.7   17.3    58    9.1    3.2    ENE   0.80  14.5   ENE   17.4   16.8   16.8  1013.8   0.00    0.0    0.009   0.000   25.3    50   14.2   25.3    9.20   1.1650     321     1     93.9   15 
 5/05/24   9:00   18.0   18.4   17.7    53    8.3    3.2     NE   0.80   9.7   NNE   18.0   17.2   17.2  1013.7   0.00    0.0    0.003   0.000   25.3    49   13.8   25.2    9.00   1.1652     345     1    100.0   15 
 5/05/24   9:15   18.9   19.1   18.4    54    9.4    4.8    ENE   1.21  12.9   ESE   18.9   18.2   18.2  1013.4   0.00    0.0    0.000   0.006   25.2    47   13.1   25.1    8.70   1.1662     349     1    100.0   15 
 5/05/24   9:30   19.0   19.1   18.8    53    9.2    4.8    ESE   1.21  11.3     E   19.0   18.3   18.3  1013.3   0.00    0.0    0.000   0.007   25.1    46   12.7   24.9    8.51   1.1670     352     1    100.0   15 
 5/05/24   9:45   19.3   19.4   19.1    54    9.7    6.4    ENE   1.61  12.9   ENE   19.3   18.7   18.7  1013.1   0.00    0.0    0.000   0.010   25.1    46   12.6   24.8    8.51   1.1671     351     1    100.0   15 
 5/05/24  10:00   19.6   19.9   19.3    54   10.0    4.8     SE   1.21  14.5   ENE   19.6   19.0   19.0  1013.0   0.00    0.0    0.000   0.013   25.1    46   12.7   24.9    8.51   1.1667     350     1    100.0   15 
 5/05/24  10:15   20.2   20.6   19.9    54   10.6    6.4     SE   1.61  12.9     E   20.2   19.6   19.6  1012.8   0.00    0.0    0.000   0.019   25.2    46   12.8   25.0    8.50   1.1659     350     1    100.0   15 
 5/05/24  10:30   20.9   21.2   20.6    53   11.0    4.8    SSE   1.21  12.9   ENE   20.9   20.2   20.2  1012.6   0.00    0.0    0.000   0.027   25.3    46   12.8   25.1    8.50   1.1654     350     1    100.0   15 
 5/05/24  10:45   21.4   21.9   21.1    51   10.8    4.8    SSE   1.21  12.9   ESE   21.4   20.6   20.6  1012.5   0.00    0.0    0.000   0.032   25.3    46   12.9   25.1    8.50   1.1650     349     1    100.0   15 
 5/05/24  11:00   22.0   22.2   21.9    53   12.0    4.8     NE   1.21  11.3   ENE   22.0   21.5   21.5  1012.4   0.00    0.0    0.000   0.038   25.3    46   12.9   25.1    8.50   1.1648     351     1    100.0   15 
 5/05/24  11:15   22.5   22.7   22.2    51   11.9    6.4      E   1.61  12.9   ESE   22.5   22.2   22.2  1012.3   0.00    0.0    0.000   0.043   25.4    47   13.3   25.2    8.70   1.1641     349     1    100.0   15 
 5/05/24  11:30   22.6   22.7   22.4    57   13.7    6.4      E   1.61  14.5     E   22.6   22.6   22.6  1012.1   0.00    0.0    0.000   0.045   25.4    47   13.3   25.2    8.70   1.1639     350     1    100.0   15 
 5/05/24  11:45   22.6   22.7   22.4    59   14.1    9.7    ENE   2.41  19.3   ESE   22.6   22.6   22.6  1011.8   0.00    0.0    0.000   0.044   25.5    48   13.7   25.4    8.89   1.1626     352     1    100.0   15 
 5/05/24  12:00   22.4   22.7   22.2    61   14.5   11.3      E   2.82  22.5   ENE   22.4   22.4   22.4  1011.6   0.00    0.0    0.000   0.042   25.7    48   13.8   25.6    8.89   1.1616     351     1    100.0   15 
 5/05/24  12:15   22.2   22.3   21.9    63   14.8   11.3      E   2.82  22.5   ESE   22.2   22.2   22.2  1011.5   0.00    0.0    0.000   0.040   25.7    49   14.2   25.7    8.98   1.1608     348     1    100.0   15 
 5/05/24  12:30   21.9   22.0   21.8    63   14.6    9.7    ENE   2.41  19.3   ENE   21.9   21.9   21.9  1011.4   0.00    0.0    0.000   0.038   25.8    49   14.3   25.8    8.98   1.1601     351     1    100.0   15 
 5/05/24  12:45   21.7   21.8   21.6    64   14.6    9.7    ENE   2.41  20.9     E   21.7   21.6   21.6  1011.3   0.00    0.0    0.000   0.035   25.8    49   14.3   25.8    8.98   1.1600     351     1    100.0   15 
 5/05/24  13:00   21.9   22.1   21.7    62   14.3    8.0    ENE   2.01  16.1    SE   21.9   21.8   21.8  1011.2   0.00    0.0    0.000   0.037   25.9    49   14.4   25.9    8.98   1.1596     350     1    100.0   15 
 5/05/24  13:15   22.4   22.8   22.1    55   12.9    4.8     SE   1.21  12.9   ENE   22.4   22.2   22.2  1011.1   0.00    0.0    0.000   0.042   25.9    49   14.4   25.9    8.98   1.1594     351     1    100.0   15 
 5/05/24  13:30   23.6   23.9   22.8    52   13.1    4.8      S   1.21  12.9     S   23.6   23.6   23.6  1011.0   0.00    0.0    0.000   0.054   25.9    49   14.4   25.9    8.98   1.1591     351     1    100.0   15 
 5/05/24  13:45   23.3   23.8   22.9    53   13.2    6.4    SSE   1.61  14.5     E   23.3   23.3   23.3  1010.9   0.00    0.0    0.000   0.052   26.0    49   14.5   26.1    8.97   1.1587     352     1    100.0   15 
 5/05/24  14:00   23.5   23.9   23.3    52   13.1    3.2    SSE   0.80  11.3    SO   23.5   23.5   23.5  1010.7   0.00    0.0    0.000   0.054   26.1    49   14.5   26.1    8.97   1.1582     348     1    100.0   15 
 5/05/24  14:15   23.7   24.0   23.6    51   13.0    4.8    SSE   1.21  12.9     S   23.7   23.8   23.8  1010.6   0.00    0.0    0.000   0.056   26.1    49   14.5   26.1    8.97   1.1581     351     1    100.0   15 
 5/05/24  14:30   23.9   24.0   23.7    51   13.2    4.8      S   1.21  12.9    SO   23.9   24.1   24.1  1010.3   0.00    0.0    0.000   0.058   26.1    49   14.6   26.2    8.97   1.1575     350     1    100.0   15 
 5/05/24  14:45   23.4   23.9   22.8    53   13.3    8.0    SSE   2.01  19.3   ESE   23.4   23.5   23.5  1010.2   0.00    0.0    0.000   0.053   26.2    49   14.6   26.2    8.97   1.1570     343     1    100.0   15 
 5/05/24  15:00   22.4   22.8   22.3    55   13.0    6.4      S   1.61  17.7   SSE   22.4   22.3   22.3  1010.0   0.00    0.0    0.000   0.043   26.1    49   14.6   26.2    8.97   1.1570     343     1    100.0   15 
 5/05/24  15:15   22.8   22.9   22.4    53   12.7    8.0      S   2.01  17.7     S   22.8   22.7   22.7  1009.9   0.00    0.0    0.000   0.046   26.1    49   14.6   26.2    8.97   1.1569     342     1    100.0   15 
 5/05/24  15:30   22.7   22.8   22.6    53   12.6    6.4    SSO   1.61  16.1   SSO   22.7   22.6   22.6  1009.8   0.00    0.0    0.000   0.046   26.1    49   14.6   26.2    8.97   1.1568     342     1    100.0   15 
 5/05/24  15:45   22.8   22.8   22.7    55   13.3    4.8      S   1.21  11.3   SSE   22.8   22.8   22.8  1009.7   0.00    0.0    0.000   0.046   26.1    49   14.6   26.2    8.97   1.1567     347     1    100.0   15 
 5/05/24  16:00   22.7   22.8   22.4    51   12.1    6.4    SSO   1.61  14.5    SO   22.7   22.5   22.5  1009.8   0.00    0.0    0.000   0.046   26.1    49   14.6   26.2    8.97   1.1568     344     1    100.0   15 
 5/05/24  16:15   22.3   22.4   22.2    50   11.4    4.8    OSO   1.21  12.9     O   22.3   21.8   21.8  1009.9   0.00    0.0    0.000   0.041   26.1    49   14.5   26.1    8.97   1.1572     350     1    100.0   15 
 5/05/24  16:30   22.3   22.4   22.3    49   11.1    4.8     SO   1.21  12.9   SSE   22.3   21.8   21.8  1009.7   0.00    0.0    0.000   0.042   26.1    49   14.5   26.1    8.97   1.1570     350     1    100.0   15 
 5/05/24  16:45   22.3   22.6   22.2    48   10.8    3.2      O   0.80   9.7    SO   22.3   21.8   21.8  1009.5   0.00    0.0    0.000   0.042   26.0    49   14.5   26.1    8.97   1.1571     347     1    100.0   15 
 5/05/24  17:00   22.4   22.6   22.3    48   10.9    3.2      O   0.80   8.0   OSO   22.4   21.9   21.9  1009.4   0.00    0.0    0.000   0.043   26.0    49   14.5   26.1    8.97   1.1569     351     1    100.0   15 
 5/05/24  17:15   22.2   22.3   22.0    49   10.9    1.6     SO   0.40   6.4   SSO   22.2   21.6   21.6  1009.1   0.00    0.0    0.000   0.040   26.0    49   14.5   26.1    8.97   1.1566     351     1    100.0   15 
 5/05/24  17:30   21.8   22.0   21.5    48   10.3    1.6     SO   0.40   4.8    SO   21.8   20.9   20.9  1009.1   0.00    0.0    0.000   0.036   26.0    49   14.5   26.1    8.97   1.1566     350     1    100.0   15 
 5/05/24  17:45   21.4   21.5   21.3    51   10.8    0.0    ESE   0.00   4.8   ESE   21.4   20.6   20.6  1009.0   0.00    0.0    0.000   0.032   25.9    49   14.4   25.9    8.98   1.1568     350     1    100.0   15 
 5/05/24  18:00   21.0   21.3   20.5    67   14.6    3.2    ENE   0.80   8.0     E   21.0   20.9   20.9  1009.2   0.00    0.0    0.000   0.028   25.9    49   14.4   25.9    8.98   1.1572     350     1    100.0   15 
 5/05/24  18:15   20.0   20.4   19.7    71   14.6    3.2     SE   0.80   8.0   SSE   20.0   20.4   20.4  1009.2   0.00    0.0    0.000   0.017   25.8    50   14.6   25.9    9.18   1.1571     352     1    100.0   15 
 5/05/24  18:30   19.6   19.7   19.4    74   14.8    3.2     SE   0.80   4.8    SE   19.6   19.9   19.9  1009.2   0.00    0.0    0.000   0.013   25.7    50   14.5   25.8    9.18   1.1577     351     1    100.0   15 
 5/05/24  18:45   19.3   19.4   19.1    74   14.5    3.2      S   0.80   6.4   ENE   19.3   19.6   19.6  1009.2   0.00    0.0    0.000   0.010   25.7    50   14.5   25.7    9.19   1.1580     349     1    100.0   15 
 5/05/24  19:00   18.8   19.1   18.6    78   14.9    3.2    ENE   0.80   8.0     E   18.8   19.2   19.2  1009.3   0.00    0.0    0.000   0.005   25.6    51   14.7   25.6    9.35   1.1583     337     1     98.5   15 
 5/05/24  19:15   18.4   18.6   18.2    70   12.9    1.6    ENE   0.40   6.4   ENE   18.4   18.4   18.4  1009.4   0.00    0.0    0.000   0.001   25.5    51   14.6   25.6    9.35   1.1586     352     1    100.0   15 
 5/05/24  19:30   18.4   18.6   18.2    63   11.3    1.6      O   0.40   8.0     O   18.4   18.2   18.2  1009.7   0.00    0.0    0.000   0.001   25.4    51   14.5   25.4    9.35   1.1596     351     1    100.0   15 
 5/05/24  19:45   18.6   18.7   18.6    64   11.7    0.0      O   0.00   4.8     O   18.6   18.4   18.4  1009.7   0.00    0.0    0.000   0.003   25.4    51   14.5   25.4    9.35   1.1596     351     1    100.0   15 
 5/05/24  20:00   18.6   18.7   18.4    62   11.1    0.0    ---   0.00   0.0   ---   18.6   18.2   18.2  1009.7   0.00    0.0    0.000   0.002   25.3    52   14.8   25.4    9.50   1.1595     350     1    100.0   15 
 5/05/24  20:15   18.2   18.4   17.8    75   13.7    1.6    ESE   0.40   6.4   ESE   18.2   18.3   18.3  1009.5   0.00    0.0    0.002   0.000   25.3    52   14.8   25.4    9.50   1.1593     349     1    100.0   15 
 5/05/24  20:30   17.2   17.8   16.7    84   14.5    4.8      E   1.21  11.3   ENE   17.2   17.5   17.5  1009.6   0.00    0.0    0.012   0.000   25.3    52   14.8   25.4    9.50   1.1593     352     1    100.0   15 
 5/05/24  20:45   16.3   16.6   16.1    87   14.1    1.6      E   0.40   8.0     E   16.3   16.4   16.4  1009.6   0.00    0.0    0.021   0.000   25.3    53   15.0   25.4    9.65   1.1592     349     1    100.0   15 
 5/05/24  21:00   16.0   16.1   15.9    89   14.2    1.6      E   0.40   8.0     E   16.0   16.2   16.2  1009.7   0.00    0.0    0.024   0.000   25.2    53   14.9   25.3    9.65   1.1599     350     1    100.0   15 
 5/05/24  21:15   15.9   15.9   15.9    90   14.3    0.0     NE   0.00   4.8     E   15.9   16.1   16.1  1009.9   0.00    0.0    0.025   0.000   25.1    53   14.9   25.2    9.65   1.1604     350     1    100.0   15 
 5/05/24  21:30   15.9   16.0   15.8    90   14.3    1.6     NE   0.40   4.8    NE   15.9   16.1   16.1  1009.9   0.00    0.0    0.025   0.000   25.0    54   15.0   25.1    9.81   1.1607     352     1    100.0   15 
 5/05/24  21:45   15.7   15.8   15.6    90   14.0    0.0      N   0.00   4.8     N   15.7   15.8   15.8  1009.9   0.00    0.0    0.028   0.000   24.9    54   14.9   25.0    9.81   1.1612     350     1    100.0   15 
 5/05/24  22:00   15.4   15.6   15.3    89   13.6    0.0      N   0.00   4.8   OSO   15.4   15.5   15.5  1009.8   0.00    0.0    0.031   0.000   24.9    54   14.9   25.0    9.81   1.1611     351     1    100.0   15 
 5/05/24  22:15   15.4   15.4   15.3    87   13.2    1.6    ONO   0.40   8.0   OSO   15.4   15.5   15.5  1009.9   0.00    0.0    0.031   0.000   24.8    54   14.8   24.9    9.82   1.1618     351     1    100.0   15 
 5/05/24  22:30   15.6   15.6   15.4    87   13.4    1.6      O   0.40   6.4     O   15.6   15.7   15.7  1009.8   0.00    0.0    0.029   0.000   24.7    54   14.8   24.8    9.82   1.1619     352     1    100.0   15 
 5/05/24  22:45   15.6   15.6   15.4    87   13.4    0.0     SO   0.00   3.2    SO   15.6   15.7   15.7  1009.8   0.00    0.0    0.029   0.000   24.7    54   14.7   24.8    9.82   1.1622     351     1    100.0   15 
 5/05/24  23:00   15.4   15.4   15.4    87   13.3    0.0     SO   0.00   1.6    SO   15.4   15.6   15.6  1009.6   0.00    0.0    0.030   0.000   24.6    55   14.9   24.7   10.00   1.1621     350     1    100.0   15 
 5/05/24  23:15   15.3   15.4   15.3    88   13.4    0.0     SO   0.00   1.6    SO   15.3   15.4   15.4  1009.5   0.00    0.0    0.031   0.000   24.5    55   14.9   24.7   10.01   1.1624     351     1    100.0   15 
 5/05/24  23:30   15.3   15.3   15.3    89   13.5    0.0     SO   0.00   1.6    SO   15.3   15.4   15.4  1009.4   0.00    0.0    0.032   0.000   24.4    55   14.8   24.6   10.01   1.1625     351     1    100.0   15 
 5/05/24  23:45   15.3   15.3   15.3    89   13.5    0.0     SO   0.00   3.2    SO   15.3   15.4   15.4  1009.9   0.00    0.0    0.032   0.000   24.3    55   14.7   24.5   10.02   1.1636     352     1    100.0   15 
 6/05/24  00:00   15.1   15.3   15.0    89   13.3    0.0     SO   0.00   3.2    SO   15.1   15.2   15.2  1009.8   0.00    0.0    0.034   0.000   24.3    55   14.7   24.5   10.02   1.1638     351     1    100.0   15 
 6/05/24   0:15   14.9   15.0   14.9    90   13.3    0.0     SO   0.00   1.6    SO   14.9   15.1   15.1  1009.4   0.00    0.0    0.035   0.000   24.2    55   14.6   24.4   10.03   1.1636     350     1    100.0   15 
 6/05/24   0:30   14.9   15.0   14.9    89   13.1    1.6    NNE   0.40   6.4   NNE   14.9   15.1   15.1  1009.3   0.00    0.0    0.035   0.000   24.1    55   14.5   24.3   10.03   1.1641     351     1    100.0   15 
 6/05/24   0:45   14.9   14.9   14.9    89   13.1    0.0    NNO   0.00   3.2   NNO   14.9   14.9   14.9  1009.1   0.00    0.0    0.036   0.000   24.0    56   14.7   24.3   10.24   1.1641     351     1    100.0   15 
 6/05/24   1:00   14.9   14.9   14.8    88   12.9    0.0     SO   0.00   3.2    SO   14.9   14.9   14.9  1009.1   0.00    0.0    0.036   0.000   23.9    56   14.6   24.3   10.25   1.1643     352     1    100.0   15 
 6/05/24   1:15   14.7   14.8   14.6    88   12.7    0.0    OSO   0.00   3.2    SO   14.7   14.7   14.7  1008.8   0.00    0.0    0.038   0.000   23.9    56   14.6   24.2   10.25   1.1643     349     1    100.0   15 
 6/05/24   1:30   14.6   14.6   14.5    88   12.6    1.6    OSO   0.40   4.8   OSO   14.6   14.6   14.6  1008.7   0.00    0.0    0.039   0.000   23.8    56   14.5   24.1   10.25   1.1647     351     1    100.0   15 
 6/05/24   1:45   14.5   14.6   14.4    88   12.5    1.6    OSO   0.40   4.8     O   14.5   14.5   14.5  1008.6   0.00    0.0    0.040   0.000   23.7    56   14.4   24.0   10.26   1.1649     351     1    100.0   15 
 6/05/24   2:00   14.4   14.5   14.4    87   12.3    0.0      O   0.00   6.4   OSO   14.4   14.4   14.4  1008.5   0.00    0.0    0.041   0.000   23.6    56   14.3   23.8   10.26   1.1653     351     1    100.0   15 
 6/05/24   2:15   14.4   14.5   14.4    86   12.1    1.6      O   0.40   3.2     O   14.4   14.4   14.4  1008.5   0.00    0.0    0.041   0.000   23.6    56   14.3   23.8   10.26   1.1656     350     1    100.0   15 
 6/05/24   2:30   14.4   14.4   14.3    86   12.1    1.6    ONO   0.40   4.8   ONO   14.4   14.3   14.3  1008.6   0.00    0.0    0.041   0.000   23.4    56   14.2   23.7   10.27   1.1663     351     1    100.0   15 
 6/05/24   2:45   14.4   14.4   14.4    86   12.1    1.6    ONO   0.40   4.8   OSO   14.4   14.4   14.4  1008.4   0.00    0.0    0.041   0.000   23.4    56   14.1   23.6   10.27   1.1664     350     1    100.0   15 
 6/05/24   3:00   14.5   14.6   14.4    84   11.8    3.2      O   0.80   6.4   ONO   14.5   14.4   14.4  1008.4   0.00    0.0    0.040   0.000   23.3    57   14.3   23.6   10.39   1.1663     351     1    100.0   15 
 6/05/24   3:15   14.7   14.7   14.6    83   11.8    3.2    ONO   0.80   6.4     O   14.7   14.6   14.6  1008.3   0.00    0.0    0.038   0.000   23.2    57   14.2   23.4   10.40   1.1668     352     1    100.0   15 
