                 Temp.  Temp.  Temp.  Hum.   Punt   Vel.   Dir.   Rec.  Vel.  Dir.  Sens.   Índ.   Índ.                  Int. Graus D.Graus D.  Temp.  Hum. Rosada  In.Cal.  EMC     Dens.    Mostr   Tx   Recep.  Int.
  Data    Hora    Ext.   Màx.   Mín.  Ext. Rosada   Vent   Vent   Vent  Màx.  Màx.  Tèrm.  Calor   THW    Bar    Pluja   Pluja  Calor    Fred    Int.  Int.   Int.   Int.    Int.  Int.Aire    Vent   Vent   ISS   Arc.
-------------------------------------------------------------------------------------------------------------------------------------------------------------------------------------------------------------------------
30/05/24   0:15   17.3   17.3   17.2    87   15.1    1.6    OSO   0.40   9.7    SO   17.3   17.6   17.6  1013.4   0.00    0.0    0.011   0.000   25.3    58   16.5   25.7   10.45   1.1616     350     1    100.0   15 
30/05/24   0:30   17.2   17.3   17.2    89   15.4    1.6      O   0.40   9.7    SO   17.2   17.6   17.6  1013.2   0.00    0.0    0.012   0.000   25.3    58   16.4   25.7   10.45   1.1616     352     1    100.0   15 
30/05/24   0:45   17.1   17.2   17.0    90   15.5    1.6      O   0.40   9.7   OSO   17.1   17.5   17.5  1013.0   0.00    0.0    0.013   0.000   25.2    58   16.3   25.5   10.46   1.1620     350     1    100.0   15 
30/05/24   1:00   16.9   17.0   16.8    91   15.5    3.2    OSO   0.80   8.0   OSO   16.9   17.3   17.3  1012.9   0.00    0.0    0.014   0.000   25.1    58   16.3   25.4   10.46   1.1621     351     1    100.0   15 
30/05/24   1:15   16.8   16.9   16.7    92   15.5    1.6      O   0.40   6.4     O   16.8   17.1   17.1  1012.8   0.00    0.0    0.016   0.000   25.1    58   16.2   25.4   10.47   1.1623     349     1    100.0   15 
30/05/24   1:30   16.6   16.7   16.6    92   15.3    1.6      O   0.40   6.4     O   16.6   16.9   16.9  1012.7   0.00    0.0    0.018   0.000   25.0    59   16.4   25.4   10.67   1.1621     351     1    100.0   15 
30/05/24   1:45   16.5   16.6   16.4    93   15.4    1.6      O   0.40   8.0   ONO   16.5   16.8   16.8  1012.7   0.00    0.0    0.019   0.000   24.9    59   16.3   25.3   10.68   1.1626     351     1    100.0   15 
30/05/24   2:00   16.4   16.4   16.4    93   15.3    0.0    ONO   0.00   6.4   OSO   16.4   16.7   16.7  1012.6   0.00    0.0    0.020   0.000   24.8    59   16.3   25.2   10.68   1.1628     351     1    100.0   15 
30/05/24   2:15   16.3   16.4   16.3    93   15.2    0.0      O   0.00   4.8     O   16.3   16.6   16.6  1012.5   0.00    0.0    0.021   0.000   24.7    59   16.2   25.1   10.69   1.1632     351     1    100.0   15 
30/05/24   2:30   16.2   16.3   16.2    93   15.1    0.0      O   0.00   3.2     O   16.2   16.5   16.5  1012.3   0.00    0.0    0.022   0.000   24.7    59   16.1   25.1   10.69   1.1633     351     1    100.0   15 
30/05/24   2:45   16.2   16.2   16.1    93   15.0    0.0      O   0.00   3.2     O   16.2   16.4   16.4  1012.2   0.00    0.0    0.023   0.000   24.6    59   16.1   24.9   10.70   1.1635     352     1    100.0   15 
30/05/24   3:00   16.1   16.2   16.1    94   15.1    0.0      O   0.00   3.2     O   16.1   16.4   16.4  1012.0   0.00    0.0    0.023   0.000   24.5    59   16.0   24.8   10.71   1.1639     351     1    100.0   15 
30/05/24   3:15   16.0   16.1   15.9    94   15.0    0.0      O   0.00   4.8     O   16.0   16.3   16.3  1011.9   0.00    0.0    0.024   0.000   24.4    59   15.9   24.8   10.71   1.1640     351     1    100.0   15 
30/05/24   3:30   15.9   15.9   15.8    94   14.9    1.6      O   0.40   4.8     O   15.9   16.1   16.1  1011.8   0.00    0.0    0.025   0.000   24.4    60   16.1   24.8   10.91   1.1638     351     1    100.0   15 
30/05/24   3:45   15.7   15.8   15.6    94   14.8    0.0      O   0.00   3.2     O   15.7   15.9   15.9  1011.8   0.00    0.0    0.027   0.000   24.3    60   16.1   24.7   10.92   1.1641     352     1    100.0   15 
30/05/24   4:00   15.6   15.6   15.4    94   14.6    0.0      O   0.00   4.8     O   15.6   15.8   15.8  1011.6   0.00    0.0    0.029   0.000   24.2    60   16.0   24.7   10.93   1.1644     350     1    100.0   15 
30/05/24   4:15   15.3   15.4   15.2    94   14.4    0.0      O   0.00   3.2     O   15.3   15.6   15.6  1011.4   0.00    0.0    0.031   0.000   24.2    60   15.9   24.6   10.93   1.1645     351     1    100.0   15 
30/05/24   4:30   15.1   15.2   15.1    94   14.2    0.0      O   0.00   3.2     O   15.1   15.3   15.3  1011.6   0.00    0.0    0.034   0.000   24.1    60   15.9   24.6   10.93   1.1650     351     1    100.0   15 
30/05/24   4:45   15.1   15.2   15.1    94   14.2    1.6      O   0.40   4.8     O   15.1   15.3   15.3  1011.4   0.00    0.0    0.034   0.000   24.1    60   15.8   24.5   10.94   1.1652     351     1    100.0   15 
30/05/24   5:00   15.1   15.2   15.1    94   14.2    0.0      O   0.00   3.2     O   15.1   15.3   15.3  1011.4   0.00    0.0    0.034   0.000   24.0    60   15.8   24.5   10.94   1.1654     352     1    100.0   15 
30/05/24   5:15   15.0   15.1   15.0    94   14.0    0.0      O   0.00   3.2     O   15.0   15.2   15.2  1011.4   0.00    0.0    0.035   0.000   24.0    60   15.8   24.5   10.94   1.1654     349     1    100.0   15 
30/05/24   5:30   15.3   15.4   15.1    94   14.3    0.0      O   0.00   3.2     O   15.3   15.5   15.5  1011.3   0.00    0.0    0.032   0.000   24.2    59   15.7   24.6   10.73   1.1645     350     1    100.0   15 
30/05/24   5:45   15.6   15.8   15.4    93   14.4    0.0      O   0.00   1.6     O   15.6   15.8   15.8  1011.3   0.00    0.0    0.029   0.000   24.7    58   15.9   25.1   10.49   1.1623     351     1    100.0   15 
30/05/24   6:00   15.8   16.0   15.8    93   14.7    1.6      O   0.40   6.4     O   15.8   16.1   16.1  1011.3   0.00    0.0    0.026   0.000   25.3    57   16.2   25.7   10.25   1.1595     352     1    100.0   15 
30/05/24   6:15   16.2   16.4   16.0    92   14.9    1.6    ONO   0.40   6.4   OSO   16.2   16.5   16.5  1011.2   0.00    0.0    0.022   0.000   25.8    57   16.7   26.2   10.21   1.1568     351     1    100.0   15 
30/05/24   6:30   16.7   17.0   16.4    90   15.0    1.6    OSO   0.40   6.4   ONO   16.7   16.9   16.9  1011.2   0.00    0.0    0.017   0.000   26.3    56   16.8   26.7   10.08   1.1549     351     1    100.0   15 
30/05/24   6:45   17.4   17.7   17.0    87   15.2    1.6     SO   0.40   4.8   ONO   17.4   17.7   17.7  1011.1   0.00    0.0    0.010   0.000   26.6    56   17.1   27.1   10.05   1.1531     351     1    100.0   15 
30/05/24   7:00   18.0   18.2   17.7    83   15.1    1.6    OSO   0.40   4.8   SSO   18.0   18.3   18.3  1011.2   0.00    0.0    0.003   0.000   26.7    56   17.2   27.1   10.05   1.1529     350     1    100.0   15 
30/05/24   7:15   18.5   18.8   18.2    78   14.6    3.2    OSO   0.80   8.0     S   18.5   18.8   18.8  1011.3   0.00    0.0    0.000   0.002   26.8    56   17.3   27.3   10.05   1.1524     352     1    100.0   15 
30/05/24   7:30   19.1   19.6   18.8    72   13.9    3.2    OSO   0.80   9.7    SO   19.1   19.3   19.3  1011.3   0.00    0.0    0.000   0.008   26.9    56   17.4   27.4   10.05   1.1518     350     1    100.0   15 
30/05/24   7:45   20.0   20.2   19.6    72   14.8    3.2      S   0.80   9.7    SO   20.0   20.4   20.4  1011.3   0.00    0.0    0.000   0.017   27.1    56   17.5   27.6   10.05   1.1509     350     1    100.0   15 
30/05/24   8:00   20.4   20.6   20.2    72   15.2    3.2    SSO   0.80  11.3   ONO   20.4   20.8   20.8  1011.2   0.00    0.0    0.000   0.021   27.1    56   17.6   27.7   10.05   1.1506     351     1    100.0   15 
30/05/24   8:15   20.9   21.0   20.7    68   14.8    3.2      O   0.80   9.7     O   20.9   20.9   20.9  1011.2   0.00    0.0    0.000   0.027   27.1    55   17.3   27.6    9.85   1.1510     351     1    100.0   15 
30/05/24   8:30   21.2   21.5   21.0    66   14.6    3.2      O   0.80   8.0    SO   21.2   21.1   21.1  1011.2   0.00    0.0    0.000   0.030   27.1    53   16.7   27.4    9.64   1.1520     351     1    100.0   15 
30/05/24   8:45   21.9   22.4   21.5    64   14.8    1.6     SO   0.40   6.4   SSO   21.9   21.9   21.9  1011.1   0.00    0.0    0.000   0.038   26.9    52   16.2   27.1    9.44   1.1532     351     1    100.0   15 
30/05/24   9:00   22.7   22.9   22.4    60   14.6    3.2    ESE   0.80  14.5   ENE   22.7   22.9   22.9  1010.9   0.00    0.0    0.000   0.046   26.9    52   16.2   27.1    9.44   1.1530     351     1    100.0   15 
30/05/24   9:15   22.7   23.1   22.5    62   15.0    4.8    ESE   1.21  14.5   ENE   22.7   22.9   22.9  1010.9   0.00    0.0    0.000   0.045   26.8    52   16.1   27.1    9.44   1.1533     350     1    100.0   15 
30/05/24   9:30   23.4   23.7   23.1    59   14.9    3.2     SO   0.80   8.0     E   23.4   23.7   23.7  1010.7   0.00    0.0    0.000   0.053   26.8    51   15.8   27.0    9.34   1.1534     351     1    100.0   15 
30/05/24   9:45   23.7   23.8   23.3    59   15.2    4.8    ENE   1.21  14.5   ESE   23.7   24.1   24.1  1010.7   0.00    0.0    0.000   0.056   26.8    51   15.8   27.0    9.34   1.1534     351     1    100.0   15 
30/05/24  10:00   23.3   23.5   23.1    59   14.8    6.4    ENE   1.61  14.5     E   23.3   23.6   23.6  1010.6   0.00    0.0    0.000   0.052   26.8    50   15.5   26.8    9.15   1.1541     350     1    100.0   15 
30/05/24  10:15   23.7   24.0   23.4    59   15.2    6.4    ENE   1.61  16.1   ESE   23.7   24.1   24.1  1010.5   0.00    0.0    0.000   0.056   26.7    50   15.4   26.8    9.15   1.1541     350     1    100.0   15 
30/05/24  10:30   24.4   24.8   24.1    56   15.1    6.4      E   1.61  17.7   ENE   24.4   24.7   24.7  1010.3   0.00    0.0    0.000   0.064   26.8    50   15.5   26.8    9.15   1.1536     352     1    100.0   15 
30/05/24  10:45   25.1   25.6   24.8    54   15.1    6.4     SE   1.61  14.5   ESE   25.1   25.2   25.2  1010.0   0.00    0.0    0.000   0.071   26.9    50   15.6   27.0    9.14   1.1525     351     1    100.0   15 
30/05/24  11:00   25.6   25.9   25.3    53   15.3    4.8      S   1.21  12.9    NE   25.6   25.8   25.8  1009.8   0.00    0.0    0.000   0.076   27.2    49   15.6   27.3    8.93   1.1513     351     1    100.0   15 
30/05/24  11:15   25.8   25.8   25.7    53   15.5    4.8    SSE   1.21  12.9   ESE   25.8   26.0   26.0  1009.6   0.00    0.0    0.000   0.078   27.4    49   15.8   27.6    8.92   1.1499     351     1    100.0   15 
30/05/24  11:30   26.5   27.0   25.8    52   15.8    4.8     SO   1.21  12.9   ESE   26.5   26.7   26.7  1009.5   0.00    0.0    0.000   0.085   27.6    50   16.2   27.9    9.12   1.1485     351     1    100.0   15 
30/05/24  11:45   27.4   27.9   26.9    51   16.4    6.4      S   1.61  16.1     S   27.4   27.7   27.7  1009.2   0.00    0.0    0.000   0.094   27.8    49   16.1   28.1    8.91   1.1475     351     1    100.0   15 
30/05/24  12:00   27.8   27.9   27.6    55   17.9    8.0    SSO   2.01  17.7   SSO   27.8   28.6   28.6  1009.2   0.00    0.0    0.000   0.098   28.0    51   16.9   28.6    9.30   1.1458     351     1    100.0   15 
30/05/24  12:15   27.8   27.9   27.6    54   17.6    8.0      S   2.01  19.3     S   27.8   28.4   28.4  1009.0   0.00    0.0    0.000   0.098   28.2    51   17.1   28.9    9.29   1.1444     351     1    100.0   15 
30/05/24  12:30   27.9   28.0   27.7    55   18.0    6.4    SSO   1.61  19.3     S   27.9   28.7   28.7  1008.8   0.00    0.0    0.000   0.100   28.4    51   17.3   29.3    9.29   1.1430     352     1    100.0   15 
30/05/24  12:45   27.8   28.0   27.7    55   18.0    8.0    SSO   2.01  19.3   SSO   27.8   28.7   28.7  1008.7   0.00    0.0    0.000   0.099   28.6    51   17.4   29.4    9.28   1.1423     351     1    100.0   15 
30/05/24  13:00   27.6   27.9   27.2    55   17.7    9.7    SSO   2.41  22.5     S   27.6   28.2   28.2  1008.4   0.00    0.0    0.000   0.096   28.7    51   17.6   29.7    9.28   1.1412     351     1    100.0   15 
30/05/24  13:15   27.1   27.4   26.8    56   17.6    8.0      S   2.01  19.3    SE   27.1   27.7   27.7  1008.2   0.00    0.0    0.000   0.091   28.8    50   17.3   29.7    9.07   1.1411     350     1    100.0   15 
30/05/24  13:30   26.6   26.8   26.4    56   17.1    8.0      S   2.01  19.3    SE   26.6   27.1   27.1  1008.1   0.00    0.0    0.000   0.086   28.8    50   17.4   29.8    9.07   1.1407     350     1    100.0   15 
30/05/24  13:45   27.2   27.6   26.7    53   16.8    6.4      S   1.61  20.9    SE   27.2   27.6   27.6  1008.0   0.00    0.0    0.000   0.093   28.9    49   17.1   29.8    8.87   1.1408     351     1    100.0   15 
30/05/24  14:00   27.2   27.4   26.8    53   16.8    8.0      S   2.01  20.9   ESE   27.2   27.5   27.5  1008.1   0.00    0.0    0.000   0.092   28.9    50   17.5   29.9    9.07   1.1401     351     1    100.0   15 
30/05/24  14:15   26.7   26.8   26.6    52   16.0    6.4      S   1.61  17.7   SSO   26.7   26.9   26.9  1008.0   0.00    0.0    0.000   0.087   28.9    50   17.4   29.9    9.07   1.1403     351     1    100.0   15 
30/05/24  14:30   26.6   26.8   26.5    53   16.2    6.4      S   1.61  19.3     S   26.6   26.9   26.9  1008.0   0.00    0.0    0.000   0.086   28.8    50   17.4   29.8    9.07   1.1405     349     1    100.0   15 
30/05/24  14:45   26.4   26.9   26.2    53   16.0    6.4      S   1.61  17.7     S   26.4   26.6   26.6  1008.0   0.00    0.0    0.000   0.084   29.1    49   17.3   30.0    8.86   1.1399     352     1    100.0   15 
30/05/24  15:00   25.9   26.3   25.6    54   15.9    8.0      S   2.01  16.1     S   25.9   26.2   26.2  1007.9   0.00    0.0    0.000   0.079   29.2    47   16.7   29.9    8.56   1.1401     350     1    100.0   15 
30/05/24  15:15   25.7   25.8   25.6    54   15.7    8.0    SSO   2.01  19.3   SSO   25.7   25.9   25.9  1007.9   0.00    0.0    0.000   0.077   29.2    47   16.7   29.9    8.56   1.1402     351     1    100.0   15 
30/05/24  15:30   25.4   25.7   25.1    55   15.7    4.8      S   1.21  12.9    SO   25.4   25.7   25.7  1007.7   0.00    0.0    0.000   0.074   29.1    47   16.6   29.8    8.56   1.1405     351     1    100.0   15 
30/05/24  15:45   25.2   25.5   25.0    53   15.0    6.4    SSO   1.61  16.1   SSE   25.2   25.3   25.3  1007.7   0.00    0.0    0.000   0.072   28.9    47   16.5   29.7    8.57   1.1410     352     1    100.0   15 
30/05/24  16:00   25.6   25.8   25.4    53   15.3    6.4      S   1.61  16.1     S   25.6   25.7   25.7  1007.6   0.00    0.0    0.000   0.075   28.8    46   16.1   29.5    8.45   1.1420     351     1    100.0   15 
30/05/24  16:15   25.6   25.8   25.4    52   15.0    6.4      S   1.61  16.1    SO   25.6   25.7   25.7  1007.7   0.00    0.0    0.000   0.075   28.8    45   15.7   29.4    8.27   1.1425     351     1    100.0   15 
30/05/24  16:30   25.4   25.6   25.3    52   14.9    6.4      S   1.61  16.1     S   25.4   25.6   25.6  1007.8   0.00    0.0    0.000   0.074   28.8    45   15.7   29.4    8.27   1.1426     350     1    100.0   15 
30/05/24  16:45   25.4   25.4   25.3    52   14.8    6.4      S   1.61  16.1    SO   25.4   25.4   25.4  1007.9   0.00    0.0    0.000   0.073   28.8    45   15.7   29.3    8.27   1.1430     351     1    100.0   15 
30/05/24  17:00   25.2   25.3   25.0    52   14.6    4.8     SO   1.21  14.5   OSO   25.2   25.2   25.2  1007.8   0.00    0.0    0.000   0.071   28.7    45   15.6   29.2    8.28   1.1432     352     1    100.0   15 
30/05/24  17:15   24.6   25.0   24.2    54   14.7    6.4      S   1.61  20.9     E   24.6   24.7   24.7  1007.8   0.00    0.0    0.000   0.065   28.6    44   15.2   28.9    8.15   1.1442     351     1    100.0   15 
30/05/24  17:30   23.4   24.1   23.0    60   15.2   11.3      E   2.82  24.1     E   23.4   23.8   23.8  1008.0   0.00    0.0    0.000   0.053   28.4    45   15.4   28.8    8.29   1.1448     350     1    100.0   15 
30/05/24  17:45   22.7   23.0   22.3    63   15.3   12.9    ESE   3.22  20.9     E   22.4   22.9   22.7  1008.1   0.00    0.0    0.000   0.045   28.2    46   15.5   28.5    8.45   1.1455     350     1    100.0   15 
30/05/24  18:00   22.2   22.3   21.9    64   15.0   12.9    ESE   3.22  25.7     E   21.9   22.3   22.0  1008.3   0.00    0.0    0.000   0.040   27.9    47   15.5   28.1    8.61   1.1470     351     1    100.0   15 
30/05/24  18:15   21.7   22.0   21.2    69   15.7   12.9      E   3.22  27.4   ENE   21.4   21.8   21.6  1008.3   0.00    0.0    0.000   0.035   27.4    49   15.8   27.6    8.92   1.1484     351     1    100.0   15 
30/05/24  18:30   20.9   21.2   20.7    72   15.7   11.3      E   2.82  24.1     E   20.9   21.2   21.2  1008.5   0.00    0.0    0.000   0.027   27.2    50   15.8   27.3    9.13   1.1497     350     1    100.0   15 
30/05/24  18:45   20.3   20.7   19.9    76   15.9   12.9      E   3.22  27.4     E   19.9   20.8   20.4  1008.6   0.00    0.0    0.000   0.020   26.9    51   15.9   27.1    9.34   1.1504     350     1    100.0   15 
30/05/24  19:00   19.7   19.9   19.4    80   16.2   12.9    ENE   3.22  29.0    NE   19.4   20.4   20.1  1009.1   0.00    0.0    0.000   0.014   26.8    53   16.4   27.1    9.65   1.1510     352     1    100.0   15 
30/05/24  19:15   19.2   19.4   19.1    80   15.7   12.9      E   3.22  27.4     E   18.9   19.8   19.4  1009.6   0.00    0.0    0.000   0.009   26.6    53   16.2   26.9    9.65   1.1525     350     1    100.0   15 
30/05/24  19:30   18.9   19.1   18.8    82   15.8   12.9      E   3.22  27.4     E   18.6   19.5   19.2  1009.7   0.00    0.0    0.000   0.006   26.6    53   16.2   26.9    9.65   1.1526     351     1    100.0   15 
30/05/24  19:45   18.7   18.8   18.6    83   15.7   11.3      E   2.82  25.7     E   18.7   19.2   19.2  1010.0   0.00    0.0    0.000   0.003   26.6    53   16.2   26.8    9.65   1.1532     349     1    100.0   15 
30/05/24  20:00   18.5   18.6   18.4    84   15.7    9.7      E   2.41  20.9     E   18.5   18.9   18.9  1010.3   0.00    0.0    0.000   0.002   26.6    54   16.5   26.9    9.75   1.1529     351     1    100.0   15 
30/05/24  20:15   18.3   18.4   18.3    85   15.8    9.7      E   2.41  19.3   ESE   18.3   18.8   18.8  1010.5   0.00    0.0    0.000   0.000   26.6    54   16.5   26.9    9.75   1.1531     352     1    100.0   15 
30/05/24  20:30   18.2   18.3   18.2    84   15.5    9.7      E   2.41  19.3   ESE   18.2   18.6   18.6  1010.8   0.00    0.0    0.001   0.000   26.6    54   16.5   26.9    9.75   1.1534     351     1    100.0   15 
30/05/24  20:45   18.1   18.2   18.1    83   15.2    9.7      E   2.41  20.9   ENE   18.1   18.5   18.5  1011.1   0.00    0.0    0.002   0.000   26.6    54   16.5   26.9    9.75   1.1538     350     1    100.0   15 
30/05/24  21:00   18.1   18.1   18.1    83   15.1    8.0      E   2.01  20.9     E   18.1   18.4   18.4  1011.2   0.00    0.0    0.003   0.000   26.6    54   16.5   26.9    9.75   1.1543     351     1    100.0   15 
30/05/24  21:15   18.1   18.1   18.0    83   15.1    6.4    ENE   1.61  14.5     E   18.1   18.4   18.4  1011.2   0.00    0.0    0.003   0.000   26.4    54   16.4   26.8    9.76   1.1548     352     1    100.0   15 
30/05/24  21:30   17.9   18.0   17.9    83   15.0    4.8    ENE   1.21  12.9     E   17.9   18.3   18.3  1011.4   0.00    0.0    0.004   0.000   26.4    55   16.6   26.7    9.87   1.1549     351     1    100.0   15 
30/05/24  21:45   17.8   17.9   17.8    82   14.7    4.8      E   1.21  12.9   ENE   17.8   18.2   18.2  1011.4   0.00    0.0    0.005   0.000   26.3    55   16.5   26.6    9.88   1.1555     351     1    100.0   15 
30/05/24  22:00   17.8   17.8   17.7    82   14.7    8.0      E   2.01  17.7     E   17.8   18.1   18.1  1011.2   0.00    0.0    0.006   0.000   26.2    55   16.4   26.5    9.89   1.1558     351     1    100.0   15 
30/05/24  22:15   17.6   17.7   17.6    83   14.7    4.8     SE   1.21  14.5   ESE   17.6   17.9   17.9  1011.4   0.00    0.0    0.008   0.000   26.1    55   16.3   26.4    9.89   1.1566     351     1    100.0   15 
30/05/24  22:30   17.6   17.6   17.6    84   14.8    4.8      E   1.21  11.3     E   17.6   17.8   17.8  1011.4   0.00    0.0    0.008   0.000   26.0    55   16.3   26.3    9.90   1.1570     351     1    100.0   15 
30/05/24  22:45   17.6   17.6   17.6    84   14.8    3.2    ENE   0.80   6.4   ESE   17.6   17.8   17.8  1011.7   0.00    0.0    0.008   0.000   25.9    55   16.2   26.3    9.90   1.1575     351     1    100.0   15 
30/05/24  23:00   17.6   17.6   17.5    84   14.8    3.2    ESE   0.80   8.0     E   17.6   17.8   17.8  1011.6   0.00    0.0    0.008   0.000   25.9    56   16.4   26.3   10.11   1.1574     351     1    100.0   15 
30/05/24  23:15   17.5   17.6   17.5    85   14.9    1.6    ESE   0.40   4.8   ESE   17.5   17.8   17.8  1011.7   0.00    0.0    0.009   0.000   25.8    56   16.4   26.2   10.11   1.1578     350     1    100.0   15 
30/05/24  23:30   17.6   17.6   17.5    84   14.8    0.0    ESE   0.00   3.2   ESE   17.6   17.8   17.8  1011.7   0.00    0.0    0.008   0.000   25.8    56   16.3   26.1   10.11   1.1580     352     1    100.0   15 
30/05/24  23:45   17.5   17.5   17.4    85   14.9    1.6    ESE   0.40   4.8   ESE   17.5   17.8   17.8  1011.7   0.00    0.0    0.009   0.000   25.7    56   16.3   26.1   10.12   1.1583     351     1    100.0   15 
31/05/24  00:00   17.4   17.5   17.4    85   14.9    1.6    ESE   0.40   3.2   ESE   17.4   17.7   17.7  1011.7   0.00    0.0    0.009   0.000   25.7    56   16.2   26.0   10.12   1.1586     350     1    100.0   15 
31/05/24   0:15   17.4   17.4   17.4    85   14.9    0.0    ESE   0.00   3.2   ESE   17.4   17.7   17.7  1011.7   0.00    0.0    0.009   0.000   25.6    56   16.2   25.9   10.13   1.1589     349     1    100.0   15 
31/05/24   0:30   17.4   17.4   17.3    86   15.0    0.0    ESE   0.00   3.2   ESE   17.4   17.7   17.7  1011.8   0.00    0.0    0.010   0.000   25.6    57   16.4   25.9   10.23   1.1588     351     1    100.0   15 
31/05/24   0:45   17.3   17.4   17.3    85   14.8    0.0    ESE   0.00   3.2   ESE   17.3   17.6   17.6  1011.7   0.00    0.0    0.010   0.000   25.5    57   16.4   25.8   10.23   1.1591     351     1    100.0   15 
31/05/24   1:00   17.3   17.3   17.3    85   14.7    1.6     SE   0.40   4.8    SE   17.3   17.6   17.6  1011.5   0.00    0.0    0.011   0.000   25.4    57   16.3   25.8   10.24   1.1591     351     1    100.0   15 
31/05/24   1:15   17.3   17.3   17.2    85   14.7    1.6    SSE   0.40   6.4   SSE   17.3   17.6   17.6  1011.4   0.00    0.0    0.011   0.000   25.4    57   16.3   25.7   10.24   1.1594     350     1    100.0   15 
31/05/24   1:30   17.1   17.2   17.0    85   14.6    1.6    SSE   0.40   6.4   SSE   17.1   17.4   17.4  1011.4   0.00    0.0    0.013   0.000   25.3    57   16.2   25.7   10.25   1.1596     351     1    100.0   15 
31/05/24   1:45   16.9   17.0   16.8    86   14.6    1.6     SO   0.40   6.4    SO   16.9   17.2   17.2  1011.3   0.00    0.0    0.014   0.000   25.3    57   16.1   25.6   10.25   1.1598     351     1    100.0   15 
31/05/24   2:00   16.8   16.8   16.7    87   14.6    1.6     SO   0.40   3.2    SO   16.8   17.0   17.0  1011.2   0.00    0.0    0.016   0.000   25.2    57   16.1   25.6   10.25   1.1600     350     1    100.0   15 
31/05/24   2:15   16.6   16.7   16.6    87   14.4    1.6     SO   0.40   4.8    SO   16.6   16.8   16.8  1011.3   0.00    0.0    0.018   0.000   25.1    57   16.0   25.4   10.26   1.1606     351     1    100.0   15 
31/05/24   2:30   16.5   16.6   16.5    88   14.5    1.6     SO   0.40   4.8    SO   16.5   16.7   16.7  1011.4   0.00    0.0    0.019   0.000   25.1    57   15.9   25.3   10.27   1.1610     350     1    100.0   15 
31/05/24   2:45   16.6   16.6   16.5    88   14.6    1.6     SO   0.40   9.7   OSO   16.6   16.8   16.8  1011.5   0.00    0.0    0.019   0.000   25.0    58   16.2   25.3   10.47   1.1610     351     1    100.0   15 
31/05/24   3:00   16.6   16.6   16.5    88   14.6    1.6      O   0.40   4.8   OSO   16.6   16.8   16.8  1011.4   0.00    0.0    0.019   0.000   24.9    58   16.1   25.3   10.47   1.1612     352     1    100.0   15 
31/05/24   3:15   16.4   16.5   16.4    89   14.6    1.6      O   0.40   8.0   OSO   16.4   16.7   16.7  1011.3   0.00    0.0    0.020   0.000   24.9    58   16.1   25.2   10.48   1.1614     350     1    100.0   15 
