                 Temp.  Temp.  Temp.  Hum.   Punt   Vel.   Dir.   Rec.  Vel.  Dir.  Sens.   Índ.   Índ.                  Int. Graus D.Graus D.  Temp.  Hum. Rosada  In.Cal.  EMC     Dens.    Mostr   Tx   Recep.  Int.
  Data    Hora    Ext.   Màx.   Mín.  Ext. Rosada   Vent   Vent   Vent  Màx.  Màx.  Tèrm.  Calor   THW    Bar    Pluja   Pluja  Calor    Fred    Int.  Int.   Int.   Int.    Int.  Int.Aire    Vent   Vent   ISS   Arc.
-------------------------------------------------------------------------------------------------------------------------------------------------------------------------------------------------------------------------
22/11/24   0:15   15.2   15.3   15.2    67    9.1    6.4    OSO   1.61  14.5   ONO   15.2   14.8   14.8  1002.7   0.00    0.0    0.032   0.000   23.7    59   15.2   24.2   10.76   1.1570     348     1    100.0   15 
22/11/24   0:30   15.2   15.2   15.1    67    9.1    4.8      O   1.21  17.7     O   15.2   14.7   14.7  1002.7   0.00    0.0    0.033   0.000   23.7    59   15.2   24.1   10.77   1.1572     351     1    100.0   15 
22/11/24   0:45   15.0   15.1   14.9    68    9.1    4.8    OSO   1.21  16.1   NNO   15.0   14.6   14.6  1002.6   0.00    0.0    0.035   0.000   23.6    59   15.1   24.0   10.77   1.1575     351     1    100.0   15 
22/11/24   1:00   15.1   15.2   15.0    68    9.2    4.8    OSO   1.21  16.1   ONO   15.1   14.7   14.7  1002.6   0.00    0.0    0.034   0.000   23.6    59   15.1   23.9   10.77   1.1577     352     1    100.0   15 
22/11/24   1:15   15.2   15.2   15.1    69    9.5    4.8      O   1.21  19.3    SO   15.2   14.8   14.8  1002.5   0.00    0.0    0.033   0.000   23.6    59   15.1   23.9   10.77   1.1576     351     1    100.0   15 
22/11/24   1:30   15.1   15.2   15.0    69    9.4    6.4    OSO   1.61  17.7   SSO   15.1   14.6   14.6  1002.7   0.00    0.0    0.034   0.000   23.5    59   15.0   23.9   10.78   1.1581     350     1    100.0   15 
22/11/24   1:45   15.2   15.2   15.1    70    9.7    4.8     NO   1.21  12.9     O   15.2   14.8   14.8  1003.0   0.00    0.0    0.033   0.000   23.5    59   15.0   23.9   10.78   1.1584     351     1    100.0   15 
22/11/24   2:00   15.0   15.1   14.9    72   10.0    4.8     NO   1.21  17.7   OSO   15.0   14.7   14.7  1003.2   0.00    0.0    0.035   0.000   23.4    59   15.0   23.8   10.78   1.1589     351     1    100.0   15 
22/11/24   2:15   14.8   14.9   14.7    73   10.0    6.4    NNO   1.61  19.3     O   14.8   14.4   14.4  1003.3   0.00    0.0    0.037   0.000   23.4    59   14.9   23.7   10.79   1.1593     352     1    100.0   15 
22/11/24   2:30   14.5   14.7   14.3    75   10.1    4.8    ONO   1.21  17.7    SO   14.5   14.2   14.2  1003.4   0.00    0.0    0.040   0.000   23.4    59   14.9   23.7   10.79   1.1594     348     1    100.0   15 
22/11/24   2:45   14.3   14.3   14.3    75   10.0    6.4    OSO   1.61  19.3   ONO   14.3   14.1   14.1  1003.1   0.00    0.0    0.042   0.000   23.3    59   14.9   23.7   10.79   1.1594     351     1    100.0   15 
22/11/24   3:00   14.2   14.3   14.1    75    9.8    6.4    OSO   1.61  22.5   OSO   14.2   13.9   13.9  1003.0   0.00    0.0    0.043   0.000   23.3    59   14.8   23.6   10.79   1.1596     350     1    100.0   15 
22/11/24   3:15   14.0   14.1   13.8    74    9.4    4.8     SO   1.21  16.1    SO   14.0   13.7   13.7  1003.3   0.00    0.0    0.045   0.000   23.1    59   14.6   23.3   10.81   1.1610     351     1    100.0   15 
22/11/24   3:30   13.7   13.8   13.6    74    9.2    4.8     SO   1.21  17.7   OSO   13.7   13.4   13.4  1003.1   0.00    0.0    0.048   0.000   22.8    60   14.6   23.0   10.99   1.1619     351     1    100.0   15 
22/11/24   3:45   13.5   13.6   13.4    73    8.8    4.8    OSO   1.21  16.1   OSO   13.5   13.1   13.1  1003.0   0.00    0.0    0.050   0.000   22.4    60   14.3   22.5   11.00   1.1635     351     1    100.0   15 
22/11/24   4:00   13.3   13.4   13.2    71    8.1    3.2      O   0.80  17.7    SO   13.3   12.8   12.8  1003.3   0.00    0.0    0.053   0.000   22.2    61   14.3   22.2   11.17   1.1647     351     1    100.0   15 
22/11/24   4:15   12.9   13.2   12.8    71    7.8    4.8     SO   1.21  16.1    SO   12.9   12.6   12.6  1002.9   0.00    0.0    0.056   0.000   22.3    60   14.1   22.3   11.01   1.1642     351     1    100.0   15 
22/11/24   4:30   12.8   12.9   12.7    70    7.4    4.8     SO   1.21  14.5    SO   12.8   12.3   12.3  1003.2   0.00    0.0    0.058   0.000   22.4    60   14.2   22.4   11.00   1.1640     351     1    100.0   15 
22/11/24   4:45   12.7   12.8   12.6    67    6.7    4.8    OSO   1.21  14.5   ONO   12.7   12.2   12.2  1003.6   0.00    0.0    0.059   0.000   22.5    60   14.3   22.6   11.00   1.1639     351     1    100.0   15 
22/11/24   5:00   12.4   12.6   12.2    66    6.2    3.2     SO   0.80   9.7    NO   12.4   11.9   11.9  1004.1   0.00    0.0    0.062   0.000   22.5    60   14.3   22.6   11.00   1.1646     351     1    100.0   15 
22/11/24   5:15   12.0   12.2   11.8    64    5.4    3.2    ONO   0.80  19.3    SO   12.0   11.4   11.4  1004.4   0.00    0.0    0.066   0.000   22.6    60   14.5   22.7   11.00   1.1643     351     1    100.0   15 
22/11/24   5:30   12.1   12.1   11.9    59    4.3    4.8     NO   1.21  17.7   NNO   12.1   11.4   11.4  1004.9   0.00    0.0    0.065   0.000   22.6    60   14.5   22.7   11.00   1.1649     352     1    100.0   15 
22/11/24   5:45   11.9   12.1   11.8    60    4.4    9.7     NO   2.41  27.4    SO   11.0   11.3   10.3  1005.1   0.00    0.0    0.067   0.000   22.6    60   14.5   22.7   11.00   1.1651     350     1    100.0   15 
22/11/24   6:00   11.5   11.8   11.2    62    4.5    8.0     NO   2.01  25.7   OSO   10.8   10.9   10.2  1005.8   0.00    0.0    0.071   0.000   22.7    59   14.3   22.9   10.83   1.1657     348     1    100.0   15 
22/11/24   6:15   11.0   11.2   10.8    64    4.4    4.8    OSO   1.21  12.9   OSO   10.9   10.6   10.5  1006.6   0.00    0.0    0.076   0.000   22.7    59   14.2   22.8   10.84   1.1669     351     1    100.0   15 
22/11/24   6:30   10.7   10.8   10.5    66    4.6    1.6     SO   0.40   8.0    SO   10.7   10.3   10.3  1006.9   0.00    0.0    0.080   0.000   22.7    59   14.2   22.8   10.84   1.1673     351     1    100.0   15 
22/11/24   6:45   10.3   10.5   10.0    68    4.6    3.2    ONO   0.80   8.0    NO   10.3   10.0   10.0  1007.2   0.00    0.0    0.084   0.000   22.7    59   14.3   22.9   10.83   1.1673     351     1    100.0   15 
22/11/24   7:00    9.8   10.0    9.8    69    4.4    3.2     NO   0.80  12.9   ONO    9.8    9.6    9.6  1007.6   0.00    0.0    0.089   0.000   22.8    59   14.3   22.9   10.83   1.1675     349     1    100.0   15 
22/11/24   7:15    9.8    9.8    9.8    68    4.1    6.4     NO   1.61  14.5   SSE    9.1    9.5    8.8  1007.8   0.00    0.0    0.089   0.000   22.9    59   14.5   23.2   10.82   1.1669     351     1    100.0   15 
22/11/24   7:30    9.9   10.1    9.8    67    4.1    8.0     NO   2.01  20.9   ONO    8.9    9.7    8.7  1008.3   0.00    0.0    0.087   0.000   23.1    58   14.4   23.3   10.61   1.1670     350     1    100.0   15 
22/11/24   7:45   10.1   10.1   10.1    66    4.0    6.4     NO   1.61  20.9     O    9.4    9.7    9.1  1008.8   0.00    0.0    0.086   0.000   23.6    58   14.9   23.9   10.57   1.1650     352     1    100.0   15 
22/11/24   8:00   10.1   10.1   10.1    66    4.0    6.4     NO   1.61  25.7   NNO    9.5    9.8    9.2  1009.1   0.00    0.0    0.086   0.000   24.1    57   15.1   24.4   10.33   1.1632     351     1    100.0   15 
22/11/24   8:15   10.1   10.2   10.1    65    3.8    6.4     NO   1.61  17.7   NNO    9.5    9.8    9.2  1009.5   0.00    0.0    0.086   0.000   24.3    57   15.3   24.6   10.32   1.1624     350     1    100.0   15 
22/11/24   8:30   10.4   10.7   10.2    63    3.7    8.0     NO   2.01  20.9    NO    9.6   10.0    9.1  1009.8   0.00    0.0    0.082   0.000   24.5    57   15.4   24.8   10.31   1.1620     350     1    100.0   15 
22/11/24   8:45   10.8   11.0   10.7    60    3.4    8.0     NO   2.01  25.7   NNO   10.0   10.3    9.4  1010.2   0.00    0.0    0.078   0.000   24.7    55   15.0   24.8    9.99   1.1623     352     1    100.0   15 
22/11/24   9:00   11.2   11.3   11.0    60    3.7    4.8    OSO   1.21  14.5    NO   11.1   10.6   10.6  1011.0   0.00    0.0    0.075   0.000   24.8    56   15.4   25.0   10.19   1.1623     350     1    100.0   15 
22/11/24   9:15   11.4   11.5   11.3    60    3.9    4.8    OSO   1.21  17.7   OSO   11.4   10.8   10.8  1011.6   0.00    0.0    0.072   0.000   24.8    56   15.5   25.1   10.18   1.1627     351     1    100.0   15 
22/11/24   9:30   11.6   11.8   11.3    61    4.3    6.4     NO   1.61  16.1    SO   11.2   11.0   10.6  1011.3   0.00    0.0    0.071   0.000   24.9    56   15.5   25.1   10.18   1.1622     351     1    100.0   15 
22/11/24   9:45   12.1   12.2   11.8    58    4.0    6.4     NO   1.61  20.9   OSO   11.7   11.3   11.0  1011.3   0.00    0.0    0.065   0.000   24.9    56   15.6   25.2   10.17   1.1619     351     1    100.0   15 
22/11/24  10:00   12.1   12.2   11.9    58    4.0    9.7     NO   2.41  29.0   ONO   11.1   11.3   10.4  1011.6   0.00    0.0    0.065   0.000   24.9    55   15.3   25.1    9.97   1.1625     352     1    100.0   15 
22/11/24  10:15   12.4   12.6   12.1    57    4.1    6.4     NO   1.61  17.7     O   12.1   11.7   11.4  1011.8   0.00    0.0    0.062   0.000   24.9    55   15.3   25.1    9.97   1.1628     350     1    100.0   15 
22/11/24  10:30   12.7   12.9   12.6    56    4.2    8.0     NO   2.01  19.3     O   12.2   11.9   11.4  1012.2   0.00    0.0    0.058   0.000   24.9    55   15.2   25.1    9.98   1.1635     350     1    100.0   15 
22/11/24  10:45   13.1   13.2   12.9    56    4.5    8.0     NO   2.01  19.3    NO   12.6   12.2   11.8  1012.4   0.00    0.0    0.055   0.000   24.9    55   15.2   25.1    9.98   1.1638     351     1    100.0   15 
22/11/24  11:00   13.2   13.6   13.1    57    4.9    6.4     NO   1.61  19.3     O   13.1   12.4   12.3  1012.4   0.00    0.0    0.053   0.000   24.8    55   15.2   25.0    9.98   1.1641     352     1    100.0   15 
22/11/24  11:15   13.7   13.8   13.5    55    4.8    8.0    NNO   2.01  22.5   SSO   13.3   12.8   12.4  1012.7   0.00    0.0    0.049   0.000   24.8    55   15.1   24.9    9.99   1.1647     351     1    100.0   15 
22/11/24  11:30   13.6   13.8   13.4    54    4.5    8.0      O   2.01  27.4   OSO   13.3   12.7   12.3  1012.8   0.00    0.0    0.049   0.000   24.8    55   15.1   24.9    9.99   1.1648     351     1    100.0   15 
22/11/24  11:45   13.8   13.9   13.7    55    4.9    9.7     NO   2.41  27.4   NNO   13.2   12.9   12.3  1012.8   0.00    0.0    0.047   0.000   24.7    55   15.1   24.9    9.99   1.1651     351     1    100.0   15 
22/11/24  12:00   13.9   14.1   13.9    54    4.8    8.0     NO   2.01  20.9    SO   13.6   13.0   12.7  1013.0   0.00    0.0    0.046   0.000   24.7    55   15.0   24.8    9.99   1.1656     351     1    100.0   15 
22/11/24  12:15   14.3   14.4   14.1    54    5.1    6.4     SO   1.61  19.3    SO   14.3   13.3   13.3  1013.2   0.00    0.0    0.042   0.000   24.6    55   15.0   24.8   10.00   1.1662     350     1    100.0   15 
22/11/24  12:30   14.5   14.6   14.4    54    5.3    6.4     NO   1.61  17.7   ONO   14.5   13.6   13.6  1013.2   0.00    0.0    0.040   0.000   24.7    52   14.2   24.7    9.52   1.1670     350     1    100.0   15 
22/11/24  12:45   14.9   15.2   14.6    53    5.4    4.8     NO   1.21  12.9   OSO   14.9   13.9   13.9  1013.3   0.00    0.0    0.036   0.000   24.7    50   13.5   24.6    9.22   1.1677     350     1    100.0   15 
22/11/24  13:00   15.3   15.6   15.2    52    5.5    4.8     NO   1.21  12.9    NO   15.3   14.3   14.3  1013.4   0.00    0.0    0.031   0.000   24.6    49   13.2   24.6    9.02   1.1686     351     1    100.0   15 
22/11/24  13:15   15.1   15.6   14.8    53    5.5    8.0     NO   2.01  22.5   ONO   14.9   14.1   13.9  1013.6   0.00    0.0    0.034   0.000   24.6    49   13.2   24.6    9.02   1.1687     352     1    100.0   15 
22/11/24  13:30   14.9   15.1   14.8    52    5.2    8.0     NO   2.01  22.5   OSO   14.8   13.9   13.8  1013.8   0.00    0.0    0.035   0.000   24.6    50   13.4   24.6    9.23   1.1689     351     1    100.0   15 
22/11/24  13:45   15.2   15.3   15.1    53    5.6    6.4     NO   1.61  17.7   ONO   15.2   14.2   14.2  1014.0   0.00    0.0    0.033   0.000   24.6    50   13.4   24.6    9.23   1.1691     351     2    100.0   15 
22/11/24  14:00   15.3   15.4   15.2    52    5.5    6.4     NO   1.61  19.3   NNO   15.3   14.3   14.3  1014.1   0.00    0.0    0.031   0.000   24.6    50   13.4   24.6    9.23   1.1693     351     1    100.0   15 
22/11/24  14:15   15.4   15.5   15.4    52    5.6    4.8     NO   1.21  16.1   OSO   15.4   14.4   14.4  1014.3   0.00    0.0    0.030   0.000   24.6    50   13.4   24.6    9.23   1.1695     351     1    100.0   15 
22/11/24  14:30   15.5   15.6   15.4    53    6.0    4.8     NO   1.21  12.9    SO   15.5   14.5   14.5  1014.5   0.00    0.0    0.030   0.000   24.4    50   13.3   24.4    9.23   1.1703     350     1    100.0   15 
22/11/24  14:45   15.4   15.6   15.3    53    5.9    6.4     NO   1.61  14.5    SO   15.4   14.4   14.4  1014.8   0.00    0.0    0.030   0.000   24.3    50   13.2   24.3    9.23   1.1712     351     1    100.0   15 
22/11/24  15:00   15.3   15.3   15.2    54    6.0    4.8     NO   1.21  12.9     O   15.3   14.3   14.3  1015.1   0.00    0.0    0.032   0.000   24.1    49   12.7   24.1    9.04   1.1730     351     1    100.0   15 
22/11/24  15:15   15.2   15.3   15.1    55    6.2    4.8     NO   1.21  17.7    SO   15.2   14.3   14.3  1015.1   0.00    0.0    0.033   0.000   23.9    48   12.3   23.9    8.95   1.1742     351     1    100.0   15 
22/11/24  15:30   15.1   15.2   14.9    55    6.1    4.8     NO   1.21  12.9    SO   15.1   14.2   14.2  1015.5   0.00    0.0    0.034   0.000   23.8    49   12.4   23.7    9.05   1.1751     351     1    100.0   15 
22/11/24  15:45   14.7   14.9   14.5    56    6.0    4.8     NO   1.21  11.3   OSO   14.7   13.9   13.9  1015.8   0.00    0.0    0.038   0.000   23.5    50   12.5   23.4    9.25   1.1766     351     1    100.0   15 
22/11/24  16:00   14.4   14.5   14.2    58    6.2    3.2     NO   0.80  11.3   ONO   14.4   13.6   13.6  1016.1   0.00    0.0    0.041   0.000   23.3    51   12.6   23.2    9.37   1.1773     349     1    100.0   15 
22/11/24  16:15   13.9   14.2   13.6    59    6.1    3.2     NO   0.80   9.7    NO   13.9   13.2   13.2  1016.4   0.00    0.0    0.046   0.000   23.2    51   12.5   23.1    9.37   1.1783     351     1    100.0   15 
22/11/24  16:30   13.2   13.6   12.8    62    6.0    3.2     NO   0.80   8.0    SO   13.2   12.5   12.5  1016.7   0.00    0.0    0.054   0.000   22.9    51   12.3   22.8    9.38   1.1800     352     1    100.0   15 
22/11/24  16:45   12.6   12.8   12.3    62    5.5    3.2    NNO   0.80   6.4     O   12.6   11.9   11.9  1017.2   0.00    0.0    0.060   0.000   22.7    52   12.3   22.4    9.59   1.1817     350     1    100.0   15 
22/11/24  17:00   12.1   12.3   11.9    64    5.4    3.2    NNO   0.80   4.8   ONO   12.1   11.5   11.5  1017.5   0.00    0.0    0.065   0.000   22.4    52   12.1   22.1    9.60   1.1832     350     1    100.0   15 
22/11/24  17:15   11.6   11.9   11.4    66    5.5    3.2     NO   0.80   8.0    NO   11.6   11.1   11.1  1017.9   0.00    0.0    0.070   0.000   22.3    53   12.2   21.9    9.77   1.1842     351     1    100.0   15 
22/11/24  17:30   11.3   11.4   11.2    66    5.2    3.2     NO   0.80   9.7     O   11.3   10.9   10.9  1018.4   0.00    0.0    0.073   0.000   22.2    53   12.1   21.8    9.77   1.1852     352     1    100.0   15 
22/11/24  17:45   11.1   11.2   11.1    66    5.0    4.8     NO   1.21  11.3     O   11.1   10.7   10.6  1018.6   0.00    0.0    0.075   0.000   22.0    54   12.3   21.6    9.92   1.1861     351     1    100.0   15 
22/11/24  18:00   11.0   11.1   11.0    65    4.7    4.8     NO   1.21  12.9   OSO   10.9   10.6   10.5  1019.0   0.00    0.0    0.076   0.000   21.8    54   12.1   21.3    9.92   1.1874     350     1    100.0   15 
22/11/24  18:15   10.9   11.1   10.7    67    5.1    3.2    ONO   0.80   9.7     O   10.9   10.6   10.6  1019.3   0.00    0.0    0.077   0.000   21.6    55   12.2   21.1   10.13   1.1885     351     1    100.0   15 
22/11/24  18:30   10.6   10.7   10.5    66    4.5    3.2    ONO   0.80   6.4     O   10.6   10.2   10.2  1019.9   0.00    0.0    0.081   0.000   21.5    56   12.4   20.9   10.34   1.1895     351     1    100.0   15 
22/11/24  18:45   10.6   10.7   10.4    66    4.5    1.6    NNO   0.40   6.4   ONO   10.6   10.2   10.2  1020.3   0.00    0.0    0.081   0.000   21.4    56   12.2   20.8   10.34   1.1905     351     1    100.0   15 
22/11/24  19:00    9.9   10.4    9.6    69    4.5    0.0      O   0.00   4.8     O    9.9    9.7    9.7  1020.8   0.00    0.0    0.087   0.000   21.4    56   12.2   20.8   10.34   1.1911     351     1    100.0   15 
22/11/24  19:15    9.5    9.6    9.4    71    4.5    3.2      O   0.80   4.8     O    9.5    9.3    9.3  1020.9   0.00    0.0    0.092   0.000   21.8    56   12.6   21.3   10.33   1.1892     349     1    100.0   15 
22/11/24  19:30    9.6    9.8    9.4    70    4.3    3.2     NO   0.80  12.9    NO    9.6    9.3    9.3  1021.1   0.00    0.0    0.091   0.000   22.3    56   13.1   22.1   10.31   1.1869     351     1    100.0   15 
22/11/24  19:45    9.8    9.9    9.8    69    4.4    4.8     NO   1.21  12.9    NO    9.6    9.6    9.3  1021.4   0.00    0.0    0.089   0.000   22.7    55   13.2   22.7   10.09   1.1854     351     1    100.0   15 
22/11/24  20:00    9.9    9.9    9.8    68    4.3    4.8     NO   1.21  11.3     O    9.7    9.6    9.4  1021.6   0.00    0.0    0.088   0.000   23.1    55   13.5   23.1   10.08   1.1839     350     1    100.0   15 
22/11/24  20:15    9.8    9.8    9.7    68    4.1    4.8     NO   1.21  11.3    NO    9.6    9.5    9.3  1021.9   0.00    0.0    0.089   0.000   23.3    55   13.7   23.4   10.07   1.1832     350     1    100.0   15 
22/11/24  20:30    9.7    9.8    9.7    69    4.3    4.8     NO   1.21  11.3     O    9.5    9.5    9.3  1022.3   0.00    0.0    0.090   0.000   23.3    55   13.7   23.4   10.07   1.1836     351     1    100.0   15 
22/11/24  20:45    9.7    9.7    9.6    69    4.3    3.2     NO   0.80   8.0   OSO    9.7    9.4    9.4  1022.5   0.00    0.0    0.090   0.000   23.1    55   13.6   23.2   10.08   1.1846     352     1    100.0   15 
22/11/24  21:00    9.6    9.7    9.6    69    4.1    1.6     NO   0.40   8.0   OSO    9.6    9.3    9.3  1022.6   0.00    0.0    0.091   0.000   22.8    56   13.6   22.9   10.29   1.1859     351     1    100.0   15 
22/11/24  21:15    9.5    9.6    9.3    70    4.3    1.6     NO   0.40   3.2    NO    9.5    9.3    9.3  1022.8   0.00    0.0    0.092   0.000   22.5    56   13.3   22.4   10.30   1.1878     351     1    100.0   15 
22/11/24  21:30    9.0    9.3    8.8    71    4.0    0.0    OSO   0.00   3.2    NO    9.0    8.8    8.8  1023.1   0.00    0.0    0.097   0.000   22.4    56   13.2   22.2   10.30   1.1887     351     1    100.0   15 
22/11/24  21:45    8.6    8.8    8.5    74    4.2    0.0    OSO   0.00   3.2   OSO    8.6    8.4    8.4  1023.1   0.00    0.0    0.101   0.000   22.6    56   13.4   22.6   10.30   1.1876     351     1    100.0   15 
22/11/24  22:00    8.6    8.8    8.4    73    4.0    1.6    OSO   0.40   3.2   OSO    8.6    8.3    8.3  1023.2   0.00    0.0    0.102   0.000   22.9    56   13.7   23.0   10.28   1.1860     351     1    100.0   15 
22/11/24  22:15    8.9    9.2    8.8    72    4.2    0.0    OSO   0.00   3.2   OSO    8.9    8.7    8.7  1023.4   0.00    0.0    0.098   0.000   23.2    56   13.9   23.3   10.28   1.1851     350     1    100.0   15 
22/11/24  22:30    9.1    9.2    9.0    72    4.3    0.0    OSO   0.00   3.2   OSO    9.1    8.9    8.9  1023.5   0.00    0.0    0.096   0.000   23.3    56   14.1   23.5   10.27   1.1844     351     1    100.0   15 
22/11/24  22:45    9.2    9.2    9.1    72    4.4    1.6    OSO   0.40   4.8     O    9.2    8.9    8.9  1023.6   0.00    0.0    0.095   0.000   23.6    55   14.0   23.7   10.06   1.1837     351     1    100.0   15 
22/11/24  23:00    9.2    9.3    9.0    75    5.0    0.0    OSO   0.00   3.2   OSO    9.2    9.0    9.0  1023.6   0.00    0.0    0.095   0.000   23.8    55   14.2   24.0   10.05   1.1825     352     1    100.0   15 
22/11/24  23:15    8.9    9.1    8.8    76    4.9    1.6    OSO   0.40   4.8   OSO    8.9    8.7    8.7  1023.5   0.00    0.0    0.098   0.000   23.9    55   14.3   24.2   10.05   1.1819     349     1    100.0   15 
22/11/24  23:30    8.8    8.8    8.7    77    5.0    0.0    OSO   0.00   1.6   OSO    8.8    8.7    8.7  1023.8   0.00    0.0    0.100   0.000   23.9    55   14.3   24.2   10.05   1.1820     351     1    100.0   15 
22/11/24  23:45    8.5    8.7    8.3    79    5.1    0.0    ---   0.00   0.0   ---    8.5    8.4    8.4  1023.9   0.00    0.0    0.102   0.000   24.1    55   14.5   24.3   10.04   1.1815     350     1    100.0   15 
23/11/24  00:00    8.3    8.4    8.3    80    5.1    1.6    OSO   0.40   4.8   OSO    8.3    8.2    8.2  1024.0   0.00    0.0    0.104   0.000   24.2    55   14.6   24.4   10.03   1.1811     350     1    100.0   15 
23/11/24   0:15    8.4    8.4    8.3    78    4.8    0.0      S   0.00   1.6     S    8.4    8.3    8.3  1024.0   0.00    0.0    0.104   0.000   24.1    55   14.5   24.3   10.03   1.1814     350     1    100.0   15 
23/11/24   0:30    8.2    8.3    8.1    79    4.7    0.0      S   0.00   3.2     S    8.2    8.1    8.1  1024.0   0.00    0.0    0.106   0.000   24.1    55   14.5   24.3   10.04   1.1816     352     1    100.0   15 
23/11/24   0:45    8.2    8.4    8.1    78    4.6    0.0      S   0.00   3.2     S    8.2    8.1    8.1  1024.1   0.00    0.0    0.105   0.000   24.0    55   14.4   24.3   10.04   1.1821     351     1    100.0   15 
23/11/24   1:00    8.4    8.5    8.4    78    4.8    0.0      S   0.00   1.6     S    8.4    8.3    8.3  1024.1   0.00    0.0    0.103   0.000   24.0    55   14.4   24.3   10.04   1.1820     350     1    100.0   15 
23/11/24   1:15    8.4    8.6    8.3    79    5.0    0.0      S   0.00   1.6     S    8.4    8.3    8.3  1023.9   0.00    0.0    0.104   0.000   23.9    55   14.3   24.2   10.05   1.1821     350     1    100.0   15 
23/11/24   1:30    8.3    8.3    8.2    79    4.8    0.0      S   0.00   1.6     S    8.3    8.2    8.2  1024.0   0.00    0.0    0.105   0.000   23.9    54   14.0   24.1    9.85   1.1828     352     1    100.0   15 
23/11/24   1:45    8.3    8.3    8.2    78    4.7    0.0      S   0.00   1.6     S    8.3    8.2    8.2  1024.1   0.00    0.0    0.105   0.000   23.9    54   14.0   24.1    9.85   1.1830     351     1    100.0   15 
23/11/24   2:00    8.2    8.3    8.1    79    4.7    1.6    ONO   0.40   3.2     S    8.2    8.1    8.1  1024.4   0.00    0.0    0.106   0.000   23.9    54   14.1   24.2    9.85   1.1830     351     1    100.0   15 
23/11/24   2:15    8.3    8.4    8.3    79    4.9    0.0    ONO   0.00   3.2   ONO    8.3    8.2    8.2  1024.5   0.00    0.0    0.104   0.000   23.9    54   14.1   24.2    9.85   1.1831     350     1    100.0   15 
23/11/24   2:30    8.4    8.5    8.3    78    4.8    0.0    ONO   0.00   3.2   ONO    8.4    8.3    8.3  1024.5   0.00    0.0    0.103   0.000   23.8    54   14.0   24.1    9.85   1.1837     351     1    100.0   15 
23/11/24   2:45    8.6    8.9    8.4    77    4.8    1.6    ONO   0.40   4.8   ONO    8.6    8.5    8.5  1024.5   0.00    0.0    0.101   0.000   23.9    54   14.0   24.1    9.85   1.1834     352     1    100.0   15 
23/11/24   3:00    9.0    9.1    8.9    78    5.4    1.6    ONO   0.40   3.2   ONO    9.0    8.9    8.9  1024.5   0.00    0.0    0.097   0.000   23.8    54   13.9   24.0    9.85   1.1840     350     1    100.0   15 
23/11/24   3:15    9.0    9.0    8.9    78    5.4    3.2    ENE   0.80  11.3     E    9.0    8.9    8.9  1024.5   0.00    0.0    0.097   0.000   23.4    55   13.9   23.6   10.07   1.1854     349     1    100.0   15 
23/11/24   3:30    8.9    9.0    8.9    77    5.1    1.6      E   0.40   8.0     E    8.9    8.8    8.8  1024.6   0.00    0.0    0.098   0.000   23.1    55   13.5   23.1   10.08   1.1874     351     1    100.0   15 
