                 Temp.  Temp.  Temp.  Hum.   Punt   Vel.   Dir.   Rec.  Vel.  Dir.  Sens.   Índ.   Índ.                  Int. Graus D.Graus D.  Temp.  Hum. Rosada  In.Cal.  EMC     Dens.    Mostr   Tx   Recep.  Int.
  Data    Hora    Ext.   Màx.   Mín.  Ext. Rosada   Vent   Vent   Vent  Màx.  Màx.  Tèrm.  Calor   THW    Bar    Pluja   Pluja  Calor    Fred    Int.  Int.   Int.   Int.    Int.  Int.Aire    Vent   Vent   ISS   Arc.
-------------------------------------------------------------------------------------------------------------------------------------------------------------------------------------------------------------------------
 1/11/24   0:15   14.2   14.2   14.1    91   12.7    1.6     NO   0.40   4.8    NO   14.2   14.2   14.2  1021.9   0.00    0.0    0.043   0.000   23.6    66   16.8   24.3   12.06   1.1780     349     1    100.0   15 
 1/11/24   0:30   14.1   14.2   14.1    92   12.8    0.0     NO   0.00   3.2    NO   14.1   14.2   14.2  1021.9   0.00    0.0    0.044   0.000   23.6    66   16.9   24.3   12.06   1.1777     351     1    100.0   15 
 1/11/24   0:45   14.4   14.6   14.2    92   13.1    0.0     NO   0.00   3.2    NO   14.4   14.5   14.5  1021.8   0.00    0.0    0.041   0.000   23.7    66   17.0   24.5   12.06   1.1769     350     1    100.0   15 
 1/11/24   1:00   14.7   14.8   14.6    92   13.4    0.0     NO   0.00   3.2    NO   14.7   14.8   14.8  1021.6   0.00    0.0    0.038   0.000   23.8    66   17.1   24.6   12.05   1.1762     349     1    100.0   15 
 1/11/24   1:15   14.8   14.8   14.7    92   13.5    1.6     NO   0.40   6.4    NO   14.8   14.9   14.9  1021.6   0.00    0.0    0.037   0.000   23.9    65   16.9   24.6   11.85   1.1762     351     1    100.0   15 
 1/11/24   1:30   14.5   14.7   14.3    92   13.2    1.6     NO   0.40   4.8    NO   14.5   14.6   14.6  1021.6   0.00    0.0    0.040   0.000   23.9    65   17.0   24.7   11.85   1.1759     350     1    100.0   15 
 1/11/24   1:45   14.4   14.5   14.3    93   13.3    0.0     NO   0.00   4.8    NO   14.4   14.6   14.6  1021.6   0.00    0.0    0.041   0.000   23.9    65   16.9   24.6   11.85   1.1762     349     1    100.0   15 
 1/11/24   2:00   14.3   14.4   14.3    93   13.2    1.6     NO   0.40   4.8    NO   14.3   14.4   14.4  1021.7   0.00    0.0    0.042   0.000   23.7    65   16.7   24.4   11.85   1.1772     350     1    100.0   15 
 1/11/24   2:15   14.1   14.3   14.1    93   13.0    1.6    NNE   0.40   4.8   ENE   14.1   14.2   14.2  1021.5   0.00    0.0    0.044   0.000   23.4    66   16.7   24.2   12.07   1.1781     350     1    100.0   15 
 1/11/24   2:30   14.0   14.1   13.9    93   12.9    0.0      E   0.00   3.2     E   14.0   14.1   14.1  1021.4   0.00    0.0    0.045   0.000   23.2    66   16.5   23.8   12.08   1.1794     350     1    100.0   15 
 1/11/24   2:45   13.8   13.9   13.7    93   12.7    0.0    ENE   0.00   3.2   ENE   13.8   13.9   13.9  1021.4   0.00    0.0    0.047   0.000   22.9    66   16.2   23.4   12.09   1.1809     352     1    100.0   15 
 1/11/24   3:00   13.6   13.7   13.6    93   12.5    0.0     NO   0.00   3.2    NO   13.6   13.7   13.7  1021.4   0.00    0.0    0.049   0.000   22.7    67   16.2   23.1   12.29   1.1818     350     1    100.0   15 
 1/11/24   3:15   13.4   13.6   13.4    93   12.3    0.0    ---   0.00   0.0   ---   13.4   13.6   13.6  1021.3   0.00    0.0    0.051   0.000   22.4    67   16.0   22.8   12.30   1.1828     349     1    100.0   15 
 1/11/24   3:30   13.3   13.4   13.2    93   12.2    1.6     NO   0.40   4.8    NO   13.3   13.4   13.4  1021.4   0.00    0.0    0.052   0.000   22.3    67   15.9   22.6   12.31   1.1838     350     1    100.0   15 
 1/11/24   3:45   12.8   13.2   12.6    94   11.9    3.2     NO   0.80   6.4    NO   12.8   12.9   12.9  1021.4   0.00    0.0    0.057   0.000   22.1    67   15.7   22.3   12.31   1.1847     350     1    100.0   15 
 1/11/24   4:00   12.5   12.6   12.4    94   11.6    0.0     NO   0.00   3.2    NO   12.5   12.6   12.6  1021.6   0.00    0.0    0.061   0.000   21.9    68   15.8   22.2   12.55   1.1855     351     1    100.0   15 
 1/11/24   4:15   12.5   12.6   12.4    94   11.6    0.0     NO   0.00   3.2    NO   12.5   12.6   12.6  1021.5   0.00    0.0    0.061   0.000   21.8    68   15.6   21.9   12.55   1.1863     351     1    100.0   15 
 1/11/24   4:30   12.6   12.7   12.6    94   11.7    0.0     NO   0.00   4.8    NO   12.6   12.7   12.7  1021.5   0.00    0.0    0.060   0.000   21.6    68   15.4   21.7   12.55   1.1872     350     1    100.0   15 
 1/11/24   4:45   12.6   12.6   12.5    94   11.6    1.6     NO   0.40   4.8    NO   12.6   12.7   12.7  1021.5   0.00    0.0    0.060   0.000   21.5    68   15.3   21.6   12.55   1.1877     351     1    100.0   15 
 1/11/24   5:00   12.4   12.5   12.4    94   11.5    1.6     NO   0.40   3.2    NO   12.4   12.6   12.6  1021.3   0.00    0.0    0.061   0.000   21.4    68   15.2   21.4   12.55   1.1882     352     1    100.0   15 
 1/11/24   5:15   12.3   12.4   12.3    95   11.6    0.0     NO   0.00   3.2    NO   12.3   12.4   12.4  1021.4   0.00    0.0    0.062   0.000   21.2    69   15.3   21.3   12.85   1.1889     350     1    100.0   15 
 1/11/24   5:30   12.4   12.4   12.4    95   11.6    1.6     NO   0.40   4.8    NO   12.4   12.5   12.5  1021.3   0.00    0.0    0.062   0.000   21.1    69   15.1   21.1   12.85   1.1896     351     1    100.0   15 
 1/11/24   5:45   12.3   12.4   12.3    95   11.6    0.0     NO   0.00   3.2    NO   12.3   12.4   12.4  1021.5   0.00    0.0    0.062   0.000   20.9    69   15.0   21.0   12.86   1.1904     351     1    100.0   15 
 1/11/24   6:00   12.3   12.3   12.3    95   11.5    0.0     NO   0.00   1.6    NO   12.3   12.4   12.4  1021.6   0.00    0.0    0.063   0.000   20.8    69   14.9   20.9   12.87   1.1912     352     1    100.0   15 
 1/11/24   6:15   12.4   12.4   12.3    95   11.7    0.0     NO   0.00   1.6    NO   12.4   12.6   12.6  1021.6   0.00    0.0    0.061   0.000   20.7    70   15.1   20.9   13.18   1.1914     350     1    100.0   15 
 1/11/24   6:30   12.4   12.4   12.3    95   11.6    0.0     NO   0.00   1.6    NO   12.4   12.5   12.5  1021.8   0.00    0.0    0.062   0.000   20.6    70   14.9   20.8   13.19   1.1922     349     1    100.0   15 
 1/11/24   6:45   12.3   12.4   12.1    94   11.3    1.6    ENE   0.40   6.4   ENE   12.3   12.4   12.4  1022.2   0.00    0.0    0.063   0.000   20.6    70   14.9   20.8   13.19   1.1930     351     1    100.0   15 
 1/11/24   7:00   11.8   12.1   11.6    94   10.8    0.0    ENE   0.00   3.2   ENE   11.8   11.9   11.9  1022.3   0.00    0.0    0.068   0.000   20.7    69   14.8   20.8   12.88   1.1928     351     1    100.0   15 
 1/11/24   7:15   12.1   12.6   11.6    95   11.3    0.0    ENE   0.00   4.8   ENE   12.1   12.2   12.2  1022.3   0.00    0.0    0.065   0.000   21.1    68   15.0   21.1   12.55   1.1908     352     1    100.0   15 
 1/11/24   7:30   12.9   13.1   12.6    95   12.1    0.0    ENE   0.00   3.2   ENE   12.9   13.0   13.0  1022.4   0.00    0.0    0.057   0.000   21.7    68   15.5   21.8   12.55   1.1880     350     1    100.0   15 
 1/11/24   7:45   13.1   13.1   13.0    94   12.1    1.6     NO   0.40   4.8    NO   13.1   13.2   13.2  1022.3   0.00    0.0    0.055   0.000   22.3    67   15.9   22.6   12.31   1.1849     351     1    100.0   15 
 1/11/24   8:00   13.5   14.0   13.1    95   12.7    0.0    ENE   0.00   4.8   ESE   13.5   13.6   13.6  1022.4   0.00    0.0    0.050   0.000   22.8    67   16.4   23.3   12.29   1.1821     350     1    100.0   15 
 1/11/24   8:15   14.6   14.9   14.0    93   13.4    6.4    ENE   1.61  14.5   ENE   14.6   14.7   14.7  1022.3   0.00    0.0    0.039   0.000   23.4    66   16.7   24.2   12.07   1.1791     350     1    100.0   15 
 1/11/24   8:30   15.4   15.8   14.9    91   13.9    3.2      E   0.80  12.9   ENE   15.4   15.6   15.6  1022.5   0.00    0.0    0.031   0.000   23.9    66   17.2   24.7   12.05   1.1766     350     1    100.0   15 
 1/11/24   8:45   16.0   16.2   15.8    88   14.0    0.0      E   0.00   4.8     E   16.0   16.2   16.2  1022.5   0.00    0.0    0.024   0.000   24.2    65   17.2   24.9   11.84   1.1755     350     1    100.0   15 
 1/11/24   9:00   16.3   16.5   16.1    86   13.9    1.6    ENE   0.40   6.4   ENE   16.3   16.4   16.4  1022.6   0.00    0.0    0.021   0.000   24.4    65   17.4   25.1   11.83   1.1747     351     1    100.0   15 
 1/11/24   9:15   16.2   16.6   15.9    83   13.3    6.4    ENE   1.61  14.5   ENE   16.2   16.3   16.3  1022.6   0.00    0.0    0.022   0.000   24.5    64   17.2   25.1   11.63   1.1745     351     1    100.0   15 
 1/11/24   9:30   15.6   15.9   15.4    84   12.9    4.8    ENE   1.21  11.3   ENE   15.6   15.7   15.7  1022.4   0.00    0.0    0.028   0.000   24.5    64   17.2   25.1   11.63   1.1743     351     1    100.0   15 
 1/11/24   9:45   15.4   15.5   15.4    84   12.8    1.6    ENE   0.40   9.7     E   15.4   15.4   15.4  1022.5   0.00    0.0    0.030   0.000   24.4    64   17.1   25.0   11.63   1.1750     351     1    100.0   15 
 1/11/24  10:00   15.7   15.8   15.5    83   12.8    1.6    ENE   0.40   4.8     E   15.7   15.7   15.7  1022.7   0.00    0.0    0.027   0.000   24.3    64   17.0   24.9   11.64   1.1757     350     1    100.0   15 
 1/11/24  10:15   16.2   16.6   15.8    84   13.5    0.0      E   0.00   8.0     E   16.2   16.3   16.3  1022.7   0.00    0.0    0.023   0.000   24.2    64   17.0   24.8   11.64   1.1761     350     1    100.0   15 
 1/11/24  10:30   16.6   16.6   16.5    82   13.5    3.2    NNO   0.80   6.4     N   16.6   16.7   16.7  1022.6   0.00    0.0    0.019   0.000   24.2    64   16.9   24.8   11.64   1.1762     352     1    100.0   15 
 1/11/24  10:45   17.0   17.8   16.6    82   13.9    1.6    NNO   0.40   9.7     E   17.0   17.2   17.2  1022.5   0.00    0.0    0.014   0.000   24.1    64   16.9   24.8   11.64   1.1764     351     1    100.0   15 
 1/11/24  11:00   18.3   18.5   17.8    77   14.2    1.6    ENE   0.40   8.0   ENE   18.3   18.6   18.6  1022.2   0.00    0.0    0.000   0.000   24.2    64   17.0   24.8   11.64   1.1754     350     1    100.0   15 
 1/11/24  11:15   18.7   19.1   18.6    76   14.3    4.8    ENE   1.21  12.9   ENE   18.7   18.9   18.9  1022.0   0.00    0.0    0.000   0.003   24.2    64   17.0   24.8   11.64   1.1752     351     1    100.0   15 
 1/11/24  11:30   19.2   19.4   19.1    75   14.6    4.8    ENE   1.21  12.9   ENE   19.2   19.5   19.5  1021.7   0.00    0.0    0.000   0.009   24.2    64   17.0   24.8   11.64   1.1749     351     1    100.0   15 
 1/11/24  11:45   19.3   19.4   19.3    74   14.6    4.8    ENE   1.21  11.3   ENE   19.3   19.7   19.7  1021.7   0.00    0.0    0.000   0.010   24.2    64   16.9   24.8   11.64   1.1752     351     1    100.0   15 
 1/11/24  12:00   19.2   19.3   19.2    75   14.6    3.2    ENE   0.80  11.3   ENE   19.2   19.5   19.5  1021.6   0.00    0.0    0.000   0.009   24.1    64   16.9   24.8   11.64   1.1753     351     1    100.0   15 
 1/11/24  12:15   19.7   20.1   19.2    74   14.9    3.2    ESE   0.80  12.9   ESE   19.7   20.1   20.1  1021.4   0.00    0.0    0.000   0.014   24.1    64   16.8   24.7   11.64   1.1754     350     1    100.0   15 
 1/11/24  12:30   19.9   20.1   19.7    75   15.3    3.2    ENE   0.80  11.3   ENE   19.9   20.4   20.4  1021.4   0.00    0.0    0.000   0.016   24.0    64   16.8   24.7   11.65   1.1757     350     1    100.0   15 
 1/11/24  12:45   19.6   19.7   19.6    77   15.5    3.2      E   0.80  11.3     E   19.6   20.1   20.1  1021.2   0.00    0.0    0.000   0.013   23.9    64   16.7   24.6   11.65   1.1760     352     1    100.0   15 
 1/11/24  13:00   19.4   19.6   19.3    77   15.3    4.8    ENE   1.21  14.5     E   19.4   19.8   19.8  1021.0   0.00    0.0    0.000   0.011   23.8    64   16.6   24.5   11.65   1.1761     351     1    100.0   15 
 1/11/24  13:15   19.4   19.4   19.3    77   15.3    4.8    ENE   1.21  12.9   ENE   19.4   19.8   19.8  1020.9   0.00    0.0    0.000   0.011   23.8    65   16.8   24.5   11.85   1.1760     351     1    100.0   15 
 1/11/24  13:30   19.6   19.6   19.4    77   15.4    3.2      E   0.80  11.3   ENE   19.6   20.1   20.1  1020.8   0.00    0.0    0.000   0.013   23.8    66   17.0   24.6   12.05   1.1755     350     1    100.0   15 
 1/11/24  13:45   19.5   19.5   19.4    78   15.6    4.8      E   1.21  12.9   ENE   19.5   20.1   20.1  1020.8   0.00    0.0    0.000   0.012   23.7    65   16.7   24.4   11.85   1.1761     352     1    100.0   15 
 1/11/24  14:00   19.4   19.5   19.3    79   15.7    4.8    ENE   1.21  16.1     E   19.4   19.9   19.9  1020.7   0.00    0.0    0.000   0.011   23.7    65   16.7   24.4   11.85   1.1763     351     1    100.0   15 
 1/11/24  14:15   19.2   19.3   19.2    79   15.5    4.8    ENE   1.21  16.1   ESE   19.2   19.7   19.7  1020.6   0.00    0.0    0.000   0.009   23.6    65   16.6   24.3   11.85   1.1765     349     1    100.0   15 
 1/11/24  14:30   19.2   19.3   19.2    80   15.7    4.8    ENE   1.21  14.5   ENE   19.2   19.8   19.8  1020.7   0.00    0.0    0.000   0.009   23.6    66   16.8   24.3   12.06   1.1766     350     1    100.0   15 
 1/11/24  14:45   19.2   19.2   19.2    79   15.5    4.8      E   1.21  14.5   ENE   19.2   19.7   19.7  1020.7   0.00    0.0    0.000   0.009   23.5    66   16.8   24.2   12.06   1.1769     352     1    100.0   15 
 1/11/24  15:00   19.2   19.2   19.1    77   15.0    6.4    ENE   1.61  14.5     E   19.2   19.6   19.6  1020.6   0.00    0.0    0.000   0.009   23.4    66   16.7   24.2   12.07   1.1770     351     1    100.0   15 
 1/11/24  15:15   19.1   19.1   19.1    77   14.9    3.2      E   0.80  14.5    NE   19.1   19.4   19.4  1020.6   0.00    0.0    0.000   0.008   23.4    67   16.9   24.2   12.27   1.1770     350     1    100.0   15 
 1/11/24  15:30   18.9   19.0   18.7    78   15.0    3.2      E   0.80  12.9     E   18.9   19.3   19.3  1020.7   0.00    0.0    0.000   0.006   23.4    67   17.0   24.2   12.27   1.1768     351     1    100.0   15 
 1/11/24  15:45   18.7   18.8   18.6    79   14.9    3.2      E   0.80   9.7     E   18.7   19.1   19.1  1020.6   0.00    0.0    0.000   0.003   23.4    67   17.0   24.2   12.27   1.1767     351     1    100.0   15 
 1/11/24  16:00   18.4   18.6   18.4    80   14.9    3.2      E   0.80   8.0     E   18.4   18.8   18.8  1020.5   0.00    0.0    0.000   0.001   23.4    67   17.0   24.2   12.27   1.1766     350     1    100.0   15 
 1/11/24  16:15   18.3   18.4   18.2    81   15.0    1.6      E   0.40   8.0     E   18.3   18.7   18.7  1020.5   0.00    0.0    0.001   0.000   23.4    67   16.9   24.2   12.27   1.1769     350     1    100.0   15 
 1/11/24  16:30   18.2   18.2   18.1    81   14.9    1.6      E   0.40   4.8     E   18.2   18.6   18.6  1020.4   0.00    0.0    0.002   0.000   23.4    67   16.9   24.2   12.27   1.1768     350     1    100.0   15 
 1/11/24  16:45   18.0   18.1   17.9    81   14.7    1.6      E   0.40   4.8     E   18.0   18.3   18.3  1020.4   0.00    0.0    0.003   0.000   23.3    67   16.9   24.1   12.27   1.1770     351     1    100.0   15 
 1/11/24  17:00   17.8   17.9   17.7    82   14.7    0.0      E   0.00   9.7     E   17.8   18.2   18.2  1020.4   0.00    0.0    0.005   0.000   23.3    67   16.8   24.0   12.27   1.1773     350     1    100.0   15 
 1/11/24  17:15   17.7   17.8   17.7    82   14.6    1.6      E   0.40   8.0     E   17.7   17.9   17.9  1020.4   0.00    0.0    0.007   0.000   23.2    67   16.7   23.8   12.28   1.1780     350     1    100.0   15 
 1/11/24  17:30   17.6   17.7   17.6    83   14.7    1.6      E   0.40   4.8     E   17.6   17.9   17.9  1020.6   0.00    0.0    0.008   0.000   23.0    67   16.5   23.6   12.28   1.1790     350     1    100.0   15 
 1/11/24  17:45   17.4   17.6   17.3    84   14.7    0.0      E   0.00   3.2     E   17.4   17.7   17.7  1020.7   0.00    0.0    0.009   0.000   23.0    67   16.5   23.6   12.28   1.1792     351     1    100.0   15 
 1/11/24  18:00   17.2   17.3   17.1    85   14.7    0.0      E   0.00   1.6     E   17.2   17.5   17.5  1020.8   0.00    0.0    0.012   0.000   23.0    67   16.5   23.6   12.28   1.1793     352     1    100.0   15 
 1/11/24  18:15   16.9   17.1   16.8    86   14.6    0.0      E   0.00   1.6     E   16.9   17.2   17.2  1020.8   0.00    0.0    0.014   0.000   22.9    68   16.7   23.6   12.55   1.1793     350     1    100.0   15 
 1/11/24  18:30   16.8   16.8   16.7    86   14.4    0.0      E   0.00   1.6     E   16.8   17.0   17.0  1020.9   0.00    0.0    0.016   0.000   22.9    68   16.7   23.4   12.55   1.1796     350     1    100.0   15 
 1/11/24  18:45   16.7   16.8   16.7    87   14.5    1.6      E   0.40   8.0     E   16.7   16.9   16.9  1021.0   0.00    0.0    0.017   0.000   22.9    68   16.7   23.4   12.55   1.1798     351     1    100.0   15 
 1/11/24  19:00   16.7   16.8   16.6    87   14.5    3.2    ENE   0.80   8.0     E   16.7   16.9   16.9  1020.8   0.00    0.0    0.017   0.000   22.8    68   16.6   23.4   12.55   1.1799     351     1    100.0   15 
 1/11/24  19:15   16.4   16.6   16.3    89   14.6    4.8    ENE   1.21   8.0   ENE   16.4   16.6   16.6  1020.9   0.00    0.0    0.020   0.000   22.8    68   16.6   23.4   12.55   1.1800     350     1    100.0   15 
 1/11/24  19:30   16.2   16.3   16.0    89   14.4    3.2    ENE   0.80   6.4   ENE   16.2   16.4   16.4  1021.0   0.00    0.0    0.023   0.000   22.8    68   16.6   23.4   12.55   1.1801     351     1    100.0   15 
 1/11/24  19:45   15.9   16.0   15.8    91   14.4    3.2    ENE   0.80   9.7     E   15.9   16.1   16.1  1021.2   0.00    0.0    0.025   0.000   22.9    69   16.9   23.5   12.79   1.1797     350     1    100.0   15 
 1/11/24  20:00   15.8   15.8   15.7    90   14.1    4.8      E   1.21  12.9     E   15.8   15.9   15.9  1021.2   0.00    0.0    0.027   0.000   22.9    69   16.9   23.5   12.79   1.1798     351     1    100.0   15 
 1/11/24  20:15   15.5   15.7   15.4    90   13.9    3.2    ENE   0.80   9.7     E   15.5   15.7   15.7  1021.3   0.00    0.0    0.030   0.000   22.9    69   16.9   23.5   12.79   1.1799     352     1    100.0   15 
 1/11/24  20:30   15.3   15.4   15.2    91   13.9    3.2      E   0.80  11.3   ENE   15.3   15.5   15.5  1021.6   0.00    0.0    0.031   0.000   22.8    69   16.8   23.4   12.79   1.1804     349     1    100.0   15 
 1/11/24  20:45   15.2   15.3   15.2    91   13.8    4.8    ENE   1.21  12.9   ENE   15.2   15.4   15.4  1021.6   0.00    0.0    0.032   0.000   22.8    69   16.8   23.3   12.79   1.1807     351     1    100.0   15 
 1/11/24  21:00   15.1   15.2   15.1    91   13.7    1.6      E   0.40   8.0     E   15.1   15.3   15.3  1021.6   0.00    0.0    0.034   0.000   22.6    69   16.6   23.1   12.80   1.1820     350     1    100.0   15 
 1/11/24  21:15   15.0   15.1   14.9    91   13.5    3.2      E   0.80  11.3   ENE   15.0   15.1   15.1  1021.7   0.00    0.0    0.035   0.000   22.3    69   16.4   22.7   12.81   1.1833     349     1    100.0   15 
 1/11/24  21:30   14.9   14.9   14.8    92   13.6    4.8    ENE   1.21  14.5   ENE   14.9   15.1   15.1  1021.9   0.00    0.0    0.036   0.000   22.2    69   16.2   22.5   12.81   1.1844     352     1    100.0   15 
 1/11/24  21:45   14.8   14.9   14.8    92   13.5    4.8    ENE   1.21  12.9   ENE   14.8   15.0   15.0  1022.0   0.00    0.0    0.036   0.000   22.1    69   16.2   22.4   12.81   1.1848     351     1    100.0   15 
 1/11/24  22:00   14.9   14.9   14.8    92   13.6    6.4      E   1.61  16.1   ENE   14.9   15.1   15.1  1021.8   0.00    0.0    0.036   0.000   22.1    69   16.2   22.4   12.81   1.1845     350     1    100.0   15 
 1/11/24  22:15   14.8   14.9   14.7    92   13.5    4.8      E   1.21  14.5     E   14.8   15.0   15.0  1021.4   0.00    0.0    0.036   0.000   22.1    69   16.2   22.4   12.81   1.1841     351     1    100.0   15 
 1/11/24  22:30   14.6   14.7   14.6    92   13.3    8.0    ENE   2.01  14.5     E   14.4   14.7   14.6  1021.4   0.00    0.0    0.039   0.000   22.1    69   16.2   22.4   12.81   1.1841     350     1    100.0   15 
 1/11/24  22:45   14.6   14.7   14.6    92   13.3    6.4    ENE   1.61  16.1   ENE   14.6   14.7   14.7  1021.4   0.00    0.0    0.039   0.000   22.3    69   16.3   22.7   12.81   1.1832     351     1    100.0   15 
 1/11/24  23:00   14.6   14.6   14.6    92   13.3    4.8    ENE   1.21  14.5     E   14.6   14.7   14.7  1021.3   0.00    0.0    0.039   0.000   22.8    68   16.6   23.4   12.55   1.1805     350     1    100.0   15 
 1/11/24  23:15   14.6   14.6   14.6    91   13.2    4.8    ESE   1.21  17.7   ENE   14.6   14.7   14.7  1021.3   0.00    0.0    0.039   0.000   23.2    67   16.8   23.9   12.27   1.1787     351     1    100.0   15 
 1/11/24  23:30   14.6   14.6   14.6    91   13.1    3.2      E   0.80   9.7     E   14.6   14.7   14.7  1021.2   0.00    0.0    0.039   0.000   23.5    66   16.8   24.2   12.06   1.1775     350     1    100.0   15 
 1/11/24  23:45   14.6   14.6   14.5    91   13.1    6.4    ENE   1.61  16.1   ENE   14.6   14.7   14.7  1020.8   0.00    0.0    0.039   0.000   23.8    66   17.0   24.6   12.05   1.1755     350     1    100.0   15 
 2/11/24  00:00   14.2   14.5   13.9    91   12.8    1.6    NNO   0.40   6.4    NO   14.2   14.3   14.3  1020.5   0.00    0.0    0.043   0.000   23.9    65   16.9   24.6   11.85   1.1749     351     1    100.0   15 
 2/11/24   0:15   13.8   13.9   13.7    92   12.5    1.6     NO   0.40   6.4    NO   13.8   13.8   13.8  1020.3   0.00    0.0    0.047   0.000   24.1    65   17.1   24.8   11.84   1.1737     350     1    100.0   15 
 2/11/24   0:30   13.5   13.7   13.3    92   12.2    3.2     NO   0.80   8.0    NO   13.5   13.6   13.6  1019.8   0.00    0.0    0.050   0.000   24.2    65   17.2   24.9   11.84   1.1726     350     1    100.0   15 
 2/11/24   0:45   13.2   13.3   13.1    93   12.1    3.2     NO   0.80   9.7    NO   13.2   13.3   13.3  1019.7   0.00    0.0    0.054   0.000   24.2    65   17.2   24.9   11.84   1.1725     350     1    100.0   15 
 2/11/24   1:00   13.1   13.1   12.9    93   11.9    0.0     NO   0.00   3.2    NO   13.1   13.2   13.2  1019.8   0.00    0.0    0.055   0.000   24.2    64   16.9   24.8   11.64   1.1730     351     1    100.0   15 
 2/11/24   1:15   12.9   13.0   12.8    94   11.9    0.0    ENE   0.00   6.4   ENE   12.9   13.0   13.0  1020.0   0.00    0.0    0.057   0.000   24.2    64   16.9   24.8   11.64   1.1732     351     1    100.0   15 
 2/11/24   1:30   13.2   13.3   13.0    93   12.1    1.6    ENE   0.40  11.3   ENE   13.2   13.3   13.3  1020.2   0.00    0.0    0.053   0.000   24.2    64   16.9   24.8   11.64   1.1735     350     1    100.0   15 
 2/11/24   1:45   13.4   13.6   13.3    92   12.2    3.2      E   0.80   9.7     E   13.4   13.5   13.5  1020.1   0.00    0.0    0.051   0.000   24.1    64   16.9   24.8   11.64   1.1736     350     1    100.0   15 
 2/11/24   2:00   13.7   14.0   13.6    89   11.9    3.2      E   0.80  11.3     E   13.7   13.8   13.8  1020.0   0.00    0.0    0.048   0.000   24.0    64   16.8   24.7   11.65   1.1741     352     1    100.0   15 
 2/11/24   2:15   14.1   14.1   13.9    87   11.9    1.6    NNO   0.40   4.8   NNO   14.1   14.1   14.1  1019.9   0.00    0.0    0.045   0.000   23.7    64   16.5   24.4   11.65   1.1754     351     1    100.0   15 
 2/11/24   2:30   14.0   14.1   13.8    88   12.0    1.6    NNO   0.40   4.8   NNO   14.0   14.0   14.0  1019.8   0.00    0.0    0.045   0.000   23.4    65   16.4   24.1   11.85   1.1768     351     1    100.0   15 
 2/11/24   2:45   13.6   13.8   13.4    90   12.0    3.2     NO   0.80   6.4   NNO   13.6   13.7   13.7  1019.6   0.00    0.0    0.049   0.000   23.1    65   16.2   23.7   11.85   1.1779     351     1    100.0   15 
 2/11/24   3:00   13.3   13.4   13.2    91   11.8    3.2     NO   0.80   6.4    NO   13.3   13.3   13.3  1019.3   0.00    0.0    0.053   0.000   22.8    66   16.1   23.3   12.09   1.1788     350     1    100.0   15 
 2/11/24   3:15   13.2   13.2   13.2    91   11.7    1.6     NO   0.40   4.8    NO   13.2   13.2   13.2  1019.3   0.00    0.0    0.054   0.000   22.6    66   15.9   23.0   12.10   1.1799     351     1    100.0   15 
 2/11/24   3:30   13.2   13.2   13.1    91   11.7    1.6    ENE   0.40  12.9   ENE   13.2   13.2   13.2  1019.5   0.00    0.0    0.054   0.000   22.4    66   15.7   22.7   12.10   1.1813     351     1    100.0   15 
