                 Temp.  Temp.  Temp.  Hum.   Punt   Vel.   Dir.   Rec.  Vel.  Dir.  Sens.   Índ.   Índ.                  Int. Graus D.Graus D.  Temp.  Hum. Rosada  In.Cal.  EMC     Dens.    Mostr   Tx   Recep.  Int.
  Data    Hora    Ext.   Màx.   Mín.  Ext. Rosada   Vent   Vent   Vent  Màx.  Màx.  Tèrm.  Calor   THW    Bar    Pluja   Pluja  Calor    Fred    Int.  Int.   Int.   Int.    Int.  Int.Aire    Vent   Vent   ISS   Arc.
-------------------------------------------------------------------------------------------------------------------------------------------------------------------------------------------------------------------------
21/11/24   0:15   12.0   12.2   11.7    78    8.3    1.6    ENE   0.40   8.0   ENE   12.0   11.8   11.8  1012.8   0.00    0.0    0.066   0.000   23.4    58   14.7   23.7   10.58   1.1706     348     1    100.0   15 
21/11/24   0:30   12.1   12.3   11.8    80    8.8    1.6    ENE   0.40  11.3     E   12.1   11.9   11.9  1012.6   0.00    0.0    0.065   0.000   23.4    58   14.7   23.7   10.59   1.1706     350     1    100.0   15 
21/11/24   0:45   11.5   11.8   11.3    84    8.9    0.0    ESE   0.00   1.6   ESE   11.5   11.4   11.4  1012.6   0.00    0.0    0.071   0.000   23.4    58   14.7   23.7   10.59   1.1706     351     1    100.0   15 
21/11/24   1:00   11.2   11.3   11.2    84    8.6    0.0    ENE   0.00   8.0   ENE   11.2   11.2   11.2  1012.4   0.00    0.0    0.074   0.000   23.4    58   14.7   23.7   10.59   1.1704     351     1    100.0   15 
21/11/24   1:15   11.2   11.4   11.1    82    8.3    0.0    ENE   0.00   4.8   ENE   11.2   11.2   11.2  1012.2   0.00    0.0    0.074   0.000   23.4    58   14.7   23.7   10.59   1.1702     350     1    100.0   15 
21/11/24   1:30   11.3   11.4   11.2    82    8.4    1.6    ENE   0.40   6.4   ENE   11.3   11.2   11.2  1012.1   0.00    0.0    0.073   0.000   23.4    58   14.7   23.7   10.59   1.1700     351     1    100.0   15 
21/11/24   1:45   11.7   11.9   11.3    79    8.1    0.0    ENE   0.00   3.2   ENE   11.7   11.5   11.5  1012.1   0.00    0.0    0.069   0.000   23.4    58   14.7   23.7   10.58   1.1698     351     1    100.0   15 
21/11/24   2:00   11.6   11.8   11.4    80    8.2    0.0    ENE   0.00   1.6   ENE   11.6   11.4   11.4  1012.1   0.00    0.0    0.071   0.000   23.4    58   14.7   23.7   10.59   1.1701     350     1    100.0   15 
21/11/24   2:15   11.2   11.4   11.1    82    8.3    0.0    ENE   0.00   3.2   ENE   11.2   11.2   11.2  1012.0   0.00    0.0    0.074   0.000   23.4    58   14.7   23.7   10.58   1.1696     350     1    100.0   15 
21/11/24   2:30   11.4   11.7   11.2    80    8.1    0.0    ENE   0.00   6.4    SO   11.4   11.3   11.3  1012.0   0.00    0.0    0.072   0.000   23.4    58   14.7   23.7   10.58   1.1696     350     1    100.0   15 
21/11/24   2:45   11.6   11.7   11.6    81    8.5    0.0     NO   0.00   3.2    NO   11.6   11.5   11.5  1011.8   0.00    0.0    0.070   0.000   23.4    58   14.7   23.7   10.58   1.1694     352     1    100.0   15 
21/11/24   3:00   11.7   11.8   11.7    80    8.4    0.0    ENE   0.00   4.8   ENE   11.7   11.6   11.6  1011.7   0.00    0.0    0.069   0.000   23.3    58   14.6   23.6   10.59   1.1699     350     1    100.0   15 
21/11/24   3:15   11.7   11.8   11.5    81    8.5    1.6    ENE   0.40   4.8   ENE   11.7   11.5   11.5  1011.6   0.00    0.0    0.069   0.000   23.1    58   14.3   23.3   10.61   1.1712     350     1    100.0   15 
21/11/24   3:30   11.4   11.5   11.3    84    8.8    1.6    ENE   0.40   8.0     E   11.4   11.3   11.3  1011.7   0.00    0.0    0.072   0.000   22.7    59   14.3   22.9   10.83   1.1726     349     1    100.0   15 
21/11/24   3:45   11.2   11.3   11.2    87    9.1    4.8    ENE   1.21  12.9   ENE   11.2   11.3   11.2  1011.6   0.00    0.0    0.074   0.000   22.4    59   14.0   22.4   10.86   1.1742     350     1    100.0   15 
21/11/24   4:00   10.9   11.2   10.6    86    8.7    1.6    ENE   0.40  11.3   ENE   10.9   10.9   10.9  1011.7   0.00    0.0    0.077   0.000   22.2    60   14.0   22.1   11.01   1.1752     351     1    100.0   15 
21/11/24   4:15   10.5   10.6   10.4    87    8.4    0.0      N   0.00   1.6     N   10.5   10.6   10.6  1011.4   0.00    0.0    0.082   0.000   22.2    59   13.8   22.1   10.87   1.1752     349     1    100.0   15 
21/11/24   4:30   10.7   11.2   10.4    86    8.5    1.6     NO   0.40   8.0    NO   10.7   10.7   10.7  1011.3   0.00    0.0    0.079   0.000   22.3    59   13.9   22.3   10.86   1.1742     351     1    100.0   15 
21/11/24   4:45   11.4   11.6   11.2    83    8.7    1.6     NO   0.40   6.4   ONO   11.4   11.4   11.4  1011.1   0.00    0.0    0.072   0.000   22.4    59   14.0   22.4   10.85   1.1734     351     1    100.0   15 
21/11/24   5:00   11.6   11.6   11.5    82    8.6    1.6    ONO   0.40   8.0   ONO   11.6   11.4   11.4  1011.1   0.00    0.0    0.071   0.000   22.5    59   14.1   22.6   10.85   1.1731     352     1    100.0   15 
21/11/24   5:15   11.8   11.9   11.6    80    8.5    3.2    ONO   0.80   9.7   NNO   11.8   11.7   11.7  1011.1   0.00    0.0    0.068   0.000   22.5    59   14.1   22.6   10.85   1.1731     351     1    100.0   15 
21/11/24   5:30   11.7   11.8   11.7    81    8.6    3.2     NO   0.80   8.0     O   11.7   11.6   11.6  1010.7   0.00    0.0    0.069   0.000   22.6    59   14.2   22.7   10.84   1.1721     350     1    100.0   15 
21/11/24   5:45   11.6   11.7   11.5    81    8.4    3.2     NO   0.80   8.0     O   11.6   11.4   11.4  1010.7   0.00    0.0    0.071   0.000   22.6    59   14.1   22.6   10.85   1.1723     351     1    100.0   15 
21/11/24   6:00   11.5   11.6   11.5    81    8.4    3.2     NO   0.80   8.0    NO   11.5   11.4   11.4  1010.8   0.00    0.0    0.071   0.000   22.6    59   14.2   22.7   10.84   1.1721     351     1    100.0   15 
21/11/24   6:15   11.5   11.6   11.4    81    8.4    3.2     NO   0.80  12.9   ONO   11.5   11.4   11.4  1010.6   0.00    0.0    0.071   0.000   22.6    59   14.2   22.7   10.84   1.1719     351     1    100.0   15 
21/11/24   6:30   11.7   11.9   11.5    79    8.2    4.8     NO   1.21  19.3     O   11.7   11.6   11.6  1010.6   0.00    0.0    0.069   0.000   22.6    59   14.2   22.7   10.84   1.1719     350     1    100.0   15 
21/11/24   6:45   11.8   11.9   11.8    78    8.1    3.2     NO   0.80  12.9     O   11.8   11.6   11.6  1010.5   0.00    0.0    0.068   0.000   22.6    59   14.2   22.7   10.84   1.1718     351     1    100.0   15 
21/11/24   7:00   11.7   11.8   11.6    79    8.1    3.2     NO   0.80   8.0     O   11.7   11.5   11.5  1010.4   0.00    0.0    0.069   0.000   22.7    59   14.2   22.8   10.84   1.1714     350     1    100.0   15 
21/11/24   7:15   11.6   11.6   11.5    80    8.2    3.2     NO   0.80   9.7   ONO   11.6   11.4   11.4  1010.4   0.00    0.0    0.071   0.000   22.8    59   14.3   22.9   10.83   1.1708     351     1    100.0   15 
21/11/24   7:30   11.5   11.6   11.4    79    8.0    3.2     NO   0.80   9.7   OSO   11.5   11.3   11.3  1010.6   0.00    0.0    0.071   0.000   23.0    59   14.6   23.2   10.81   1.1699     348     1    100.0   15 
21/11/24   7:45   11.7   11.8   11.6    79    8.1    3.2     NO   0.80  12.9    NO   11.7   11.5   11.5  1010.6   0.00    0.0    0.069   0.000   23.4    59   15.0   23.8   10.78   1.1677     350     1    100.0   15 
21/11/24   8:00   11.6   11.6   11.6    79    8.0    3.2     NO   0.80  11.3     O   11.6   11.4   11.4  1010.5   0.00    0.0    0.071   0.000   23.7    58   15.0   24.1   10.56   1.1665     351     1    100.0   15 
21/11/24   8:15   11.7   11.8   11.6    78    8.0    4.8     NO   1.21  16.1    SO   11.7   11.4   11.4  1010.5   0.00    0.0    0.069   0.000   24.0    58   15.2   24.4   10.54   1.1651     352     1    100.0   15 
21/11/24   8:30   12.0   12.1   11.8    77    8.1    6.4     NO   1.61  22.5    SO   11.7   11.8   11.4  1010.3   0.00    0.0    0.066   0.000   24.1    58   15.3   24.5   10.53   1.1643     351     1    100.0   15 
21/11/24   8:45   12.2   12.3   12.1    76    8.1    6.4     NO   1.61  20.9   ONO   11.9   11.9   11.7  1010.1   0.00    0.0    0.064   0.000   24.2    57   15.2   24.5   10.33   1.1638     351     1    100.0   15 
21/11/24   9:00   12.4   12.5   12.3    75    8.1    9.7     NO   2.41  25.7    SO   11.6   12.1   11.3  1009.8   0.00    0.0    0.062   0.000   24.2    57   15.2   24.5   10.33   1.1634     351     1    100.0   15 
21/11/24   9:15   12.6   12.6   12.5    75    8.2    9.7     NO   2.41  27.4   NNO   11.7   12.3   11.4  1009.7   0.00    0.0    0.060   0.000   24.3    57   15.2   24.6   10.32   1.1630     351     1    100.0   15 
21/11/24   9:30   12.7   12.9   12.6    75    8.4    9.7     NO   2.41  22.5   NNO   11.9   12.4   11.7  1009.4   0.00    0.0    0.058   0.000   24.4    56   15.0   24.6   10.21   1.1624     351     1    100.0   15 
21/11/24   9:45   13.1   13.3   12.9    73    8.4   11.3     NO   2.82  29.0    NO   12.2   12.7   11.8  1009.1   0.00    0.0    0.054   0.000   24.4    56   15.1   24.7   10.21   1.1618     350     1    100.0   15 
21/11/24  10:00   13.6   13.8   13.3    70    8.2   11.3     NO   2.82  32.2   SSO   12.7   13.1   12.3  1008.7   0.00    0.0    0.050   0.000   24.4    56   15.1   24.7   10.21   1.1614     351     1    100.0   15 
21/11/24  10:15   13.9   14.1   13.8    69    8.3   12.9     NO   3.22  32.2   SSO   12.7   13.4   12.3  1008.7   0.00    0.0    0.046   0.000   24.3    56   14.9   24.5   10.22   1.1622     349     1    100.0   15 
21/11/24  10:30   14.1   14.1   14.0    69    8.5    8.0     NO   2.01  24.1    NO   13.8   13.6   13.3  1008.6   0.00    0.0    0.045   0.000   24.1    56   14.7   24.3   10.24   1.1632     352     1    100.0   15 
21/11/24  10:45   14.2   14.2   14.1    68    8.3    9.7     NO   2.41  24.1    SO   13.7   13.7   13.2  1008.4   0.00    0.0    0.043   0.000   23.8    54   13.9   24.0    9.85   1.1651     350     1    100.0   15 
21/11/24  11:00   14.3   14.4   14.2    67    8.2    8.0     NO   2.01  24.1   NNO   14.0   13.8   13.5  1008.0   0.00    0.0    0.042   0.000   23.4    56   14.1   23.6   10.27   1.1659     349     1    100.0   15 
21/11/24  11:15   14.4   14.5   14.3    67    8.3    9.7    ONO   2.41  27.4   NNE   13.9   13.9   13.4  1008.0   0.00    0.0    0.041   0.000   23.3    56   14.0   23.4   10.27   1.1665     350     1    100.0   15 
21/11/24  11:30   14.5   14.6   14.4    68    8.7    9.7     NO   2.41  20.9   OSO   14.1   14.0   13.6  1007.9   0.00    0.0    0.040   0.000   23.4    56   14.1   23.6   10.27   1.1658     351     1    100.0   15 
21/11/24  11:45   14.6   14.7   14.6    68    8.8    6.4     NO   1.61  19.3    NO   14.6   14.1   14.1  1007.6   0.00    0.0    0.039   0.000   23.6    56   14.3   23.8   10.26   1.1646     352     1    100.0   15 
21/11/24  12:00   14.7   14.7   14.6    66    8.4    4.8     NO   1.21  20.9    NO   14.7   14.1   14.1  1007.4   0.00    0.0    0.038   0.000   23.7    56   14.4   23.9   10.26   1.1637     350     1    100.0   15 
21/11/24  12:15   14.7   14.8   14.7    67    8.6    4.8    NNO   1.21  12.9     O   14.7   14.2   14.2  1007.1   0.00    0.0    0.038   0.000   23.6    56   14.3   23.8   10.26   1.1638     351     1    100.0   15 
21/11/24  12:30   14.8   14.9   14.7    66    8.5    4.8     NO   1.21  16.1   ONO   14.8   14.3   14.3  1006.8   0.00    0.0    0.036   0.000   23.6    54   13.8   23.8    9.86   1.1641     351     1    100.0   15 
21/11/24  12:45   15.1   15.2   14.9    65    8.5    6.4    NNO   1.61  19.3   OSO   15.1   14.5   14.5  1006.4   0.00    0.0    0.034   0.000   23.6    54   13.8   23.8    9.86   1.1636     348     1    100.0   15 
21/11/24  13:00   15.3   15.4   15.2    64    8.5    6.4     NO   1.61  22.5    SO   15.3   14.7   14.7  1006.2   0.00    0.0    0.032   0.000   23.7    53   13.6   23.8    9.66   1.1631     350     1    100.0   15 
21/11/24  13:15   15.4   15.5   15.4    66    9.1    6.4     NO   1.61  17.7    NO   15.4   14.9   14.9  1006.0   0.00    0.0    0.030   0.000   23.8    54   14.0   24.1    9.85   1.1620     351     1    100.0   15 
21/11/24  13:30   15.5   15.6   15.4    67    9.4    6.4     NO   1.61  22.5     O   15.5   15.1   15.1  1005.8   0.00    0.0    0.030   0.000   23.9    54   14.0   24.1    9.85   1.1614     348     1    100.0   15 
21/11/24  13:45   15.6   15.7   15.6    66    9.3    6.4      O   1.61  19.3   SSO   15.6   15.2   15.2  1005.3   0.00    0.0    0.028   0.000   24.1    54   14.2   24.3    9.84   1.1600     352     1    100.0   15 
21/11/24  14:00   15.8   15.8   15.7    67    9.7    4.8     SO   1.21  14.5     O   15.8   15.3   15.3  1004.9   0.00    0.0    0.027   0.000   24.1    55   14.5   24.3   10.03   1.1589     351     1    100.0   15 
21/11/24  14:15   15.9   16.0   15.8    66    9.5    4.8    OSO   1.21  19.3     O   15.9   15.4   15.4  1004.6   0.00    0.0    0.025   0.000   24.2    55   14.6   24.4   10.03   1.1580     351     1    100.0   15 
21/11/24  14:30   16.0   16.0   16.0    66    9.6    4.8     SO   1.21  12.9     S   16.0   15.6   15.6  1004.6   0.00    0.0    0.024   0.000   24.3    55   14.7   24.5   10.02   1.1574     350     1    100.0   15 
21/11/24  14:45   16.1   16.1   16.0    65    9.5    4.8    OSO   1.21  19.3   OSO   16.1   15.6   15.6  1004.5   0.00    0.0    0.024   0.000   24.4    55   14.8   24.6   10.01   1.1571     351     1    100.0   15 
21/11/24  15:00   16.0   16.1   15.9    66    9.6    4.8    OSO   1.21  16.1   OSO   16.0   15.6   15.6  1004.4   0.00    0.0    0.024   0.000   24.4    56   15.1   24.7   10.21   1.1563     352     1    100.0   15 
21/11/24  15:15   15.9   16.0   15.9    64    9.1    6.4      O   1.61  19.3   ONO   15.9   15.4   15.4  1004.2   0.00    0.0    0.025   0.000   24.4    55   14.8   24.6   10.01   1.1565     350     1    100.0   15 
21/11/24  15:30   15.9   16.0   15.9    65    9.4    4.8     SO   1.21  12.9     O   15.9   15.5   15.5  1004.2   0.00    0.0    0.025   0.000   24.4    55   14.8   24.6   10.01   1.1567     349     1    100.0   15 
21/11/24  15:45   15.8   15.9   15.8    65    9.3    4.8     SO   1.21  12.9    SO   15.8   15.4   15.4  1004.0   0.00    0.0    0.026   0.000   24.4    56   15.1   24.7   10.21   1.1559     350     1    100.0   15 
21/11/24  16:00   15.8   15.8   15.7    65    9.2    4.8      O   1.21  17.7   OSO   15.8   15.3   15.3  1004.0   0.00    0.0    0.027   0.000   24.5    57   15.4   24.8   10.31   1.1552     352     1    100.0   15 
21/11/24  16:15   15.6   15.7   15.5    66    9.3    3.2    OSO   0.80  11.3   SSO   15.6   15.2   15.2  1004.2   0.00    0.0    0.028   0.000   24.3    57   15.3   24.6   10.32   1.1563     351     1    100.0   15 
21/11/24  16:30   15.4   15.5   15.4    66    9.1    4.8      O   1.21  14.5   SSO   15.4   14.9   14.9  1004.0   0.00    0.0    0.030   0.000   24.2    58   15.4   24.5   10.53   1.1566     350     1    100.0   15 
21/11/24  16:45   15.3   15.4   15.2    66    9.0    3.2     SO   0.80  16.1   NNO   15.3   14.8   14.8  1003.8   0.00    0.0    0.031   0.000   23.9    58   15.1   24.3   10.55   1.1578     351     1    100.0   15 
21/11/24  17:00   15.2   15.2   15.1    66    8.9    3.2    OSO   0.80  12.9    NO   15.2   14.7   14.7  1003.4   0.00    0.0    0.033   0.000   23.6    58   14.9   23.9   10.57   1.1587     351     1    100.0   15 
21/11/24  17:15   15.1   15.1   15.1    65    8.5    3.2      O   0.80   9.7     O   15.1   14.5   14.5  1003.5   0.00    0.0    0.034   0.000   23.3    59   14.9   23.7   10.79   1.1598     349     1    100.0   15 
21/11/24  17:30   15.1   15.2   15.1    65    8.6    3.2     SO   0.80  14.5   OSO   15.1   14.6   14.6  1003.5   0.00    0.0    0.034   0.000   23.2    59   14.7   23.4   10.80   1.1608     350     1    100.0   15 
21/11/24  17:45   15.2   15.2   15.1    64    8.4    4.8    OSO   1.21  12.9     O   15.2   14.6   14.6  1003.7   0.00    0.0    0.033   0.000   23.1    59   14.6   23.3   10.81   1.1615     351     1    100.0   15 
21/11/24  18:00   15.2   15.3   15.2    64    8.5    4.8    OSO   1.21  14.5    SO   15.2   14.7   14.7  1003.8   0.00    0.0    0.032   0.000   22.9    60   14.8   23.2   10.98   1.1619     349     1    100.0   15 
21/11/24  18:15   15.1   15.2   15.0    65    8.6    3.2    OSO   0.80  12.9   ONO   15.1   14.6   14.6  1003.9   0.00    0.0    0.034   0.000   22.8    60   14.7   23.1   10.99   1.1626     351     1    100.0   15 
21/11/24  18:30   15.0   15.1   15.0    65    8.5    4.8    OSO   1.21  16.1   NNO   15.0   14.4   14.4  1003.8   0.00    0.0    0.035   0.000   22.8    60   14.6   23.0   10.99   1.1628     351     1    100.0   15 
21/11/24  18:45   15.1   15.2   15.0    65    8.6    4.8    OSO   1.21  22.5    SO   15.1   14.6   14.6  1003.7   0.00    0.0    0.034   0.000   22.7    60   14.5   22.8   10.99   1.1632     350     1    100.0   15 
21/11/24  19:00   15.0   15.1   14.9    65    8.5    4.8      O   1.21  19.3    SO   15.0   14.4   14.4  1003.6   0.00    0.0    0.035   0.000   22.6    60   14.5   22.7   11.00   1.1634     351     1    100.0   15 
21/11/24  19:15   14.9   15.0   14.9    65    8.4    4.8     NO   1.21  14.5     O   14.9   14.4   14.4  1003.5   0.00    0.0    0.035   0.000   22.5    60   14.3   22.6   11.00   1.1638     347     1    100.0   15 
21/11/24  19:30   15.0   15.1   14.9    65    8.5    6.4    ONO   1.61  17.7   OSO   15.0   14.4   14.4  1003.4   0.00    0.0    0.035   0.000   22.4    60   14.2   22.4   11.00   1.1643     350     1    100.0   15 
21/11/24  19:45   15.0   15.1   14.9    65    8.5    4.8     NO   1.21  19.3   OSO   15.0   14.4   14.4  1003.3   0.00    0.0    0.035   0.000   22.6    60   14.5   22.7   11.00   1.1630     351     1    100.0   15 
21/11/24  20:00   15.0   15.1   14.9    64    8.2    6.4    OSO   1.61  19.3     O   15.0   14.4   14.4  1003.4   0.00    0.0    0.035   0.000   22.9    59   14.5   23.2   10.82   1.1617     350     1    100.0   15 
21/11/24  20:15   15.0   15.1   14.9    65    8.5    4.8     SO   1.21  17.7    NO   15.0   14.4   14.4  1003.3   0.00    0.0    0.035   0.000   23.2    59   14.7   23.4   10.80   1.1604     349     1    100.0   15 
21/11/24  20:30   14.9   15.0   14.8    64    8.2    4.8    OSO   1.21  16.1    SO   14.9   14.3   14.3  1003.3   0.00    0.0    0.035   0.000   23.2    59   14.7   23.4   10.80   1.1605     351     1    100.0   15 
21/11/24  20:45   14.7   14.8   14.7    66    8.4    3.2     NO   0.80  14.5   OSO   14.7   14.2   14.2  1003.2   0.00    0.0    0.038   0.000   23.1    59   14.6   23.3   10.81   1.1610     351     1    100.0   15 
21/11/24  21:00   14.7   14.8   14.7    65    8.2    4.8    OSO   1.21  20.9   OSO   14.7   14.2   14.2  1003.0   0.00    0.0    0.038   0.000   23.1    59   14.6   23.3   10.81   1.1607     349     1    100.0   15 
21/11/24  21:15   14.8   14.9   14.8    65    8.3    4.8    OSO   1.21  20.9   OSO   14.8   14.3   14.3  1003.4   0.00    0.0    0.036   0.000   23.1    59   14.6   23.3   10.81   1.1612     351     1    100.0   15 
21/11/24  21:30   15.1   15.2   14.9    64    8.3    4.8     SO   1.21  17.7     O   15.1   14.4   14.4  1003.5   0.00    0.0    0.034   0.000   23.0    59   14.6   23.2   10.81   1.1616     352     1    100.0   15 
21/11/24  21:45   15.2   15.3   15.2    64    8.5    4.8    OSO   1.21  19.3    SO   15.2   14.7   14.7  1003.4   0.00    0.0    0.032   0.000   23.1    59   14.6   23.3   10.81   1.1612     350     1    100.0   15 
21/11/24  22:00   15.2   15.3   15.2    65    8.7    6.4     NO   1.61  17.7     O   15.2   14.7   14.7  1003.3   0.00    0.0    0.032   0.000   23.0    59   14.6   23.2   10.81   1.1614     350     1    100.0   15 
21/11/24  22:15   15.3   15.3   15.2    65    8.7    6.4     NO   1.61  25.7    NO   15.3   14.7   14.7  1003.3   0.00    0.0    0.032   0.000   22.9    59   14.5   23.2   10.82   1.1616     351     1    100.0   15 
21/11/24  22:30   15.2   15.3   15.2    65    8.7    6.4     NO   1.61  19.3     O   15.2   14.7   14.7  1003.2   0.00    0.0    0.032   0.000   22.9    59   14.5   23.1   10.82   1.1618     352     1    100.0   15 
21/11/24  22:45   15.3   15.3   15.2    66    9.0    6.4    OSO   1.61  17.7    SO   15.3   14.8   14.8  1003.2   0.00    0.0    0.032   0.000   22.8    59   14.4   23.0   10.83   1.1620     351     1    100.0   15 
21/11/24  23:00   15.3   15.3   15.2    66    9.0    6.4    OSO   1.61  22.5    SO   15.3   14.8   14.8  1003.1   0.00    0.0    0.032   0.000   22.9    59   14.5   23.1   10.82   1.1617     351     1    100.0   15 
21/11/24  23:15   15.3   15.4   15.3    66    9.0    6.4    ONO   1.61  19.3     O   15.3   14.8   14.8  1003.0   0.00    0.0    0.031   0.000   23.1    59   14.7   23.4   10.81   1.1604     351     1    100.0   15 
21/11/24  23:30   15.3   15.4   15.2    66    9.0    6.4     NO   1.61  19.3    SO   15.3   14.8   14.8  1003.1   0.00    0.0    0.031   0.000   23.3    59   14.9   23.7   10.79   1.1594     351     1    100.0   15 
21/11/24  23:45   15.2   15.2   15.1    67    9.1    4.8      O   1.21  16.1    NO   15.2   14.7   14.7  1003.0   0.00    0.0    0.033   0.000   23.6    59   15.1   23.9   10.77   1.1581     351     1    100.0   15 
22/11/24  00:00   15.2   15.2   15.2    66    8.9    6.4     SO   1.61  17.7    SO   15.2   14.7   14.7  1002.9   0.00    0.0    0.032   0.000   23.7    59   15.2   24.2   10.76   1.1572     351     1    100.0   15 
22/11/24   0:15   15.2   15.3   15.2    67    9.1    6.4    OSO   1.61  14.5   ONO   15.2   14.8   14.8  1002.7   0.00    0.0    0.032   0.000   23.7    59   15.2   24.2   10.76   1.1570     348     1    100.0   15 
22/11/24   0:30   15.2   15.2   15.1    67    9.1    4.8      O   1.21  17.7     O   15.2   14.7   14.7  1002.7   0.00    0.0    0.033   0.000   23.7    59   15.2   24.1   10.77   1.1572     351     1    100.0   15 
22/11/24   0:45   15.0   15.1   14.9    68    9.1    4.8    OSO   1.21  16.1   NNO   15.0   14.6   14.6  1002.6   0.00    0.0    0.035   0.000   23.6    59   15.1   24.0   10.77   1.1575     351     1    100.0   15 
22/11/24   1:00   15.1   15.2   15.0    68    9.2    4.8    OSO   1.21  16.1   ONO   15.1   14.7   14.7  1002.6   0.00    0.0    0.034   0.000   23.6    59   15.1   23.9   10.77   1.1577     352     1    100.0   15 
22/11/24   1:15   15.2   15.2   15.1    69    9.5    4.8      O   1.21  19.3    SO   15.2   14.8   14.8  1002.5   0.00    0.0    0.033   0.000   23.6    59   15.1   23.9   10.77   1.1576     351     1    100.0   15 
22/11/24   1:30   15.1   15.2   15.0    69    9.4    6.4    OSO   1.61  17.7   SSO   15.1   14.6   14.6  1002.7   0.00    0.0    0.034   0.000   23.5    59   15.0   23.9   10.78   1.1581     350     1    100.0   15 
22/11/24   1:45   15.2   15.2   15.1    70    9.7    4.8     NO   1.21  12.9     O   15.2   14.8   14.8  1003.0   0.00    0.0    0.033   0.000   23.5    59   15.0   23.9   10.78   1.1584     351     1    100.0   15 
22/11/24   2:00   15.0   15.1   14.9    72   10.0    4.8     NO   1.21  17.7   OSO   15.0   14.7   14.7  1003.2   0.00    0.0    0.035   0.000   23.4    59   15.0   23.8   10.78   1.1589     351     1    100.0   15 
22/11/24   2:15   14.8   14.9   14.7    73   10.0    6.4    NNO   1.61  19.3     O   14.8   14.4   14.4  1003.3   0.00    0.0    0.037   0.000   23.4    59   14.9   23.7   10.79   1.1593     352     1    100.0   15 
22/11/24   2:30   14.5   14.7   14.3    75   10.1    4.8    ONO   1.21  17.7    SO   14.5   14.2   14.2  1003.4   0.00    0.0    0.040   0.000   23.4    59   14.9   23.7   10.79   1.1594     348     1    100.0   15 
22/11/24   2:45   14.3   14.3   14.3    75   10.0    6.4    OSO   1.61  19.3   ONO   14.3   14.1   14.1  1003.1   0.00    0.0    0.042   0.000   23.3    59   14.9   23.7   10.79   1.1594     351     1    100.0   15 
22/11/24   3:00   14.2   14.3   14.1    75    9.8    6.4    OSO   1.61  22.5   OSO   14.2   13.9   13.9  1003.0   0.00    0.0    0.043   0.000   23.3    59   14.8   23.6   10.79   1.1596     350     1    100.0   15 
22/11/24   3:15   14.0   14.1   13.8    74    9.4    4.8     SO   1.21  16.1    SO   14.0   13.7   13.7  1003.3   0.00    0.0    0.045   0.000   23.1    59   14.6   23.3   10.81   1.1610     351     1    100.0   15 
22/11/24   3:30   13.7   13.8   13.6    74    9.2    4.8     SO   1.21  17.7   OSO   13.7   13.4   13.4  1003.1   0.00    0.0    0.048   0.000   22.8    60   14.6   23.0   10.99   1.1619     351     1    100.0   15 
