                 Temp.  Temp.  Temp.  Hum.   Punt   Vel.   Dir.   Rec.  Vel.  Dir.  Sens.   Índ.   Índ.                  Int. Graus D.Graus D.  Temp.  Hum. Rosada  In.Cal.  EMC     Dens.    Mostr   Tx   Recep.  Int.
  Data    Hora    Ext.   Màx.   Mín.  Ext. Rosada   Vent   Vent   Vent  Màx.  Màx.  Tèrm.  Calor   THW    Bar    Pluja   Pluja  Calor    Fred    Int.  Int.   Int.   Int.    Int.  Int.Aire    Vent   Vent   ISS   Arc.
-------------------------------------------------------------------------------------------------------------------------------------------------------------------------------------------------------------------------
25/06/22   0:15   19.3   19.3   19.3    88   17.2    3.2    ENE   0.80   6.4   ENE   19.3   20.0   20.0  1012.2   0.00    0.0    0.000   0.010   27.4    55   17.6   28.1    9.85   1.1504     349     1    100.0   15 
25/06/22   0:30   19.2   19.3   19.2    88   17.2    1.6    ENE   0.40   4.8   ENE   19.2   19.9   19.9  1012.3   0.00    0.0    0.000   0.009   27.4    55   17.6   28.1    9.85   1.1505     350     1    100.0   15 
25/06/22   0:45   19.1   19.2   19.1    88   17.1    1.6    ENE   0.40   4.8   ENE   19.1   19.8   19.8  1012.2   0.00    0.0    0.000   0.008   27.3    55   17.5   27.9    9.85   1.1509     351     1    100.0   15 
25/06/22   1:00   18.9   19.1   18.8    88   16.9    1.6      E   0.40   9.7     E   18.9   19.6   19.6  1012.2   0.00    0.0    0.000   0.006   27.3    54   17.2   27.8    9.75   1.1513     351     1    100.0   15 
25/06/22   1:15   18.8   18.8   18.7    88   16.7    4.8      E   1.21  11.3     E   18.8   19.4   19.4  1012.1   0.00    0.0    0.000   0.005   27.2    54   17.1   27.7    9.75   1.1518     351     1    100.0   15 
25/06/22   1:30   18.7   18.7   18.7    88   16.6    4.8    ENE   1.21  11.3     E   18.7   19.3   19.3  1012.2   0.00    0.0    0.000   0.003   27.2    54   17.1   27.6    9.75   1.1522     351     1    100.0   15 
25/06/22   1:45   18.8   18.8   18.7    88   16.7    3.2      E   0.80  11.3     E   18.8   19.4   19.4  1012.2   0.00    0.0    0.000   0.005   27.1    54   16.9   27.4    9.75   1.1528     351     1    100.0   15 
25/06/22   2:00   18.7   18.8   18.7    88   16.7    3.2      E   0.80   8.0     E   18.7   19.3   19.3  1012.2   0.00    0.0    0.000   0.004   27.0    54   16.9   27.4    9.75   1.1531     351     1    100.0   15 
25/06/22   2:15   18.6   18.7   18.6    88   16.6    3.2      E   0.80   8.0     E   18.6   19.2   19.2  1012.1   0.00    0.0    0.000   0.003   26.9    54   16.8   27.3    9.75   1.1533     351     1    100.0   15 
25/06/22   2:30   18.7   18.7   18.6    88   16.6    3.2    ENE   0.80   9.7     E   18.7   19.3   19.3  1012.1   0.00    0.0    0.000   0.003   26.8    54   16.7   27.2    9.75   1.1538     350     1    100.0   15 
25/06/22   2:45   18.8   18.8   18.7    87   16.6    3.2    ENE   0.80   8.0   ENE   18.8   19.4   19.4  1012.0   0.00    0.0    0.000   0.005   26.8    54   16.7   27.1    9.75   1.1540     351     1    100.0   15 
25/06/22   3:00   18.7   18.8   18.7    87   16.5    1.6    ENE   0.40   6.4   ENE   18.7   19.3   19.3  1012.0   0.00    0.0    0.000   0.004   26.7    54   16.6   27.1    9.75   1.1542     351     1    100.0   15 
25/06/22   3:15   18.6   18.7   18.5    88   16.5    0.0    ENE   0.00   3.2    NE   18.6   19.1   19.1  1011.9   0.00    0.0    0.000   0.002   26.6    54   16.5   26.9    9.75   1.1548     350     1    100.0   15 
25/06/22   3:30   18.4   18.5   18.4    88   16.4    0.0    NNO   0.00   3.2   NNO   18.4   19.0   19.0  1011.9   0.00    0.0    0.000   0.001   26.6    54   16.5   26.9    9.75   1.1550     351     1    100.0   15 
25/06/22   3:45   18.4   18.5   18.4    89   16.6    1.6      E   0.40   8.0     E   18.4   19.0   19.0  1011.8   0.00    0.0    0.000   0.001   26.4    54   16.4   26.8    9.76   1.1554     351     1    100.0   15 
25/06/22   4:00   18.5   18.6   18.5    88   16.5    1.6    ENE   0.40   8.0    NE   18.5   19.1   19.1  1011.7   0.00    0.0    0.000   0.002   26.4    54   16.3   26.7    9.76   1.1556     350     1    100.0   15 
25/06/22   4:15   18.4   18.5   18.4    88   16.4    1.6    ENE   0.40   4.8   ENE   18.4   19.0   19.0  1011.6   0.00    0.0    0.000   0.001   26.3    54   16.2   26.6    9.76   1.1561     350     1    100.0   15 
25/06/22   4:30   18.4   18.4   18.4    88   16.4    1.6    ENE   0.40   8.0   NNE   18.4   19.0   19.0  1011.7   0.00    0.0    0.000   0.001   26.2    54   16.2   26.5    9.77   1.1565     351     1    100.0   15 
25/06/22   4:45   18.5   18.6   18.4    88   16.5    1.6    ENE   0.40   4.8   ENE   18.5   19.1   19.1  1011.8   0.00    0.0    0.000   0.002   26.2    54   16.1   26.4    9.77   1.1569     351     1    100.0   15 
25/06/22   5:00   18.7   18.8   18.6    87   16.5    1.6    ENE   0.40   6.4   ENE   18.7   19.2   19.2  1011.7   0.00    0.0    0.000   0.003   26.1    54   16.1   26.4    9.77   1.1570     351     1    100.0   15 
25/06/22   5:15   18.9   19.1   18.8    86   16.5    3.2    ENE   0.80   8.0   ENE   18.9   19.6   19.6  1011.6   0.00    0.0    0.000   0.006   26.2    54   16.1   26.4    9.77   1.1567     350     1    100.0   15 
25/06/22   5:30   19.2   19.4   19.1    85   16.6    3.2    ENE   0.80   8.0   ENE   19.2   19.9   19.9  1011.5   0.00    0.0    0.000   0.009   26.4    53   16.1   26.7    9.65   1.1556     351     1    100.0   15 
25/06/22   5:45   19.6   19.7   19.4    84   16.8    3.2    ENE   0.80   6.4   ENE   19.6   20.3   20.3  1011.6   0.00    0.0    0.000   0.013   26.8    53   16.4   27.1    9.65   1.1540     351     1    100.0   15 
25/06/22   6:00   19.8   19.9   19.7    84   17.0    3.2    ENE   0.80   8.0     E   19.8   20.6   20.6  1011.6   0.00    0.0    0.000   0.015   27.2    53   16.8   27.5    9.63   1.1520     351     1    100.0   15 
25/06/22   6:15   20.0   20.2   19.9    83   17.0    3.2    ENE   0.80   8.0     E   20.0   20.8   20.8  1011.6   0.00    0.0    0.000   0.017   27.4    52   16.7   27.8    9.42   1.1510     351     1    100.0   15 
25/06/22   6:30   20.3   20.4   20.2    80   16.7    3.2    ENE   0.80   9.7     E   20.3   21.1   21.1  1011.6   0.00    0.0    0.000   0.020   27.8    52   17.0   28.3    9.41   1.1493     351     1    100.0   15 
25/06/22   6:45   20.4   20.6   20.3    79   16.6    4.8    ENE   1.21  11.3   ENE   20.4   21.1   21.1  1011.6   0.00    0.0    0.000   0.021   28.1    52   17.3   28.7    9.40   1.1478     352     1    100.0   15 
25/06/22   7:00   20.7   21.0   20.6    77   16.5    4.8    ENE   1.21  11.3   ENE   20.7   21.3   21.3  1011.7   0.00    0.0    0.000   0.025   28.3    52   17.5   29.2    9.39   1.1465     351     1    100.0   15 
25/06/22   7:15   21.2   21.3   21.0    75   16.6    4.8    ENE   1.21  11.3   ENE   21.2   21.5   21.5  1011.7   0.00    0.0    0.000   0.030   28.5    51   17.4   29.3    9.28   1.1461     350     1    100.0   15 
25/06/22   7:30   21.5   21.8   21.3    74   16.7    3.2    ENE   0.80  11.3     E   21.5   21.9   21.9  1011.7   0.00    0.0    0.000   0.033   28.6    51   17.5   29.5    9.28   1.1455     351     1    100.0   15 
25/06/22   7:45   22.1   22.2   21.8    71   16.6    4.8    ENE   1.21  11.3   ENE   22.1   22.4   22.4  1011.7   0.00    0.0    0.000   0.039   28.7    51   17.6   29.7    9.28   1.1449     351     1    100.0   15 
25/06/22   8:00   22.3   22.5   22.2    70   16.6    4.8    ENE   1.21  12.9    SE   22.3   22.8   22.8  1011.6   0.00    0.0    0.000   0.042   28.7    50   17.3   29.6    9.08   1.1453     346     1    100.0   15 
25/06/22   8:15   22.7   22.9   22.4    68   16.5    4.8      E   1.21  12.9    SE   22.7   23.2   23.2  1011.7   0.00    0.0    0.000   0.045   28.6    50   17.2   29.4    9.08   1.1460     350     1    100.0   15 
25/06/22   8:30   23.2   23.3   22.9    66   16.5    4.8     NE   1.21  12.9   ENE   23.2   23.8   23.8  1011.6   0.00    0.0    0.000   0.050   28.6    50   17.1   29.3    9.08   1.1462     351     1    100.0   15 
25/06/22   8:45   23.6   23.9   23.3    65   16.6    4.8    ESE   1.21  14.5     E   23.6   24.2   24.2  1011.3   0.00    0.0    0.000   0.054   28.6    50   17.1   29.3    9.08   1.1459     351     1    100.0   15 
25/06/22   9:00   23.7   23.9   23.6    65   16.7    6.4     SE   1.61  17.7   ENE   23.7   24.4   24.4  1011.3   0.00    0.0    0.000   0.056   28.5    50   17.1   29.3    9.08   1.1461     351     1    100.0   15 
25/06/22   9:15   24.2   24.4   23.8    63   16.7    4.8      E   1.21  11.3     E   24.2   24.8   24.8  1011.2   0.00    0.0    0.000   0.061   28.6    50   17.1   29.3    9.08   1.1457     351     1    100.0   15 
25/06/22   9:30   24.7   24.8   24.4    62   16.9    3.2    SSE   0.80  11.3   ENE   24.7   25.2   25.2  1011.2   0.00    0.0    0.000   0.066   28.6    49   16.8   29.4    8.88   1.1459     350     1    100.0   15 
25/06/22   9:45   25.0   25.2   24.8    59   16.4    6.4    ENE   1.61  20.9     E   25.0   25.4   25.4  1011.2   0.00    0.0    0.000   0.069   28.7    49   16.9   29.4    8.88   1.1456     351     1    100.0   15 
25/06/22  10:00   25.5   25.7   25.2    60   17.2    6.4     SE   1.61  14.5   ESE   25.5   26.0   26.0  1011.1   0.00    0.0    0.000   0.075   28.7    48   16.6   29.4    8.78   1.1456     352     1    100.0   15 
25/06/22  10:15   25.7   25.8   25.6    61   17.6    9.7    ENE   2.41  20.9     E   25.7   26.3   26.3  1011.1   0.00    0.0    0.000   0.077   28.8    50   17.4   29.8    9.07   1.1441     351     1    100.0   15 
25/06/22  10:30   25.8   25.9   25.7    59   17.2    9.7      E   2.41  19.3   ENE   25.8   26.3   26.3  1010.9   0.00    0.0    0.000   0.078   28.9    50   17.4   29.9    9.07   1.1437     351     1    100.0   15 
25/06/22  10:45   26.3   26.6   25.9    60   17.9    9.7      E   2.41  27.4   ESE   26.3   26.9   26.9  1010.8   0.00    0.0    0.000   0.083   29.0    50   17.5   30.0    9.07   1.1429     350     1    100.0   15 
25/06/22  11:00   26.3   26.5   26.2    56   16.9   11.3      E   2.82  24.1   ESE   26.3   26.7   26.7  1010.7   0.00    0.0    0.000   0.083   29.2    49   17.4   30.1    8.86   1.1425     351     1    100.0   15 
25/06/22  11:15   26.2   26.4   26.0    54   16.1    6.4     SE   1.61  16.1     E   26.2   26.4   26.4  1010.7   0.00    0.0    0.000   0.082   29.2    48   17.1   30.1    8.76   1.1426     352     1    100.0   15 
25/06/22  11:30   27.4   28.1   26.4    42   13.4    6.4      S   1.61  19.3     S   27.4   27.1   27.1  1010.6   0.00    0.0    0.000   0.095   29.3    47   16.8   30.0    8.56   1.1427     351     1    100.0   15 
25/06/22  11:45   28.1   28.7   27.8    40   13.2    6.4      S   1.61  19.3     S   28.1   27.8   27.8  1010.4   0.00    0.0    0.000   0.102   29.4    45   16.2   29.9    8.25   1.1429     351     1    100.0   15 
25/06/22  12:00   28.9   29.1   28.7    37   12.7    6.4    SSO   1.61  20.9   OSO   28.9   28.7   28.7  1010.3   0.00    0.0    0.000   0.110   29.5    44   16.0   29.9    8.15   1.1427     351     1    100.0   15 
25/06/22  12:15   28.7   28.9   28.6    36   12.1    8.0      S   2.01  17.7    SE   28.7   28.3   28.3  1010.2   0.00    0.0    0.000   0.108   29.6    43   15.7   30.0    7.95   1.1425     351     1    100.0   15 
25/06/22  12:30   28.9   29.1   28.6    36   12.4    8.0    SSO   2.01  19.3   SSE   28.9   28.7   28.7  1010.2   0.00    0.0    0.000   0.111   29.7    42   15.4   29.9    7.84   1.1426     351     1    100.0   15 
25/06/22  12:45   28.9   29.0   28.5    37   12.7    9.7    SSO   2.41  20.9   SSE   28.9   28.7   28.7  1010.1   0.00    0.0    0.000   0.110   29.8    42   15.5   30.1    7.84   1.1420     351     1    100.0   15 
25/06/22  13:00   28.8   29.1   28.4    37   12.7    8.0    SSO   2.01  19.3     S   28.8   28.6   28.6  1010.0   0.00    0.0    0.000   0.109   29.9    41   15.2   30.1    7.65   1.1418     349     1    100.0   15 
25/06/22  13:15   29.1   29.4   28.7    36   12.5    8.0    SSO   2.01  20.9    SE   29.1   28.8   28.8  1009.7   0.00    0.0    0.000   0.112   30.0    41   15.3   30.2    7.65   1.1409     352     1    100.0   15 
25/06/22  13:30   28.7   28.9   28.6    40   13.8    8.0      S   2.01  19.3   SSO   28.7   28.8   28.8  1009.5   0.00    0.0    0.000   0.108   30.1    41   15.4   30.3    7.65   1.1404     351     1    100.0   15 
25/06/22  13:45   28.8   29.1   28.6    38   13.1    8.0    SSO   2.01  22.5     S   28.8   28.7   28.7  1009.4   0.00    0.0    0.000   0.109   30.1    41   15.4   30.3    7.65   1.1400     351     1    100.0   15 
25/06/22  14:00   29.0   29.2   28.8    40   14.0    8.0      S   2.01  20.9   SSE   29.0   29.2   29.2  1009.2   0.00    0.0    0.000   0.111   30.2    41   15.5   30.4    7.65   1.1396     351     1    100.0   15 
25/06/22  14:15   29.4   29.6   29.2    41   14.8    8.0     SO   2.01  22.5   SSO   29.4   29.6   29.6  1009.3   0.00    0.0    0.000   0.115   30.2    42   15.9   30.6    7.82   1.1389     352     1    100.0   15 
25/06/22  14:30   29.2   29.4   28.7    41   14.6    8.0    SSO   2.01  20.9     S   29.2   29.4   29.4  1009.1   0.00    0.0    0.000   0.113   30.3    42   16.0   30.8    7.82   1.1381     351     1    100.0   15 
25/06/22  14:45   28.8   29.1   28.7    40   13.9    8.0    SSO   2.01  22.5   SSO   28.8   28.9   28.9  1008.9   0.00    0.0    0.000   0.109   30.3    42   16.0   30.8    7.82   1.1379     350     1    100.0   15 
25/06/22  15:00   28.9   29.1   28.8    42   14.7    8.0      S   2.01  20.9    SO   28.9   29.2   29.2  1008.8   0.00    0.0    0.000   0.110   30.4    41   15.7   30.8    7.65   1.1378     351     1    100.0   15 
25/06/22  15:15   28.6   28.9   28.2    44   15.1    9.7      S   2.41  22.5    SE   28.6   28.9   28.9  1008.7   0.00    0.0    0.000   0.106   30.4    42   16.1   30.9    7.81   1.1372     350     1    100.0   15 
25/06/22  15:30   28.6   28.9   28.2    42   14.4    6.4    SSO   1.61  22.5     S   28.6   28.7   28.7  1008.7   0.00    0.0    0.000   0.106   30.5    42   16.1   30.9    7.81   1.1368     352     1    100.0   15 
25/06/22  15:45   28.8   28.9   28.7    42   14.6    8.0     SO   2.01  20.9    SO   28.8   29.2   29.2  1008.7   0.00    0.0    0.000   0.109   30.6    42   16.2   31.1    7.81   1.1365     349     1    100.0   15 
25/06/22  16:00   28.8   28.9   28.7    42   14.6    8.0    SSO   2.01  19.3   NNO   28.8   29.2   29.2  1008.6   0.00    0.0    0.000   0.109   30.6    42   16.2   31.1    7.81   1.1364     351     1    100.0   15 
25/06/22  16:15   28.4   28.7   28.3    43   14.7    9.7    SSO   2.41  20.9    SO   28.4   28.6   28.6  1008.6   0.00    0.0    0.000   0.105   30.6    42   16.2   31.1    7.81   1.1362     351     1    100.0   15 
25/06/22  16:30   28.2   28.3   27.7    44   14.8    8.0    SSO   2.01  17.7     S   28.2   28.3   28.3  1008.6   0.00    0.0    0.000   0.102   30.6    41   15.9   30.9    7.65   1.1366     352     1    100.0   15 
25/06/22  16:45   27.8   27.9   27.7    46   15.1    8.0      S   2.01  17.7     S   27.8   27.9   27.9  1008.5   0.00    0.0    0.000   0.099   30.6    42   16.2   31.1    7.81   1.1363     351     1    100.0   15 
25/06/22  17:00   27.7   27.8   27.6    48   15.7    8.0      S   2.01  17.7     S   27.7   27.9   27.9  1008.5   0.00    0.0    0.000   0.098   30.6    42   16.2   31.1    7.81   1.1363     351     1    100.0   15 
25/06/22  17:15   27.3   27.6   27.3    49   15.7    6.4      S   1.61  16.1   SSO   27.3   27.4   27.4  1008.5   0.00    0.0    0.000   0.094   30.5    42   16.1   30.9    7.81   1.1366     351     1    100.0   15 
25/06/22  17:30   27.2   27.4   27.1    49   15.6    6.4    SSO   1.61  16.1     S   27.2   27.3   27.3  1008.4   0.00    0.0    0.000   0.093   30.4    42   16.0   30.8    7.82   1.1370     351     1    100.0   15 
25/06/22  17:45   27.2   27.4   26.9    50   15.8    6.4    SSO   1.61  14.5   SSE   27.2   27.3   27.3  1008.5   0.00    0.0    0.000   0.092   30.3    43   16.4   30.9    7.95   1.1369     352     1    100.0   15 
25/06/22  18:00   26.9   27.0   26.8    49   15.3    4.8      S   1.21  12.9     S   26.9   26.9   26.9  1008.5   0.00    0.0    0.000   0.089   30.2    42   15.9   30.6    7.82   1.1380     350     1    100.0   15 
25/06/22  18:15   26.7   26.8   26.6    50   15.4    4.8      S   1.21  12.9   SSE   26.7   26.8   26.8  1008.5   0.00    0.0    0.000   0.087   30.1    42   15.8   30.4    7.83   1.1386     351     1    100.0   15 
25/06/22  18:30   26.4   26.6   26.4    53   16.1    3.2    SSO   0.80  12.9     S   26.4   26.7   26.7  1008.5   0.00    0.0    0.000   0.084   30.0    43   16.1   30.4    7.95   1.1386     351     1    100.0   15 
25/06/22  18:45   26.1   26.4   25.7    55   16.3    3.2      O   0.80   9.7   SSO   26.1   26.4   26.4  1008.7   0.00    0.0    0.000   0.080   29.9    44   16.3   30.4    8.13   1.1389     350     1    100.0   15 
25/06/22  19:00   25.6   25.7   25.6    54   15.6    0.0    OSO   0.00   3.2   OSO   25.6   25.8   25.8  1008.8   0.00    0.0    0.000   0.075   29.8    44   16.3   30.3    8.14   1.1392     351     1    100.0   15 
25/06/22  19:15   25.3   25.6   25.1    55   15.6    1.6    OSO   0.40   4.8   OSO   25.3   25.6   25.6  1008.8   0.00    0.0    0.000   0.073   29.8    44   16.2   30.3    8.14   1.1395     350     1    100.0   15 
25/06/22  19:30   24.8   25.1   24.5    57   15.7    1.6    OSO   0.40   4.8   OSO   24.8   25.1   25.1  1008.8   0.00    0.0    0.000   0.067   29.7    44   16.1   30.2    8.14   1.1401     351     1    100.0   15 
25/06/22  19:45   24.2   24.4   24.1    59   15.7    1.6    OSO   0.40   3.2   OSO   24.2   24.6   24.6  1008.9   0.00    0.0    0.000   0.061   29.6    44   16.1   30.1    8.14   1.1405     351     1    100.0   15 
25/06/22  20:00   24.0   24.1   23.9    60   15.8    0.0    OSO   0.00   3.2   OSO   24.0   24.5   24.5  1009.1   0.00    0.0    0.000   0.059   29.5    45   16.3   30.1    8.25   1.1409     351     1    100.0   15 
25/06/22  20:15   23.8   23.9   23.6    61   15.8    1.6    OSO   0.40   3.2   OSO   23.8   24.3   24.3  1009.3   0.00    0.0    0.000   0.057   29.4    45   16.2   29.9    8.25   1.1416     351     1    100.0   15 
25/06/22  20:30   23.5   23.7   23.4    61   15.5    1.6    OSO   0.40   3.2   OSO   23.5   24.0   24.0  1009.5   0.00    0.0    0.000   0.054   29.3    45   16.2   29.9    8.25   1.1421     351     1    100.0   15 
25/06/22  20:45   23.3   23.4   23.3    62   15.6    1.6    OSO   0.40   3.2   OSO   23.3   23.8   23.8  1009.6   0.00    0.0    0.000   0.052   29.2    45   16.1   29.8    8.26   1.1428     350     1    100.0   15 
25/06/22  21:00   23.1   23.3   22.9    65   16.2    3.2    OSO   0.80   8.0     E   23.1   23.7   23.7  1009.7   0.00    0.0    0.000   0.050   29.1    46   16.3   29.8    8.45   1.1430     352     1    100.0   15 
25/06/22  21:15   22.7   22.9   22.6    65   15.7    1.6    ENE   0.40   4.8   ENE   22.7   23.0   23.0  1009.7   0.00    0.0    0.000   0.045   29.1    46   16.3   29.7    8.45   1.1433     351     1    100.0   15 
25/06/22  21:30   22.6   22.6   22.4    67   16.1    1.6    ENE   0.40   3.2   ENE   22.6   22.9   22.9  1009.8   0.00    0.0    0.000   0.044   28.9    46   16.1   29.6    8.45   1.1442     351     1    100.0   15 
25/06/22  21:45   22.3   22.4   22.1    69   16.4    3.2      N   0.80   4.8     N   22.3   22.7   22.7  1009.9   0.00    0.0    0.000   0.042   28.8    47   16.4   29.6    8.57   1.1442     350     1    100.0   15 
25/06/22  22:00   22.0   22.1   21.9    68   15.8    1.6    NNO   0.40   4.8   NNO   22.0   22.2   22.2  1010.1   0.00    0.0    0.000   0.038   28.7    47   16.3   29.4    8.58   1.1449     351     1    100.0   15 
25/06/22  22:15   21.9   21.9   21.8    73   16.8    1.6    NNO   0.40   3.2   NNO   21.9   22.3   22.3  1010.2   0.00    0.0    0.000   0.037   28.6    48   16.5   29.3    8.78   1.1451     351     1    100.0   15 
25/06/22  22:30   21.8   21.9   21.6    72   16.5    1.6    NNO   0.40   4.8   NNO   21.8   22.1   22.1  1010.3   0.00    0.0    0.000   0.036   28.5    49   16.7   29.2    8.88   1.1453     351     1    100.0   15 
25/06/22  22:45   21.6   21.6   21.5    73   16.5    3.2     NO   0.80   4.8    NO   21.6   21.9   21.9  1010.3   0.00    0.0    0.000   0.034   28.4    49   16.7   29.1    8.89   1.1457     350     1    100.0   15 
25/06/22  23:00   21.4   21.5   21.4    75   16.8    1.6     NO   0.40   3.2    NO   21.4   21.8   21.8  1010.1   0.00    0.0    0.000   0.032   28.4    49   16.7   29.1    8.89   1.1455     352     1    100.0   15 
25/06/22  23:15   21.4   21.4   21.4    76   17.0    1.6     NO   0.40   4.8    NO   21.4   21.8   21.8  1010.0   0.00    0.0    0.000   0.032   28.4    49   16.7   29.1    8.89   1.1453     351     1    100.0   15 
25/06/22  23:30   21.2   21.4   21.1    77   17.0    1.6     NO   0.40   4.8    NO   21.2   21.7   21.7  1010.0   0.00    0.0    0.000   0.030   28.4    49   16.6   29.0    8.89   1.1456     350     1    100.0   15 
25/06/22  23:45   21.3   21.4   21.2    82   18.1    1.6      N   0.40   4.8   NNE   21.3   22.1   22.1  1010.1   0.00    0.0    0.000   0.031   28.4    49   16.6   29.0    8.89   1.1457     351     1    100.0   15 
26/06/22  00:00   21.2   21.3   21.1    84   18.4    1.6     NE   0.40   4.8    NE   21.2   22.1   22.1  1010.1   0.00    0.0    0.000   0.030   28.3    49   16.6   28.9    8.89   1.1460     350     1    100.0   15 
26/06/22   0:15   20.9   21.1   20.9    85   18.3    1.6     NE   0.40   4.8    NE   20.9   21.8   21.8  1009.9   0.00    0.0    0.000   0.027   28.3    49   16.5   28.8    8.89   1.1461     349     1    100.0   15 
26/06/22   0:30   20.7   20.9   20.6    86   18.3    1.6     NE   0.40   4.8    NE   20.7   21.7   21.7  1009.8   0.00    0.0    0.000   0.025   28.2    50   16.8   28.8    9.09   1.1458     352     1    100.0   15 
26/06/22   0:45   20.4   20.6   20.2    86   18.0    1.6      E   0.40   4.8    NE   20.4   21.3   21.3  1009.8   0.00    0.0    0.000   0.021   28.2    50   16.8   28.7    9.10   1.1461     351     1    100.0   15 
26/06/22   1:00   20.2   20.2   20.1    87   17.9    0.0      E   0.00   3.2     E   20.2   21.1   21.1  1009.8   0.00    0.0    0.000   0.019   28.1    50   16.7   28.7    9.10   1.1463     350     1    100.0   15 
26/06/22   1:15   19.9   20.2   19.7    84   17.1    1.6    NNO   0.40   4.8   NNO   19.9   20.7   20.7  1009.8   0.00    0.0    0.000   0.016   28.1    50   16.7   28.6    9.10   1.1466     350     1    100.0   15 
26/06/22   1:30   20.1   20.4   19.7    87   17.8    1.6     NE   0.40   6.4    NE   20.1   20.9   20.9  1009.7   0.00    0.0    0.000   0.018   28.0    50   16.6   28.4    9.10   1.1468     351     1    100.0   15 
26/06/22   1:45   20.4   20.4   20.4    88   18.3    3.2    ENE   0.80   6.4   ENE   20.4   21.4   21.4  1009.6   0.00    0.0    0.000   0.021   27.9    51   16.8   28.4    9.31   1.1468     351     1    100.0   15 
26/06/22   2:00   20.4   20.4   20.3    88   18.3    3.2    ENE   0.80   6.4    NE   20.4   21.4   21.4  1009.7   0.00    0.0    0.000   0.021   27.8    51   16.8   28.3    9.31   1.1472     351     1    100.0   15 
26/06/22   2:15   20.2   20.3   20.1    88   18.1    1.6    ENE   0.40   4.8   ENE   20.2   21.1   21.1  1009.7   0.00    0.0    0.000   0.019   27.8    51   16.7   28.2    9.31   1.1474     351     1    100.0   15 
26/06/22   2:30   20.0   20.1   19.9    88   18.0    1.6    ENE   0.40   4.8   ENE   20.0   20.9   20.9  1009.7   0.00    0.0    0.000   0.017   27.7    51   16.7   28.1    9.31   1.1477     351     1    100.0   15 
26/06/22   2:45   19.9   19.9   19.8    88   17.8    1.6    ENE   0.40   4.8   ENE   19.9   20.8   20.8  1009.5   0.00    0.0    0.000   0.016   27.7    51   16.6   28.1    9.31   1.1478     352     1    100.0   15 
26/06/22   3:00   19.8   19.8   19.7    88   17.7    1.6    ENE   0.40   3.2   ENE   19.8   20.6   20.6  1009.6   0.00    0.0    0.000   0.015   27.6    52   16.8   27.9    9.42   1.1481     350     1    100.0   15 
26/06/22   3:15   19.6   19.7   19.6    89   17.7    1.6    ENE   0.40   4.8   ENE   19.6   20.4   20.4  1009.6   0.00    0.0    0.000   0.013   27.5    52   16.8   27.9    9.42   1.1483     351     1    100.0   15 
26/06/22   3:30   19.6   19.6   19.5    89   17.7    0.0    ENE   0.00   3.2   ENE   19.6   20.4   20.4  1009.6   0.00    0.0    0.000   0.013   27.4    52   16.7   27.8    9.42   1.1486     351     1    100.0   15 
26/06/22   3:45   19.5   19.6   19.5    88   17.5    0.0    ENE   0.00   3.2   ENE   19.5   20.3   20.3  1009.6   0.00    0.0    0.000   0.012   27.3    52   16.6   27.7    9.43   1.1492     351     1    100.0   15 
26/06/22   4:00   19.4   19.5   19.4    88   17.4    1.6    ENE   0.40   4.8   ENE   19.4   20.2   20.2  1009.6   0.00    0.0    0.000   0.012   27.3    52   16.6   27.6    9.43   1.1495     350     1    100.0   15 
