                 Temp.  Temp.  Temp.  Hum.   Punt   Vel.   Dir.   Rec.  Vel.  Dir.  Sens.   Índ.   Índ.                  Int. Graus D.Graus D.  Temp.  Hum. Rosada  In.Cal.  EMC     Dens.    Mostr   Tx   Recep.  Int.
  Data    Hora    Ext.   Màx.   Mín.  Ext. Rosada   Vent   Vent   Vent  Màx.  Màx.  Tèrm.  Calor   THW    Bar    Pluja   Pluja  Calor    Fred    Int.  Int.   Int.   Int.    Int.  Int.Aire    Vent   Vent   ISS   Arc.
-------------------------------------------------------------------------------------------------------------------------------------------------------------------------------------------------------------------------
21/01/26   0:15    8.6    8.6    8.5    96    8.0    1.6     NO   0.40   6.4    NO    8.6    8.8    8.8  1013.1   0.00    0.0    0.102   0.000   22.8    53   12.7   22.7    9.73   1.1760     349     1    100.0   15 
21/01/26   0:30    8.5    8.5    8.5    96    7.9    1.6    NNO   0.40   3.2   NNO    8.5    8.7    8.7  1013.1   0.00    0.0    0.102   0.000   22.2    53   12.2   21.8    9.77   1.1788     351     1    100.0   15 
21/01/26   0:45    8.5    8.5    8.5    96    7.9    1.6    NNO   0.40   4.8   NNO    8.5    8.7    8.7  1013.0   0.00    0.0    0.102   0.000   21.8    54   12.1   21.3    9.92   1.1802     350     1    100.0   15 
21/01/26   1:00    8.5    8.5    8.5    96    7.9    0.0    NNO   0.00   3.2   NNO    8.5    8.7    8.7  1012.9   0.00    0.0    0.102   0.000   21.4    54   11.7   20.8    9.94   1.1821     350     1    100.0   15 
21/01/26   1:15    8.4    8.5    8.4    96    7.8    0.0    ---   0.00   0.0   ---    8.4    8.7    8.7  1012.8   0.00    0.0    0.103   0.000   21.1    55   11.7   20.4   10.15   1.1834     350     1    100.0   15 
21/01/26   1:30    8.4    8.4    8.4    96    7.8    0.0    ---   0.00   0.0   ---    8.4    8.7    8.7  1012.7   0.00    0.0    0.103   0.000   20.8    55   11.4   20.2   10.16   1.1849     351     1    100.0   15 
21/01/26   1:45    8.4    8.4    8.3    97    7.9    0.0    ---   0.00   0.0   ---    8.4    8.6    8.6  1012.7   0.00    0.0    0.104   0.000   20.5    56   11.4   20.0   10.37   1.1861     352     1    100.0   15 
21/01/26   2:00    8.3    8.3    8.3    97    7.9    0.0    ---   0.00   0.0   ---    8.3    8.6    8.6  1012.7   0.00    0.0    0.104   0.000   20.2    56   11.2   19.8   10.38   1.1874     351     1    100.0   15 
21/01/26   2:15    8.3    8.3    8.3    97    7.8    0.0    ---   0.00   0.0   ---    8.3    8.5    8.5  1012.5   0.00    0.0    0.105   0.000   19.9    57   11.2   19.6   10.59   1.1883     350     1    100.0   15 
21/01/26   2:30    8.3    8.4    8.3    97    7.9    0.0    NNO   0.00   1.6   NNO    8.3    8.6    8.6  1012.3   0.00    0.0    0.104   0.000   19.7    57   11.0   19.3   10.60   1.1892     351     1    100.0   15 
21/01/26   2:45    8.4    8.4    8.4    97    8.0    0.0    NNO   0.00   3.2   NNO    8.4    8.7    8.7  1012.2   0.00    0.0    0.103   0.000   19.6    57   10.8   19.2   10.61   1.1899     351     1    100.0   15 
21/01/26   3:00    8.3    8.4    8.3    97    7.9    0.0    NNO   0.00   1.6   NNO    8.3    8.6    8.6  1012.0   0.00    0.0    0.104   0.000   19.3    57   10.6   18.9   10.61   1.1907     351     1    100.0   15 
21/01/26   3:15    8.3    8.3    8.2    97    7.8    0.0    ---   0.00   0.0   ---    8.3    8.5    8.5  1011.8   0.00    0.0    0.105   0.000   19.2    58   10.7   18.7   10.75   1.1911     351     1    100.0   15 
21/01/26   3:30    8.2    8.2    8.2    97    7.7    1.6    NNO   0.40   4.8   NNO    8.2    8.4    8.4  1011.6   0.00    0.0    0.106   0.000   19.0    58   10.5   18.6   10.75   1.1917     351     1    100.0   15 
21/01/26   3:45    8.2    8.2    8.1    97    7.7    0.0    ONO   0.00   3.2   ONO    8.2    8.4    8.4  1011.4   0.00    0.0    0.106   0.000   18.8    58   10.4   18.3   10.75   1.1923     351     1    100.0   15 
21/01/26   4:00    8.2    8.2    8.2    97    7.7    1.6    ONO   0.40   4.8   ONO    8.2    8.4    8.4  1011.4   0.00    0.0    0.106   0.000   18.7    58   10.2   18.2   10.75   1.1931     351     1    100.0   15 
21/01/26   4:15    8.2    8.2    8.2    97    7.8    0.0    ONO   0.00   3.2   ONO    8.2    8.4    8.4  1011.3   0.00    0.0    0.105   0.000   18.5    59   10.3   18.0   10.95   1.1936     351     1    100.0   15 
21/01/26   4:30    8.2    8.2    8.2    97    7.7    1.6    ONO   0.40   3.2   ONO    8.2    8.4    8.4  1011.3   0.00    0.0    0.106   0.000   18.4    59   10.2   17.9   10.95   1.1941     350     1    100.0   15 
21/01/26   4:45    8.2    8.2    8.2    97    7.7    0.0    ONO   0.00   3.2   ONO    8.2    8.4    8.4  1011.2   0.00    0.0    0.106   0.000   18.1    60   10.2   17.7   11.06   1.1952     351     1    100.0   15 
21/01/26   5:00    8.2    8.2    8.2    97    7.7    0.0    ONO   0.00   3.2   ONO    8.2    8.4    8.4  1011.2   0.00    0.0    0.106   0.000   17.6    61    9.9   17.1   11.25   1.1978     351     1    100.0   15 
21/01/26   5:15    8.2    8.2    8.2    97    7.7    1.6    ONO   0.40   3.2   ONO    8.2    8.4    8.4  1011.2   0.00    0.0    0.106   0.000   17.2    61    9.6   16.7   11.25   1.1994     351     1    100.0   15 
21/01/26   5:30    8.2    8.2    8.2    97    7.7    0.0    ONO   0.00   1.6   ONO    8.2    8.4    8.4  1011.2   0.00    0.0    0.106   0.000   17.0    62    9.7   16.5   11.45   1.2003     349     1    100.0   15 
21/01/26   5:45    8.2    8.2    8.1    97    7.7    0.0    ONO   0.00   3.2   ONO    8.2    8.4    8.4  1011.1   0.00    0.0    0.106   0.000   16.8    62    9.5   16.2   11.45   1.2013     350     1    100.0   15 
21/01/26   6:00    8.2    8.2    8.2    97    7.7    1.6    ONO   0.40   4.8   ONO    8.2    8.4    8.4  1011.0   0.00    0.0    0.106   0.000   16.6    62    9.3   16.1   11.45   1.2021     352     1    100.0   15 
21/01/26   6:15    8.2    8.2    8.1    97    7.7    0.0    ONO   0.00   1.6   ONO    8.2    8.4    8.4  1010.9   0.00    0.0    0.106   0.000   16.5    63    9.4   16.0   11.65   1.2023     351     1    100.0   15 
21/01/26   6:30    8.1    8.1    8.0    97    7.6    0.0    ONO   0.00   4.8   ONO    8.1    8.3    8.3  1010.8   0.00    0.0    0.107   0.000   16.4    63    9.3   15.9   11.65   1.2027     350     1    100.0   15 
21/01/26   6:45    8.0    8.1    8.0    97    7.6    0.0    ONO   0.00   4.8    NO    8.0    8.2    8.2  1010.8   0.00    0.0    0.108   0.000   16.2    63    9.2   15.7   11.65   1.2035     350     1    100.0   15 
21/01/26   7:00    8.0    8.0    7.9    97    7.6    3.2     NO   0.80   8.0    NO    8.0    8.2    8.2  1010.7   0.00    0.0    0.108   0.000   16.1    63    9.1   15.6   11.65   1.2040     351     1    100.0   15 
21/01/26   7:15    8.0    8.0    8.0    97    7.6    1.6    ONO   0.40   4.8   ONO    8.0    8.2    8.2  1010.6   0.00    0.0    0.108   0.000   16.1    64    9.2   15.6   11.83   1.2039     343     1    100.0   15 
21/01/26   7:30    7.9    8.0    7.7    97    7.4    1.6    ONO   0.40   8.0     O    7.9    8.1    8.1  1010.3   0.00    0.0    0.109   0.000   16.5    64    9.7   16.1   11.82   1.2013     348     1    100.0   15 
21/01/26   7:45    7.4    7.7    7.3    96    6.8    0.0    ONO   0.00   3.2   ONO    7.4    7.6    7.6  1010.2   0.00    0.0    0.113   0.000   17.5    63   10.4   17.1   11.65   1.1963     350     1    100.0   15 
21/01/26   8:00    7.3    7.3    7.3    97    6.8    0.0    ONO   0.00   3.2   ONO    7.3    7.4    7.4  1010.0   0.00    0.0    0.115   0.000   19.2    61   11.5   18.9   11.25   1.1879     351     1    100.0   15 
21/01/26   8:15    7.4    7.6    7.3    97    7.0    0.0    ONO   0.00   1.6   ONO    7.4    7.6    7.6  1009.9   0.00    0.0    0.113   0.000   20.7    58   12.1   20.2   10.75   1.1813     351     1    100.0   15 
21/01/26   8:30    7.7    7.9    7.6    97    7.3    0.0    ONO   0.00   3.2   ONO    7.7    7.9    7.9  1009.7   0.00    0.0    0.111   0.000   21.7    56   12.6   21.2   10.33   1.1764     351     1    100.0   15 
21/01/26   8:45    8.1    8.3    7.9    97    7.7    0.0    ONO   0.00   4.8   ONO    8.1    8.3    8.3  1009.5   0.00    0.0    0.106   0.000   22.4    55   12.9   22.2   10.10   1.1731     351     1    100.0   15 
21/01/26   9:00    8.4    8.5    8.3    97    7.9    0.0      O   0.00   4.8     O    8.4    8.6    8.6  1009.6   0.00    0.0    0.104   0.000   22.7    55   13.2   22.7   10.09   1.1714     350     1    100.0   15 
21/01/26   9:15    8.6    8.7    8.4    97    8.1    0.0      O   0.00   3.2     O    8.6    8.8    8.8  1009.5   0.00    0.0    0.102   0.000   22.8    54   13.0   22.7    9.89   1.1714     348     1    100.0   15 
21/01/26   9:30    8.7    8.7    8.7    97    8.2    0.0    OSO   0.00   4.8    NO    8.7    8.9    8.9  1009.4   0.00    0.0    0.101   0.000   22.8    53   12.7   22.7    9.73   1.1716     352     1    100.0   15 
21/01/26   9:45    8.9    9.0    8.7    96    8.3    0.0    ONO   0.00   4.8   OSO    8.9    9.1    9.1  1009.4   0.00    0.0    0.098   0.000   22.7    53   12.6   22.5    9.74   1.1721     346     1    100.0   15 
21/01/26  10:00    9.2    9.2    9.0    96    8.6    1.6    OSO   0.40   9.7    SO    9.2    9.4    9.4  1009.2   0.00    0.0    0.095   0.000   22.5    50   11.6   22.1    9.25   1.1738     350     1    100.0   15 
21/01/26  10:15    9.3    9.3    9.2    95    8.5    0.0    OSO   0.00   6.4   OSO    9.3    9.6    9.6  1009.0   0.00    0.0    0.094   0.000   22.1    53   12.0   21.6    9.78   1.1748     350     1    100.0   15 
21/01/26  10:30    9.4    9.7    9.3    95    8.7    1.6      O   0.40   6.4     O    9.4    9.7    9.7  1008.9   0.00    0.0    0.093   0.000   22.0    53   12.0   21.5    9.79   1.1749     351     1    100.0   15 
21/01/26  10:45    9.7    9.7    9.6    93    8.6    3.2    ONO   0.80   8.0     N    9.7    9.9    9.9  1008.6   0.00    0.0    0.090   0.000   21.9    53   11.9   21.4    9.79   1.1749     351     1    100.0   15 
21/01/26  11:00    9.8    9.8    9.7    92    8.5    3.2     NO   0.80  11.3   NNO    9.8   10.0   10.0  1008.4   0.00    0.0    0.089   0.000   21.8    54   12.1   21.3    9.92   1.1748     350     1    100.0   15 
21/01/26  11:15    9.8    9.9    9.8    92    8.6    1.6     NO   0.40  14.5   NNO    9.8   10.1   10.1  1008.1   0.00    0.0    0.089   0.000   21.8    54   12.1   21.2    9.93   1.1748     351     1    100.0   15 
21/01/26  11:30   10.1   10.2    9.9    91    8.7    1.6     SO   0.40   6.4   OSO   10.1   10.2   10.2  1007.7   0.00    0.0    0.086   0.000   21.9    53   11.9   21.4    9.79   1.1737     350     1    100.0   15 
21/01/26  11:45   10.3   10.4   10.2    90    8.8    1.6      O   0.40   8.0   ONO   10.3   10.4   10.4  1007.4   0.00    0.0    0.083   0.000   22.4    52   12.1   22.1    9.60   1.1712     352     1    100.0   15 
21/01/26  12:00   10.4   10.4   10.4    90    8.9    1.6    OSO   0.40   6.4     O   10.4   10.6   10.6  1006.9   0.00    0.0    0.082   0.000   22.9    52   12.5   22.7    9.59   1.1685     351     1    100.0   15 
21/01/26  12:15   10.6   10.7   10.4    89    8.8    1.6    OSO   0.40   4.8   OSO   10.6   10.7   10.7  1006.5   0.00    0.0    0.081   0.000   23.2    51   12.5   23.1    9.37   1.1667     351     1    100.0   15 
21/01/26  12:30   10.8   10.8   10.7    89    9.0    1.6      O   0.40   4.8     O   10.8   10.9   10.9  1006.2   0.00    0.0    0.079   0.000   23.5    51   12.8   23.4    9.36   1.1650     349     1    100.0   15 
21/01/26  12:45   10.9   11.0   10.8    90    9.3    1.6    SSO   0.40   8.0    SO   10.9   11.0   11.0  1005.7   0.00    0.0    0.078   0.000   23.6    50   12.6   23.6    9.25   1.1641     352     1    100.0   15 
21/01/26  13:00   11.1   11.3   10.9    90    9.5    1.6    OSO   0.40   8.0   OSO   11.1   11.2   11.2  1005.4   0.00    0.0    0.076   0.000   23.7    50   12.7   23.7    9.25   1.1632     350     1    100.0   15 
21/01/26  13:15   11.4   11.5   11.3    89    9.6    1.6     SO   0.40   9.7     S   11.4   11.4   11.4  1005.0   0.00    0.0    0.072   0.000   23.7    50   12.7   23.7    9.25   1.1627     351     1    100.0   15 
21/01/26  13:30   11.6   11.7   11.5    88    9.6    3.2      S   0.80   8.0    SO   11.6   11.6   11.6  1004.6   0.00    0.0    0.071   0.000   23.7    50   12.6   23.6    9.25   1.1626     350     1    100.0   15 
21/01/26  13:45   11.8   11.9   11.7    87    9.7    3.2    OSO   0.80   9.7   OSO   11.8   11.8   11.8  1004.3   0.00    0.0    0.068   0.000   23.7    50   12.7   23.7    9.25   1.1619     351     1    100.0   15 
21/01/26  14:00   11.9   12.0   11.9    86    9.7    3.2    OSO   0.80  11.3   SSO   11.9   11.9   11.9  1004.1   0.00    0.0    0.067   0.000   23.7    50   12.6   23.6    9.25   1.1619     351     1    100.0   15 
21/01/26  14:15   12.0   12.1   11.9    86    9.7    4.8    OSO   1.21  12.9   SSO   12.0   11.9   11.9  1003.9   0.00    0.0    0.066   0.000   23.7    50   12.7   23.7    9.25   1.1614     350     1    100.0   15 
21/01/26  14:30   11.9   12.1   11.8    86    9.7    4.8     SO   1.21  14.5   OSO   11.9   11.9   11.9  1003.6   0.00    0.0    0.067   0.000   23.8    51   13.0   23.8    9.35   1.1605     351     1    100.0   15 
21/01/26  14:45   11.7   11.8   11.5    87    9.6    3.2     SO   0.80   9.7    SO   11.7   11.7   11.7  1003.3   0.00    0.0    0.069   0.000   23.7    51   13.0   23.8    9.36   1.1604     350     1    100.0   15 
21/01/26  15:00   11.5   11.6   11.5    87    9.4    3.2     SO   0.80  12.9   SSO   11.5   11.5   11.5  1003.0   0.00    0.0    0.071   0.000   23.7    52   13.3   23.8    9.56   1.1597     352     1    100.0   15 
21/01/26  15:15   11.6   11.7   11.5    87    9.5    3.2     SO   0.80   9.7     O   11.6   11.6   11.6  1002.7   0.00    0.0    0.070   0.000   23.8    52   13.3   23.9    9.55   1.1591     351     1    100.0   15 
21/01/26  15:30   11.4   11.6   11.3    87    9.4    3.2    SSO   0.80  11.3   SSO   11.4   11.4   11.4  1002.3   0.00    0.0    0.072   0.000   23.8    52   13.4   23.9    9.55   1.1584     350     1    100.0   15 
21/01/26  15:45   11.1   11.3   10.9    88    9.2    3.2     SO   0.80  11.3    SO   11.1   11.2   11.2  1002.2   0.00    0.0    0.075   0.000   23.9    52   13.5   24.1    9.55   1.1576     351     1    100.0   15 
21/01/26  16:00   10.8   10.9   10.6    88    8.9    1.6     SO   0.40  11.3     S   10.8   10.8   10.8  1002.0   0.00    0.0    0.079   0.000   23.9    52   13.4   24.1    9.55   1.1577     351     1    100.0   15 
21/01/26  16:15   10.6   10.6   10.4    88    8.7    1.6    OSO   0.40   6.4   OSO   10.6   10.6   10.6  1001.8   0.00    0.0    0.081   0.000   23.8    53   13.7   24.0    9.65   1.1574     351     1    100.0   15 
21/01/26  16:30   10.4   10.4   10.3    89    8.7    1.6     SO   0.40   6.4     S   10.4   10.5   10.5  1001.6   0.00    0.0    0.083   0.000   23.9    52   13.4   24.1    9.55   1.1572     351     1    100.0   15 
21/01/26  16:45   10.2   10.3   10.2    90    8.7    1.6     SO   0.40   8.0   OSO   10.2   10.4   10.4  1001.3   0.00    0.0    0.084   0.000   23.9    53   13.7   24.1    9.65   1.1566     351     1    100.0   15 
21/01/26  17:00   10.1   10.2   10.1    91    8.7    1.6     SO   0.40   8.0     O   10.1   10.3   10.3  1001.1   0.00    0.0    0.086   0.000   23.8    53   13.7   24.0    9.65   1.1566     350     1    100.0   15 
21/01/26  17:15   10.0   10.1    9.9    92    8.8    3.2     SO   0.80  11.3    SO   10.0   10.2   10.2  1000.9   0.00    0.0    0.087   0.000   23.9    53   13.7   24.1    9.65   1.1561     352     1    100.0   15 
21/01/26  17:30    9.8    9.9    9.7    92    8.6    1.6    OSO   0.40   8.0     S    9.8   10.1   10.1  1000.8   0.00    0.0    0.089   0.000   23.9    52   13.4   24.1    9.55   1.1563     351     1    100.0   15 
21/01/26  17:45    9.7    9.7    9.6    93    8.6    0.0    OSO   0.00   4.8   OSO    9.7    9.9    9.9  1000.6   0.00    0.0    0.090   0.000   23.8    52   13.4   23.9    9.55   1.1564     351     1    100.0   15 
21/01/26  18:00    9.6    9.6    9.6    93    8.5    0.0     SO   0.00   6.4   OSO    9.6    9.8    9.8  1000.4   0.00    0.0    0.091   0.000   23.8    51   13.1   23.9    9.35   1.1565     350     1    100.0   15 
21/01/26  18:15    9.5    9.6    9.4    93    8.4    0.0    OSO   0.00   3.2     O    9.5    9.7    9.7  1000.1   0.00    0.0    0.092   0.000   23.9    51   13.1   24.0    9.35   1.1559     350     1    100.0   15 
21/01/26  18:30    9.4    9.4    9.4    93    8.4    0.0     SO   0.00   3.2    SO    9.4    9.7    9.7  1000.1   0.00    0.0    0.093   0.000   23.9    51   13.2   24.1    9.35   1.1555     350     1    100.0   15 
21/01/26  18:45    9.4    9.5    9.4    93    8.4    0.0     SO   0.00   4.8   OSO    9.4    9.7    9.7   999.8   0.00    0.0    0.093   0.000   24.0    52   13.5   24.1    9.55   1.1546     349     1    100.0   15 
21/01/26  19:00    9.5    9.5    9.4    94    8.6    0.0     SO   0.00   3.2   OSO    9.5    9.8    9.8   999.7   0.00    0.0    0.092   0.000   24.2    51   13.4   24.3    9.35   1.1537     350     1    100.0   15 
21/01/26  19:15    9.5    9.6    9.4    94    8.6    0.0    OSO   0.00   3.2   OSO    9.5    9.8    9.8   999.4   0.20    0.0    0.092   0.000   24.3    51   13.5   24.4    9.35   1.1528     350     1    100.0   15 
21/01/26  19:30    9.4    9.4    9.3    94    8.5    0.0     SO   0.00   1.6    SO    9.4    9.7    9.7   999.1   0.40    2.4    0.093   0.000   24.3    51   13.5   24.3    9.35   1.1527     351     1    100.0   15 
21/01/26  19:45    9.2    9.3    9.1    94    8.3    0.0     SO   0.00   1.6    SO    9.2    9.4    9.4   998.9   0.00    0.0    0.095   0.000   24.2    52   13.7   24.3    9.54   1.1524     351     1    100.0   15 
21/01/26  20:00    9.1    9.3    9.1    95    8.4    0.0    OSO   0.00   4.8   OSO    9.1    9.3    9.3   998.8   0.00    0.0    0.096   0.000   24.2    53   14.0   24.3    9.65   1.1522     351     1    100.0   15 
21/01/26  20:15    9.3    9.3    9.2    95    8.5    0.0     SO   0.00   4.8    SO    9.3    9.6    9.6   998.5   0.00    0.0    0.094   0.000   24.3    53   14.1   24.4    9.65   1.1511     351     1    100.0   15 
21/01/26  20:30    9.2    9.2    9.1    95    8.4    0.0     SO   0.00   3.2    SO    9.2    9.4    9.4   998.3   0.00    0.0    0.095   0.000   24.4    53   14.2   24.5    9.65   1.1506     351     1    100.0   15 
21/01/26  20:45    9.1    9.1    9.1    95    8.3    0.0    OSO   0.00   3.2   SSO    9.1    9.3    9.3   998.2   0.00    0.0    0.097   0.000   24.5    53   14.3   24.6    9.65   1.1498     350     1    100.0   15 
21/01/26  21:00    9.0    9.1    9.0    96    8.4    0.0    OSO   0.00   3.2     S    9.0    9.3    9.3   997.9   0.00    0.0    0.097   0.000   24.6    53   14.3   24.7    9.65   1.1492     350     1    100.0   15 
21/01/26  21:15    8.9    9.0    8.8    96    8.3    0.0      S   0.00   8.0     S    8.9    9.1    9.1   997.7   0.00    0.0    0.098   0.000   24.6    52   14.1   24.7    9.52   1.1491     350     1    100.0   15 
21/01/26  21:30    8.8    8.8    8.7    96    8.2    1.6    OSO   0.40   6.4   OSO    8.8    9.0    9.0   997.6   0.00    0.0    0.100   0.000   24.6    52   14.1   24.7    9.52   1.1489     351     1    100.0   15 
21/01/26  21:45    8.7    8.7    8.7    96    8.1    0.0    OSO   0.00   9.7    SO    8.7    8.9    8.9   997.4   0.00    0.0    0.100   0.000   24.7    52   14.2   24.7    9.52   1.1484     350     1    100.0   15 
21/01/26  22:00    8.7    8.7    8.7    96    8.1    1.6     SO   0.40   8.0    SO    8.7    8.9    8.9   997.2   0.00    0.0    0.101   0.000   24.7    52   14.2   24.7    9.52   1.1482     350     1    100.0   15 
21/01/26  22:15    8.6    8.7    8.6    96    8.0    0.0    OSO   0.00   6.4    SO    8.6    8.8    8.8   997.1   0.00    0.0    0.101   0.000   24.6    52   14.0   24.6    9.53   1.1486     350     1    100.0   15 
21/01/26  22:30    8.6    8.6    8.6    96    8.0    0.0     SO   0.00   3.2   ONO    8.6    8.8    8.8   996.9   0.00    0.0    0.102   0.000   24.2    53   14.0   24.3    9.65   1.1497     351     1    100.0   15 
21/01/26  22:45    8.5    8.6    8.5    96    7.9    0.0      O   0.00   3.2     O    8.5    8.7    8.7   996.8   0.00    0.0    0.102   0.000   23.8    53   13.6   23.9    9.66   1.1518     351     1    100.0   15 
21/01/26  23:00    8.5    8.5    8.5    96    7.9    0.0      O   0.00   3.2     O    8.5    8.7    8.7   996.7   0.00    0.0    0.102   0.000   23.2    54   13.4   23.3    9.87   1.1541     351     1    100.0   15 
21/01/26  23:15    8.5    8.6    8.5    96    7.9    0.0    OSO   0.00   6.4   OSO    8.5    8.7    8.7   996.6   0.00    0.0    0.102   0.000   22.7    55   13.2   22.7   10.09   1.1562     350     1    100.0   15 
21/01/26  23:30    8.6    8.6    8.6    96    8.0    0.0      O   0.00   3.2     O    8.6    8.8    8.8   996.3   0.00    0.0    0.102   0.000   22.3    55   12.8   22.0   10.11   1.1580     351     1    100.0   15 
21/01/26  23:45    8.6    8.7    8.6    96    8.0    0.0    NNO   0.00   1.6     O    8.6    8.8    8.8   996.2   0.00    0.0    0.101   0.000   21.9    56   12.7   21.5   10.32   1.1595     352     1    100.0   15 
22/01/26  00:00    8.7    8.7    8.6    96    8.1    0.0    NNO   0.00   6.4     O    8.7    8.9    8.9   996.0   0.00    0.0    0.101   0.000   21.5    56   12.4   20.9   10.34   1.1613     351     1    100.0   15 
22/01/26   0:15    8.7    8.7    8.6    97    8.2    0.0    ONO   0.00   4.8     O    8.7    8.9    8.9   995.9   0.00    0.0    0.101   0.000   21.2    57   12.3   20.6   10.55   1.1625     350     1    100.0   15 
22/01/26   0:30    8.6    8.7    8.6    96    8.0    0.0    ONO   0.00   3.2   ONO    8.6    8.8    8.8   995.6   0.00    0.0    0.101   0.000   20.9    57   12.0   20.3   10.56   1.1636     351     1    100.0   15 
22/01/26   0:45    8.3    8.6    8.1    96    7.7    0.0    ONO   0.00   4.8   ONO    8.3    8.5    8.5   995.4   0.00    0.0    0.104   0.000   20.7    57   11.8   20.2   10.57   1.1644     350     1    100.0   15 
22/01/26   1:00    8.1    8.2    8.1    96    7.5    0.0    ONO   0.00   3.2   ONO    8.1    8.3    8.3   995.2   0.00    0.0    0.106   0.000   20.8    57   12.0   20.3   10.56   1.1633     350     1    100.0   15 
22/01/26   1:15    8.0    8.2    7.9    96    7.4    0.0    ---   0.00   0.0   ---    8.0    8.2    8.2   995.0   0.00    0.0    0.108   0.000   21.2    56   12.1   20.6   10.35   1.1614     352     1    100.0   15 
22/01/26   1:30    8.0    8.0    7.9    97    7.6    0.0    ---   0.00   0.0   ---    8.0    8.2    8.2   994.7   0.00    0.0    0.108   0.000   21.6    55   12.2   21.1   10.13   1.1594     351     1    100.0   15 
22/01/26   1:45    8.2    8.3    8.0    97    7.7    0.0    ---   0.00   0.0   ---    8.2    8.4    8.4   994.5   0.00    0.0    0.106   0.000   21.9    55   12.4   21.4   10.12   1.1579     351     1    100.0   15 
22/01/26   2:00    8.3    8.4    8.3    97    7.9    0.0    ONO   0.00   1.6   ONO    8.3    8.6    8.6   994.2   0.00    0.0    0.104   0.000   21.8    55   12.4   21.4   10.12   1.1578     351     1    100.0   15 
22/01/26   2:15    8.4    8.4    8.4    97    7.9    0.0    ---   0.00   0.0   ---    8.4    8.6    8.6   994.2   0.00    0.0    0.104   0.000   21.6    55   12.1   20.9   10.13   1.1592     351     1    100.0   15 
