                 Temp.  Temp.  Temp.  Hum.   Punt   Vel.   Dir.   Rec.  Vel.  Dir.  Sens.   Índ.   Índ.                  Int. Graus D.Graus D.  Temp.  Hum. Rosada  In.Cal.  EMC     Dens.    Mostr   Tx   Recep.  Int.
  Data    Hora    Ext.   Màx.   Mín.  Ext. Rosada   Vent   Vent   Vent  Màx.  Màx.  Tèrm.  Calor   THW    Bar    Pluja   Pluja  Calor    Fred    Int.  Int.   Int.   Int.    Int.  Int.Aire    Vent   Vent   ISS   Arc.
-------------------------------------------------------------------------------------------------------------------------------------------------------------------------------------------------------------------------
 6/03/23   0:15    6.3    6.5    6.2    84    3.8    1.6     NO   0.40   4.8    NO    6.3    6.3    6.3  1016.0   0.00    0.0    0.125   0.000   21.5    47    9.7   20.5    8.75   1.1876     350     1    100.0   15 
 6/03/23   0:30    6.8    7.1    6.5    79    3.4    1.6     NO   0.40   4.8    NO    6.8    6.7    6.7  1015.9   0.00    0.0    0.120   0.000   21.4    47    9.7   20.4    8.75   1.1878     350     1    100.0   15 
 6/03/23   0:45    7.1    7.2    7.1    77    3.3    0.0     NO   0.00   3.2    NO    7.1    6.9    6.9  1015.8   0.00    0.0    0.117   0.000   21.3    47    9.6   20.3    8.75   1.1881     352     1    100.0   15 
 6/03/23   1:00    7.3    7.6    7.1    76    3.4    3.2    ENE   0.80   6.4    NE    7.3    7.1    7.1  1015.6   0.00    0.0    0.115   0.000   21.2    47    9.4   20.1    8.75   1.1888     351     1    100.0   15 
 6/03/23   1:15    7.7    7.9    7.6    72    3.0    3.2    ENE   0.80   6.4   ENE    7.7    7.4    7.4  1015.6   0.00    0.0    0.111   0.000   20.9    48    9.5   19.9    8.86   1.1896     351     1    100.0   15 
 6/03/23   1:30    8.0    8.1    7.9    71    3.1    3.2     NE   0.80   4.8    NE    8.0    7.7    7.7  1015.5   0.00    0.0    0.108   0.000   20.8    48    9.4   19.8    8.86   1.1903     351     1    100.0   15 
 6/03/23   1:45    8.1    8.1    8.1    71    3.2    1.6     NE   0.40   4.8    NE    8.1    7.8    7.8  1015.4   0.00    0.0    0.106   0.000   20.6    48    9.2   19.7    8.87   1.1913     351     1    100.0   15 
 6/03/23   2:00    7.9    8.1    7.8    72    3.2    0.0    NNO   0.00   3.2   NNO    7.9    7.7    7.7  1015.4   0.00    0.0    0.108   0.000   20.3    48    8.9   19.4    8.88   1.1926     352     1    100.0   15 
 6/03/23   2:15    7.3    7.8    6.8    74    3.0    1.6    NNO   0.40   3.2   NNO    7.3    7.1    7.1  1015.3   0.00    0.0    0.115   0.000   20.0    49    9.0   19.2    9.09   1.1935     351     1    100.0   15 
 6/03/23   2:30    6.6    6.8    6.5    77    2.9    1.6     NO   0.40   4.8    NO    6.6    6.4    6.4  1015.1   0.00    0.0    0.122   0.000   19.7    49    8.7   18.9    9.10   1.1947     351     1    100.0   15 
 6/03/23   2:45    6.3    6.5    6.2    77    2.6    1.6     NO   0.40   3.2    NO    6.3    6.2    6.2  1014.9   0.00    0.0    0.125   0.000   19.4    49    8.4   18.6    9.11   1.1959     348     1    100.0   15 
 6/03/23   3:00    6.2    6.2    6.1    79    2.8    0.0      N   0.00   3.2     N    6.2    6.0    6.0  1014.7   0.00    0.0    0.127   0.000   19.4    50    8.7   18.6    9.31   1.1956     352     1    100.0   15 
 6/03/23   3:15    6.2    6.2    6.1    79    2.8    1.6      N   0.40   4.8   NNE    6.2    6.0    6.0  1014.5   0.00    0.0    0.127   0.000   19.4    50    8.7   18.7    9.31   1.1951     349     1    100.0   15 
 6/03/23   3:30    6.1    6.2    6.1    79    2.7    1.6     NE   0.40   4.8    NE    6.1    5.9    5.9  1014.5   0.00    0.0    0.127   0.000   19.7    49    8.6   18.8    9.10   1.1942     351     1    100.0   15 
 6/03/23   3:45    6.1    6.1    6.0    78    2.5    1.6     NE   0.40   4.8     E    6.1    5.9    5.9  1014.3   0.00    0.0    0.128   0.000   20.0    49    9.0   19.2    9.09   1.1924     351     1    100.0   15 
 6/03/23   4:00    5.8    6.0    5.7    79    2.5    1.6      E   0.40   3.2     E    5.8    5.7    5.7  1014.2   0.00    0.0    0.130   0.000   20.2    49    9.2   19.4    9.08   1.1912     351     1    100.0   15 
 6/03/23   4:15    5.6    5.7    5.5    79    2.3    1.6      E   0.40   3.2     E    5.6    5.4    5.4  1014.0   0.00    0.0    0.133   0.000   20.4    48    9.0   19.5    8.88   1.1904     352     1    100.0   15 
 6/03/23   4:30    5.5    5.6    5.4    79    2.1    1.6     NE   0.40   3.2     E    5.5    5.3    5.3  1014.1   0.00    0.0    0.134   0.000   20.6    48    9.2   19.7    8.87   1.1897     351     1    100.0   15 
 6/03/23   4:45    5.6    5.7    5.6    78    2.1    1.6     NE   0.40   3.2    NE    5.6    5.4    5.4  1014.0   0.00    0.0    0.133   0.000   20.7    48    9.3   19.7    8.87   1.1891     351     1    100.0   15 
 6/03/23   5:00    5.7    5.8    5.7    78    2.2    1.6     NE   0.40   3.2    NE    5.7    5.6    5.6  1013.9   0.00    0.0    0.131   0.000   20.7    48    9.3   19.8    8.86   1.1887     351     1    100.0   15 
 6/03/23   5:15    5.8    5.8    5.5    76    1.9    1.6     NE   0.40   4.8    NE    5.8    5.6    5.6  1013.9   0.00    0.0    0.131   0.000   20.8    47    9.1   19.8    8.76   1.1884     352     1    100.0   15 
 6/03/23   5:30    5.3    5.5    5.3    76    1.4    1.6     NO   0.40   6.4    NO    5.3    5.1    5.1  1013.9   0.00    0.0    0.135   0.000   20.9    47    9.2   19.8    8.76   1.1881     351     1    100.0   15 
 6/03/23   5:45    5.8    6.0    5.4    77    2.1    3.2      E   0.80   8.0     E    5.8    5.6    5.6  1013.9   0.00    0.0    0.131   0.000   20.9    47    9.2   19.9    8.76   1.1878     351     1    100.0   15 
 6/03/23   6:00    5.9    6.0    5.8    76    2.0    1.6     NE   0.40   6.4   ENE    5.9    5.7    5.7  1014.0   0.00    0.0    0.130   0.000   20.9    47    9.2   19.9    8.76   1.1880     351     1    100.0   15 
 6/03/23   6:15    5.7    5.8    5.5    77    1.9    1.6     NE   0.40   4.8    NE    5.7    5.4    5.4  1013.9   0.00    0.0    0.132   0.000   21.0    47    9.3   19.9    8.75   1.1876     351     1    100.0   15 
 6/03/23   6:30    5.4    5.5    5.3    74    1.1    3.2    ENE   0.80  12.9   ENE    5.4    5.2    5.2  1014.0   0.00    0.0    0.135   0.000   21.0    47    9.3   19.9    8.75   1.1877     351     1    100.0   15 
 6/03/23   6:45    5.5    5.6    5.4    72    0.8    1.6    ENE   0.40   6.4   ENE    5.5    5.2    5.2  1014.1   0.00    0.0    0.134   0.000   21.0    47    9.3   19.9    8.75   1.1878     349     1    100.0   15 
 6/03/23   7:00    5.5    5.6    5.4    72    0.8    3.2     NO   0.80   6.4    NO    5.5    5.2    5.2  1014.3   0.00    0.0    0.134   0.000   21.0    47    9.3   19.9    8.75   1.1880     350     1    100.0   15 
 6/03/23   7:15    5.4    5.4    5.4    72    0.8    3.2     NO   0.80   8.0    NO    5.4    5.2    5.2  1014.3   0.00    0.0    0.134   0.000   21.0    47    9.3   19.9    8.75   1.1880     351     1    100.0   15 
 6/03/23   7:30    5.5    5.6    5.4    71    0.7    3.2    ONO   0.80   9.7     E    5.5    5.2    5.2  1014.6   0.00    0.0    0.134   0.000   21.0    46    8.9   19.9    8.65   1.1887     352     1    100.0   15 
 6/03/23   7:45    5.7    5.8    5.6    70    0.7    3.2     NO   0.80  11.3   ENE    5.7    5.4    5.4  1014.6   0.00    0.0    0.131   0.000   21.0    46    8.9   19.9    8.65   1.1887     351     1    100.0   15 
 6/03/23   8:00    5.7    5.8    5.7    71    0.9    3.2     NO   0.80   8.0    NO    5.7    5.4    5.4  1014.8   0.00    0.0    0.131   0.000   21.1    46    9.0   19.9    8.65   1.1886     351     1    100.0   15 
 6/03/23   8:15    5.9    6.0    5.8    70    0.8    1.6    NNO   0.40   8.0    NO    5.9    5.6    5.6  1015.1   0.00    0.0    0.130   0.000   21.0    46    8.9   19.9    8.65   1.1893     350     1    100.0   15 
 6/03/23   8:30    5.9    6.1    5.8    70    0.9    1.6    ENE   0.40  11.3   ENE    5.9    5.6    5.6  1015.3   0.00    0.0    0.129   0.000   21.1    47    9.4   20.0    8.75   1.1887     352     1    100.0   15 
 6/03/23   8:45    6.3    6.4    6.1    69    1.1    3.2      O   0.80   8.0     E    6.3    6.0    6.0  1015.4   0.00    0.0    0.125   0.000   22.4    44    9.6   21.7    8.30   1.1833     350     1    100.0   15 
 6/03/23   9:00    6.4    6.5    6.3    69    1.1    1.6      E   0.40   6.4    NO    6.4    6.1    6.1  1015.6   0.00    0.0    0.124   0.000   23.2    44   10.2   22.7    8.28   1.1800     351     1    100.0   15 
 6/03/23   9:15    6.8    7.1    6.5    68    1.3    3.2    ENE   0.80   6.4   ENE    6.8    6.4    6.4  1015.8   0.00    0.0    0.120   0.000   23.1    44   10.1   22.6    8.28   1.1807     350     1    100.0   15 
 6/03/23   9:30    7.2    7.3    7.1    67    1.5    4.8    ENE   1.21  11.3   ENE    6.7    6.9    6.3  1015.8   0.00    0.0    0.116   0.000   22.9    44   10.0   22.4    8.28   1.1813     351     1    100.0   15 
 6/03/23   9:45    7.3    7.3    7.3    67    1.6    3.2    ENE   0.80   8.0   ENE    7.3    7.0    7.0  1015.9   0.00    0.0    0.115   0.000   22.8    44    9.9   22.2    8.29   1.1822     352     1    100.0   15 
 6/03/23  10:00    7.6    7.7    7.3    67    1.9    3.2     NE   0.80   6.4   ENE    7.6    7.3    7.3  1016.0   0.00    0.0    0.112   0.000   22.7    44    9.8   22.2    8.29   1.1825     351     1    100.0   15 
 6/03/23  10:15    8.0    8.3    7.7    66    2.0    4.8    ENE   1.21   8.0   ENE    7.6    7.6    7.2  1016.0   0.00    0.0    0.108   0.000   22.6    39    7.9   21.7    7.60   1.1847     351     1    100.0   15 
 6/03/23  10:30    8.5    8.7    8.3    65    2.3    4.8    ENE   1.21  12.9   ENE    8.1    8.1    7.7  1016.1   0.00    0.0    0.102   0.000   22.2    41    8.3   21.2    7.87   1.1861     351     1    100.0   15 
 6/03/23  10:45    8.9    9.1    8.7    64    2.4    4.8    ENE   1.21  11.3   ENE    8.6    8.5    8.2  1016.1   0.00    0.0    0.098   0.000   22.3    42    8.8   21.4    8.01   1.1852     352     1    100.0   15 
 6/03/23  11:00    9.4    9.6    9.1    63    2.7    4.8    ENE   1.21   9.7     E    9.1    9.0    8.7  1016.1   0.00    0.0    0.093   0.000   22.5    43    9.3   21.8    8.15   1.1841     351     1    100.0   15 
 6/03/23  11:15    9.7    9.9    9.6    64    3.2    4.8    ENE   1.21   9.7     E    9.5    9.4    9.2  1016.1   0.00    0.0    0.090   0.000   22.7    43    9.5   22.1    8.13   1.1830     351     1    100.0   15 
 6/03/23  11:30   10.2   10.6    9.9    65    3.9    4.8    ENE   1.21  12.9     E   10.0    9.8    9.7  1016.2   0.00    0.0    0.085   0.000   22.9    42    9.3   22.3    7.99   1.1826     351     1    100.0   15 
 6/03/23  11:45   10.8   10.9   10.6    63    4.1    6.4    ENE   1.61  14.5   ENE   10.3   10.4    9.9  1016.1   0.00    0.0    0.078   0.000   23.1    42    9.5   22.6    7.98   1.1814     350     1    100.0   15 
 6/03/23  12:00   10.9   11.0   10.8    63    4.1    6.4    ENE   1.61  14.5   ENE   10.4   10.4    9.9  1016.1   0.00    0.0    0.078   0.000   23.4    42    9.7   22.9    7.97   1.1802     351     1    100.0   15 
 6/03/23  12:15   11.1   11.3   10.9    62    4.1    4.8     SE   1.21  12.9   ESE   11.1   10.6   10.6  1016.1   0.00    0.0    0.075   0.000   23.6    42    9.9   23.2    7.96   1.1790     351     1    100.0   15 
 6/03/23  12:30   11.4   11.6   11.2    61    4.1    4.8      S   1.21  11.3     E   11.4   10.8   10.8  1016.1   0.00    0.0    0.072   0.000   23.7    42   10.0   23.3    7.96   1.1788     350     1    100.0   15 
 6/03/23  12:45   11.7   11.9   11.6    59    3.9    4.8    ESE   1.21  11.3   SSE   11.7   11.0   11.0  1016.0   0.00    0.0    0.069   0.000   23.7    42   10.0   23.3    7.96   1.1784     350     1    100.0   15 
 6/03/23  13:00   12.1   12.3   11.9    58    4.1    4.8    SSE   1.21  11.3    SE   12.1   11.4   11.4  1015.9   0.00    0.0    0.065   0.000   23.8    41    9.7   23.4    7.76   1.1783     351     1    100.0   15 
 6/03/23  13:15   12.6   12.9   12.3    54    3.5    6.4    SSE   1.61  12.9   ENE   12.3   11.7   11.5  1015.6   0.00    0.0    0.060   0.000   23.8    41    9.7   23.4    7.76   1.1780     351     1    100.0   15 
 6/03/23  13:30   13.1   13.2   12.8    53    3.7    8.0    SSE   2.01  17.7   SSE   12.6   12.1   11.7  1015.4   0.00    0.0    0.055   0.000   23.9    42   10.2   23.6    7.95   1.1770     351     1    100.0   15 
 6/03/23  13:45   12.9   13.1   12.8    53    3.5    6.4    SSE   1.61  14.5     E   12.7   12.0   11.8  1015.1   0.00    0.0    0.057   0.000   23.9    42   10.2   23.6    7.95   1.1765     350     1    100.0   15 
 6/03/23  14:00   13.6   13.9   13.1    51    3.6    8.0    SSE   2.01  17.7     S   13.2   12.6   12.2  1014.9   0.00    0.0    0.050   0.000   23.9    43   10.5   23.6    8.05   1.1759     352     1    100.0   15 
 6/03/23  14:15   14.3   14.5   13.9    49    3.7    6.4      S   1.61  16.1     S   14.3   13.2   13.2  1014.7   0.00    0.0    0.042   0.000   23.8    44   10.8   23.6    8.25   1.1757     349     1    100.0   15 
 6/03/23  14:30   14.9   15.2   14.5    46    3.4    4.8      S   1.21  14.5     S   14.9   13.7   13.7  1014.5   0.00    0.0    0.035   0.000   23.8    44   10.8   23.5    8.25   1.1757     350     1    100.0   15 
 6/03/23  14:45   14.6   15.1   14.3    50    4.3    6.4      S   1.61  16.1    SE   14.6   13.5   13.5  1014.5   0.00    0.0    0.039   0.000   23.7    44   10.7   23.4    8.26   1.1762     351     1    100.0   15 
 6/03/23  15:00   14.3   14.4   14.2    52    4.6    6.4    SSO   1.61  20.9     E   14.3   13.3   13.3  1014.4   0.00    0.0    0.042   0.000   23.7    43   10.3   23.3    8.07   1.1765     351     1    100.0   15 
 6/03/23  15:15   14.2   14.3   14.2    54    5.0    6.4    SSO   1.61  16.1   SSE   14.2   13.3   13.3  1014.4   0.00    0.0    0.043   0.000   23.7    43   10.4   23.4    8.06   1.1761     352     1    100.0   15 
 6/03/23  15:30   14.1   14.2   13.9    56    5.4    6.4    SSO   1.61  19.3   SSO   14.1   13.2   13.2  1014.3   0.00    0.0    0.045   0.000   23.9    43   10.5   23.6    8.05   1.1753     351     1    100.0   15 
 6/03/23  15:45   13.7   13.9   13.6    60    6.1    4.8    SSO   1.21  12.9     O   13.7   13.0   13.0  1014.2   0.00    0.0    0.048   0.000   24.1    43   10.7   23.8    8.05   1.1744     351     1    100.0   15 
 6/03/23  16:00   14.2   14.6   13.8    58    6.1    4.8    OSO   1.21  14.5     O   14.2   13.4   13.4  1014.1   0.00    0.0    0.043   0.000   24.1    43   10.7   23.8    8.05   1.1742     351     1    100.0   15 
 6/03/23  16:15   14.2   14.6   14.0    61    6.8    4.8    SSO   1.21  19.3   ONO   14.2   13.6   13.6  1014.2   0.00    0.0    0.043   0.000   24.1    43   10.7   23.8    8.05   1.1740     351     1    100.0   15 
 6/03/23  16:30   13.6   14.0   13.3    64    6.9    6.4    SSO   1.61  17.7     S   13.5   12.9   12.9  1014.1   0.00    0.0    0.050   0.000   24.1    43   10.7   23.8    8.05   1.1739     351     1    100.0   15 
 6/03/23  16:45   13.2   13.3   13.0    65    6.7    6.4      S   1.61  17.7     S   13.0   12.6   12.4  1014.0   0.00    0.0    0.054   0.000   24.1    43   10.7   23.8    8.05   1.1741     350     1    100.0   15 
 6/03/23  17:00   12.7   13.0   12.3    67    6.7    8.0    SSO   2.01  17.7    SO   12.2   12.2   11.7  1014.0   0.00    0.0    0.059   0.000   24.0    43   10.6   23.7    8.05   1.1743     351     1    100.0   15 
 6/03/23  17:15   12.3   12.3   12.2    67    6.3    6.4    SSO   1.61  14.5    SO   12.0   11.8   11.5  1014.0   0.00    0.0    0.063   0.000   23.9    43   10.6   23.7    8.05   1.1747     351     1    100.0   15 
 6/03/23  17:30   12.2   12.3   12.1    67    6.2    4.8    SSO   1.21  16.1   SSO   12.2   11.7   11.7  1014.1   0.00    0.0    0.064   0.000   23.9    43   10.5   23.6    8.05   1.1751     351     1    100.0   15 
 6/03/23  17:45   12.2   12.3   12.1    65    5.8    6.4    SSO   1.61  14.5     S   11.9   11.6   11.3  1014.2   0.00    0.0    0.064   0.000   23.8    43   10.5   23.6    8.05   1.1754     350     1    100.0   15 
 6/03/23  18:00   12.1   12.3   12.0    64    5.5    6.4    SSO   1.61  14.5     O   11.8   11.6   11.3  1014.3   0.00    0.0    0.065   0.000   23.8    43   10.5   23.6    8.05   1.1755     350     1    100.0   15 
 6/03/23  18:15   12.1   12.2   12.0    64    5.4    3.2    SSO   0.80  16.1     S   12.1   11.5   11.5  1014.3   0.00    0.0    0.065   0.000   23.9    43   10.5   23.6    8.05   1.1752     350     1    100.0   15 
 6/03/23  18:30   12.0   12.2   11.8    65    5.6    3.2    OSO   0.80  11.3     S   12.0   11.4   11.4  1014.3   0.00    0.0    0.066   0.000   23.9    43   10.6   23.7    8.05   1.1750     352     1    100.0   15 
 6/03/23  18:45   11.6   11.8   11.2    67    5.6    3.2    OSO   0.80  14.5     O   11.6   11.1   11.1  1014.4   0.00    0.0    0.071   0.000   24.0    43   10.6   23.7    8.05   1.1748     350     1    100.0   15 
 6/03/23  19:00   10.8   11.2   10.6    70    5.6    4.8    SSO   1.21  12.9   SSO   10.8   10.6   10.5  1014.5   0.00    0.0    0.078   0.000   23.9    44   10.9   23.7    8.25   1.1749     351     1    100.0   15 
 6/03/23  19:15   10.4   10.6   10.3    73    5.8    6.4    SSO   1.61  14.5     S    9.9   10.2    9.7  1014.6   0.00    0.0    0.082   0.000   23.9    44   10.9   23.7    8.25   1.1750     351     1    100.0   15 
 6/03/23  19:30   10.1   10.3    9.9    74    5.7    4.8    SSO   1.21  14.5     S    9.9    9.9    9.8  1014.6   0.00    0.0    0.086   0.000   23.9    44   10.9   23.7    8.25   1.1750     352     1    100.0   15 
 6/03/23  19:45    9.7    9.9    9.4    77    5.8    3.2      O   0.80   9.7   OSO    9.7    9.6    9.6  1014.7   0.00    0.0    0.090   0.000   24.1    44   11.0   23.8    8.24   1.1746     349     1    100.0   15 
 6/03/23  20:00    9.3    9.4    9.2    78    5.7    3.2      O   0.80   9.7   OSO    9.3    9.2    9.2  1014.7   0.00    0.0    0.094   0.000   24.1    44   11.0   23.8    8.24   1.1745     350     1    100.0   15 
 6/03/23  20:15    9.2    9.2    9.1    79    5.7    3.2    OSO   0.80   6.4    SO    9.2    9.1    9.1  1014.5   0.00    0.0    0.095   0.000   24.1    44   11.1   23.9    8.24   1.1741     349     1    100.0   15 
 6/03/23  20:30    9.0    9.1    8.9    79    5.6    1.6    OSO   0.40   6.4   OSO    9.0    8.9    8.9  1014.5   0.00    0.0    0.097   0.000   24.2    45   11.5   23.9    8.44   1.1734     351     1    100.0   15 
 6/03/23  20:45    8.8    8.9    8.7    80    5.6    1.6    OSO   0.40   4.8   OSO    8.8    8.8    8.8  1014.6   0.00    0.0    0.099   0.000   24.2    45   11.5   23.9    8.44   1.1736     352     1    100.0   15 
 6/03/23  21:00    8.7    8.8    8.6    80    5.5    1.6     NO   0.40   4.8    NO    8.7    8.7    8.7  1014.6   0.00    0.0    0.100   0.000   24.1    45   11.4   23.9    8.44   1.1738     351     1    100.0   15 
 6/03/23  21:15    8.6    8.7    8.6    81    5.5    1.6     NO   0.40   3.2    NO    8.6    8.6    8.6  1014.6   0.00    0.0    0.101   0.000   23.8    45   11.2   23.7    8.45   1.1752     351     1    100.0   15 
 6/03/23  21:30    8.7    8.8    8.7    81    5.6    0.0     NO   0.00   1.6    NO    8.7    8.7    8.7  1014.7   0.00    0.0    0.100   0.000   23.4    46   11.2   23.2    8.57   1.1769     350     1    100.0   15 
 6/03/23  21:45    8.8    8.8    8.7    80    5.5    0.0     NO   0.00   3.2    NO    8.8    8.7    8.7  1014.8   0.00    0.0    0.100   0.000   23.0    46   10.8   22.6    8.58   1.1791     352     1    100.0   15 
 6/03/23  22:00    8.7    8.7    8.6    81    5.6    0.0     NO   0.00   3.2    NO    8.7    8.6    8.6  1014.9   0.00    0.0    0.101   0.000   22.6    47   10.7   22.1    8.75   1.1808     350     1    100.0   15 
 6/03/23  22:15    8.7    8.7    8.6    81    5.6    1.6     NO   0.40   4.8    NO    8.7    8.6    8.6  1014.9   0.00    0.0    0.101   0.000   22.2    47   10.4   21.6    8.75   1.1828     351     1    100.0   15 
 6/03/23  22:30    8.6    8.7    8.4    81    5.5    0.0     NO   0.00   3.2    NO    8.6    8.5    8.5  1015.0   0.00    0.0    0.102   0.000   21.9    48   10.4   21.1    8.88   1.1843     351     1    100.0   15 
 6/03/23  22:45    8.3    8.4    8.2    81    5.3    1.6     NO   0.40   4.8    NO    8.3    8.2    8.2  1015.1   0.00    0.0    0.104   0.000   21.5    48   10.0   20.6    8.86   1.1863     350     1    100.0   15 
 6/03/23  23:00    8.1    8.2    7.9    80    4.8    0.0     NO   0.00   4.8    NO    8.1    7.9    7.9  1015.1   0.00    0.0    0.107   0.000   21.2    48    9.7   20.1    8.85   1.1879     352     1    100.0   15 
 6/03/23  23:15    7.9    8.0    7.9    80    4.7    1.6     NO   0.40   4.8    NO    7.9    7.8    7.8  1015.0   0.00    0.0    0.108   0.000   20.8    49    9.7   19.9    9.06   1.1892     350     1    100.0   15 
 6/03/23  23:30    7.9    8.0    7.9    79    4.5    0.0     NO   0.00   3.2    NO    7.9    7.8    7.8  1015.0   0.00    0.0    0.108   0.000   20.6    49    9.5   19.7    9.07   1.1905     350     1    100.0   15 
 6/03/23  23:45    7.8    7.9    7.8    80    4.6    0.0     NO   0.00   1.6    NO    7.8    7.7    7.7  1015.0   0.00    0.0    0.109   0.000   20.2    50    9.5   19.5    9.28   1.1918     349     1    100.0   15 
 7/03/23  00:00    7.9    7.9    7.8    81    4.8    1.6     NO   0.40   3.2    NO    7.9    7.8    7.8  1015.0   0.00    0.0    0.109   0.000   20.0    50    9.3   19.3    9.29   1.1929     352     1    100.0   15 
 7/03/23   0:15    7.9    7.9    7.8    81    4.8    0.0     NO   0.00   3.2    NO    7.9    7.8    7.8  1015.0   0.00    0.0    0.109   0.000   19.9    50    9.2   19.2    9.29   1.1932     349     1    100.0   15 
 7/03/23   0:30    7.7    7.8    7.6    82    4.8    0.0     NO   0.00   3.2    NO    7.7    7.6    7.6  1014.9   0.00    0.0    0.111   0.000   20.0    51    9.6   19.3    9.49   1.1925     351     1    100.0   15 
 7/03/23   0:45    7.4    7.6    7.3    83    4.7    1.6     NO   0.40   4.8    NO    7.4    7.3    7.3  1014.8   0.00    0.0    0.114   0.000   20.6    50    9.8   19.8    9.27   1.1899     350     1    100.0   15 
 7/03/23   1:00    7.4    7.6    7.3    82    4.5    1.6     NO   0.40   3.2    NO    7.4    7.3    7.3  1014.6   0.00    0.0    0.114   0.000   21.4    49   10.3   20.6    9.05   1.1857     351     1    100.0   15 
 7/03/23   1:15    7.7    7.8    7.6    80    4.5    1.6     NO   0.40   4.8    NO    7.7    7.6    7.6  1014.5   0.00    0.0    0.111   0.000   22.2    48   10.6   21.6    8.89   1.1823     350     1    100.0   15 
 7/03/23   1:30    7.4    7.7    7.3    81    4.4    1.6     NO   0.40   4.8    NO    7.4    7.3    7.3  1014.6   0.00    0.0    0.113   0.000   22.6    47   10.7   22.1    8.75   1.1808     352     1    100.0   15 
 7/03/23   1:45    7.3    7.4    7.1    82    4.4    1.6     NO   0.40   4.8     S    7.3    7.2    7.2  1014.6   0.00    0.0    0.115   0.000   22.1    48   10.5   21.3    8.88   1.1829     351     1    100.0   15 
 7/03/23   2:00    6.7    7.1    6.4    85    4.4    3.2    OSO   0.80   4.8    SO    6.7    6.7    6.7  1014.5   0.00    0.0    0.121   0.000   21.4    48    9.9   20.4    8.86   1.1861     350     1    100.0   15 
 7/03/23   2:15    6.3    6.4    6.3    87    4.3    3.2    OSO   0.80   4.8   OSO    6.3    6.3    6.3  1014.4   0.00    0.0    0.125   0.000   20.8    49    9.7   19.9    9.06   1.1884     350     1    100.0   15 
 7/03/23   2:30    6.4    6.5    6.3    86    4.2    1.6    ONO   0.40   4.8   OSO    6.4    6.3    6.3  1014.3   0.00    0.0    0.124   0.000   20.3    50    9.5   19.5    9.28   1.1908     352     1    100.0   15 
 7/03/23   2:45    6.2    6.3    6.1    84    3.7    1.6     NO   0.40   8.0    NO    6.2    6.1    6.1  1014.3   0.00    0.0    0.127   0.000   19.9    50    9.2   19.2    9.29   1.1924     351     1    100.0   15 
 7/03/23   3:00    6.2    6.4    6.1    83    3.5    1.6    NNO   0.40   6.4     O    6.2    6.1    6.1  1014.3   0.00    0.0    0.126   0.000   19.9    50    9.2   19.2    9.29   1.1926     351     1    100.0   15 
 7/03/23   3:15    6.3    6.3    6.3    83    3.6    0.0      E   0.00   3.2     E    6.3    6.2    6.2  1014.0   0.00    0.0    0.126   0.000   20.0    50    9.3   19.3    9.29   1.1918     351     1    100.0   15 
 7/03/23   3:30    6.3    6.4    6.3    80    3.1    1.6     NO   0.40   4.8    NO    6.3    6.2    6.2  1014.0   0.00    0.0    0.125   0.000   20.2    50    9.5   19.5    9.28   1.1906     351     1    100.0   15 
 7/03/23   3:45    6.4    6.4    6.3    78    2.8    1.6      O   0.40   4.8    NO    6.4    6.2    6.2  1013.8   0.00    0.0    0.124   0.000   20.4    49    9.3   19.6    9.08   1.1898     352     1    100.0   15 
 7/03/23   4:00    6.4    6.5    6.3    77    2.6    1.6      O   0.40   4.8     O    6.4    6.2    6.2  1013.8   0.00    0.0    0.124   0.000   20.5    49    9.4   19.7    9.07   1.1893     351     1    100.0   15 
 7/03/23   4:15    6.1    6.3    5.8    79    2.7    1.6      O   0.40   3.2     O    6.1    5.9    5.9  1013.8   0.00    0.0    0.127   0.000   20.6    49    9.5   19.7    9.07   1.1890     351     1    100.0   15 
 7/03/23   4:30    5.8    5.8    5.7    79    2.4    1.6      O   0.40   4.8     O    5.8    5.6    5.6  1013.6   0.00    0.0    0.131   0.000   20.7    49    9.6   19.8    9.07   1.1883     351     1    100.0   15 
