                 Temp.  Temp.  Temp.  Hum.   Punt   Vel.   Dir.   Rec.  Vel.  Dir.  Sens.   Índ.   Índ.                  Int. Graus D.Graus D.  Temp.  Hum. Rosada  In.Cal.  EMC     Dens.    Mostr   Tx   Recep.  Int.
  Data    Hora    Ext.   Màx.   Mín.  Ext. Rosada   Vent   Vent   Vent  Màx.  Màx.  Tèrm.  Calor   THW    Bar    Pluja   Pluja  Calor    Fred    Int.  Int.   Int.   Int.    Int.  Int.Aire    Vent   Vent   ISS   Arc.
-------------------------------------------------------------------------------------------------------------------------------------------------------------------------------------------------------------------------
16/12/23   0:15    8.5    8.7    8.0    78    4.9    3.2     NO   0.80   6.4    NO    8.5    8.4    8.4  1040.6   0.00    0.0    0.102   0.000   20.4    50    9.6   19.6    9.28   1.2214     348     1    100.0   15 
16/12/23   0:30    7.8    8.1    7.8    77    4.0    4.8     NO   1.21  12.9    NO    7.4    7.7    7.2  1040.5   0.00    0.0    0.109   0.000   20.2    51    9.7   19.5    9.48   1.2221     351     2    100.0   15 
16/12/23   0:45    8.4    8.6    8.1    74    4.0    6.4    ONO   1.61  12.9   NNO    7.5    8.2    7.3  1040.3   0.00    0.0    0.104   0.000   19.9    51    9.5   19.3    9.49   1.2230     351     1    100.0   15 
16/12/23   1:00    8.6    8.6    8.6    73    4.0    4.8     NO   1.21  12.9   ONO    8.2    8.4    8.0  1040.0   0.00    0.0    0.101   0.000   19.7    51    9.3   19.1    9.50   1.2238     351     1    100.0   15 
16/12/23   1:15    8.2    8.6    7.8    75    4.1    1.6     NO   0.40   6.4   ONO    8.2    8.1    8.1  1040.4   0.00    0.0    0.105   0.000   19.6    51    9.1   18.8    9.51   1.2251     350     1    100.0   15 
16/12/23   1:30    7.4    7.8    6.8    76    3.5    3.2     NO   0.80   6.4    NO    7.4    7.2    7.2  1040.9   0.00    0.0    0.113   0.000   19.3    52    9.2   18.7    9.71   1.2265     352     1    100.0   15 
16/12/23   1:45    6.1    6.7    5.8    80    2.9    1.6     NO   0.40   6.4   ONO    6.1    5.9    5.9  1040.7   0.00    0.0    0.127   0.000   19.2    52    9.1   18.5    9.72   1.2269     351     1    100.0   15 
16/12/23   2:00    5.6    5.8    5.4    83    2.9    3.2     NO   0.80   8.0    NO    5.6    5.5    5.5  1040.8   0.00    0.0    0.133   0.000   19.4    51    9.0   18.7    9.51   1.2264     351     1    100.0   15 
16/12/23   2:15    6.2    6.8    5.7    83    3.5    3.2    ONO   0.80   9.7     O    6.2    6.1    6.1  1040.8   0.00    0.0    0.127   0.000   19.7    51    9.2   18.9    9.50   1.2250     351     1    100.0   15 
16/12/23   2:30    7.1    7.2    6.8    80    3.8    3.2    ONO   0.80  11.3     O    7.1    6.9    6.9  1040.9   0.00    0.0    0.117   0.000   20.1    51    9.6   19.4    9.49   1.2232     352     1    100.0   15 
16/12/23   2:45    7.2    7.2    7.1    80    3.9    1.6    ONO   0.40   8.0     O    7.2    7.1    7.1  1040.8   0.00    0.0    0.116   0.000   20.4    50    9.7   19.7    9.27   1.2214     351     1    100.0   15 
16/12/23   3:00    6.9    7.1    6.8    80    3.7    1.6    ONO   0.40   4.8   ONO    6.9    6.8    6.8  1040.4   0.00    0.0    0.119   0.000   20.7    50    9.9   19.9    9.26   1.2195     351     1    100.0   15 
16/12/23   3:15    6.6    6.8    6.6    81    3.6    3.2    ONO   0.80   9.7     O    6.6    6.5    6.5  1040.4   0.00    0.0    0.122   0.000   20.7    49    9.6   19.8    9.06   1.2198     350     1    100.0   15 
16/12/23   3:30    6.6    6.6    6.6    81    3.5    3.2    ONO   0.80   4.8    NO    6.6    6.4    6.4  1040.5   0.00    0.0    0.123   0.000   20.6    50    9.8   19.8    9.27   1.2202     350     1    100.0   15 
16/12/23   3:45    6.6    6.6    6.5    82    3.7    1.6    ONO   0.40   4.8   ONO    6.6    6.4    6.4  1040.6   0.00    0.0    0.123   0.000   20.4    50    9.6   19.6    9.28   1.2214     350     1    100.0   15 
16/12/23   4:00    6.4    6.5    6.3    82    3.6    0.0     NO   0.00   3.2    NO    6.4    6.3    6.3  1040.8   0.00    0.0    0.124   0.000   20.2    50    9.4   19.4    9.28   1.2228     349     1    100.0   15 
16/12/23   4:15    6.2    6.3    6.0    83    3.5    0.0     NO   0.00   1.6    NO    6.2    6.1    6.1  1040.9   0.00    0.0    0.127   0.000   20.0    50    9.3   19.3    9.29   1.2237     351     1    100.0   15 
16/12/23   4:30    5.8    6.0    5.5    83    3.1    1.6     NO   0.40   3.2    NO    5.8    5.7    5.7  1040.9   0.00    0.0    0.131   0.000   19.8    50    9.1   19.1    9.30   1.2249     350     1    100.0   15 
16/12/23   4:45    5.3    5.5    5.2    85    3.0    0.0    ---   0.00   0.0   ---    5.3    5.2    5.2  1041.1   0.00    0.0    0.135   0.000   19.5    50    8.8   18.7    9.31   1.2265     352     1    100.0   15 
16/12/23   5:00    5.4    5.4    5.3    86    3.3    0.0    ---   0.00   0.0   ---    5.4    5.3    5.3  1040.9   0.00    0.0    0.134   0.000   19.2    51    8.8   18.4    9.52   1.2276     350     1    100.0   15 
16/12/23   5:15    5.6    5.6    5.4    85    3.2    0.0     NO   0.00   3.2    NO    5.6    5.4    5.4  1041.0   0.00    0.0    0.133   0.000   18.9    51    8.6   18.1    9.53   1.2289     351     1    100.0   15 
16/12/23   5:30    5.7    5.7    5.6    85    3.3    0.0     NO   0.00   3.2    NO    5.7    5.6    5.6  1041.3   0.00    0.0    0.132   0.000   18.9    51    8.5   18.1    9.53   1.2295     350     1    100.0   15 
16/12/23   5:45    5.7    5.8    5.7    84    3.2    1.6    ENE   0.40   3.2    NO    5.7    5.6    5.6  1041.4   0.00    0.0    0.131   0.000   19.1    51    8.7   18.3    9.52   1.2288     351     1    100.0   15 
16/12/23   6:00    5.3    5.7    5.1    84    2.8    1.6     NO   0.40   4.8    NO    5.3    5.2    5.2  1041.7   0.00    0.0    0.135   0.000   19.4    51    9.0   18.7    9.51   1.2275     352     1    100.0   15 
16/12/23   6:15    4.8    5.1    4.7    85    2.5    1.6     NO   0.40   4.8    NO    4.8    4.7    4.7  1041.8   0.00    0.0    0.141   0.000   19.7    50    9.0   18.9    9.30   1.2261     351     1    100.0   15 
16/12/23   6:30    4.9    5.0    4.8    84    2.4    1.6      O   0.40   9.7     O    4.9    4.8    4.8  1041.7   0.00    0.0    0.140   0.000   20.1    50    9.3   19.3    9.29   1.2244     350     1    100.0   15 
16/12/23   6:45    4.6    4.8    4.3    86    2.4    1.6      O   0.40   4.8     O    4.6    4.4    4.4  1041.5   0.00    0.0    0.144   0.000   20.3    49    9.2   19.5    9.08   1.2233     351     1    100.0   15 
16/12/23   7:00    4.6    4.7    4.4    87    2.6    1.6    ONO   0.40   6.4     O    4.6    4.4    4.4  1041.4   0.00    0.0    0.144   0.000   20.5    49    9.4   19.7    9.07   1.2221     351     1    100.0   15 
16/12/23   7:15    4.5    4.7    4.2    86    2.4    1.6      O   0.40   4.8     O    4.5    4.4    4.4  1041.5   0.00    0.0    0.144   0.000   20.7    49    9.6   19.8    9.07   1.2214     351     1    100.0   15 
16/12/23   7:30    4.0    4.2    3.9    88    2.2    1.6      O   0.40   4.8     O    4.0    3.9    3.9  1041.7   0.00    0.0    0.149   0.000   20.8    49    9.7   19.9    9.06   1.2208     351     1    100.0   15 
16/12/23   7:45    4.2    4.4    3.9    88    2.4    1.6      E   0.40   8.0     E    4.2    4.2    4.2  1042.0   0.00    0.0    0.147   0.000   21.2    49   10.0   20.2    9.05   1.2194     351     1    100.0   15 
16/12/23   8:00    4.8    5.1    4.4    86    2.7    0.0      E   0.00   3.2     E    4.8    4.7    4.7  1041.9   0.00    0.0    0.141   0.000   21.6    49   10.4   20.7    9.05   1.2173     349     1    100.0   15 
16/12/23   8:15    4.7    5.0    4.4    85    2.4    3.2      O   0.80   6.4   OSO    4.6    4.6    4.5  1042.0   0.00    0.0    0.142   0.000   22.0    49   10.8   21.3    9.05   1.2152     351     1    100.0   15 
16/12/23   8:30    4.8    5.3    4.3    85    2.5    3.2      O   0.80  11.3   ENE    4.7    4.7    4.6  1042.2   0.00    0.0    0.141   0.000   22.3    48   10.8   21.8    8.89   1.2141     350     1    100.0   15 
16/12/23   8:45    5.2    5.4    5.2    84    2.7    4.8      E   1.21   8.0     E    4.4    5.1    4.3  1042.3   0.00    0.0    0.137   0.000   22.7    48   11.1   22.3    8.91   1.2126     349     1    100.0   15 
16/12/23   9:00    5.7    6.1    5.3    82    2.8    3.2    ENE   0.80   6.4   ENE    5.7    5.5    5.5  1042.6   0.00    0.0    0.132   0.000   23.0    47   11.1   22.7    8.75   1.2115     351     1    100.0   15 
16/12/23   9:15    6.3    6.5    6.1    79    3.0    3.2      E   0.80   8.0     E    6.3    6.2    6.2  1042.8   0.00    0.0    0.125   0.000   23.2    47   11.3   22.9    8.75   1.2107     351     1    100.0   15 
16/12/23   9:30    6.6    6.7    6.5    78    3.0    4.8    ENE   1.21   8.0     E    6.0    6.4    5.8  1043.1   0.00    0.0    0.122   0.000   23.3    46   11.1   23.1    8.57   1.2108     350     1    100.0   15 
16/12/23   9:45    7.0    7.2    6.7    76    3.1    1.6    ONO   0.40   6.4   ONO    7.0    6.8    6.8  1042.9   0.00    0.0    0.118   0.000   23.3    46   11.1   23.1    8.57   1.2106     348     1    100.0   15 
16/12/23  10:00    7.1    7.7    6.8    77    3.3    1.6     NO   0.40   4.8    NO    7.1    6.9    6.9  1043.1   0.00    0.0    0.117   0.000   23.3    47   11.4   23.1    8.75   1.2105     351     1    100.0   15 
16/12/23  10:15    8.1    8.5    7.7    75    3.9    1.6      S   0.40   4.8    SE    8.1    7.9    7.9  1043.1   0.00    0.0    0.106   0.000   23.3    46   11.1   23.1    8.57   1.2109     351     1    100.0   15 
16/12/23  10:30    8.8    8.9    8.5    73    4.3    3.2      S   0.80   8.0   SSE    8.8    8.6    8.6  1043.3   0.00    0.0    0.099   0.000   23.3    46   11.1   23.1    8.57   1.2110     351     1    100.0   15 
16/12/23  10:45    8.8    8.9    8.6    73    4.2    4.8    ENE   1.21  11.3   ESE    8.4    8.6    8.2  1043.3   0.00    0.0    0.100   0.000   23.4    46   11.1   23.1    8.57   1.2107     351     1    100.0   15 
16/12/23  11:00    8.7    8.8    8.7    72    4.0    4.8    ENE   1.21   9.7     E    8.4    8.5    8.2  1043.0   0.00    0.0    0.100   0.000   23.3    46   11.1   23.1    8.57   1.2107     351     1    100.0   15 
16/12/23  11:15    8.9    9.1    8.8    72    4.1    4.8    ENE   1.21  11.3     E    8.6    8.7    8.3  1043.0   0.00    0.0    0.098   0.000   23.3    45   10.7   22.9    8.45   1.2113     351     1    100.0   15 
16/12/23  11:30    9.1    9.2    9.0    72    4.3    4.8      E   1.21  11.3     E    8.7    8.8    8.5  1042.7   0.00    0.0    0.097   0.000   23.2    45   10.6   22.8    8.45   1.2115     350     1    100.0   15 
16/12/23  11:45    9.6    9.9    9.2    69    4.2    3.2    ENE   0.80   9.7     E    9.6    9.4    9.4  1042.5   0.00    0.0    0.091   0.000   23.1    45   10.5   22.7    8.45   1.2118     350     1    100.0   15 
16/12/23  12:00   10.4   10.7    9.9    67    4.5    3.2     NO   0.80   8.0     E   10.4   10.1   10.1  1042.2   0.00    0.0    0.083   0.000   23.1    45   10.5   22.7    8.45   1.2115     351     1    100.0   15 
16/12/23  12:15   10.9   11.2   10.7    66    4.8    3.2     NE   0.80   8.0     E   10.9   10.6   10.6  1042.1   0.00    0.0    0.077   0.000   23.1    45   10.5   22.7    8.45   1.2113     351     1    100.0   15 
16/12/23  12:30   11.4   11.4   11.2    64    4.8    4.8    ENE   1.21   8.0    SE   11.4   10.9   10.9  1041.9   0.00    0.0    0.072   0.000   23.0    45   10.4   22.6    8.45   1.2113     351     1    100.0   15 
16/12/23  12:45   11.5   11.6   11.4    64    4.9    4.8    ENE   1.21  11.3     E   11.5   11.0   11.0  1041.8   0.00    0.0    0.071   0.000   23.0    45   10.4   22.6    8.45   1.2112     351     1    100.0   15 
16/12/23  13:00   11.7   11.8   11.6    63    4.9    4.8    ENE   1.21  11.3     E   11.7   11.1   11.1  1041.5   0.00    0.0    0.069   0.000   22.9    45   10.4   22.5    8.45   1.2112     351     1    100.0   15 
16/12/23  13:15   11.9   12.0   11.8    62    4.9    4.8    ENE   1.21  12.9   ESE   11.9   11.3   11.3  1041.5   0.00    0.0    0.067   0.000   22.9    45   10.3   22.4    8.45   1.2115     350     1    100.0   15 
16/12/23  13:30   12.1   12.2   12.0    62    5.0    4.8      E   1.21  11.3     E   12.1   11.5   11.5  1041.4   0.00    0.0    0.065   0.000   22.8    45   10.3   22.3    8.45   1.2116     351     1    100.0   15 
16/12/23  13:45   12.2   12.4   12.1    62    5.1    4.8      E   1.21  11.3     E   12.2   11.6   11.6  1041.4   0.00    0.0    0.064   0.000   22.8    45   10.2   22.3    8.45   1.2119     352     1    100.0   15 
16/12/23  14:00   12.6   12.8   12.4    61    5.2    3.2      E   0.80   9.7     S   12.6   11.9   11.9  1041.2   0.00    0.0    0.060   0.000   22.8    45   10.2   22.3    8.45   1.2117     351     1    100.0   15 
16/12/23  14:15   12.9   13.0   12.8    60    5.4    4.8      S   1.21   9.7   SSO   12.9   12.2   12.2  1041.2   0.00    0.0    0.056   0.000   22.9    46   10.7   22.6    8.58   1.2105     351     1    100.0   15 
16/12/23  14:30   13.1   13.2   12.9    59    5.3    4.8      S   1.21  11.3    SO   13.1   12.3   12.3  1041.2   0.00    0.0    0.054   0.000   23.2    46   10.9   22.8    8.58   1.2094     350     1    100.0   15 
16/12/23  14:45   13.2   13.3   13.2    59    5.4    3.2      S   0.80  11.3     S   13.2   12.4   12.4  1041.0   0.00    0.0    0.053   0.000   23.3    45   10.7   23.0    8.45   1.2087     352     1    100.0   15 
16/12/23  15:00   13.5   13.7   13.3    59    5.6    1.6      S   0.40   6.4   SSE   13.5   12.7   12.7  1041.1   0.00    0.0    0.050   0.000   23.3    46   11.1   23.1    8.57   1.2085     351     1    100.0   15 
16/12/23  15:15   13.8   13.9   13.7    60    6.2    1.6    OSO   0.40   8.0   SSO   13.8   13.1   13.1  1041.0   0.00    0.0    0.047   0.000   23.3    45   10.7   22.9    8.45   1.2090     350     1    100.0   15 
16/12/23  15:30   13.8   13.8   13.7    60    6.1    1.6    OSO   0.40   6.4     O   13.8   13.1   13.1  1041.1   0.00    0.0    0.047   0.000   23.2    46   10.9   22.8    8.58   1.2093     351     1    100.0   15 
16/12/23  15:45   13.7   13.8   13.4    65    7.2    4.8    SSO   1.21  11.3   SSO   13.7   13.1   13.1  1041.1   0.00    0.0    0.049   0.000   23.0    46   10.8   22.6    8.58   1.2101     351     1    100.0   15 
16/12/23  16:00   13.0   13.4   12.6    68    7.2    3.2     SO   0.80   9.7   SSO   13.0   12.5   12.5  1041.1   0.00    0.0    0.056   0.000   22.8    47   10.9   22.4    8.75   1.2107     351     1    100.0   15 
16/12/23  16:15   12.3   12.6   12.1    70    7.0    3.2    SSO   0.80   9.7   SSO   12.3   11.9   11.9  1041.2   0.00    0.0    0.063   0.000   22.7    47   10.8   22.2    8.75   1.2116     351     1    100.0   15 
16/12/23  16:30   11.8   12.1   11.6    72    6.9    1.6    SSO   0.40   4.8   SSO   11.8   11.5   11.5  1041.3   0.00    0.0    0.068   0.000   22.4    47   10.6   21.9    8.75   1.2128     351     1    100.0   15 
16/12/23  16:45   11.2   11.6   10.9    74    6.7    3.2    OSO   0.80   6.4     O   11.2   10.9   10.9  1041.4   0.00    0.0    0.075   0.000   22.3    48   10.7   21.7    8.89   1.2135     350     1    100.0   15 
16/12/23  17:00   10.6   10.9   10.4    76    6.6    3.2    OSO   0.80   6.4   OSO   10.6   10.4   10.4  1041.4   0.00    0.0    0.080   0.000   22.0    48   10.5   21.3    8.88   1.2148     351     1    100.0   15 
16/12/23  17:15   10.2   10.4   10.0    78    6.6    3.2      O   0.80   4.8   OSO   10.2   10.2   10.2  1041.5   0.00    0.0    0.084   0.000   21.8    48   10.3   21.1    8.88   1.2158     349     1    100.0   15 
16/12/23  17:30    9.9   10.1    9.8    79    6.5    3.2      O   0.80   4.8     O    9.9    9.9    9.9  1041.8   0.00    0.0    0.087   0.000   21.7    48   10.2   20.8    8.87   1.2169     351     1    100.0   15 
16/12/23  17:45    9.5    9.8    9.4    80    6.2    3.2      O   0.80   4.8   OSO    9.5    9.4    9.4  1041.9   0.00    0.0    0.092   0.000   21.6    49   10.4   20.7    9.05   1.2174     351     1    100.0   15 
16/12/23  18:00    9.3    9.4    9.0    80    6.0    3.2      O   0.80   4.8     O    9.3    9.2    9.2  1042.2   0.00    0.0    0.094   0.000   21.6    49   10.4   20.8    9.05   1.2174     352     1    100.0   15 
16/12/23  18:15    8.6    8.9    8.4    77    4.8    3.2    ONO   0.80   8.0   ONO    8.6    8.5    8.5  1042.3   0.00    0.0    0.101   0.000   21.8    48   10.3   20.9    8.87   1.2170     350     1    100.0   15 
16/12/23  18:30    8.4    8.5    8.3    73    3.9    4.8    ONO   1.21  11.3     O    8.1    8.2    7.8  1042.3   0.00    0.0    0.103   0.000   22.1    48   10.5   21.3    8.88   1.2156     351     1    100.0   15 
16/12/23  18:45    8.3    8.4    8.2    72    3.5    4.8    ONO   1.21  12.9     O    7.9    8.1    7.7  1042.3   0.00    0.0    0.105   0.000   22.2    48   10.7   21.6    8.89   1.2148     351     1    100.0   15 
16/12/23  19:00    8.2    8.3    8.2    71    3.3    3.2     NO   0.80   6.4   ONO    8.2    7.9    7.9  1042.4   0.00    0.0    0.105   0.000   22.3    48   10.7   21.7    8.89   1.2146     349     1    100.0   15 
16/12/23  19:15    8.3    8.3    8.2    71    3.3    3.2     NO   0.80   8.0   ONO    8.3    8.0    8.0  1042.5   0.00    0.0    0.105   0.000   22.4    48   10.9   21.9    8.90   1.2139     351     1    100.0   15 
16/12/23  19:30    8.2    8.3    8.2    72    3.5    3.2     NO   0.80   8.0   ONO    8.2    8.0    8.0  1042.3   0.00    0.0    0.105   0.000   22.6    48   11.0   22.2    8.90   1.2128     351     1    100.0   15 
16/12/23  19:45    8.4    8.5    8.3    70    3.3    1.6     NO   0.40   4.8    NO    8.4    8.2    8.2  1042.4   0.00    0.0    0.103   0.000   22.8    48   11.2   22.4    8.91   1.2122     351     1    100.0   15 
16/12/23  20:00    8.4    8.6    8.3    74    4.0    1.6     NO   0.40   3.2    NO    8.4    8.2    8.2  1042.4   0.00    0.0    0.104   0.000   22.9    48   11.3   22.6    8.91   1.2115     351     1    100.0   15 
16/12/23  20:15    8.6    8.7    8.4    74    4.2    1.6     NO   0.40   4.8    NO    8.6    8.4    8.4  1042.5   0.00    0.0    0.101   0.000   23.0    48   11.4   22.7    8.92   1.2112     351     1    100.0   15 
16/12/23  20:30    7.9    8.4    7.8    74    3.6    1.6     SE   0.40   4.8    SE    7.9    7.7    7.7  1042.5   0.00    0.0    0.108   0.000   23.1    48   11.5   22.8    8.92   1.2106     351     1    100.0   15 
16/12/23  20:45    7.8    7.8    7.7    73    3.2    0.0     SE   0.00   3.2    SE    7.8    7.6    7.6  1042.5   0.00    0.0    0.110   0.000   23.2    48   11.5   22.9    8.92   1.2103     351     1    100.0   15 
16/12/23  21:00    7.6    7.7    7.4    74    3.3    1.6     SE   0.40   3.2    SE    7.6    7.4    7.4  1042.5   0.00    0.0    0.112   0.000   23.2    48   11.6   22.9    8.93   1.2100     351     1    100.0   15 
16/12/23  21:15    7.1    7.3    6.8    76    3.1    1.6     SE   0.40   3.2    SE    7.1    6.8    6.8  1042.5   0.00    0.0    0.117   0.000   23.3    48   11.6   23.1    8.93   1.2097     352     1    100.0   15 
16/12/23  21:30    6.9    7.0    6.6    76    2.9    1.6     NO   0.40   4.8   ONO    6.9    6.7    6.7  1042.4   0.00    0.0    0.119   0.000   23.3    48   11.7   23.1    8.93   1.2093     350     1    100.0   15 
16/12/23  21:45    6.3    6.6    6.2    78    2.8    1.6     NO   0.40   6.4    NO    6.3    6.2    6.2  1042.4   0.00    0.0    0.125   0.000   23.3    48   11.7   23.1    8.93   1.2094     351     1    100.0   15 
16/12/23  22:00    5.9    6.2    5.8    79    2.6    3.2     NO   0.80   4.8    NO    5.9    5.8    5.8  1042.5   0.00    0.0    0.129   0.000   23.4    48   11.8   23.2    8.93   1.2091     351     1    100.0   15 
16/12/23  22:15    5.7    5.8    5.7    80    2.5    1.6    ONO   0.40   3.2   ONO    5.7    5.6    5.6  1042.7   0.00    0.0    0.131   0.000   23.4    48   11.8   23.2    8.93   1.2093     351     1    100.0   15 
16/12/23  22:30    5.8    5.9    5.8    80    2.6    1.6    ONO   0.40   4.8   ONO    5.8    5.7    5.7  1042.7   0.00    0.0    0.130   0.000   23.4    48   11.8   23.2    8.93   1.2094     352     1    100.0   15 
16/12/23  22:45    5.8    5.8    5.8    80    2.6    3.2    ENE   0.80   6.4   ENE    5.8    5.7    5.7  1042.9   0.00    0.0    0.130   0.000   23.4    48   11.8   23.2    8.93   1.2096     351     1    100.0   15 
16/12/23  23:00    6.0    6.1    5.8    79    2.6    4.8    ENE   1.21   8.0     E    5.3    5.8    5.2  1042.9   0.00    0.0    0.128   0.000   23.4    47   11.4   23.2    8.75   1.2100     349     1    100.0   15 
16/12/23  23:15    5.8    6.1    5.5    80    2.6    4.8    ESE   1.21  11.3   ESE    5.1    5.6    4.9  1043.0   0.00    0.0    0.131   0.000   23.4    47   11.4   23.2    8.75   1.2101     351     1    100.0   15 
16/12/23  23:30    5.3    5.5    5.2    82    2.5    3.2    ESE   0.80   8.0   ESE    5.3    5.1    5.1  1043.2   0.00    0.0    0.136   0.000   23.2    47   11.3   22.9    8.75   1.2112     352     1    100.0   15 
16/12/23  23:45    5.1    5.2    5.0    82    2.3    3.2     NO   0.80   8.0     E    5.1    4.9    4.9  1043.1   0.00    0.0    0.138   0.000   22.8    48   11.2   22.5    8.91   1.2127     350     1    100.0   15 
17/12/23  00:00    4.9    5.0    4.7    82    2.1    3.2     NO   0.80   9.7   ONO    4.8    4.7    4.7  1043.2   0.00    0.0    0.140   0.000   22.4    48   10.9   21.9    8.90   1.2148     350     1    100.0   15 
17/12/23   0:15    4.3    4.6    4.1    83    1.7    4.8     NO   1.21   8.0   ONO    3.4    4.2    3.3  1043.3   0.00    0.0    0.146   0.000   22.1    48   10.6   21.4    8.89   1.2166     349     1    100.0   15 
17/12/23   0:30    3.9    4.1    3.8    85    1.7    4.8     NO   1.21   8.0    NO    2.9    3.8    2.8  1043.5   0.00    0.0    0.150   0.000   21.7    49   10.5   20.9    9.05   1.2184     351     1    100.0   15 
17/12/23   0:45    4.2    4.3    3.9    85    1.9    3.2    ONO   0.80   6.4     O    4.0    4.1    3.9  1043.5   0.00    0.0    0.148   0.000   21.4    49   10.2   20.5    9.05   1.2200     351     1    100.0   15 
17/12/23   1:00    4.7    4.8    4.3    84    2.2    1.6    ONO   0.40   4.8     O    4.7    4.6    4.6  1043.5   0.00    0.0    0.142   0.000   21.0    49    9.9   20.1    9.05   1.2220     352     1    100.0   15 
17/12/23   1:15    4.6    4.7    4.5    84    2.1    1.6      O   0.40   4.8     O    4.6    4.4    4.4  1043.5   0.00    0.0    0.144   0.000   20.7    50    9.9   19.8    9.27   1.2235     350     1    100.0   15 
17/12/23   1:30    4.4    4.5    4.3    85    2.1    3.2      O   0.80   3.2     O    4.3    4.3    4.2  1043.6   0.00    0.0    0.145   0.000   20.3    50    9.6   19.6    9.28   1.2252     351     1    100.0   15 
17/12/23   1:45    4.4    4.4    4.3    84    1.9    1.6     NO   0.40   6.4    NO    4.4    4.3    4.3  1043.7   0.00    0.0    0.145   0.000   20.1    50    9.3   19.3    9.29   1.2268     351     1    100.0   15 
17/12/23   2:00    4.3    4.7    4.2    85    2.0    1.6     NO   0.40   4.8    NO    4.3    4.2    4.2  1043.6   0.00    0.0    0.146   0.000   19.9    51    9.4   19.2    9.49   1.2272     352     1    100.0   15 
17/12/23   2:15    4.9    5.0    4.7    83    2.2    3.2     NO   0.80   6.4    NO    4.8    4.8    4.7  1043.8   0.00    0.0    0.140   0.000   19.6    51    9.2   18.9    9.50   1.2288     349     1    100.0   15 
17/12/23   2:30    4.4    4.8    4.3    84    2.0    1.6     NE   0.40   4.8     E    4.4    4.3    4.3  1043.6   0.00    0.0    0.145   0.000   19.3    51    8.9   18.5    9.52   1.2303     350     1    100.0   15 
17/12/23   2:45    4.0    4.2    3.8    85    1.7    1.6    SSO   0.40   4.8   SSO    4.0    3.9    3.9  1043.7   0.00    0.0    0.149   0.000   19.0    52    8.9   18.2    9.73   1.2316     351     1    100.0   15 
17/12/23   3:00    3.9    4.1    3.8    86    1.8    0.0    OSO   0.00   3.2   OSO    3.9    3.8    3.8  1043.5   0.00    0.0    0.150   0.000   18.9    52    8.9   18.2    9.73   1.2316     350     1    100.0   15 
17/12/23   3:15    3.9    4.1    3.8    85    1.7    3.2     NO   0.80   4.8     O    3.8    3.8    3.7  1043.2   0.00    0.0    0.150   0.000   19.1    51    8.7   18.3    9.52   1.2307     352     1    100.0   15 
