                 Temp.  Temp.  Temp.  Hum.   Punt   Vel.   Dir.   Rec.  Vel.  Dir.  Sens.   Índ.   Índ.                  Int. Graus D.Graus D.  Temp.  Hum. Rosada  In.Cal.  EMC     Dens.    Mostr   Tx   Recep.  Int.
  Data    Hora    Ext.   Màx.   Mín.  Ext. Rosada   Vent   Vent   Vent  Màx.  Màx.  Tèrm.  Calor   THW    Bar    Pluja   Pluja  Calor    Fred    Int.  Int.   Int.   Int.    Int.  Int.Aire    Vent   Vent   ISS   Arc.
-------------------------------------------------------------------------------------------------------------------------------------------------------------------------------------------------------------------------
19/12/23   0:15    7.4    7.5    7.3    59   -0.1    1.6     NE   0.40   3.2    NE    7.4    6.9    6.9  1037.9   0.00    0.0    0.114   0.000   22.5    49   11.2   22.1    9.05   1.2079     350     1    100.0   15 
19/12/23   0:30    7.2    7.3    7.1    59   -0.3    1.6      S   0.40   4.8     S    7.2    6.8    6.8  1037.7   0.00    0.0    0.116   0.000   22.2    49   11.0   21.7    9.05   1.2090     350     1    100.0   15 
19/12/23   0:45    7.1    7.3    7.0    59   -0.4    1.6    ENE   0.40   4.8    NE    7.1    6.7    6.7  1037.6   0.00    0.0    0.117   0.000   21.9    49   10.7   21.2    9.05   1.2106     350     1    100.0   15 
19/12/23   1:00    7.3    7.4    7.3    59   -0.2    3.2    ENE   0.80   6.4    NE    7.3    6.8    6.8  1037.5   0.00    0.0    0.115   0.000   21.6    50   10.7   20.7    9.25   1.2118     350     1    100.0   15 
19/12/23   1:15    7.4    7.4    7.3    58   -0.3    3.2     NE   0.80   6.4   ENE    7.4    6.9    6.9  1037.4   0.00    0.0    0.114   0.000   21.2    50   10.4   20.3    9.25   1.2134     350     1    100.0   15 
19/12/23   1:30    7.2    7.3    7.2    59   -0.3    3.2    ENE   0.80   4.8   ENE    7.2    6.8    6.8  1037.4   0.00    0.0    0.116   0.000   20.9    50   10.1   20.1    9.26   1.2148     350     1    100.0   15 
19/12/23   1:45    7.2    7.3    7.2    59   -0.3    0.0    ENE   0.00   3.2   ENE    7.2    6.8    6.8  1037.4   0.00    0.0    0.116   0.000   20.6    51   10.1   19.9    9.47   1.2162     350     1    100.0   15 
19/12/23   2:00    7.3    7.4    7.2    57   -0.7    0.0    ---   0.00   0.0   ---    7.3    6.8    6.8  1037.3   0.00    0.0    0.115   0.000   20.3    51    9.9   19.6    9.48   1.2175     351     1    100.0   15 
19/12/23   2:15    7.4    7.5    7.4    57   -0.5    0.0    ENE   0.00   3.2   ENE    7.4    6.9    6.9  1037.4   0.00    0.0    0.113   0.000   20.1    51    9.6   19.4    9.49   1.2190     351     1    100.0   15 
19/12/23   2:30    7.5    7.6    7.3    57   -0.5    1.6    ENE   0.40   3.2   ENE    7.5    7.0    7.0  1037.2   0.00    0.0    0.113   0.000   19.8    52    9.6   19.2    9.70   1.2198     322     1     94.2   15 
19/12/23   2:45    7.3    7.3    7.2    58   -0.4    1.6    ENE   0.40   3.2   ENE    7.3    6.8    6.8  1037.1   0.00    0.0    0.115   0.000   19.5    52    9.4   18.8    9.71   1.2212     351     1    100.0   15 
19/12/23   3:00    7.2    7.2    7.1    58   -0.6    0.0    ENE   0.00   4.8   ONO    7.2    6.7    6.7  1037.0   0.00    0.0    0.116   0.000   19.3    53    9.5   18.7    9.91   1.2216     351     1    100.0   15 
19/12/23   3:15    6.7    7.1    6.6    59   -0.7    1.6    ONO   0.40   4.8   ONO    6.7    6.3    6.3  1037.0   0.00    0.0    0.121   0.000   19.4    53    9.6   18.8    9.91   1.2213     351     1    100.0   15 
19/12/23   3:30    7.1    7.5    6.7    56   -1.1    0.0    ONO   0.00   3.2   ONO    7.1    6.6    6.6  1036.8   0.00    0.0    0.117   0.000   19.6    52    9.5   18.9    9.70   1.2203     351     1    100.0   15 
19/12/23   3:45    7.3    7.6    7.1    57   -0.6    0.0    NNO   0.00   4.8   NNO    7.3    6.8    6.8  1036.8   0.00    0.0    0.115   0.000   19.9    52    9.8   19.3    9.69   1.2186     351     1    100.0   15 
19/12/23   4:00    7.1    7.3    6.9    57   -0.9    1.6    NNO   0.40   3.2   NNO    7.1    6.6    6.6  1036.5   0.00    0.0    0.117   0.000   20.3    52   10.1   19.6    9.68   1.2165     350     1    100.0   15 
19/12/23   4:15    7.5    7.7    7.3    55   -1.0    1.6    ENE   0.40   4.8   ENE    7.5    6.9    6.9  1036.2   0.00    0.0    0.113   0.000   20.6    51   10.1   19.9    9.47   1.2148     350     1    100.0   15 
19/12/23   4:30    7.4    7.7    7.2    56   -0.8    1.6    ESE   0.40   3.2   ENE    7.4    6.9    6.9  1036.1   0.00    0.0    0.113   0.000   20.9    51   10.4   20.1    9.46   1.2132     352     1    100.0   15 
19/12/23   4:45    7.3    7.3    7.2    56   -0.9    3.2    ENE   0.80   4.8     E    7.3    6.7    6.7  1036.0   0.00    0.0    0.115   0.000   21.0    50   10.2   20.1    9.25   1.2129     351     1    100.0   15 
19/12/23   5:00    7.1    7.3    7.1    57   -0.8    1.6    ENE   0.40   4.8   ENE    7.1    6.6    6.6  1036.0   0.00    0.0    0.117   0.000   20.9    50   10.1   20.1    9.26   1.2132     351     1    100.0   15 
19/12/23   5:15    7.3    7.3    7.1    56   -0.9    1.6     NE   0.40   4.8   ENE    7.3    6.7    6.7  1036.1   0.00    0.0    0.115   0.000   20.7    51   10.2   19.9    9.47   1.2144     351     1    100.0   15 
19/12/23   5:30    7.3    7.3    7.2    56   -0.9    3.2     NE   0.80   4.8    NE    7.3    6.7    6.7  1036.1   0.00    0.0    0.115   0.000   20.4    51   10.0   19.7    9.47   1.2155     351     1    100.0   15 
19/12/23   5:45    7.3    7.3    7.2    57   -0.7    3.2    ENE   0.80   4.8   ENE    7.3    6.8    6.8  1036.1   0.00    0.0    0.115   0.000   20.4    51   10.0   19.7    9.47   1.2155     352     1    100.0   15 
19/12/23   6:00    7.2    7.3    7.1    58   -0.6    3.2    ENE   0.80   4.8   ENE    7.2    6.7    6.7  1036.1   0.00    0.0    0.116   0.000   20.7    50    9.9   19.9    9.26   1.2144     350     1    100.0   15 
19/12/23   6:15    7.1    7.1    7.1    58   -0.7    3.2    ENE   0.80   4.8   ENE    7.1    6.6    6.6  1036.0   0.00    0.0    0.117   0.000   20.9    50   10.1   20.1    9.26   1.2132     351     1    100.0   15 
19/12/23   6:30    7.1    7.2    7.1    57   -0.8    3.2    ENE   0.80   4.8   ENE    7.1    6.6    6.6  1035.9   0.00    0.0    0.117   0.000   21.1    50   10.3   20.2    9.25   1.2122     351     1    100.0   15 
19/12/23   6:45    7.2    7.3    7.2    57   -0.7    1.6    ENE   0.40   4.8   ENE    7.2    6.7    6.7  1035.8   0.00    0.0    0.116   0.000   21.2    50   10.4   20.3    9.25   1.2115     352     1    100.0   15 
19/12/23   7:00    6.9    7.2    6.4    58   -0.8    1.6    ENE   0.40   3.2   ENE    6.9    6.4    6.4  1035.7   0.00    0.0    0.119   0.000   21.3    50   10.5   20.4    9.25   1.2109     350     1    100.0   15 
19/12/23   7:15    6.3    6.4    6.3    60   -0.9    1.6      N   0.40   3.2     N    6.3    5.9    5.9  1035.7   0.00    0.0    0.125   0.000   21.4    50   10.6   20.6    9.25   1.2103     350     1    100.0   15 
19/12/23   7:30    6.6    7.0    6.3    59   -0.9    0.0      N   0.00   3.2     N    6.6    6.1    6.1  1035.8   0.00    0.0    0.123   0.000   21.6    50   10.7   20.7    9.25   1.2098     351     1    100.0   15 
19/12/23   7:45    7.3    7.6    7.0    58   -0.4    1.6      E   0.40   4.8     N    7.3    6.8    6.8  1035.8   0.00    0.0    0.115   0.000   21.7    49   10.5   20.8    9.05   1.2096     351     1    100.0   15 
19/12/23   8:00    7.7    7.7    7.6    57   -0.3    3.2    ESE   0.80   4.8     E    7.7    7.2    7.2  1035.6   0.00    0.0    0.111   0.000   21.9    49   10.7   21.2    9.05   1.2082     352     1    100.0   15 
19/12/23   8:15    7.6    7.8    7.6    57   -0.4    1.6    ESE   0.40   4.8   ESE    7.6    7.1    7.1  1035.6   0.00    0.0    0.112   0.000   22.3    48   10.7   21.7    8.89   1.2066     351     1    100.0   15 
19/12/23   8:30    8.3    9.0    7.8    55   -0.2    0.0    ESE   0.00   3.2   ESE    8.3    7.8    7.8  1035.7   0.00    0.0    0.104   0.000   22.6    47   10.7   22.1    8.75   1.2057     351     1    100.0   15 
19/12/23   8:45    9.1    9.2    8.8    54    0.3    1.6     NE   0.40   6.4    NE    9.1    8.6    8.6  1035.8   0.00    0.0    0.096   0.000   22.8    47   10.9   22.4    8.75   1.2043     351     1    100.0   15 
19/12/23   9:00    8.8    8.8    8.7    54   -0.0    3.2      E   0.80   8.0     E    8.8    8.2    8.2  1035.8   0.00    0.0    0.100   0.000   23.0    47   11.1   22.7    8.75   1.2036     349     1    100.0   15 
19/12/23   9:15    8.8    8.9    8.7    54   -0.0    3.2      E   0.80   4.8     E    8.8    8.2    8.2  1035.8   0.00    0.0    0.100   0.000   23.0    47   11.1   22.7    8.75   1.2036     351     1    100.0   15 
19/12/23   9:30    8.9    9.0    8.8    53   -0.2    3.2      E   0.80   8.0     E    8.9    8.3    8.3  1035.8   0.00    0.0    0.098   0.000   22.9    48   11.3   22.6    8.92   1.2035     351     1    100.0   15 
19/12/23   9:45    9.1    9.7    8.8    53    0.0    3.2      E   0.80   8.0     E    9.1    8.5    8.5  1035.8   0.00    0.0    0.096   0.000   22.9    48   11.3   22.6    8.92   1.2035     350     1    100.0   15 
19/12/23  10:00   10.1   10.3    9.7    51    0.4    3.2    ENE   0.80   8.0     E   10.1    9.4    9.4  1035.6   0.00    0.0    0.086   0.000   22.9    48   11.3   22.6    8.92   1.2033     351     1    100.0   15 
19/12/23  10:15   10.3   10.6   10.3    52    0.9    6.4    ENE   1.61  11.3     E    9.8    9.7    9.1  1035.4   0.00    0.0    0.083   0.000   22.7    40    8.4   21.9    7.69   1.2067     351     1    100.0   15 
19/12/23  10:30   10.3   10.4   10.3    52    0.9    6.4      E   1.61  11.3   ESE    9.8    9.7    9.1  1035.2   0.00    0.0    0.083   0.000   22.0    37    6.6   20.7    7.32   1.2109     351     1    100.0   15 
19/12/23  10:45   10.5   10.7   10.4    51    0.8    6.4    ENE   1.61  11.3   ENE    9.9    9.8    9.3  1034.8   0.00    0.0    0.082   0.000   21.5    40    7.3   20.1    7.74   1.2120     351     1    100.0   15 
19/12/23  11:00   10.9   11.1   10.7    50    0.9    4.8    ENE   1.21   9.7     E   10.8   10.1   10.1  1034.6   0.00    0.0    0.078   0.000   21.8    41    7.9   20.6    7.90   1.2101     350     1    100.0   15 
19/12/23  11:15   11.4   11.8   11.1    48    0.8    4.8      E   1.21  11.3     E   11.4   10.6   10.6  1034.5   0.00    0.0    0.072   0.000   21.9    42    8.4   20.8    8.02   1.2088     351     1    100.0   15 
19/12/23  11:30   11.9   12.1   11.8    47    1.0    4.8      E   1.21   9.7     E   11.9   10.9   10.9  1034.0   0.00    0.0    0.067   0.000   22.1    43    8.9   21.1    8.18   1.2074     351     1    100.0   15 
19/12/23  11:45   12.3   12.6   11.9    46    1.0    4.8    ENE   1.21   9.7     E   12.3   11.2   11.2  1033.8   0.00    0.0    0.062   0.000   22.2    43    9.0   21.3    8.17   1.2066     350     1    100.0   15 
19/12/23  12:00   12.7   12.8   12.6    46    1.3    6.4      E   1.61   9.7     E   12.4   11.6   11.3  1033.5   0.00    0.0    0.059   0.000   22.3    44    9.5   21.6    8.31   1.2051     350     1    100.0   15 
19/12/23  12:15   12.9   13.1   12.7    45    1.2    4.8    ENE   1.21  11.3   ENE   12.9   11.7   11.7  1033.1   0.00    0.0    0.057   0.000   22.5    44    9.6   21.8    8.30   1.2039     352     1    100.0   15 
19/12/23  12:30   13.7   14.2   13.1    43    1.4    3.2    ENE   0.80   6.4   ENE   13.7   12.4   12.4  1032.9   0.00    0.0    0.048   0.000   22.6    44    9.7   21.9    8.30   1.2033     350     1    100.0   15 
19/12/23  12:45   14.3   14.7   14.2    42    1.6    3.2      E   0.80   8.0     E   14.3   12.9   12.9  1032.6   0.00    0.0    0.042   0.000   22.6    44    9.7   22.0    8.30   1.2027     351     1    100.0   15 
19/12/23  13:00   15.1   15.3   14.7    39    1.2    3.2      N   0.80  11.3   NNO   15.1   13.5   13.5  1032.3   0.00    0.0    0.034   0.000   22.7    44    9.8   22.2    8.29   1.2018     350     1    100.0   15 
19/12/23  13:15   15.7   16.2   15.4    34   -0.1    3.2      E   0.80  16.1    NO   15.7   13.9   13.9  1032.1   0.00    0.0    0.027   0.000   22.7    42    9.1   21.9    7.99   1.2025     351     1    100.0   15 
19/12/23  13:30   16.5   16.7   16.2    33    0.2    6.4      O   1.61  20.9     O   16.5   14.6   14.6  1031.9   0.00    0.0    0.019   0.000   22.6    43    9.4   21.9    8.14   1.2022     351     1    100.0   15 
19/12/23  13:45   16.4   16.6   16.1    33    0.1    6.4      O   1.61  17.7    NO   16.4   14.5   14.5  1031.8   0.00    0.0    0.020   0.000   22.7    44    9.8   22.2    8.29   1.2012     349     1    100.0   15 
19/12/23  14:00   16.0   16.1   15.8    35    0.5    6.4      O   1.61  20.9   OSO   16.0   14.2   14.2  1031.5   0.00    0.0    0.024   0.000   22.8    44    9.9   22.3    8.29   1.2003     349     1    100.0   15 
19/12/23  14:15   15.5   15.8   15.2    37    0.9    6.4      O   1.61  16.1     O   15.5   13.9   13.9  1031.4   0.00    0.0    0.030   0.000   23.1    44   10.1   22.6    8.28   1.1991     350     1    100.0   15 
19/12/23  14:30   15.4   15.4   15.3    35   -0.0    4.8      O   1.21  12.9    NO   15.4   13.7   13.7  1031.3   0.00    0.0    0.031   0.000   23.2    44   10.2   22.7    8.28   1.1984     351     1    100.0   15 
19/12/23  14:45   15.3   15.4   15.3    35   -0.1    4.8      O   1.21  14.5   OSO   15.3   13.6   13.6  1031.2   0.00    0.0    0.031   0.000   23.3    44   10.3   22.9    8.27   1.1978     350     1    100.0   15 
19/12/23  15:00   15.1   15.3   14.9    35   -0.3    6.4    OSO   1.61  12.9   ONO   15.1   13.4   13.4  1031.1   0.00    0.0    0.034   0.000   23.3    44   10.4   22.9    8.27   1.1974     350     1    100.0   15 
19/12/23  15:15   14.9   14.9   14.9    37    0.4    4.8      O   1.21  11.3     O   14.9   13.3   13.3  1031.0   0.00    0.0    0.035   0.000   23.3    44   10.4   22.9    8.27   1.1973     351     1    100.0   15 
19/12/23  15:30   14.8   14.9   14.8    36   -0.1    4.8    ONO   1.21  12.9    SO   14.8   13.2   13.2  1031.0   0.00    0.0    0.036   0.000   23.3    45   10.7   23.0    8.45   1.1969     351     1    100.0   15 
19/12/23  15:45   14.7   14.8   14.6    38    0.5    3.2    OSO   0.80   6.4   ONO   14.7   13.2   13.2  1030.9   0.00    0.0    0.038   0.000   23.3    45   10.7   23.0    8.45   1.1968     350     1    100.0   15 
19/12/23  16:00   14.2   14.6   13.7    39    0.4    1.6    ONO   0.40   6.4   ONO   14.2   12.8   12.8  1030.8   0.00    0.0    0.043   0.000   23.3    45   10.7   23.0    8.45   1.1967     351     1    100.0   15 
19/12/23  16:15   13.2   13.7   12.7    41    0.2    3.2      O   0.80   6.4   OSO   13.2   11.8   11.8  1030.9   0.00    0.0    0.054   0.000   23.4    45   10.8   23.1    8.45   1.1965     350     1    100.0   15 
19/12/23  16:30   12.5   12.7   12.2    42   -0.1    3.2      O   0.80   8.0   ONO   12.5   11.3   11.3  1030.9   0.00    0.0    0.061   0.000   23.3    45   10.7   23.0    8.45   1.1968     350     1    100.0   15 
19/12/23  16:45   11.8   12.2   11.6    42   -0.7    4.8    ONO   1.21   9.7     O   11.8   10.7   10.7  1031.0   0.00    0.0    0.068   0.000   23.3    45   10.7   23.0    8.45   1.1969     351     1    100.0   15 
19/12/23  17:00   11.6   11.7   11.5    42   -0.9    4.8    ONO   1.21  11.3     O   11.6   10.5   10.5  1031.0   0.00    0.0    0.071   0.000   23.3    45   10.7   23.0    8.45   1.1969     350     1    100.0   15 
19/12/23  17:15   11.3   11.7   10.9    44   -0.5    3.2    ONO   0.80   8.0     O   11.3   10.3   10.3  1031.0   0.00    0.0    0.073   0.000   23.4    45   10.8   23.1    8.45   1.1967     351     1    100.0   15 
19/12/23  17:30   10.7   10.9   10.5    45   -0.8    3.2    ONO   0.80   9.7   OSO   10.7    9.8    9.8  1031.1   0.00    0.0    0.080   0.000   23.5    45   10.9   23.2    8.45   1.1962     351     1    100.0   15 
19/12/23  17:45   10.2   10.5   10.0    47   -0.7    4.8      O   1.21  12.9   OSO   10.0    9.4    9.3  1030.8   0.00    0.0    0.085   0.000   23.7    45   11.0   23.4    8.45   1.1950     351     1    100.0   15 
19/12/23  18:00    9.7    9.9    9.3    49   -0.5    1.6      O   0.40   6.4   OSO    9.7    9.0    9.0  1030.8   0.00    0.0    0.090   0.000   23.7    45   11.1   23.5    8.45   1.1947     350     1    100.0   15 
19/12/23  18:15    9.2    9.3    9.0    51   -0.5    3.2    ONO   0.80  11.3   ONO    9.2    8.5    8.5  1030.9   0.00    0.0    0.095   0.000   23.8    45   11.1   23.6    8.45   1.1946     351     1    100.0   15 
19/12/23  18:30    8.9    9.0    8.9    52   -0.4    4.8    ONO   1.21  12.9     O    8.6    8.3    8.0  1031.0   0.00    0.0    0.098   0.000   23.8    45   11.2   23.7    8.45   1.1944     350     1    100.0   15 
19/12/23  18:45    9.0    9.1    8.9    51   -0.6    4.8      O   1.21  11.3     O    8.7    8.3    8.0  1030.9   0.00    0.0    0.097   0.000   23.8    44   10.8   23.5    8.25   1.1950     351     1    100.0   15 
19/12/23  19:00    9.1    9.1    8.9    51   -0.6    4.8      O   1.21  17.7   OSO    8.7    8.4    8.1  1031.0   0.00    0.0    0.097   0.000   23.5    45   10.9   23.2    8.45   1.1961     349     1    100.0   15 
19/12/23  19:15    8.8    9.1    8.7    53   -0.2    3.2    ONO   0.80  14.5     O    8.8    8.2    8.2  1030.9   0.00    0.0    0.099   0.000   23.2    45   10.6   22.8    8.45   1.1974     351     1    100.0   15 
19/12/23  19:30    8.6    8.7    8.6    55    0.1    4.8    ONO   1.21  14.5   OSO    8.2    8.1    7.7  1030.8   0.00    0.0    0.101   0.000   23.0    46   10.8   22.6    8.58   1.1979     350     1    100.0   15 
19/12/23  19:45    8.4    8.6    8.1    57    0.4    4.8    ONO   1.21   9.7    NO    8.1    7.9    7.6  1030.6   0.00    0.0    0.103   0.000   22.7    46   10.5   22.2    8.59   1.1992     351     1    100.0   15 
19/12/23  20:00    7.8    8.1    7.6    61    0.7    3.2    ONO   0.80   9.7   OSO    7.8    7.3    7.3  1030.6   0.00    0.0    0.110   0.000   22.6    46   10.3   22.0    8.60   1.1999     352     1    100.0   15 
19/12/23  20:15    7.6    7.7    7.4    62    0.7    3.2    ONO   0.80   6.4   ONO    7.6    7.1    7.1  1030.5   0.00    0.0    0.112   0.000   22.6    45   10.1   22.0    8.45   1.2000     351     1    100.0   15 
19/12/23  20:30    7.6    7.8    7.3    62    0.8    3.2      O   0.80   8.0     O    7.6    7.2    7.2  1030.5   0.00    0.0    0.112   0.000   22.7    45   10.2   22.2    8.45   1.1994     349     1    100.0   15 
19/12/23  20:45    7.7    7.8    7.6    63    1.1    3.2    ONO   0.80  11.3     O    7.7    7.3    7.3  1030.2   0.00    0.0    0.111   0.000   22.8    44    9.9   22.3    8.29   1.1988     350     1    100.0   15 
19/12/23  21:00    7.6    7.7    7.6    64    1.2    3.2    ONO   0.80  11.3   ONO    7.6    7.2    7.2  1030.1   0.00    0.0    0.112   0.000   23.0    44   10.1   22.5    8.28   1.1978     351     1    100.0   15 
19/12/23  21:15    7.6    7.7    7.6    64    1.2    3.2    ONO   0.80  11.3     O    7.6    7.2    7.2  1030.1   0.00    0.0    0.112   0.000   23.1    44   10.2   22.7    8.28   1.1973     350     1    100.0   15 
19/12/23  21:30    7.8    7.8    7.7    63    1.2    1.6    ONO   0.40   6.4   ONO    7.8    7.4    7.4  1029.9   0.00    0.0    0.110   0.000   23.2    45   10.6   22.8    8.45   1.1962     351     1    100.0   15 
19/12/23  21:45    7.8    7.8    7.7    64    1.4    0.0    ONO   0.00   4.8   ONO    7.8    7.4    7.4  1029.7   0.00    0.0    0.110   0.000   23.2    45   10.6   22.8    8.45   1.1959     351     1    100.0   15 
19/12/23  22:00    7.7    7.7    7.6    64    1.3    1.6    OSO   0.40   8.0   OSO    7.7    7.3    7.3  1029.5   0.00    0.0    0.111   0.000   23.1    45   10.5   22.7    8.45   1.1965     351     1    100.0   15 
19/12/23  22:15    7.4    7.6    7.3    65    1.3    1.6    ONO   0.40   9.7    NO    7.4    7.1    7.1  1029.5   0.00    0.0    0.113   0.000   22.8    45   10.3   22.3    8.45   1.1976     351     1    100.0   15 
19/12/23  22:30    7.4    7.5    7.4    64    1.1    1.6    ONO   0.40   4.8   ONO    7.4    7.1    7.1  1029.3   0.00    0.0    0.113   0.000   22.6    45   10.1   22.0    8.45   1.1984     351     1    100.0   15 
19/12/23  22:45    7.3    7.4    7.1    64    0.9    1.6      E   0.40   4.8    NE    7.3    6.9    6.9  1029.2   0.00    0.0    0.115   0.000   22.4    45    9.9   21.7    8.45   1.1994     351     1    100.0   15 
19/12/23  23:00    6.9    7.1    6.7    65    0.8    1.6      N   0.40   3.2     E    6.9    6.6    6.6  1029.0   0.00    0.0    0.119   0.000   22.1    46    9.9   21.3    8.61   1.2002     351     1    100.0   15 
19/12/23  23:15    6.6    6.7    6.4    65    0.4    1.6      N   0.40   3.2     N    6.6    6.2    6.2  1028.8   0.00    0.0    0.123   0.000   21.9    47   10.1   21.1    8.75   1.2009     351     1    100.0   15 
19/12/23  23:30    6.4    6.5    6.3    68    0.9    3.2     NO   0.80   8.0   ONO    6.4    6.1    6.1  1028.5   0.00    0.0    0.124   0.000   21.7    47    9.9   20.8    8.75   1.2013     350     1    100.0   15 
19/12/23  23:45    6.7    6.7    6.6    68    1.2    1.6     NO   0.40   3.2    NO    6.7    6.3    6.3  1028.4   0.00    0.0    0.122   0.000   21.5    47    9.7   20.5    8.75   1.2023     351     1    100.0   15 
20/12/23  00:00    6.6    6.7    6.5    68    1.1    0.0     NO   0.00   4.8    NO    6.6    6.3    6.3  1028.3   0.00    0.0    0.122   0.000   21.2    48    9.8   20.2    8.85   1.2033     351     1    100.0   15 
20/12/23   0:15    6.4    6.6    6.3    69    1.2    1.6     NO   0.40   6.4   OSO    6.4    6.1    6.1  1028.0   0.00    0.0    0.124   0.000   20.9    48    9.5   19.9    8.86   1.2043     349     1    100.0   15 
20/12/23   0:30    6.4    6.6    6.3    68    1.0    1.6      E   0.40   4.8    NO    6.4    6.1    6.1  1027.9   0.00    0.0    0.124   0.000   20.7    49    9.6   19.8    9.07   1.2052     350     1    100.0   15 
20/12/23   0:45    6.2    6.3    6.1    70    1.1    0.0    ENE   0.00   4.8   ENE    6.2    5.8    5.8  1027.6   0.00    0.0    0.127   0.000   20.4    49    9.3   19.6    9.08   1.2062     351     1    100.0   15 
20/12/23   1:00    6.4    6.6    6.1    71    1.5    1.6      O   0.40   6.4     O    6.4    6.1    6.1  1027.4   0.00    0.0    0.124   0.000   20.2    49    9.1   19.4    9.08   1.2072     351     1    100.0   15 
20/12/23   1:15    6.6    6.6    6.5    70    1.5    1.6     NO   0.40   6.4   OSO    6.6    6.3    6.3  1027.5   0.00    0.0    0.123   0.000   19.9    50    9.2   19.2    9.29   1.2083     349     1    100.0   15 
20/12/23   1:30    6.3    6.5    6.1    71    1.4    1.6     NE   0.40   4.8   NNO    6.3    6.0    6.0  1027.5   0.00    0.0    0.126   0.000   19.7    50    9.0   18.9    9.30   1.2092     351     1    100.0   15 
20/12/23   1:45    5.9    6.1    5.7    71    1.1    1.6     NE   0.40   4.8    NE    5.9    5.6    5.6  1027.4   0.00    0.0    0.129   0.000   19.8    50    9.1   19.1    9.30   1.2088     351     1    100.0   15 
20/12/23   2:00    5.6    5.7    5.6    72    1.0    1.6     NE   0.40   4.8    NE    5.6    5.3    5.3  1027.4   0.00    0.0    0.133   0.000   19.9    50    9.2   19.2    9.29   1.2080     350     1    100.0   15 
20/12/23   2:15    5.6    5.6    5.4    72    0.9    1.6     NE   0.40  14.5     O    5.6    5.3    5.3  1027.5   0.00    0.0    0.133   0.000   20.3    50    9.5   19.5    9.28   1.2064     351     1    100.0   15 
20/12/23   2:30    5.6    5.7    5.5    72    1.0    3.2    ONO   0.80  14.5     O    5.6    5.3    5.3  1027.6   0.00    0.0    0.133   0.000   20.6    50    9.8   19.8    9.27   1.2052     350     1    100.0   15 
20/12/23   2:45    5.6    5.6    5.5    72    0.9    1.6     NO   0.40   6.4    NO    5.6    5.3    5.3  1027.8   0.00    0.0    0.133   0.000   20.8    49    9.7   19.9    9.06   1.2046     349     1    100.0   15 
20/12/23   3:00    5.4    5.5    5.2    73    0.9    4.8    ENE   1.21  11.3   ENE    4.6    5.1    4.3  1027.4   0.00    0.0    0.135   0.000   21.0    49    9.9   20.1    9.05   1.2030     352     1    100.0   15 
20/12/23   3:15    4.9    5.2    4.7    75    0.8    4.8    ENE   1.21  11.3   ENE    4.1    4.7    3.8  1027.4   0.00    0.0    0.140   0.000   20.9    49    9.8   20.0    9.06   1.2032     351     1    100.0   15 
