                 Temp.  Temp.  Temp.  Hum.   Punt   Vel.   Dir.   Rec.  Vel.  Dir.  Sens.   Índ.   Índ.                  Int. Graus D.Graus D.  Temp.  Hum. Rosada  In.Cal.  EMC     Dens.    Mostr   Tx   Recep.  Int.
  Data    Hora    Ext.   Màx.   Mín.  Ext. Rosada   Vent   Vent   Vent  Màx.  Màx.  Tèrm.  Calor   THW    Bar    Pluja   Pluja  Calor    Fred    Int.  Int.   Int.   Int.    Int.  Int.Aire    Vent   Vent   ISS   Arc.
-------------------------------------------------------------------------------------------------------------------------------------------------------------------------------------------------------------------------
13/12/23   0:15   14.5   14.6   14.4    71    9.3    3.2    OSO   0.80   9.7   OSO   14.5   14.1   14.1  1015.6   0.00    0.0    0.040   0.000   22.1    54   12.3   21.7    9.92   1.1822     348     1    100.0   15 
13/12/23   0:30   14.2   14.4   13.9    73    9.4    3.2    OSO   0.80   8.0     O   14.2   13.8   13.8  1015.1   0.00    0.0    0.043   0.000   21.9    54   12.2   21.4    9.92   1.1825     349     1    100.0   15 
13/12/23   0:45   14.1   14.3   13.9    73    9.3    4.8    ONO   1.21  14.5   ONO   14.1   13.7   13.7  1014.7   0.00    0.0    0.045   0.000   21.7    54   12.0   21.2    9.93   1.1828     349     1    100.0   15 
13/12/23   1:00   14.3   14.3   14.2    72    9.3    1.6      O   0.40   9.7   OSO   14.3   13.9   13.9  1014.7   0.00    0.0    0.042   0.000   21.6    54   11.8   20.9    9.93   1.1836     351     1    100.0   15 
13/12/23   1:15   14.1   14.2   14.0    73    9.3    0.0      O   0.00   3.2     O   14.1   13.7   13.7  1014.6   0.00    0.0    0.045   0.000   21.4    55   12.0   20.7   10.14   1.1841     351     1    100.0   15 
13/12/23   1:30   14.0   14.1   13.9    74    9.4    3.2    ONO   0.80   9.7   SSO   14.0   13.7   13.7  1014.7   0.00    0.0    0.045   0.000   21.2    55   11.8   20.6   10.15   1.1851     351     1    100.0   15 
13/12/23   1:45   14.3   14.6   14.1    73    9.5    4.8    ONO   1.21  12.9     O   14.3   13.9   13.9  1014.6   0.00    0.0    0.042   0.000   21.1    55   11.7   20.3   10.15   1.1858     349     1    100.0   15 
13/12/23   2:00   14.8   14.9   14.6    72    9.8    6.4    ONO   1.61  14.5    NO   14.8   14.4   14.4  1014.2   0.00    0.0    0.037   0.000   20.9    55   11.6   20.3   10.16   1.1859     352     1    100.0   15 
13/12/23   2:15   14.9   14.9   14.8    72    9.9    6.4    ONO   1.61  14.5     O   14.9   14.6   14.6  1014.1   0.00    0.0    0.036   0.000   20.8    55   11.5   20.2   10.16   1.1863     351     1    100.0   15 
13/12/23   2:30   15.0   15.2   14.9    71    9.8    6.4    ONO   1.61  12.9   ONO   15.0   14.6   14.6  1014.0   0.00    0.0    0.035   0.000   20.7    56   11.6   20.2   10.36   1.1864     351     1    100.0   15 
13/12/23   2:45   15.3   15.4   15.2    70    9.9    4.8    ONO   1.21  12.9     O   15.3   15.0   15.0  1013.1   0.00    0.0    0.031   0.000   20.6    56   11.5   20.1   10.37   1.1860     351     1    100.0   15 
13/12/23   3:00   15.3   15.4   15.2    70    9.9    4.8    ONO   1.21   9.7     O   15.3   15.0   15.0  1013.3   0.00    0.0    0.031   0.000   20.6    56   11.5   20.1   10.37   1.1865     351     1    100.0   15 
13/12/23   3:15   15.1   15.2   15.0    71    9.8    4.8    ONO   1.21  11.3     O   15.1   14.7   14.7  1013.3   0.00    0.0    0.034   0.000   20.4    56   11.4   19.9   10.37   1.1870     350     1    100.0   15 
13/12/23   3:30   14.9   15.0   14.9    71    9.7    4.8    ONO   1.21  11.3     O   14.9   14.6   14.6  1013.2   0.00    0.0    0.035   0.000   20.3    56   11.3   19.9   10.38   1.1875     351     1    100.0   15 
13/12/23   3:45   15.1   15.2   14.9    70    9.6    6.4      O   1.61  14.5     O   15.1   14.7   14.7  1013.3   0.00    0.0    0.034   0.000   20.3    56   11.2   19.8   10.38   1.1879     351     1    100.0   15 
13/12/23   4:00   15.2   15.2   15.1    69    9.5    6.4      O   1.61  16.1     O   15.2   14.8   14.8  1013.6   0.00    0.0    0.033   0.000   20.2    56   11.2   19.8   10.38   1.1885     350     1    100.0   15 
13/12/23   4:15   15.2   15.3   15.1    68    9.3    6.4      O   1.61  14.5   ONO   15.2   14.7   14.7  1013.7   0.00    0.0    0.033   0.000   20.2    56   11.1   19.7   10.38   1.1888     352     1    100.0   15 
13/12/23   4:30   15.3   15.3   15.2    68    9.4    6.4    ONO   1.61  14.5   OSO   15.3   14.8   14.8  1013.5   0.00    0.0    0.032   0.000   20.1    56   11.1   19.7   10.39   1.1889     350     1    100.0   15 
13/12/23   4:45   15.3   15.4   15.2    67    9.2    4.8      O   1.21  16.1     O   15.3   14.9   14.9  1013.2   0.00    0.0    0.031   0.000   20.0    57   11.2   19.7   10.59   1.1889     350     1    100.0   15 
13/12/23   5:00   15.3   15.4   15.3    67    9.2    6.4    ONO   1.61  25.7     O   15.3   14.9   14.9  1013.3   0.00    0.0    0.031   0.000   19.9    57   11.2   19.6   10.59   1.1892     351     1    100.0   15 
13/12/23   5:15   15.4   15.5   15.3    66    9.1    9.7      O   2.41  25.7   ONO   15.2   14.9   14.7  1013.4   0.00    0.0    0.030   0.000   20.0    57   11.2   19.7   10.59   1.1891     351     1    100.0   15 
13/12/23   5:30   15.3   15.4   15.2    66    9.0    8.0    ONO   2.01  20.9     O   15.3   14.8   14.8  1013.5   0.00    0.0    0.031   0.000   20.2    56   11.1   19.7   10.38   1.1887     351     1    100.0   15 
13/12/23   5:45   15.1   15.2   15.0    66    8.8    8.0    ONO   2.01  22.5     O   15.0   14.6   14.5  1013.3   0.00    0.0    0.034   0.000   20.5    56   11.4   20.0   10.37   1.1868     350     1    100.0   15 
13/12/23   6:00   14.9   15.1   14.8    67    8.9    8.0      O   2.01  24.1   OSO   14.8   14.4   14.3  1013.3   0.00    0.0    0.035   0.000   21.0    55   11.6   20.3   10.15   1.1846     351     1    100.0   15 
13/12/23   6:15   14.8   14.9   14.7    67    8.8    8.0      O   2.01  24.1   ONO   14.7   14.3   14.2  1013.6   0.00    0.0    0.036   0.000   21.4    55   12.0   20.7   10.14   1.1829     350     1    100.0   15 
13/12/23   6:30   14.8   14.8   14.8    67    8.8    9.7      O   2.41  22.5   OSO   14.4   14.3   13.9  1013.6   0.00    0.0    0.036   0.000   21.7    54   12.0   21.1    9.93   1.1818     351     1    100.0   15 
13/12/23   6:45   14.7   14.8   14.7    67    8.7   11.3      O   2.82  25.7   OSO   14.1   14.2   13.6  1013.5   0.00    0.0    0.038   0.000   21.9    54   12.2   21.5    9.92   1.1803     349     1    100.0   15 
13/12/23   7:00   14.6   14.7   14.6    66    8.3   11.3      O   2.82  32.2   OSO   14.0   14.1   13.4  1013.7   0.00    0.0    0.039   0.000   22.2    54   12.4   21.8    9.91   1.1794     350     1    100.0   15 
13/12/23   7:15   14.5   14.6   14.4    66    8.2    9.7      O   2.41  29.0     O   14.1   13.9   13.5  1013.9   0.00    0.0    0.040   0.000   22.4    53   12.3   22.1    9.76   1.1789     351     1    100.0   15 
13/12/23   7:30   14.4   14.5   14.3    64    7.7   11.3      O   2.82  27.4   ONO   13.8   13.8   13.2  1013.8   0.00    0.0    0.041   0.000   22.6    53   12.5   22.4    9.74   1.1776     352     1    100.0   15 
13/12/23   7:45   14.1   14.3   14.0    65    7.6    9.7      O   2.41  24.1   ONO   13.6   13.6   13.1  1013.7   0.00    0.0    0.044   0.000   22.9    54   13.1   22.8    9.89   1.1758     351     1    100.0   15 
13/12/23   8:00   13.9   14.1   13.9    65    7.5   11.3      O   2.82  27.4   NNO   13.2   13.4   12.6  1013.8   0.00    0.0    0.046   0.000   23.2    53   13.1   23.1    9.70   1.1748     350     1    100.0   15 
13/12/23   8:15   14.1   14.2   14.0    63    7.1   11.3      O   2.82  30.6    SO   13.3   13.4   12.7  1013.8   0.00    0.0    0.045   0.000   23.4    53   13.3   23.4    9.69   1.1737     351     1    100.0   15 
13/12/23   8:30   13.9   14.1   13.8    63    7.0    9.7      O   2.41  29.0     O   13.4   13.3   12.8  1013.9   0.00    0.0    0.046   0.000   23.6    53   13.4   23.6    9.67   1.1730     351     1    100.0   15 
13/12/23   8:45   13.8   13.8   13.7    62    6.6   12.9      O   3.22  35.4     O   12.6   13.1   11.9  1013.8   0.00    0.0    0.047   0.000   23.6    52   13.2   23.7    9.56   1.1729     351     1    100.0   15 
13/12/23   9:00   13.6   13.8   13.6    61    6.2    9.7    ONO   2.41  29.0   ONO   13.0   12.9   12.3  1013.8   0.00    0.0    0.049   0.000   23.8    52   13.3   23.9    9.55   1.1721     351     1    100.0   15 
13/12/23   9:15   13.8   13.8   13.7    58    5.7   14.5      O   3.62  40.2     O   12.2   13.1   11.4  1013.9   0.00    0.0    0.047   0.000   23.9    52   13.4   24.1    9.55   1.1716     351     1    100.0   15 
13/12/23   9:30   13.8   13.8   13.8    58    5.7   12.9      O   3.22  33.8     O   12.7   13.1   11.9  1014.1   0.00    0.0    0.047   0.000   23.9    52   13.5   24.1    9.55   1.1716     351     1    100.0   15 
13/12/23   9:45   13.8   13.8   13.8    56    5.2   11.3      O   2.82  33.8   OSO   13.1   13.0   12.2  1014.1   0.00    0.0    0.047   0.000   23.8    52   13.4   23.9    9.55   1.1722     352     1    100.0   15 
13/12/23  10:00   13.8   13.8   13.8    55    4.9   11.3      O   2.82  35.4     O   13.0   12.9   12.1  1014.1   0.00    0.0    0.047   0.000   23.7    52   13.2   23.7    9.56   1.1731     351     1    100.0   15 
13/12/23  10:15   13.8   13.9   13.8    53    4.4   16.1      O   4.02  41.8     O   11.9   12.9   10.9  1013.9   0.00    0.0    0.047   0.000   23.5    52   13.1   23.5    9.56   1.1736     350     1    100.0   15 
13/12/23  10:30   13.8   13.9   13.6    55    4.9   14.5      O   3.62  40.2     O   12.2   12.9   11.3  1014.0   0.00    0.0    0.047   0.000   23.3    50   12.3   23.2    9.25   1.1752     349     1    100.0   15 
13/12/23  10:45   13.4   13.6   13.3    56    4.8   12.9      O   3.22  29.0     O   12.2   12.6   11.3  1014.5   0.00    0.0    0.051   0.000   23.1    51   12.4   22.9    9.38   1.1766     351     1    100.0   15 
13/12/23  11:00   13.2   13.3   13.2    57    4.9    9.7      O   2.41  29.0   ONO   12.6   12.4   11.7  1014.7   0.00    0.0    0.053   0.000   23.1    51   12.4   22.9    9.38   1.1772     351     1    100.0   15 
13/12/23  11:15   13.2   13.2   13.1    56    4.6    6.4    OSO   1.61  27.4   OSO   13.0   12.3   12.2  1014.5   0.00    0.0    0.054   0.000   22.9    51   12.2   22.7    9.39   1.1778     351     1    100.0   15 
13/12/23  11:30   13.2   13.3   13.2    55    4.4    6.4      O   1.61  25.7     O   13.1   12.3   12.2  1014.7   0.00    0.0    0.053   0.000   22.8    51   12.1   22.6    9.39   1.1785     348     1    100.0   15 
13/12/23  11:45   13.3   13.3   13.3    54    4.2    8.0    ONO   2.01  22.5   OSO   12.9   12.4   12.0  1014.4   0.00    0.0    0.052   0.000   22.6    51   12.0   22.3    9.40   1.1790     351     1    100.0   15 
13/12/23  12:00   13.4   13.4   13.3    55    4.5    9.7      O   2.41  27.4   OSO   12.7   12.5   11.8  1014.4   0.00    0.0    0.052   0.000   22.5    52   12.2   22.2    9.60   1.1792     352     1    100.0   15 
13/12/23  12:15   13.4   13.4   13.4    54    4.3    8.0      O   2.01  20.9     O   13.1   12.5   12.1  1014.2   0.00    0.0    0.051   0.000   22.5    53   12.4   22.3    9.75   1.1787     351     1    100.0   15 
13/12/23  12:30   13.5   13.6   13.4    54    4.4    8.0    ONO   2.01  22.5     O   13.1   12.6   12.2  1014.1   0.00    0.0    0.050   0.000   22.6    53   12.5   22.3    9.75   1.1783     351     1    100.0   15 
13/12/23  12:45   13.5   13.6   13.5    55    4.6   11.3    ONO   2.82  37.0   ONO   12.7   12.6   11.8  1014.0   0.00    0.0    0.050   0.000   22.6    52   12.2   22.3    9.60   1.1784     349     1    100.0   15 
13/12/23  13:00   13.5   13.6   13.4    55    4.6   14.5      O   3.62  40.2   OSO   11.8   12.6   10.9  1013.7   0.00    0.0    0.050   0.000   22.4    53   12.4   22.2    9.75   1.1784     350     1    100.0   15 
13/12/23  13:15   13.4   13.4   13.4    56    4.8   11.3      O   2.82  29.0     O   12.6   12.6   11.7  1013.8   0.00    0.0    0.051   0.000   22.3    53   12.3   22.0    9.76   1.1790     349     1    100.0   15 
13/12/23  13:30   13.3   13.4   13.3    56    4.7   14.5      O   3.62  46.7     O   11.7   12.5   10.8  1013.7   0.00    0.0    0.052   0.000   22.2    52   11.9   21.8    9.61   1.1798     351     1    100.0   15 
13/12/23  13:45   13.3   13.3   13.3    56    4.7   12.9    ONO   3.22  40.2     O   12.0   12.4   11.2  1013.7   0.00    0.0    0.053   0.000   22.1    52   11.8   21.7    9.61   1.1803     351     1    100.0   15 
13/12/23  14:00   13.3   13.3   13.2    57    4.9   11.3      O   2.82  32.2   ONO   12.4   12.4   11.6  1013.4   0.00    0.0    0.053   0.000   22.1    52   11.7   21.6    9.62   1.1803     352     1    100.0   15 
13/12/23  14:15   13.3   13.3   13.3    56    4.7   11.3      O   2.82  33.8   ONO   12.4   12.5   11.6  1013.1   0.00    0.0    0.052   0.000   22.2    52   11.9   21.8    9.61   1.1791     351     1    100.0   15 
13/12/23  14:30   13.4   13.5   13.3    56    4.8   14.5      O   3.62  37.0   OSO   11.8   12.6   10.9  1012.9   0.00    0.0    0.051   0.000   22.4    52   12.1   22.1    9.60   1.1778     351     1    100.0   15 
13/12/23  14:45   13.6   13.6   13.4    55    4.7   17.7      O   4.43  46.7   ONO   11.2   12.7   10.3  1012.9   0.00    0.0    0.050   0.000   22.7    52   12.3   22.4    9.59   1.1767     350     1    100.0   15 
13/12/23  15:00   13.6   13.7   13.6    54    4.5   14.5      O   3.62  38.6     O   12.0   12.7   11.1  1013.2   0.00    0.0    0.049   0.000   22.9    51   12.2   22.7    9.39   1.1762     350     1    100.0   15 
13/12/23  15:15   13.7   13.7   13.7    54    4.6   14.5    ONO   3.62  45.1   ONO   12.1   12.8   11.2  1013.2   0.00    0.0    0.048   0.000   23.1    51   12.4   22.9    9.38   1.1751     352     1    100.0   15 
13/12/23  15:30   13.9   13.9   13.8    52    4.2   16.1      O   4.02  40.2   OSO   11.9   12.9   10.9  1013.1   0.00    0.0    0.046   0.000   23.3    50   12.3   23.1    9.25   1.1745     351     1    100.0   15 
13/12/23  15:45   13.7   13.9   13.7    53    4.3   16.1      O   4.02  37.0     O   11.7   12.8   10.8  1013.2   0.00    0.0    0.048   0.000   23.4    50   12.4   23.2    9.25   1.1740     351     1    100.0   15 
13/12/23  16:00   13.5   13.7   13.3    54    4.4   14.5    ONO   3.62  37.0   ONO   11.8   12.6   10.9  1013.5   0.00    0.0    0.050   0.000   23.4    50   12.4   23.3    9.25   1.1742     351     1    100.0   15 
13/12/23  16:15   13.3   13.3   13.2    54    4.2   16.1      O   4.02  40.2   OSO   11.2   12.4   10.3  1013.8   0.00    0.0    0.053   0.000   23.6    50   12.5   23.5    9.25   1.1739     351     1    100.0   15 
13/12/23  16:30   13.0   13.2   12.8    55    4.2   11.3    ONO   2.82  40.2     O   12.1   12.2   11.2  1014.0   0.00    0.0    0.056   0.000   23.7    50   12.6   23.6    9.25   1.1736     350     1    100.0   15 
13/12/23  16:45   12.7   12.9   12.7    55    3.9   11.3      O   2.82  37.0   ONO   11.7   11.9   10.9  1014.1   0.00    0.0    0.058   0.000   23.7    50   12.7   23.7    9.25   1.1734     350     1    100.0   15 
13/12/23  17:00   12.6   12.7   12.6    55    3.8   14.5    ONO   3.62  33.8   ONO   10.8   11.8    9.9  1014.1   0.00    0.0    0.060   0.000   23.7    49   12.4   23.7    9.05   1.1737     350     1    100.0   15 
13/12/23  17:15   12.4   12.6   12.3    56    3.9   11.3      O   2.82  27.4     O   11.4   11.7   10.6  1014.1   0.00    0.0    0.061   0.000   23.8    49   12.4   23.7    9.05   1.1735     351     1    100.0   15 
13/12/23  17:30   12.3   12.3   12.2    56    3.7   14.5    ONO   3.62  38.6   NNO   10.4   11.5    9.6  1014.1   0.00    0.0    0.063   0.000   23.8    49   12.4   23.7    9.05   1.1735     352     1    100.0   15 
13/12/23  17:45   12.2   12.3   12.1    56    3.7   16.1      O   4.02  43.5     O   10.0   11.4    9.2  1014.4   0.00    0.0    0.064   0.000   23.8    49   12.4   23.7    9.05   1.1739     351     1    100.0   15 
13/12/23  18:00   11.9   12.1   11.7    58    3.9   11.3    ONO   2.82  33.8   ONO   10.8   11.3   10.1  1014.7   0.00    0.0    0.067   0.000   23.8    49   12.4   23.7    9.05   1.1742     350     1    100.0   15 
13/12/23  18:15   11.7   11.8   11.7    59    4.0   14.5     NO   3.62  37.0     O    9.7   11.1    9.1  1015.0   0.00    0.0    0.069   0.000   23.8    49   12.4   23.7    9.05   1.1746     351     1    100.0   15 
13/12/23  18:30   11.6   11.7   11.4    60    4.0   12.9    ONO   3.22  41.8   ONO    9.9   10.9    9.3  1015.1   0.00    0.0    0.071   0.000   23.8    49   12.5   23.8    9.05   1.1744     351     1    100.0   15 
13/12/23  18:45   11.3   11.4   11.2    61    4.1   12.9    ONO   3.22  40.2   ONO    9.7   10.8    9.1  1015.0   0.00    0.0    0.073   0.000   23.8    49   12.4   23.7    9.05   1.1746     351     1    100.0   15 
13/12/23  19:00   11.1   11.2   11.0    62    4.1   12.9    ONO   3.22  30.6   ONO    9.4   10.6    8.9  1015.6   0.00    0.0    0.075   0.000   23.6    49   12.3   23.5    9.05   1.1761     351     1    100.0   15 
13/12/23  19:15   10.8   11.0   10.7    63    4.1   11.3    ONO   2.82  27.4   ONO    9.4   10.4    9.0  1015.7   0.00    0.0    0.078   0.000   23.4    49   12.1   23.2    9.05   1.1773     351     1    100.0   15 
13/12/23  19:30   10.7   10.7   10.6    65    4.4   12.9      O   3.22  32.2   NNO    8.8   10.3    8.4  1015.9   0.00    0.0    0.080   0.000   23.3    50   12.3   23.1    9.25   1.1777     352     1    100.0   15 
13/12/23  19:45   10.4   10.6   10.3    66    4.4   12.9    ONO   3.22  32.2     O    8.6   10.1    8.3  1015.7   0.00    0.0    0.082   0.000   23.1    50   12.1   22.9    9.25   1.1784     351     1    100.0   15 
13/12/23  20:00   10.3   10.4   10.2    66    4.3   14.5    ONO   3.62  35.4     O    8.1   10.0    7.8  1015.9   0.00    0.0    0.083   0.000   23.0    50   12.0   22.8    9.25   1.1791     350     1    100.0   15 
13/12/23  20:15   10.2   10.3   10.1    67    4.3   14.5    ONO   3.62  37.0     O    7.9    9.9    7.7  1016.0   0.00    0.0    0.085   0.000   22.8    49   11.5   22.4    9.05   1.1806     351     1    100.0   15 
13/12/23  20:30   10.0   10.1    9.9    68    4.4   14.5    ONO   3.62  38.6    NO    7.7    9.7    7.4  1016.3   0.00    0.0    0.087   0.000   22.7    50   11.7   22.3    9.25   1.1812     351     1    100.0   15 
13/12/23  20:45    9.8    9.9    9.7    69    4.4    9.7    ONO   2.41  25.7    NO    8.5    9.6    8.3  1016.6   0.00    0.0    0.089   0.000   22.7    50   11.8   22.4    9.25   1.1813     352     1    100.0   15 
13/12/23  21:00    9.6    9.7    9.5    70    4.3   11.3    ONO   2.82  33.8   OSO    7.9    9.3    7.7  1016.3   0.00    0.0    0.091   0.000   22.9    50   11.9   22.6    9.25   1.1802     350     1    100.0   15 
13/12/23  21:15    9.6    9.6    9.5    71    4.6   12.9    ONO   3.22  37.0   ONO    7.5    9.3    7.3  1016.4   0.00    0.0    0.091   0.000   23.0    49   11.7   22.7    9.05   1.1801     351     1    100.0   15 
13/12/23  21:30    9.6    9.6    9.5    71    4.6   16.1      O   4.02  38.6   ONO    6.8    9.3    6.6  1016.6   0.00    0.0    0.091   0.000   23.0    49   11.7   22.7    9.05   1.1803     350     1    100.0   15 
13/12/23  21:45    9.4    9.6    9.3    72    4.6   12.9    ONO   3.22  29.0   ONO    7.4    9.2    7.2  1016.6   0.00    0.0    0.093   0.000   22.8    50   11.8   22.5    9.25   1.1810     352     1    100.0   15 
13/12/23  22:00    9.3    9.4    9.3    73    4.7   14.5    ONO   3.62  35.4   OSO    6.9    9.2    6.8  1016.6   0.00    0.0    0.094   0.000   22.4    50   11.5   22.1    9.25   1.1827     351     1    100.0   15 
13/12/23  22:15    9.3    9.3    9.2    73    4.7   14.5      O   3.62  43.5   ONO    6.8    9.1    6.6  1016.9   0.00    0.0    0.094   0.000   22.2    50   11.2   21.6    9.25   1.1845     350     1    100.0   15 
13/12/23  22:30    9.2    9.3    9.2    74    4.8   12.9    ONO   3.22  29.0   ONO    7.1    9.0    6.9  1017.0   0.00    0.0    0.095   0.000   21.9    51   11.3   21.3    9.42   1.1857     350     1    100.0   15 
13/12/23  22:45    9.2    9.2    9.1    74    4.8   12.9    ONO   3.22  30.6     O    7.1    9.0    6.9  1017.1   0.00    0.0    0.095   0.000   21.6    51   11.0   20.8    9.43   1.1874     351     1    100.0   15 
13/12/23  23:00    9.1    9.1    9.1    75    4.9   14.5    ONO   3.62  37.0   ONO    6.7    8.9    6.5  1017.2   0.00    0.0    0.096   0.000   21.3    51   10.7   20.4    9.44   1.1889     351     1    100.0   15 
13/12/23  23:15    8.9    9.1    8.9    75    4.7   11.3     NO   2.82  30.6     O    7.2    8.8    7.0  1017.4   0.00    0.0    0.098   0.000   20.9    52   10.7   20.2    9.66   1.1905     350     1    100.0   15 
13/12/23  23:30    8.9    8.9    8.8    75    4.7   14.5      O   3.62  33.8     O    6.4    8.8    6.3  1017.5   0.00    0.0    0.098   0.000   20.6    52   10.4   19.9    9.67   1.1923     350     1    100.0   15 
13/12/23  23:45    8.8    8.8    8.8    75    4.6   14.5      O   3.62  32.2    NO    6.3    8.6    6.1  1017.3   0.00    0.0    0.100   0.000   20.3    53   10.4   19.7    9.88   1.1932     351     1    100.0   15 
14/12/23  00:00    8.8    8.8    8.7    76    4.8   16.1      O   4.02  35.4   ONO    6.0    8.6    5.8  1017.3   0.00    0.0    0.100   0.000   20.1    53   10.2   19.5    9.89   1.1946     352     1    100.0   15 
14/12/23   0:15    8.7    8.7    8.6    76    4.7   14.5    ONO   3.62  32.2   OSO    6.1    8.5    5.9  1017.6   0.00    0.0    0.101   0.000   19.8    53    9.9   19.2    9.90   1.1963     347     1    100.0   15 
14/12/23   0:30    8.7    8.7    8.6    76    4.7   14.5      O   3.62  35.4     O    6.1    8.5    5.9  1017.7   0.00    0.0    0.101   0.000   19.6    54   10.0   19.0   10.06   1.1972     349     1    100.0   15 
14/12/23   0:45    8.7    8.8    8.6    76    4.7   14.5      O   3.62  45.1   OSO    6.2    8.6    6.0  1017.6   0.00    0.0    0.100   0.000   19.3    54    9.8   18.8   10.08   1.1983     350     1    100.0   15 
14/12/23   1:00    8.7    8.8    8.7    76    4.7   14.5      O   3.62  33.8     O    6.2    8.6    6.0  1018.0   0.00    0.0    0.100   0.000   19.1    54    9.6   18.5   10.09   1.1998     349     1    100.0   15 
14/12/23   1:15    8.6    8.8    8.5    77    4.8   12.9    ONO   3.22  25.7     O    6.4    8.5    6.3  1018.1   0.00    0.0    0.101   0.000   18.9    55    9.6   18.3   10.23   1.2007     351     1    100.0   15 
14/12/23   1:30    8.4    8.5    8.2    78    4.8    9.7    ONO   2.41  20.9     O    6.8    8.3    6.7  1018.2   0.00    0.0    0.104   0.000   18.7    55    9.5   18.1   10.24   1.2017     352     1    100.0   15 
14/12/23   1:45    8.3    8.3    8.2    78    4.7   12.9    ONO   3.22  32.2    NO    6.0    8.2    5.9  1018.3   0.00    0.0    0.105   0.000   18.6    55    9.3   17.9   10.24   1.2027     350     1    100.0   15 
14/12/23   2:00    8.1    8.3    8.1    79    4.7   12.9      O   3.22  33.8   OSO    5.8    8.0    5.7  1018.5   0.00    0.0    0.106   0.000   18.4    55    9.2   17.8   10.25   1.2035     351     1    100.0   15 
14/12/23   2:15    8.2    8.2    8.1    79    4.7   11.3    ONO   2.82  33.8     O    6.2    8.1    6.1  1019.2   0.00    0.0    0.106   0.000   18.6    55    9.4   17.9   10.24   1.2035     351     1    100.0   15 
14/12/23   2:30    7.9    8.1    7.8    80    4.7    8.0     NO   2.01  25.7   ONO    6.6    7.8    6.5  1019.2   0.00    0.0    0.108   0.000   18.9    55    9.7   18.3   10.23   1.2018     352     1    100.0   15 
14/12/23   2:45    7.9    8.1    7.8    80    4.7   12.9      O   3.22  32.2   NNO    5.6    7.8    5.5  1019.2   0.00    0.0    0.108   0.000   19.4    54    9.8   18.8   10.07   1.1999     350     1    100.0   15 
14/12/23   3:00    8.2    8.2    8.1    79    4.7   11.3    ONO   2.82  32.2   ONO    6.2    8.1    6.1  1019.3   0.00    0.0    0.106   0.000   19.8    54   10.2   19.3   10.05   1.1981     350     1    100.0   15 
14/12/23   3:15    8.1    8.1    8.0    79    4.6    6.4     NO   1.61  20.9     O    7.1    7.9    7.0  1019.8   0.00    0.0    0.107   0.000   20.1    53   10.2   19.6    9.89   1.1973     350     1    100.0   15 
