                 Temp.  Temp.  Temp.  Hum.   Punt   Vel.   Dir.   Rec.  Vel.  Dir.  Sens.   Índ.   Índ.                  Int. Graus D.Graus D.  Temp.  Hum. Rosada  In.Cal.  EMC     Dens.    Mostr   Tx   Recep.  Int.
  Data    Hora    Ext.   Màx.   Mín.  Ext. Rosada   Vent   Vent   Vent  Màx.  Màx.  Tèrm.  Calor   THW    Bar    Pluja   Pluja  Calor    Fred    Int.  Int.   Int.   Int.    Int.  Int.Aire    Vent   Vent   ISS   Arc.
-------------------------------------------------------------------------------------------------------------------------------------------------------------------------------------------------------------------------
15/07/25   0:15   22.4   22.5   22.3    90   20.7    1.6    OSO   0.40   4.8   OSO   22.4   23.7   23.7  1018.6   0.00    0.0    0.000   0.042   27.9    65   20.8   29.8   11.70   1.1509     348     1    100.0   15 
15/07/25   0:30   21.7   22.3   21.4    91   20.1    4.8     NO   1.21   6.4    NO   21.7   22.9   22.9  1018.5   0.00    0.0    0.000   0.035   27.8    64   20.4   29.6   11.51   1.1518     351     1    100.0   15 
15/07/25   0:45   21.4   21.5   21.4    90   19.7    3.2     NO   0.80   6.4    NO   21.4   22.6   22.6  1018.4   0.00    0.0    0.000   0.032   27.6    65   20.4   29.2   11.72   1.1528     351     1    100.0   15 
15/07/25   1:00   21.5   21.7   21.3    90   19.8    3.2     NO   0.80   4.8    NO   21.5   22.7   22.7  1018.3   0.00    0.0    0.000   0.033   27.4    65   20.3   29.0   11.72   1.1532     351     1    100.0   15 
15/07/25   1:15   21.6   21.7   21.4    87   19.3    3.2     NO   0.80   4.8    NO   21.6   22.6   22.6  1018.3   0.00    0.0    0.000   0.034   27.4    64   20.0   28.9   11.52   1.1536     351     1    100.0   15 
15/07/25   1:30   21.6   22.2   21.3    88   19.5    1.6     NO   0.40   4.8    NO   21.6   22.7   22.7  1018.2   0.00    0.0    0.000   0.034   27.4    63   19.8   28.8   11.32   1.1540     351     1    100.0   15 
15/07/25   1:45   22.3   22.3   22.2    89   20.4    0.0     NO   0.00   1.6    NO   22.3   23.4   23.4  1018.3   0.00    0.0    0.000   0.041   27.4    64   20.0   28.8   11.52   1.1539     351     1    100.0   15 
15/07/25   2:00   22.1   22.2   21.8    89   20.2    0.0     NO   0.00   1.6    NO   22.1   23.2   23.2  1018.3   0.00    0.0    0.000   0.039   27.4    64   20.0   28.8   11.52   1.1539     350     1    100.0   15 
15/07/25   2:15   21.6   21.8   21.4    91   20.1    0.0     NO   0.00   3.2    NO   21.6   22.9   22.9  1018.3   0.00    0.0    0.000   0.034   27.4    64   20.0   28.8   11.52   1.1539     351     1    100.0   15 
15/07/25   2:30   21.3   21.4   21.1    90   19.6    0.0     NO   0.00   3.2    NO   21.3   22.5   22.5  1018.3   0.00    0.0    0.000   0.031   27.4    65   20.2   28.9   11.72   1.1536     351     1    100.0   15 
15/07/25   2:45   20.9   21.2   20.7    91   19.4    0.0     NO   0.00   1.6    NO   20.9   22.1   22.1  1018.2   0.00    0.0    0.000   0.027   27.3    64   19.9   28.6   11.53   1.1544     350     1    100.0   15 
15/07/25   3:00   21.0   21.2   20.6    89   19.1    0.0     NO   0.00   3.2    NO   21.0   22.1   22.1  1018.1   0.00    0.0    0.000   0.028   27.2    63   19.6   28.4   11.33   1.1551     352     1    100.0   15 
15/07/25   3:15   20.7   20.8   20.5    89   18.8    0.0     NO   0.00   1.6    NO   20.7   21.8   21.8  1018.2   0.00    0.0    0.000   0.025   27.2    63   19.6   28.4   11.33   1.1551     351     1    100.0   15 
15/07/25   3:30   19.9   20.4   19.7    88   17.9    1.6     NO   0.40   4.8    NO   19.9   20.8   20.8  1018.1   0.00    0.0    0.000   0.017   27.1    62   19.2   28.2   11.13   1.1561     351     1    100.0   15 
15/07/25   3:45   20.2   20.3   19.9    82   17.0    3.2     NO   0.80   6.4    NO   20.2   21.0   21.0  1018.3   0.00    0.0    0.000   0.019   27.0    60   18.6   27.8   10.75   1.1577     351     1    100.0   15 
15/07/25   4:00   20.4   20.7   20.3    78   16.5    3.2     NO   0.80   6.4    NO   20.4   21.2   21.2  1018.4   0.00    0.0    0.000   0.022   26.9    58   17.9   27.6   10.35   1.1592     352     1    100.0   15 
15/07/25   4:15   20.9   21.2   20.7    83   17.9    0.0     NO   0.00   3.2    NO   20.9   21.7   21.7  1018.5   0.00    0.0    0.000   0.027   26.8    59   18.1   27.5   10.55   1.1596     351     1    100.0   15 
15/07/25   4:30   21.2   21.2   21.2    84   18.4    0.0     NO   0.00   3.2    NO   21.2   21.9   21.9  1018.6   0.00    0.0    0.000   0.030   26.8    60   18.4   27.6   10.75   1.1592     351     1    100.0   15 
15/07/25   4:45   20.9   21.2   20.8    79   17.1    1.6     NO   0.40   4.8    NO   20.9   21.6   21.6  1018.7   0.00    0.0    0.000   0.027   26.8    60   18.4   27.6   10.75   1.1593     351     1    100.0   15 
15/07/25   5:00   20.6   20.8   20.4    76   16.2    1.6     NO   0.40   4.8    NO   20.6   21.2   21.2  1018.6   0.00    0.0    0.000   0.024   26.8    59   18.1   27.5   10.55   1.1596     350     1    100.0   15 
15/07/25   5:15   20.6   20.8   20.4    74   15.8    1.6     NO   0.40   6.4    NO   20.6   21.1   21.1  1018.7   0.00    0.0    0.000   0.024   26.8    58   17.8   27.4   10.35   1.1601     351     1    100.0   15 
15/07/25   5:30   21.2   21.6   20.8    77   17.0    1.6    ENE   0.40   6.4   ENE   21.2   21.7   21.7  1018.7   0.00    0.0    0.000   0.030   26.9    58   17.9   27.6   10.35   1.1596     351     1    100.0   15 
15/07/25   5:45   21.7   21.8   21.6    75   17.1    0.0      N   0.00   4.8     N   21.7   22.2   22.2  1018.8   0.00    0.0    0.000   0.035   27.0    58   18.0   27.7   10.35   1.1591     351     1    100.0   15 
15/07/25   6:00   21.8   22.0   21.7    75   17.2    1.6      N   0.40   3.2     N   21.8   22.3   22.3  1018.8   0.00    0.0    0.000   0.036   27.2    57   17.9   27.8   10.17   1.1587     351     1    100.0   15 
15/07/25   6:15   22.3   22.7   22.0    75   17.7    1.6    NNE   0.40   4.8     N   22.3   22.9   22.9  1018.9   0.00    0.0    0.000   0.042   27.3    57   18.1   28.1   10.17   1.1579     350     1    100.0   15 
15/07/25   6:30   23.0   23.2   22.7    73   17.9    1.6    NNE   0.40   3.2   NNE   23.0   23.8   23.8  1018.9   0.00    0.0    0.000   0.049   27.6    57   18.3   28.4   10.18   1.1567     351     1    100.0   15 
15/07/25   6:45   23.6   24.1   23.2    74   18.7    1.6     NE   0.40   4.8   NNE   23.6   24.7   24.7  1018.9   0.00    0.0    0.000   0.055   27.9    57   18.6   28.9   10.19   1.1550     351     1    100.0   15 
15/07/25   7:00   24.5   24.7   24.1    72   19.1    1.6     NE   0.40   4.8    NE   24.5   25.7   25.7  1018.9   0.00    0.0    0.000   0.064   28.2    57   18.9   29.4   10.21   1.1532     351     1    100.0   15 
15/07/25   7:15   24.9   25.1   24.7    70   19.0    1.6      E   0.40   4.8     E   24.9   25.9   25.9  1019.0   0.00    0.0    0.000   0.068   28.4    57   19.1   29.8   10.21   1.1521     352     1    100.0   15 
15/07/25   7:30   25.2   25.3   25.1    69   19.1    1.6      E   0.40   6.4    NO   25.2   26.2   26.2  1019.1   0.00    0.0    0.000   0.072   28.7    56   19.0   30.1   10.05   1.1515     350     1    100.0   15 
15/07/25   7:45   25.2   25.3   25.1    67   18.6    3.2     NO   0.80   6.4   ENE   25.2   26.1   26.1  1019.0   0.00    0.0    0.000   0.071   28.8    56   19.1   30.3   10.05   1.1509     351     1    100.0   15 
15/07/25   8:00   25.7   26.1   25.3    65   18.6    4.8      E   1.21   9.7     E   25.7   26.6   26.6  1019.1   0.00    0.0    0.000   0.077   28.9    55   19.0   30.4    9.85   1.1506     350     1    100.0   15 
15/07/25   8:15   26.6   26.8   26.1    63   18.9    3.2    ESE   0.80   9.7     E   26.6   27.5   27.5  1019.0   0.00    0.0    0.000   0.086   28.9    55   19.0   30.4    9.85   1.1504     351     1    100.0   15 
15/07/25   8:30   27.1   27.5   26.8    63   19.5    3.2      E   0.80   9.7     E   27.1   28.3   28.3  1018.9   0.00    0.0    0.000   0.091   29.1    55   19.1   30.6    9.85   1.1497     352     1    100.0   15 
15/07/25   8:45   27.7   27.8   27.5    60   19.2    4.8    ENE   1.21  12.9   ENE   27.7   28.9   28.9  1018.9   0.00    0.0    0.000   0.098   29.2    55   19.3   30.8    9.85   1.1488     351     1    100.0   15 
15/07/25   9:00   27.9   28.1   27.7    59   19.1    3.2    ENE   0.80  12.9   ENE   27.9   29.1   29.1  1018.9   0.00    0.0    0.000   0.100   29.3    55   19.3   30.8    9.85   1.1485     351     1    100.0   15 
15/07/25   9:15   28.3   28.6   28.1    59   19.5    3.2      E   0.80  11.3     E   28.3   29.7   29.7  1018.6   0.00    0.0    0.000   0.104   29.3    55   19.3   30.8    9.85   1.1482     351     1    100.0   15 
15/07/25   9:30   28.8   29.2   28.6    56   19.2    3.2    ESE   0.80  11.3     E   28.8   30.3   30.3  1018.7   0.00    0.0    0.000   0.109   29.3    55   19.4   30.9    9.85   1.1480     352     1    100.0   15 
15/07/25   9:45   29.1   29.3   29.0    56   19.4    1.6      E   0.40   9.7     E   29.1   30.8   30.8  1018.6   0.00    0.0    0.000   0.112   29.4    55   19.4   31.0    9.85   1.1476     351     1    100.0   15 
15/07/25  10:00   29.9   30.1   29.4    54   19.6    3.2    ENE   0.80  11.3     E   29.9   31.7   31.7  1018.6   0.00    0.0    0.000   0.120   29.4    55   19.5   31.1    9.85   1.1473     351     1    100.0   15 
15/07/25  10:15   30.3   30.6   30.1    53   19.6    3.2    ESE   0.80   8.0   ENE   30.3   32.3   32.3  1018.5   0.00    0.0    0.000   0.124   29.6    54   19.3   31.1    9.75   1.1471     350     1    100.0   15 
15/07/25  10:30   30.6   30.8   30.2    53   19.9    3.2    OSO   0.80   9.7   OSO   30.6   32.9   32.9  1018.4   0.00    0.0    0.000   0.128   29.7    54   19.4   31.3    9.74   1.1464     352     1    100.0   15 
15/07/25  10:45   30.4   30.9   30.1    51   19.1    3.2    ENE   0.80   8.0   ENE   30.4   32.2   32.2  1018.5   0.00    0.0    0.000   0.126   29.7    54   19.4   31.4    9.74   1.1461     351     1    100.0   15 
15/07/25  11:00   31.1   31.4   30.9    53   20.4    3.2      S   0.80   9.7    SO   31.1   33.5   33.5  1018.3   0.00    0.0    0.000   0.133   29.8    54   19.5   31.5    9.74   1.1457     351     1    100.0   15 
15/07/25  11:15   31.6   31.7   31.4    51   20.2    4.8    SSE   1.21  17.7   ENE   31.6   34.2   34.2  1018.2   0.00    0.0    0.000   0.138   29.9    54   19.6   31.7    9.73   1.1450     351     1    100.0   15 
15/07/25  11:30   31.7   32.0   31.6    48   19.4    3.2      S   0.80  11.3     S   31.7   33.9   33.9  1018.2   0.00    0.0    0.000   0.139   30.0    54   19.7   31.9    9.73   1.1443     350     1    100.0   15 
15/07/25  11:45   31.9   32.1   31.7    51   20.5    4.8    OSO   1.21  17.7   ENE   31.9   34.8   34.8  1018.0   0.00    0.0    0.000   0.141   30.1    53   19.5   31.9    9.53   1.1440     352     1    100.0   15 
15/07/25  12:00   31.9   32.1   31.8    49   19.8    4.8      S   1.21  12.9    SO   31.9   34.4   34.4  1017.9   0.00    0.0    0.000   0.141   30.2    54   19.8   32.2    9.72   1.1431     351     1    100.0   15 
15/07/25  12:15   31.7   32.0   31.4    50   20.0    6.4    SSO   1.61  16.1   OSO   31.7   34.3   34.3  1017.9   0.00    0.0    0.000   0.139   30.3    54   20.0   32.6    9.72   1.1423     351     1    100.0   15 
15/07/25  12:30   31.5   31.6   31.4    51   20.1    6.4    SSO   1.61  16.1     S   31.5   34.1   34.1  1017.9   0.00    0.0    0.000   0.137   30.4    53   19.8   32.6    9.51   1.1422     351     1    100.0   15 
15/07/25  12:45   31.6   31.8   31.5    50   19.9    6.4      S   1.61  17.7     O   31.6   34.0   34.0  1017.7   0.00    0.0    0.000   0.138   30.6    54   20.2   33.1    9.71   1.1409     352     1    100.0   15 
15/07/25  13:00   31.5   31.8   31.4    51   20.1    6.4     SO   1.61  19.3    SO   31.5   34.1   34.1  1017.7   0.00    0.0    0.000   0.137   30.7    53   20.0   33.0    9.51   1.1408     351     1    100.0   15 
15/07/25  13:15   31.1   31.4   30.9    53   20.4    8.0     SO   2.01  19.3   OSO   31.1   33.6   33.6  1017.6   0.00    0.0    0.000   0.133   30.8    53   20.1   33.1    9.50   1.1401     351     1    100.0   15 
15/07/25  13:30   31.2   31.5   30.9    53   20.5    4.8     SO   1.21  17.7    SO   31.2   33.8   33.8  1017.5   0.00    0.0    0.000   0.134   30.9    53   20.2   33.3    9.50   1.1394     351     1    100.0   15 
15/07/25  13:45   31.2   31.4   30.9    53   20.5    8.0     SO   2.01  16.1   OSO   31.2   33.7   33.7  1017.4   0.00    0.0    0.000   0.134   30.9    54   20.6   33.6    9.70   1.1385     352     1    100.0   15 
15/07/25  14:00   30.7   30.9   30.4    55   20.6    8.0    OSO   2.01  22.5   OSO   30.7   33.4   33.4  1017.4   0.00    0.0    0.000   0.128   31.1    53   20.4   33.5    9.49   1.1384     351     1    100.0   15 
15/07/25  14:15   30.6   30.8   30.3    56   20.8    8.0     SO   2.01  20.9    SO   30.6   33.4   33.4  1017.4   0.00    0.0    0.000   0.127   31.1    53   20.4   33.6    9.49   1.1381     351     1    100.0   15 
15/07/25  14:30   30.4   30.6   30.3    56   20.7    6.4    OSO   1.61  16.1     O   30.4   33.2   33.2  1017.5   0.00    0.0    0.000   0.126   31.1    53   20.4   33.6    9.49   1.1382     351     1    100.0   15 
15/07/25  14:45   30.4   30.6   30.2    55   20.3    6.4     SO   1.61  20.9     O   30.4   32.9   32.9  1017.4   0.00    0.0    0.000   0.126   31.2    53   20.5   33.7    9.49   1.1378     350     1    100.0   15 
15/07/25  15:00   30.2   30.3   30.2    56   20.5    6.4      S   1.61  17.7   SSO   30.2   32.7   32.7  1017.2   0.00    0.0    0.000   0.124   31.2    53   20.5   33.8    9.49   1.1373     351     1    100.0   15 
15/07/25  15:15   30.2   30.3   30.1    55   20.2    8.0      S   2.01  19.3     S   30.2   32.5   32.5  1017.3   0.00    0.0    0.000   0.124   31.3    53   20.6   33.9    9.48   1.1371     350     1    100.0   15 
15/07/25  15:30   30.2   30.3   30.1    56   20.4    6.4    SSO   1.61  19.3    SO   30.2   32.6   32.6  1017.1   0.00    0.0    0.000   0.123   31.3    53   20.6   34.1    9.48   1.1366     349     1    100.0   15 
15/07/25  15:45   30.1   30.3   29.8    57   20.6    6.4      S   1.61  19.3     S   30.1   32.6   32.6  1017.2   0.00    0.0    0.000   0.122   31.3    53   20.6   34.1    9.48   1.1366     351     1    100.0   15 
15/07/25  16:00   29.8   29.9   29.7    58   20.6    6.4      S   1.61  16.1    SO   29.8   32.2   32.2  1017.0   0.00    0.0    0.000   0.119   31.3    53   20.6   34.1    9.48   1.1365     352     1    100.0   15 
15/07/25  16:15   29.9   30.0   29.8    58   20.7    6.4      S   1.61  14.5   OSO   29.9   32.4   32.4  1016.9   0.00    0.0    0.000   0.120   31.3    53   20.6   34.1    9.48   1.1364     351     1    100.0   15 
15/07/25  16:30   29.7   30.0   29.5    57   20.3    6.4    OSO   1.61  16.1     O   29.7   31.9   31.9  1016.9   0.00    0.0    0.000   0.119   31.3    49   19.3   33.3    8.85   1.1384     351     1    100.0   15 
15/07/25  16:45   29.4   29.6   29.2    59   20.6    6.4    SSO   1.61  17.7   SSE   29.4   31.7   31.7  1016.8   0.00    0.0    0.000   0.116   30.6    44   17.0   31.4    8.11   1.1445     351     1    100.0   15 
15/07/25  17:00   29.2   29.2   29.0    60   20.6    6.4      S   1.61  14.5     S   29.2   31.4   31.4  1016.8   0.00    0.0    0.000   0.113   29.7    43   15.8   30.1    7.95   1.1496     351     1    100.0   15 
15/07/25  17:15   28.7   29.1   28.6    61   20.5    6.4      S   1.61  14.5   ESE   28.7   30.8   30.8  1017.0   0.00    0.0    0.000   0.108   29.2    45   16.1   29.8    8.26   1.1513     352     1    100.0   15 
15/07/25  17:30   28.5   28.7   28.5    61   20.2    4.8    SSO   1.21  17.7     O   28.5   30.3   30.3  1016.9   0.00    0.0    0.000   0.106   29.0    45   15.9   29.6    8.27   1.1523     351     1    100.0   15 
15/07/25  17:45   28.3   28.6   28.1    62   20.4    6.4      S   1.61  16.1     S   28.3   30.1   30.1  1016.9   0.00    0.0    0.000   0.104   28.9    47   16.4   29.7    8.57   1.1519     351     1    100.0   15 
15/07/25  18:00   27.9   28.1   27.8    62   20.0    4.8     SO   1.21  12.9     S   27.9   29.5   29.5  1017.0   0.00    0.0    0.000   0.100   28.7    48   16.6   29.4    8.78   1.1527     351     1    100.0   15 
15/07/25  18:15   27.6   27.8   27.2    64   20.1    4.8    OSO   1.21  11.3    SO   27.6   29.1   29.1  1017.1   0.00    0.0    0.000   0.096   28.6    49   16.8   29.4    8.88   1.1527     351     1    100.0   15 
15/07/25  18:30   27.1   27.2   26.9    65   19.9    3.2    OSO   0.80  11.3    SO   27.1   28.3   28.3  1017.3   0.00    0.0    0.000   0.091   28.6    48   16.5   29.3    8.78   1.1534     351     1    100.0   15 
15/07/25  18:45   26.7   26.9   26.6    67   20.1    4.8    OSO   1.21  11.3   SSO   26.7   28.0   28.0  1017.4   0.00    0.0    0.000   0.087   28.6    48   16.5   29.3    8.78   1.1535     351     1    100.0   15 
15/07/25  19:00   26.4   26.6   26.3    69   20.3    3.2    SSO   0.80   8.0     S   26.4   27.8   27.8  1017.5   0.00    0.0    0.000   0.084   28.6    49   16.8   29.3    8.88   1.1535     351     1    100.0   15 
15/07/25  19:15   26.1   26.3   25.8    72   20.7    3.2    OSO   0.80   8.0   OSO   26.1   27.6   27.6  1017.6   0.00    0.0    0.000   0.081   28.4    49   16.6   29.0    8.89   1.1544     352     1    100.0   15 
15/07/25  19:30   25.6   25.8   25.3    74   20.6    3.2      O   0.80   6.4   OSO   25.6   27.0   27.0  1017.7   0.00    0.0    0.000   0.076   28.2    49   16.4   28.7    8.90   1.1556     351     1    100.0   15 
15/07/25  19:45   25.2   25.3   25.1    75   20.5    3.2      S   0.80   9.7     S   25.2   26.6   26.6  1017.8   0.00    0.0    0.000   0.072   28.3    57   18.9   29.5   10.21   1.1516     350     1    100.0   15 
15/07/25  20:00   24.9   25.1   24.7    77   20.6    1.6    OSO   0.40   6.4    SO   24.9   26.4   26.4  1017.9   0.00    0.0    0.000   0.069   28.5    58   19.4   29.9   10.35   1.1501     351     1    100.0   15 
15/07/25  20:15   24.6   24.7   24.4    78   20.5    1.6    OSO   0.40   4.8   OSO   24.6   26.1   26.1  1018.0   0.00    0.0    0.000   0.065   28.6    59   19.8   30.3   10.55   1.1492     351     1    100.0   15 
15/07/25  20:30   24.2   24.4   24.1    80   20.6    1.6    OSO   0.40   4.8   OSO   24.2   25.7   25.7  1018.2   0.00    0.0    0.000   0.061   28.7    60   20.1   30.5   10.75   1.1487     351     1    100.0   15 
15/07/25  20:45   23.9   24.1   23.8    81   20.5    1.6    OSO   0.40   6.4   OSO   23.9   25.4   25.4  1018.4   0.00    0.0    0.000   0.058   28.7    60   20.1   30.5   10.75   1.1489     350     1    100.0   15 
15/07/25  21:00   23.7   23.8   23.5    82   20.4    1.6    OSO   0.40   6.4   OSO   23.7   25.1   25.1  1018.4   0.00    0.0    0.000   0.056   28.7    61   20.4   30.7   10.95   1.1484     349     1    100.0   15 
15/07/25  21:15   23.3   23.4   23.3    83   20.3    1.6    OSO   0.40   4.8    SO   23.3   24.5   24.5  1018.4   0.00    0.0    0.000   0.052   28.7    61   20.4   30.7   10.95   1.1484     350     1    100.0   15 
15/07/25  21:30   23.2   23.3   23.2    84   20.4    1.6     SO   0.40   3.2    SO   23.2   24.4   24.4  1018.5   0.00    0.0    0.000   0.051   28.6    61   20.4   30.6   10.95   1.1489     352     1    100.0   15 
15/07/25  21:45   23.1   23.2   23.1    84   20.3    0.0     SO   0.00   3.2    SO   23.1   24.3   24.3  1018.6   0.00    0.0    0.000   0.050   28.6    62   20.6   30.6   11.08   1.1488     351     1    100.0   15 
15/07/25  22:00   23.2   23.2   23.1    84   20.3    0.0     SO   0.00   3.2    SO   23.2   24.3   24.3  1018.6   0.00    0.0    0.000   0.050   28.5    62   20.5   30.4   11.08   1.1492     351     1    100.0   15 
15/07/25  22:15   23.1   23.2   23.0    85   20.4    1.6     SO   0.40   3.2    SO   23.1   24.3   24.3  1018.8   0.00    0.0    0.000   0.050   28.4    62   20.5   30.3   11.09   1.1496     351     1    100.0   15 
15/07/25  22:30   22.9   23.0   22.8    86   20.4    1.6     SO   0.40   3.2    SO   22.9   24.1   24.1  1018.8   0.00    0.0    0.000   0.047   28.4    63   20.7   30.3   11.29   1.1496     352     1    100.0   15 
15/07/25  22:45   22.8   22.8   22.8    86   20.4    1.6     SO   0.40   4.8    SO   22.8   24.1   24.1  1018.9   0.00    0.0    0.000   0.047   28.3    63   20.6   30.2   11.29   1.1500     350     1    100.0   15 
15/07/25  23:00   22.8   22.8   22.7    87   20.5    1.6    OSO   0.40   4.8     O   22.8   24.1   24.1  1019.0   0.00    0.0    0.000   0.046   28.4    63   20.7   30.3   11.29   1.1498     351     1    100.0   15 
15/07/25  23:15   22.7   22.7   22.7    88   20.6    1.6    ONO   0.40   4.8   ONO   22.7   24.0   24.0  1019.0   0.00    0.0    0.000   0.046   28.4    63   20.7   30.5   11.29   1.1494     350     1    100.0   15 
15/07/25  23:30   22.7   22.7   22.7    88   20.6    1.6     NO   0.40   4.8     O   22.7   23.9   23.9  1018.9   0.00    0.0    0.000   0.045   28.4    64   20.9   30.5   11.49   1.1492     351     1    100.0   15 
15/07/25  23:45   22.7   22.7   22.6    89   20.8    1.6     NO   0.40   4.8    NO   22.7   24.0   24.0  1019.0   0.00    0.0    0.000   0.045   28.3    64   20.9   30.4   11.49   1.1497     352     1    100.0   15 
16/07/25  00:00   22.7   22.7   22.7    89   20.8    0.0     NO   0.00   4.8    NO   22.7   24.0   24.0  1018.9   0.00    0.0    0.000   0.045   28.3    64   20.8   30.3   11.49   1.1498     350     1    100.0   15 
16/07/25   0:15   22.7   22.7   22.6    89   20.8    0.0     NO   0.00   4.8   OSO   22.7   24.0   24.0  1018.8   0.00    0.0    0.000   0.045   28.3    64   20.8   30.3   11.49   1.1497     350     1    100.0   15 
16/07/25   0:30   22.6   22.7   22.6    88   20.5    0.0      O   0.00   1.6     O   22.6   23.8   23.8  1018.7   0.00    0.0    0.000   0.045   28.2    64   20.8   30.2   11.49   1.1499     351     1    100.0   15 
16/07/25   0:45   22.5   22.6   22.3    89   20.6    0.0      O   0.00   1.6     O   22.5   23.8   23.8  1018.6   0.00    0.0    0.000   0.043   28.2    64   20.8   30.2   11.49   1.1497     351     1    100.0   15 
16/07/25   1:00   22.3   22.4   22.2    90   20.6    0.0      O   0.00   1.6     O   22.3   23.5   23.5  1018.4   0.00    0.0    0.000   0.041   28.2    64   20.7   30.1   11.50   1.1498     352     1    100.0   15 
16/07/25   1:15   22.1   22.2   21.9    90   20.3    0.0      O   0.00   3.2     O   22.1   23.3   23.3  1018.3   0.00    0.0    0.000   0.039   28.1    64   20.7   30.0   11.50   1.1500     351     1    100.0   15 
16/07/25   1:30   21.9   22.0   21.9    91   20.4    1.6      O   0.40   4.8     O   21.9   23.2   23.2  1018.3   0.00    0.0    0.000   0.038   28.1    65   20.9   30.1   11.70   1.1499     351     1    100.0   15 
16/07/25   1:45   22.0   22.0   22.0    90   20.3    1.6      O   0.40   6.4     O   22.0   23.2   23.2  1018.1   0.00    0.0    0.000   0.038   28.0    65   20.8   29.9   11.70   1.1500     351     1    100.0   15 
16/07/25   2:00   22.1   22.1   22.0    90   20.3    1.6      O   0.40   4.8   NNO   22.1   23.3   23.3  1018.0   0.00    0.0    0.000   0.039   27.9    65   20.8   29.8   11.70   1.1501     351     1    100.0   15 
16/07/25   2:15   22.1   22.2   22.0    88   20.0    1.6     NO   0.40   6.4    NO   22.1   23.2   23.2  1017.9   0.00    0.0    0.000   0.039   27.9    64   20.4   29.6   11.51   1.1508     351     1    100.0   15 
16/07/25   2:30   21.9   22.0   21.9    86   19.5    0.0     NO   0.00   3.2    NO   21.9   23.0   23.0  1017.8   0.00    0.0    0.000   0.038   27.8    64   20.4   29.6   11.51   1.1509     350     1    100.0   15 
16/07/25   2:45   21.9   21.9   21.9    86   19.4    0.0     NO   0.00   1.6    NO   21.9   22.9   22.9  1017.9   0.00    0.0    0.000   0.037   27.8    63   20.1   29.3   11.31   1.1517     351     1    100.0   15 
16/07/25   3:00   21.8   21.9   21.8    85   19.2    0.0     NO   0.00   3.2    NO   21.8   22.8   22.8  1017.8   0.00    0.0    0.000   0.036   27.7    63   20.0   29.2   11.31   1.1520     351     1    100.0   15 
16/07/25   3:15   21.8   21.8   21.7    85   19.1    0.0     NO   0.00   4.8    NO   21.8   22.8   22.8  1017.7   0.00    0.0    0.000   0.036   27.7    63   20.0   29.2   11.31   1.1522     352     1    100.0   15 
16/07/25   3:30   21.7   21.8   21.7    86   19.3    0.0     NO   0.00   1.6    NO   21.7   22.8   22.8  1017.6   0.00    0.0    0.000   0.035   27.6    63   19.9   29.1   11.32   1.1524     351     1    100.0   15 
16/07/25   3:45   21.7   21.7   21.6    86   19.2    0.0     NO   0.00   1.6    NO   21.7   22.7   22.7  1017.6   0.00    0.0    0.000   0.035   27.6    63   19.9   29.0   11.32   1.1527     351     1    100.0   15 
16/07/25   4:00   21.4   21.6   21.3    87   19.2    0.0     NO   0.00   1.6    NO   21.4   22.5   22.5  1017.6   0.00    0.0    0.000   0.032   27.5    63   19.8   28.9   11.32   1.1530     351     1    100.0   15 
