                 Temp.  Temp.  Temp.  Hum.   Punt   Vel.   Dir.   Rec.  Vel.  Dir.  Sens.   Índ.   Índ.                  Int. Graus D.Graus D.  Temp.  Hum. Rosada  In.Cal.  EMC     Dens.    Mostr   Tx   Recep.  Int.
  Data    Hora    Ext.   Màx.   Mín.  Ext. Rosada   Vent   Vent   Vent  Màx.  Màx.  Tèrm.  Calor   THW    Bar    Pluja   Pluja  Calor    Fred    Int.  Int.   Int.   Int.    Int.  Int.Aire    Vent   Vent   ISS   Arc.
-------------------------------------------------------------------------------------------------------------------------------------------------------------------------------------------------------------------------
10/11/23   0:15   12.0   12.1   11.9    69    6.5    1.6    ONO   0.40   3.2   ONO   12.0   11.6   11.6  1020.4   0.00    0.0    0.066   0.000   21.2    54   11.5   20.5    9.95   1.1921     348     1    100.0   15 
10/11/23   0:30   11.9   11.9   11.9    69    6.4    1.6     SO   0.40   4.8    SO   11.9   11.5   11.5  1020.1   0.00    0.0    0.067   0.000   21.2    54   11.5   20.4    9.95   1.1920     352     1    100.0   15 
10/11/23   0:45   11.9   12.1   11.9    68    6.2    1.6    ONO   0.40   6.4   ONO   11.9   11.5   11.5  1020.2   0.00    0.0    0.067   0.000   21.1    54   11.4   20.3    9.95   1.1924     345     1    100.0   15 
10/11/23   1:00   12.0   12.1   11.9    68    6.3    1.6      O   0.40   4.8   OSO   12.0   11.6   11.6  1019.9   0.00    0.0    0.066   0.000   21.1    54   11.4   20.3    9.95   1.1921     351     1    100.0   15 
10/11/23   1:15   11.9   12.0   11.9    68    6.2    1.6    ONO   0.40   4.8   ONO   11.9   11.5   11.5  1019.7   0.00    0.0    0.067   0.000   20.9    54   11.3   20.2    9.96   1.1927     351     1    100.0   15 
10/11/23   1:30   11.8   11.9   11.8    69    6.3    1.6    ONO   0.40   6.4   ONO   11.8   11.4   11.4  1019.8   0.00    0.0    0.068   0.000   20.7    54   11.1   20.1    9.98   1.1939     350     1    100.0   15 
10/11/23   1:45   11.7   11.8   11.7    69    6.2    1.6      O   0.40   6.4   OSO   11.7   11.3   11.3  1019.7   0.00    0.0    0.069   0.000   20.5    54   10.9   19.9    9.99   1.1950     352     1    100.0   15 
10/11/23   2:00   11.7   11.7   11.7    70    6.4    1.6    ONO   0.40   8.0   OSO   11.7   11.3   11.3  1019.7   0.00    0.0    0.069   0.000   20.3    55   11.0   19.8   10.18   1.1955     351     1    100.0   15 
10/11/23   2:15   11.7   11.7   11.6    70    6.4    1.6    OSO   0.40   4.8    SO   11.7   11.3   11.3  1019.5   0.00    0.0    0.069   0.000   20.2    55   10.8   19.7   10.18   1.1960     349     1    100.0   15 
10/11/23   2:30   11.4   11.6   11.3    72    6.5    1.6    OSO   0.40   4.8     O   11.4   11.1   11.1  1019.2   0.00    0.0    0.072   0.000   20.0    55   10.7   19.6   10.19   1.1966     350     1    100.0   15 
10/11/23   2:45   11.2   11.3   11.2    72    6.4    1.6      O   0.40   4.8     O   11.2   10.9   10.9  1019.0   0.00    0.0    0.074   0.000   20.1    55   10.7   19.6   10.19   1.1960     352     1    100.0   15 
10/11/23   3:00   11.2   11.3   11.2    73    6.6    3.2      O   0.80   8.0    SO   11.2   10.9   10.9  1018.9   0.00    0.0    0.074   0.000   20.3    55   10.9   19.8   10.18   1.1947     351     1    100.0   15 
10/11/23   3:15   11.4   11.5   11.3    72    6.5    3.2    ONO   0.80   6.4     O   11.4   11.1   11.1  1018.8   0.00    0.0    0.072   0.000   20.7    54   11.0   20.1    9.98   1.1930     350     1    100.0   15 
10/11/23   3:30   11.6   11.7   11.5    71    6.5    1.6    ONO   0.40   4.8   OSO   11.6   11.3   11.3  1018.8   0.00    0.0    0.070   0.000   20.9    54   11.3   20.2    9.96   1.1916     350     1    100.0   15 
10/11/23   3:45   11.5   11.7   11.3    72    6.6    1.6    ONO   0.40   4.8   ONO   11.5   11.2   11.2  1018.6   0.00    0.0    0.071   0.000   21.2    53   11.2   20.4    9.85   1.1905     352     1    100.0   15 
10/11/23   4:00   11.3   11.3   11.2    73    6.6    1.6    ONO   0.40   6.4   OSO   11.3   11.0   11.0  1018.7   0.00    0.0    0.073   0.000   21.3    53   11.4   20.6    9.83   1.1899     349     1    100.0   15 
10/11/23   4:15   11.2   11.3   11.2    73    6.6    1.6      O   0.40   4.8     O   11.2   10.9   10.9  1018.4   0.00    0.0    0.074   0.000   21.5    53   11.5   20.8    9.82   1.1887     351     1    100.0   15 
10/11/23   4:30   11.4   11.4   11.3    73    6.7    1.6     NO   0.40   4.8   ONO   11.4   11.1   11.1  1018.4   0.00    0.0    0.072   0.000   21.7    53   11.7   21.0    9.81   1.1878     351     1    100.0   15 
10/11/23   4:45   11.3   11.4   11.2    74    6.8    1.6    ONO   0.40   8.0   OSO   11.3   11.0   11.0  1018.3   0.00    0.0    0.073   0.000   21.8    52   11.5   21.2    9.63   1.1875     351     1    100.0   15 
10/11/23   5:00   11.4   11.6   11.2    72    6.6    1.6    ONO   0.40   9.7   ONO   11.4   11.1   11.1  1018.3   0.00    0.0    0.072   0.000   21.9    52   11.6   21.3    9.62   1.1869     351     1    100.0   15 
10/11/23   5:15   11.7   11.8   11.6    71    6.6    4.8    ONO   1.21  12.9     O   11.7   11.3   11.3  1018.4   0.00    0.0    0.069   0.000   21.9    52   11.6   21.4    9.62   1.1867     351     1    100.0   15 
10/11/23   5:30   11.8   11.8   11.7    71    6.7    3.2    ONO   0.80   8.0     O   11.8   11.4   11.4  1018.4   0.00    0.0    0.068   0.000   22.1    52   11.7   21.6    9.62   1.1862     349     1    100.0   15 
10/11/23   5:45   11.7   11.7   11.6    72    6.8    3.2    ONO   0.80   8.0   OSO   11.7   11.3   11.3  1018.4   0.00    0.0    0.069   0.000   22.3    52   11.9   21.9    9.61   1.1851     351     1    100.0   15 
10/11/23   6:00   11.6   11.6   11.4    73    6.9    4.8    ONO   1.21   9.7    NO   11.6   11.2   11.2  1018.1   0.00    0.0    0.071   0.000   22.4    51   11.8   22.1    9.40   1.1842     350     1    100.0   15 
10/11/23   6:15   11.4   11.5   11.3    73    6.7    6.4    ONO   1.61  19.3     O   11.0   11.1   10.7  1017.9   0.00    0.0    0.072   0.000   22.5    51   11.9   22.2    9.40   1.1836     349     1    100.0   15 
10/11/23   6:30   11.6   11.6   11.5    73    6.9    8.0      O   2.01  16.1    NO   10.8   11.2   10.5  1017.9   0.00    0.0    0.071   0.000   22.6    51   12.0   22.3    9.40   1.1831     351     1    100.0   15 
10/11/23   6:45   11.6   11.7   11.6    72    6.7    9.7    ONO   2.41  25.7     O   10.6   11.3   10.3  1017.8   0.00    0.0    0.070   0.000   22.8    51   12.1   22.6    9.39   1.1822     351     1    100.0   15 
10/11/23   7:00   11.7   11.8   11.7    71    6.6    9.7      O   2.41  20.9     O   10.7   11.3   10.3  1018.0   0.00    0.0    0.069   0.000   22.8    51   12.2   22.6    9.39   1.1821     351     1    100.0   15 
10/11/23   7:15   11.8   11.8   11.7    71    6.7    8.0      O   2.01  19.3     O   11.1   11.4   10.7  1018.3   0.00    0.0    0.068   0.000   22.9    51   12.2   22.7    9.39   1.1821     352     1    100.0   15 
10/11/23   7:30   11.7   11.8   11.6    71    6.6    6.4    ONO   1.61  19.3     O   11.3   11.3   10.9  1018.4   0.00    0.0    0.069   0.000   22.9    51   12.3   22.8    9.38   1.1820     351     1    100.0   15 
10/11/23   7:45   11.7   11.9   11.6    71    6.6    4.8    ONO   1.21  14.5   ONO   11.7   11.3   11.3  1018.4   0.00    0.0    0.069   0.000   23.1    51   12.4   22.9    9.38   1.1814     349     1    100.0   15 
10/11/23   8:00   12.3   12.6   11.9    70    7.0    3.2    ONO   0.80   8.0     O   12.3   11.9   11.9  1018.3   0.00    0.0    0.063   0.000   23.3    51   12.6   23.2    9.37   1.1800     348     1    100.0   15 
10/11/23   8:15   12.8   13.1   12.6    68    7.1    4.8      O   1.21  12.9   ONO   12.8   12.3   12.3  1018.4   0.00    0.0    0.057   0.000   23.7    51   12.9   23.7    9.36   1.1784     351     1    100.0   15 
10/11/23   8:30   13.1   13.2   13.1    66    6.9    8.0    ONO   2.01  17.7     O   12.7   12.6   12.1  1018.4   0.00    0.0    0.054   0.000   24.0    51   13.2   24.1    9.35   1.1767     351     1    100.0   15 
10/11/23   8:45   13.3   13.5   13.2    65    6.8    9.7    ONO   2.41  25.7    NO   12.6   12.7   12.1  1018.2   0.00    0.0    0.053   0.000   24.2    50   13.1   24.2    9.24   1.1760     351     1    100.0   15 
10/11/23   9:00   13.7   13.9   13.5    63    6.7   12.9      O   3.22  29.0   ONO   12.4   13.1   11.8  1018.1   0.00    0.0    0.049   0.000   24.3    50   13.2   24.3    9.23   1.1750     351     1    100.0   15 
10/11/23   9:15   14.1   14.3   13.9    62    6.9    9.7      O   2.41  25.7     O   13.6   13.4   12.9  1018.2   0.00    0.0    0.044   0.000   24.4    49   13.0   24.3    9.03   1.1752     351     1    100.0   15 
10/11/23   9:30   14.4   14.6   14.3    61    7.0   11.3      O   2.82  33.8     O   13.8   13.8   13.1  1018.4   0.00    0.0    0.041   0.000   24.4    50   13.3   24.4    9.23   1.1751     351     1    100.0   15 
10/11/23   9:45   14.7   14.9   14.5    59    6.7   11.3      O   2.82  33.8   ONO   14.1   13.9   13.3  1018.5   0.00    0.0    0.038   0.000   24.4    49   13.0   24.3    9.03   1.1756     350     1    100.0   15 
10/11/23  10:00   14.9   15.0   14.9    58    6.7   14.5      O   3.62  32.2     O   13.6   14.2   12.8  1018.4   0.00    0.0    0.035   0.000   24.4    49   13.0   24.3    9.03   1.1755     350     1    100.0   15 
10/11/23  10:15   15.2   15.3   15.0    58    7.0   12.9      O   3.22  33.8   ONO   14.3   14.4   13.6  1018.4   0.00    0.0    0.032   0.000   24.4    49   13.0   24.3    9.03   1.1755     350     1    100.0   15 
10/11/23  10:30   15.6   15.9   15.3    56    6.9   11.3    ONO   2.82  29.0     O   15.2   14.8   14.3  1018.3   0.00    0.0    0.028   0.000   24.4    48   12.7   24.3    8.93   1.1754     352     1    100.0   15 
10/11/23  10:45   16.1   16.2   15.9    56    7.3   11.3      O   2.82  37.0     O   15.7   15.2   14.9  1018.3   0.00    0.0    0.024   0.000   24.6    48   12.8   24.4    8.93   1.1749     348     1    100.0   15 
10/11/23  11:00   16.2   16.3   15.9    55    7.1   11.3      O   2.82  32.2   OSO   15.8   15.3   14.9  1018.2   0.00    0.0    0.023   0.000   24.4    44   11.4   24.2    8.23   1.1767     351     1    100.0   15 
10/11/23  11:15   16.2   16.3   16.1    56    7.4    9.7      O   2.41  27.4     O   16.1   15.4   15.3  1018.2   0.00    0.0    0.022   0.000   24.2    45   11.5   23.9    8.44   1.1777     349     1    100.0   15 
10/11/23  11:30   16.6   16.7   16.3    54    7.3    8.0      O   2.01  22.5   NNO   16.6   15.7   15.7  1017.8   0.00    0.0    0.018   0.000   24.2    46   11.9   24.1    8.54   1.1767     351     1    100.0   15 
10/11/23  11:45   16.8   17.1   16.6    53    7.2    9.7    ONO   2.41  22.5     O   16.8   15.9   15.9  1017.7   0.00    0.0    0.016   0.000   24.3    45   11.6   24.1    8.43   1.1764     350     1    100.0   15 
10/11/23  12:00   16.9   17.1   16.8    55    7.8   12.9      O   3.22  29.0   OSO   16.3   16.1   15.5  1017.3   0.00    0.0    0.015   0.000   24.4    45   11.7   24.2    8.43   1.1757     350     1    100.0   15 
10/11/23  12:15   16.8   17.0   16.6    54    7.5   11.3      O   2.82  33.8     O   16.7   15.9   15.8  1017.4   0.00    0.0    0.016   0.000   24.4    45   11.7   24.2    8.43   1.1757     350     1    100.0   15 
10/11/23  12:30   16.7   16.8   16.6    54    7.3    9.7      O   2.41  30.6   OSO   16.7   15.8   15.8  1017.2   0.00    0.0    0.017   0.000   24.4    45   11.7   24.2    8.43   1.1755     351     1    100.0   15 
10/11/23  12:45   16.7   16.8   16.7    53    7.1    9.7      O   2.41  38.6   OSO   16.7   15.8   15.8  1017.2   0.00    0.0    0.017   0.000   24.3    45   11.6   24.1    8.43   1.1758     352     1    100.0   15 
10/11/23  13:00   16.9   17.0   16.7    53    7.2    8.0      O   2.01  32.2    NO   16.9   16.0   16.0  1017.1   0.00    0.0    0.015   0.000   24.3    45   11.6   24.1    8.43   1.1756     351     1    100.0   15 
10/11/23  13:15   17.0   17.1   17.0    53    7.3    9.7      O   2.41  29.0     O   17.0   16.1   16.1  1017.0   0.00    0.0    0.014   0.000   24.3    46   11.9   24.1    8.54   1.1754     351     1    100.0   15 
10/11/23  13:30   17.1   17.2   16.9    54    7.7    8.0      O   2.01  29.0     O   17.1   16.3   16.3  1016.8   0.00    0.0    0.013   0.000   24.3    46   11.9   24.1    8.54   1.1753     351     1    100.0   15 
10/11/23  13:45   16.9   17.0   16.7    55    7.8    8.0      O   2.01  30.6   ONO   16.9   16.1   16.1  1016.9   0.00    0.0    0.015   0.000   24.2    46   11.9   24.1    8.54   1.1756     352     1    100.0   15 
10/11/23  14:00   16.6   16.7   16.5    55    7.5    9.7      O   2.41  25.7     O   16.6   15.7   15.7  1016.8   0.00    0.0    0.019   0.000   24.2    47   12.2   24.1    8.74   1.1752     335     1     98.0   15 
10/11/23  14:15   16.7   16.8   16.6    54    7.4    8.0      O   2.01  22.5     O   16.7   15.8   15.8  1016.6   0.00    0.0    0.017   0.000   24.3    47   12.2   24.2    8.74   1.1747     336     1     98.2   15 
10/11/23  14:30   17.1   17.3   16.8    53    7.4    9.7      O   2.41  27.4     O   17.1   16.2   16.2  1016.8   0.00    0.0    0.013   0.000   24.4    46   12.0   24.2    8.53   1.1747     343     1    100.0   15 
10/11/23  14:45   17.6   17.8   17.3    52    7.6    8.0      O   2.01  24.1     O   17.6   16.7   16.7  1016.8   0.00    0.0    0.008   0.000   24.4    47   12.4   24.3    8.73   1.1740     337     1     98.5   15 
10/11/23  15:00   17.7   17.9   17.7    52    7.7    9.7      O   2.41  24.1   ONO   17.7   16.8   16.8  1016.5   0.00    0.0    0.006   0.000   24.6    47   12.5   24.4    8.73   1.1732     350     1    100.0   15 
10/11/23  15:15   17.9   17.9   17.8    51    7.6    8.0      O   2.01  29.0    SO   17.9   16.9   16.9  1016.9   0.00    0.0    0.005   0.000   24.6    47   12.5   24.4    8.72   1.1733     350     1    100.0   15 
10/11/23  15:30   17.8   18.0   17.7    52    7.8    6.4      O   1.61  20.9   OSO   17.8   16.9   16.9  1016.9   0.00    0.0    0.005   0.000   24.6    47   12.5   24.4    8.72   1.1734     350     1    100.0   15 
10/11/23  15:45   17.6   17.7   17.4    52    7.6    8.0      O   2.01  30.6     O   17.6   16.7   16.7  1017.1   0.00    0.0    0.008   0.000   24.6    47   12.5   24.4    8.73   1.1738     351     1    100.0   15 
10/11/23  16:00   17.2   17.3   17.0    54    7.8    8.0    OSO   2.01  20.9     O   17.2   16.3   16.3  1017.4   0.00    0.0    0.012   0.000   24.4    48   12.7   24.3    8.93   1.1744     347     1    100.0   15 
10/11/23  16:15   16.8   16.9   16.6    55    7.7    8.0      O   2.01  30.6   OSO   16.8   15.9   15.9  1017.5   0.00    0.0    0.016   0.000   24.4    48   12.7   24.3    8.93   1.1748     350     1    100.0   15 
10/11/23  16:30   16.4   16.6   16.2    56    7.6    6.4      O   1.61  19.3   OSO   16.4   15.6   15.6  1017.7   0.00    0.0    0.020   0.000   24.2    48   12.5   24.1    8.94   1.1762     351     1    100.0   15 
10/11/23  16:45   16.0   16.2   15.9    57    7.5    6.4      O   1.61  24.1    SO   16.0   15.2   15.2  1017.9   0.00    0.0    0.024   0.000   24.0    49   12.6   24.0    9.05   1.1768     351     1    100.0   15 
10/11/23  17:00   15.7   15.8   15.6    58    7.5    4.8      O   1.21  20.9   OSO   15.7   14.9   14.9  1017.9   0.00    0.0    0.027   0.000   23.8    49   12.5   23.8    9.05   1.1777     352     1    100.0   15 
10/11/23  17:15   15.4   15.6   15.3    59    7.5    4.8      O   1.21  16.1    SO   15.4   14.7   14.7  1018.0   0.00    0.0    0.030   0.000   23.7    49   12.3   23.6    9.05   1.1786     351     1    100.0   15 
10/11/23  17:30   15.3   15.4   15.2    59    7.3    4.8      O   1.21  12.9     O   15.3   14.5   14.5  1018.1   0.00    0.0    0.032   0.000   23.6    49   12.2   23.4    9.05   1.1793     350     1    100.0   15 
10/11/23  17:45   15.0   15.2   14.9    60    7.3    6.4      O   1.61  22.5   ONO   15.0   14.3   14.3  1018.2   0.00    0.0    0.035   0.000   23.5    50   12.5   23.4    9.25   1.1793     350     1    100.0   15 
10/11/23  18:00   15.0   15.1   14.9    60    7.3    9.7    ONO   2.41  20.9   ONO   14.7   14.3   13.9  1018.2   0.00    0.0    0.035   0.000   23.6    49   12.2   23.4    9.05   1.1794     352     1    100.0   15 
10/11/23  18:15   14.9   15.1   14.9    61    7.5    9.7    ONO   2.41  35.4   ONO   14.6   14.3   13.9  1018.3   0.00    0.0    0.035   0.000   23.7    49   12.4   23.7    9.05   1.1787     348     1    100.0   15 
10/11/23  18:30   15.0   15.1   14.8    61    7.5   11.3      O   2.82  30.6   ONO   14.4   14.3   13.8  1018.2   0.00    0.0    0.035   0.000   23.9    49   12.5   23.9    9.05   1.1778     351     1    100.0   15 
10/11/23  18:45   14.8   14.8   14.8    62    7.6   11.3      O   2.82  32.2     O   14.2   14.2   13.6  1018.2   0.00    0.0    0.036   0.000   23.8    49   12.5   23.8    9.05   1.1781     349     1    100.0   15 
10/11/23  19:00   14.8   14.8   14.7    63    7.8    9.7    ONO   2.41  37.0    NO   14.4   14.2   13.8  1018.5   0.00    0.0    0.037   0.000   23.8    49   12.4   23.7    9.05   1.1786     350     1    100.0   15 
10/11/23  19:15   14.7   14.7   14.6    64    7.9    9.7      O   2.41  25.7   OSO   14.3   14.1   13.7  1018.6   0.00    0.0    0.038   0.000   23.7    49   12.3   23.6    9.05   1.1793     351     1    100.0   15 
10/11/23  19:30   14.3   14.5   14.1    66    8.0    4.8     NO   1.21  19.3     O   14.3   13.7   13.7  1018.6   0.00    0.0    0.042   0.000   23.6    50   12.5   23.5    9.25   1.1796     351     1    100.0   15 
10/11/23  19:45   14.1   14.2   14.1    66    7.8    4.8      O   1.21  17.7   ONO   14.1   13.6   13.6  1019.0   0.00    0.0    0.044   0.000   23.6    51   12.8   23.6    9.36   1.1796     351     1    100.0   15 
10/11/23  20:00   14.1   14.2   13.9    66    7.8    1.6     SO   0.40   8.0    SE   14.1   13.5   13.5  1019.2   0.00    0.0    0.045   0.000   23.7    51   12.9   23.7    9.36   1.1794     350     1    100.0   15 
10/11/23  20:15   13.9   14.0   13.9    66    7.7    4.8      E   1.21  14.5     E   13.9   13.4   13.4  1019.3   0.00    0.0    0.046   0.000   23.8    51   13.0   23.8    9.35   1.1789     351     1    100.0   15 
10/11/23  20:30   13.8   13.9   13.8    67    7.8    4.8    ENE   1.21  11.3     E   13.8   13.3   13.3  1019.2   0.00    0.0    0.047   0.000   23.8    51   13.1   23.9    9.35   1.1785     351     1    100.0   15 
10/11/23  20:45   13.8   13.9   13.7    67    7.8    1.6     NE   0.40   6.4    NE   13.8   13.3   13.3  1019.2   0.00    0.0    0.047   0.000   23.8    52   13.4   23.9    9.55   1.1782     351     1    100.0   15 
10/11/23  21:00   13.4   13.7   13.3    69    7.8    3.2      O   0.80   6.4   OSO   13.4   12.9   12.9  1019.2   0.00    0.0    0.052   0.000   23.9    52   13.4   24.1    9.55   1.1779     350     1    100.0   15 
10/11/23  21:15   13.3   13.4   13.3    69    7.8    1.6      O   0.40   6.4     O   13.3   12.9   12.9  1019.3   0.00    0.0    0.052   0.000   23.8    52   13.3   23.9    9.55   1.1786     349     1    100.0   15 
10/11/23  21:30   13.3   13.3   13.2    70    7.9    3.2     NO   0.80   9.7     O   13.3   12.8   12.8  1019.4   0.00    0.0    0.053   0.000   23.6    52   13.2   23.7    9.56   1.1795     352     1    100.0   15 
10/11/23  21:45   13.2   13.2   13.1    70    7.8    3.2    ONO   0.80  11.3   ONO   13.2   12.7   12.7  1019.6   0.00    0.0    0.054   0.000   23.4    53   13.3   23.5    9.68   1.1802     351     1    100.0   15 
10/11/23  22:00   12.9   13.0   12.9    71    7.8    3.2    ONO   0.80  11.3     O   12.9   12.6   12.6  1019.7   0.00    0.0    0.056   0.000   23.3    53   13.2   23.3    9.69   1.1812     351     1    100.0   15 
10/11/23  22:15   13.1   13.1   12.9    71    7.9    3.2      O   0.80  14.5     O   13.1   12.7   12.7  1019.5   0.00    0.0    0.055   0.000   23.1    53   13.0   23.1    9.71   1.1818     350     1    100.0   15 
10/11/23  22:30   12.9   13.0   12.8    72    8.0    3.2    ONO   0.80   9.7   OSO   12.9   12.5   12.5  1019.5   0.00    0.0    0.057   0.000   22.9    53   12.9   22.9    9.72   1.1827     352     1    100.0   15 
10/11/23  22:45   12.9   13.0   12.8    72    8.0    4.8    ONO   1.21  11.3     O   12.9   12.5   12.5  1019.2   0.00    0.0    0.057   0.000   22.8    53   12.7   22.7    9.73   1.1829     350     1    100.0   15 
10/11/23  23:00   13.1   13.1   13.0    72    8.1    4.8    ONO   1.21  14.5     O   13.1   12.7   12.7  1019.5   0.00    0.0    0.055   0.000   22.7    53   12.6   22.6    9.73   1.1838     350     1    100.0   15 
10/11/23  23:15   13.1   13.1   13.0    71    7.9    1.6    ONO   0.40   9.7     O   13.1   12.7   12.7  1019.4   0.00    0.0    0.055   0.000   22.5    53   12.4   22.3    9.75   1.1848     351     1    100.0   15 
10/11/23  23:30   12.9   13.0   12.8    72    8.0    0.0    ONO   0.00   1.6   ONO   12.9   12.5   12.5  1019.3   0.00    0.0    0.057   0.000   22.3    54   12.5   22.0    9.91   1.1855     352     1    100.0   15 
10/11/23  23:45   12.8   12.8   12.7    72    7.9    1.6    OSO   0.40   9.7    SO   12.8   12.4   12.4  1019.4   0.00    0.0    0.058   0.000   22.1    54   12.3   21.7    9.92   1.1867     350     1    100.0   15 
11/11/23  00:00   12.8   12.8   12.7    73    8.1    1.6    ENE   0.40   6.4   ENE   12.8   12.4   12.4  1019.5   0.00    0.0    0.058   0.000   21.8    54   12.1   21.3    9.92   1.1880     351     1    100.0   15 
11/11/23   0:15   12.6   12.7   12.4    73    7.9    3.2     NO   0.80  11.3    NO   12.6   12.3   12.3  1019.1   0.00    0.0    0.060   0.000   21.7    54   12.0   21.1    9.93   1.1883     349     1    100.0   15 
11/11/23   0:30   12.4   12.5   12.4    74    7.9    6.4    ONO   1.61  14.5   ONO   12.2   12.2   11.9  1019.1   0.00    0.0    0.061   0.000   21.5    54   11.8   20.8    9.94   1.1892     351     1    100.0   15 
11/11/23   0:45   12.4   12.4   12.3    75    8.1    6.4    ONO   1.61  14.5   ONO   12.1   12.1   11.8  1019.0   0.00    0.0    0.062   0.000   21.3    55   11.9   20.7   10.14   1.1896     350     1    100.0   15 
11/11/23   1:00   12.4   12.5   12.4    75    8.1    6.4    ONO   1.61  12.9   OSO   12.2   12.2   11.9  1018.9   0.00    0.0    0.061   0.000   21.2    55   11.8   20.4   10.15   1.1904     352     1    100.0   15 
11/11/23   1:15   12.6   12.7   12.5    74    8.1    6.4    ONO   1.61  14.5   ONO   12.4   12.3   12.1  1018.5   0.00    0.0    0.060   0.000   21.1    55   11.7   20.3   10.15   1.1904     351     1    100.0   15 
11/11/23   1:30   12.8   12.9   12.7    73    8.1    6.4     NO   1.61  17.7     O   12.6   12.4   12.2  1018.3   0.00    0.0    0.058   0.000   20.9    55   11.5   20.2   10.16   1.1910     350     1    100.0   15 
11/11/23   1:45   12.9   13.0   12.9    73    8.2    4.8     NO   1.21  12.9   ONO   12.9   12.6   12.6  1018.4   0.00    0.0    0.056   0.000   20.8    55   11.4   20.2   10.16   1.1917     351     1    100.0   15 
11/11/23   2:00   13.1   13.1   13.0    73    8.3    3.2      O   0.80  11.3   NNO   13.1   12.7   12.7  1018.5   0.00    0.0    0.055   0.000   20.7    55   11.3   20.1   10.17   1.1923     352     1    100.0   15 
11/11/23   2:15   12.9   13.1   12.7    73    8.2    1.6      O   0.40   8.0     E   12.9   12.6   12.6  1018.4   0.00    0.0    0.056   0.000   20.6    56   11.5   20.1   10.37   1.1922     351     1    100.0   15 
11/11/23   2:30   12.3   12.7   12.1    75    8.0    4.8      E   1.21   8.0     E   12.3   12.1   12.1  1018.1   0.00    0.0    0.062   0.000   20.5    56   11.4   20.0   10.37   1.1924     350     1    100.0   15 
11/11/23   2:45   12.1   12.1   12.1    75    7.8    1.6      E   0.40   4.8     E   12.1   11.8   11.8  1018.1   0.00    0.0    0.065   0.000   20.5    56   11.4   20.0   10.37   1.1925     348     1    100.0   15 
11/11/23   3:00   12.0   12.1   11.9    75    7.7    1.6      E   0.40   4.8     E   12.0   11.7   11.7  1018.1   0.00    0.0    0.066   0.000   20.7    55   11.4   20.1   10.16   1.1916     351     1    100.0   15 
11/11/23   3:15   11.8   11.9   11.8    76    7.7    1.6      E   0.40   8.0     E   11.8   11.6   11.6  1018.0   0.00    0.0    0.068   0.000   21.1    55   11.7   20.3   10.15   1.1897     352     1    100.0   15 
