                 Temp.  Temp.  Temp.  Hum.   Punt   Vel.   Dir.   Rec.  Vel.  Dir.  Sens.   Índ.   Índ.                  Int. Graus D.Graus D.  Temp.  Hum. Rosada  In.Cal.  EMC     Dens.    Mostr   Tx   Recep.  Int.
  Data    Hora    Ext.   Màx.   Mín.  Ext. Rosada   Vent   Vent   Vent  Màx.  Màx.  Tèrm.  Calor   THW    Bar    Pluja   Pluja  Calor    Fred    Int.  Int.   Int.   Int.    Int.  Int.Aire    Vent   Vent   ISS   Arc.
-------------------------------------------------------------------------------------------------------------------------------------------------------------------------------------------------------------------------
15/11/23   0:15   16.6   16.7   16.6    70   11.1    6.4      O   1.61  16.1     O   16.6   16.3   16.3  1025.2   0.00    0.0    0.018   0.000   23.2    58   14.4   23.4   10.60   1.1865     349     1    100.0   15 
15/11/23   0:30   16.6   16.6   16.4    71   11.3    8.0    ONO   2.01  17.7   ONO   16.6   16.3   16.3  1025.1   0.00    0.0    0.019   0.000   23.1    58   14.4   23.3   10.61   1.1867     351     1    100.0   15 
15/11/23   0:45   16.4   16.4   16.3    72   11.3    8.0    ONO   2.01  24.1   OSO   16.4   16.2   16.2  1025.1   0.00    0.0    0.020   0.000   23.0    58   14.3   23.2   10.61   1.1873     348     1    100.0   15 
15/11/23   1:00   16.1   16.3   15.9    73   11.3    6.4      O   1.61  14.5     O   16.1   15.9   15.9  1025.1   0.00    0.0    0.023   0.000   22.9    58   14.2   23.1   10.62   1.1877     350     1    100.0   15 
15/11/23   1:15   15.8   15.9   15.8    74   11.2    6.4    ONO   1.61  17.7     O   15.8   15.6   15.6  1025.2   0.00    0.0    0.026   0.000   22.8    58   14.1   23.0   10.63   1.1883     350     1    100.0   15 
15/11/23   1:30   15.9   15.9   15.8    74   11.3    6.4    ONO   1.61  19.3     O   15.9   15.7   15.7  1025.1   0.00    0.0    0.025   0.000   22.8    59   14.3   22.9   10.83   1.1882     351     1    100.0   15 
15/11/23   1:45   16.0   16.1   15.9    73   11.2    6.4    ONO   1.61  19.3     O   16.0   15.8   15.8  1025.4   0.00    0.0    0.024   0.000   22.7    59   14.2   22.8   10.84   1.1890     351     1    100.0   15 
15/11/23   2:00   15.9   16.1   15.8    74   11.3    4.8    ONO   1.21  11.3   ONO   15.9   15.7   15.7  1025.5   0.00    0.0    0.025   0.000   22.6    59   14.2   22.7   10.84   1.1895     350     1    100.0   15 
15/11/23   2:15   15.6   15.8   15.5    75   11.2    6.4    ONO   1.61  14.5   OSO   15.6   15.4   15.4  1025.3   0.00    0.0    0.028   0.000   22.5    59   14.1   22.6   10.85   1.1899     352     1    100.0   15 
15/11/23   2:30   15.4   15.5   15.4    75   11.0    6.4    ONO   1.61  16.1   ONO   15.4   15.2   15.2  1025.3   0.00    0.0    0.030   0.000   22.4    59   14.0   22.4   10.85   1.1901     350     1    100.0   15 
15/11/23   2:45   15.4   15.5   15.4    75   11.0    3.2    ONO   0.80  11.3   ONO   15.4   15.2   15.2  1025.5   0.00    0.0    0.030   0.000   22.4    59   14.0   22.4   10.86   1.1906     351     1    100.0   15 
15/11/23   3:00   15.5   15.6   15.3    75   11.1    3.2    ENE   0.80  11.3   ENE   15.5   15.3   15.3  1025.4   0.00    0.0    0.030   0.000   22.3    59   13.9   22.2   10.87   1.1911     351     1    100.0   15 
15/11/23   3:15   15.2   15.4   15.2    76   11.0    1.6      O   0.40   8.0     O   15.2   15.0   15.0  1025.5   0.00    0.0    0.032   0.000   22.2    59   13.8   22.1   10.87   1.1915     351     1    100.0   15 
15/11/23   3:30   15.1   15.2   15.1    76   10.9    1.6     NO   0.40   9.7    NO   15.1   14.9   14.9  1025.5   0.00    0.0    0.034   0.000   22.1    59   13.7   21.9   10.88   1.1921     351     1    100.0   15 
15/11/23   3:45   14.8   15.1   14.6    77   10.8    1.6      O   0.40   4.8   ONO   14.8   14.6   14.6  1025.9   0.00    0.0    0.036   0.000   22.1    59   13.7   21.9   10.88   1.1928     350     1    100.0   15 
15/11/23   4:00   14.6   14.6   14.5    78   10.8    1.6     NO   0.40   4.8    NO   14.6   14.4   14.4  1026.1   0.00    0.0    0.039   0.000   22.0    59   13.6   21.8   10.89   1.1933     350     1    100.0   15 
15/11/23   4:15   14.4   14.5   14.3    79   10.8    1.6    NNO   0.40   4.8    NO   14.4   14.2   14.2  1026.5   0.00    0.0    0.041   0.000   21.9    59   13.5   21.7   10.89   1.1944     350     1    100.0   15 
15/11/23   4:30   14.0   14.3   13.8    80   10.6    4.8    ENE   1.21   9.7     E   14.0   13.8   13.8  1026.5   0.00    0.0    0.045   0.000   21.8    59   13.5   21.6   10.90   1.1947     352     1    100.0   15 
15/11/23   4:45   13.6   13.8   13.4    82   10.6    4.8    ENE   1.21  14.5   ENE   13.6   13.5   13.5  1026.7   0.00    0.0    0.049   0.000   21.7    59   13.4   21.4   10.91   1.1955     350     1    100.0   15 
15/11/23   5:00   13.4   13.4   13.4    82   10.4    3.2     NE   0.80   8.0   ENE   13.4   13.3   13.3  1026.8   0.00    0.0    0.052   0.000   21.7    59   13.3   21.3   10.91   1.1959     351     1    100.0   15 
15/11/23   5:15   13.2   13.4   13.0    83   10.4    1.6      O   0.40   6.4     O   13.2   13.1   13.1  1027.1   0.00    0.0    0.053   0.000   21.6    59   13.2   21.2   10.92   1.1968     349     1    100.0   15 
15/11/23   5:30   13.1   13.2   12.9    83   10.2    3.2     NO   0.80  11.3     E   13.1   12.9   12.9  1026.9   0.00    0.0    0.055   0.000   21.6    59   13.3   21.3   10.91   1.1963     351     1    100.0   15 
15/11/23   5:45   13.1   13.2   12.9    83   10.3    1.6     NO   0.40   6.4    NE   13.1   13.0   13.0  1026.9   0.00    0.0    0.054   0.000   21.8    59   13.5   21.6   10.90   1.1952     351     1    100.0   15 
15/11/23   6:00   12.9   13.0   12.9    84   10.3    1.6     NO   0.40   3.2   ONO   12.9   12.9   12.9  1027.1   0.00    0.0    0.056   0.000   22.2    58   13.6   22.1   10.67   1.1937     351     1    100.0   15 
15/11/23   6:15   13.1   13.2   13.0    84   10.5    1.6     NO   0.40   4.8    NO   13.1   13.1   13.1  1027.1   0.00    0.0    0.054   0.000   22.6    58   13.9   22.6   10.65   1.1920     351     1    100.0   15 
15/11/23   6:30   13.2   13.2   13.1    83   10.3    1.6     NO   0.40   4.8    NO   13.2   13.1   13.1  1027.4   0.00    0.0    0.054   0.000   22.8    58   14.1   22.9   10.63   1.1912     351     1    100.0   15 
15/11/23   6:45   12.8   13.1   12.6    84   10.2    3.2     NO   0.80   4.8    NO   12.8   12.8   12.8  1027.6   0.00    0.0    0.057   0.000   23.0    57   14.0   23.2   10.41   1.1906     352     1    100.0   15 
15/11/23   7:00   12.6   12.7   12.6    85   10.2    3.2     NO   0.80   6.4    NO   12.6   12.6   12.6  1027.6   0.00    0.0    0.060   0.000   23.2    57   14.2   23.3   10.40   1.1898     351     1    100.0   15 
15/11/23   7:15   12.9   13.1   12.8    84   10.3    3.2     NO   0.80   6.4    NO   12.9   12.9   12.9  1027.9   0.00    0.0    0.056   0.000   23.3    57   14.3   23.6   10.39   1.1893     350     1    100.0   15 
15/11/23   7:30   13.2   13.5   13.1    83   10.4    3.2     NO   0.80   6.4    NO   13.2   13.1   13.1  1028.2   0.00    0.0    0.053   0.000   23.6    57   14.5   23.8   10.37   1.1885     351     1    100.0   15 
15/11/23   7:45   13.7   13.7   13.5    82   10.6    1.6     NO   0.40   6.4    NO   13.7   13.6   13.6  1028.5   0.00    0.0    0.049   0.000   23.8    57   14.8   24.2   10.35   1.1874     350     1    100.0   15 
15/11/23   8:00   13.6   13.9   13.4    82   10.6    1.6      O   0.40   4.8     O   13.6   13.5   13.5  1028.6   0.00    0.0    0.049   0.000   24.1    57   15.1   24.4   10.33   1.1860     350     1    100.0   15 
15/11/23   8:15   14.4   14.9   13.9    80   11.0    0.0      O   0.00   3.2     O   14.4   14.3   14.3  1029.0   0.00    0.0    0.041   0.000   24.4    57   15.3   24.7   10.31   1.1850     350     1    100.0   15 
15/11/23   8:30   14.9   15.3   14.8    79   11.3    1.6      O   0.40   4.8   NNO   14.9   14.8   14.8  1028.9   0.00    0.0    0.035   0.000   24.6    56   15.2   24.8   10.20   1.1842     347     1    100.0   15 
15/11/23   8:45   15.6   15.7   15.3    76   11.4    4.8    ENE   1.21   9.7     E   15.6   15.4   15.4  1028.9   0.00    0.0    0.028   0.000   24.7    56   15.3   24.9   10.19   1.1838     346     1    100.0   15 
15/11/23   9:00   15.5   15.7   15.4    78   11.7    6.4    ENE   1.61  11.3   ENE   15.5   15.4   15.4  1029.1   0.00    0.0    0.030   0.000   24.7    56   15.4   24.9   10.19   1.1838     351     1    100.0   15 
15/11/23   9:15   15.6   15.8   15.4    77   11.5    4.8    ENE   1.21   8.0   ENE   15.6   15.4   15.4  1029.1   0.00    0.0    0.029   0.000   24.8    56   15.4   25.0   10.19   1.1835     351     1    100.0   15 
15/11/23   9:30   16.1   16.4   15.8    75   11.7    3.2    ESE   0.80   8.0     S   16.1   15.9   15.9  1029.1   0.00    0.0    0.023   0.000   24.9    56   15.5   25.1   10.18   1.1830     349     1    100.0   15 
15/11/23   9:45   16.6   16.8   16.4    73   11.7    4.8    ESE   1.21  11.3   ESE   16.6   16.4   16.4  1029.3   0.00    0.0    0.019   0.000   24.9    56   15.6   25.2   10.17   1.1829     345     1    100.0   15 
15/11/23  10:00   16.7   16.8   16.7    73   11.9    4.8      E   1.21   9.7     E   16.7   16.6   16.6  1029.3   0.00    0.0    0.017   0.000   25.1    55   15.4   25.2    9.97   1.1827     352     1    100.0   15 
15/11/23  10:15   17.1   17.3   16.8    71   11.8    4.8      E   1.21   9.7     E   17.1   16.9   16.9  1029.5   0.00    0.0    0.013   0.000   25.1    54   15.1   25.2    9.81   1.1830     350     1    100.0   15 
15/11/23  10:30   17.3   17.6   17.3    71   12.0    4.8      E   1.21  11.3     E   17.3   17.2   17.2  1029.3   0.00    0.0    0.010   0.000   25.1    53   14.9   25.2    9.65   1.1831     350     1    100.0   15 
15/11/23  10:45   17.9   18.3   17.6    68   12.0    1.6      E   0.40   8.0     E   17.9   17.8   17.8  1029.2   0.00    0.0    0.004   0.000   25.2    53   14.9   25.3    9.65   1.1828     350     1    100.0   15 
15/11/23  11:00   18.4   18.6   18.2    68   12.4    6.4    ENE   1.61  14.5   ENE   18.4   18.4   18.4  1029.0   0.00    0.0    0.000   0.001   25.3    53   15.1   25.4    9.65   1.1817     352     1    100.0   15 
15/11/23  11:15   18.4   18.6   18.2    68   12.4    6.4    ENE   1.61  14.5   ESE   18.4   18.3   18.3  1029.0   0.00    0.0    0.000   0.001   25.4    52   14.9   25.6    9.49   1.1814     350     1    100.0   15 
15/11/23  11:30   18.4   18.5   18.4    68   12.4    4.8      E   1.21  14.5   ESE   18.4   18.4   18.4  1028.8   0.00    0.0    0.000   0.001   25.6    52   15.0   25.7    9.49   1.1806     351     1    100.0   15 
15/11/23  11:45   18.8   19.1   18.4    67   12.5    4.8      S   1.21  12.9     S   18.8   18.7   18.7  1028.5   0.00    0.0    0.000   0.005   25.6    52   15.0   25.7    9.49   1.1803     351     1    100.0   15 
15/11/23  12:00   19.0   19.1   18.9    67   12.7    3.2      O   0.80  11.3   ESE   19.0   19.0   19.0  1028.4   0.00    0.0    0.000   0.007   25.4    52   14.9   25.6    9.49   1.1808     350     1    100.0   15 
15/11/23  12:15   19.1   19.1   18.8    70   13.5    3.2     NE   0.80  11.3   ESE   19.1   19.2   19.2  1028.5   0.00    0.0    0.000   0.008   25.3    52   14.7   25.3    9.50   1.1817     352     1    100.0   15 
15/11/23  12:30   18.5   18.8   18.4    74   13.8    1.6    ESE   0.40   8.0   SSO   18.5   18.7   18.7  1028.6   0.00    0.0    0.000   0.002   25.1    53   14.9   25.2    9.65   1.1823     351     1    100.0   15 
15/11/23  12:45   18.4   18.4   18.4    74   13.7    3.2    OSO   0.80   9.7   SSO   18.4   18.6   18.6  1028.6   0.00    0.0    0.000   0.001   25.0    53   14.8   25.1    9.65   1.1828     350     1    100.0   15 
15/11/23  13:00   18.2   18.4   18.2    76   13.9    4.8     SO   1.21  11.3     S   18.2   18.4   18.4  1028.5   0.00    0.0    0.001   0.000   24.9    53   14.7   25.0    9.65   1.1831     351     1    100.0   15 
15/11/23  13:15   18.2   18.2   18.1    76   13.9    4.8    SSO   1.21  12.9     S   18.2   18.3   18.3  1028.5   0.00    0.0    0.002   0.000   25.0    54   15.0   25.1    9.81   1.1824     351     1    100.0   15 
15/11/23  13:30   18.0   18.1   17.8    77   13.9    3.2    OSO   0.80   9.7    SO   18.0   18.2   18.2  1028.5   0.00    0.0    0.003   0.000   24.9    54   15.0   25.1    9.81   1.1827     351     1    100.0   15 
15/11/23  13:45   17.8   17.8   17.7    78   13.9    3.2    OSO   0.80   8.0    SO   17.8   17.9   17.9  1028.3   0.00    0.0    0.006   0.000   24.9    54   14.9   25.0    9.81   1.1828     350     1    100.0   15 
15/11/23  14:00   17.8   17.8   17.7    78   13.9    3.2    SSO   0.80   8.0   OSO   17.8   17.9   17.9  1028.2   0.00    0.0    0.006   0.000   24.8    55   15.2   25.0    9.98   1.1825     349     1    100.0   15 
15/11/23  14:15   17.8   17.8   17.7    78   13.9    3.2      O   0.80   8.0    SO   17.8   17.9   17.9  1028.1   0.00    0.0    0.006   0.000   24.8    55   15.1   24.9    9.99   1.1828     351     1    100.0   15 
15/11/23  14:30   17.7   17.8   17.7    78   13.8    4.8    OSO   1.21  11.3   OSO   17.7   17.9   17.9  1028.2   0.00    0.0    0.006   0.000   24.8    55   15.1   24.9    9.99   1.1828     350     1    100.0   15 
15/11/23  14:45   17.6   17.7   17.4    79   13.9    3.2     SO   0.80  12.9   OSO   17.6   17.7   17.7  1028.2   0.00    0.0    0.008   0.000   24.7    56   15.4   24.9   10.19   1.1827     350     1    100.0   15 
15/11/23  15:00   17.3   17.4   17.1    80   13.8    4.8    SSO   1.21  11.3   SSO   17.3   17.4   17.4  1028.3   0.00    0.0    0.011   0.000   24.7    56   15.3   24.9   10.19   1.1831     350     1    100.0   15 
15/11/23  15:15   16.9   17.1   16.9    81   13.7    4.8     SO   1.21  14.5    SO   16.9   17.1   17.1  1028.2   0.00    0.0    0.014   0.000   24.6    56   15.2   24.8   10.20   1.1834     350     1    100.0   15 
15/11/23  15:30   16.8   16.9   16.8    82   13.7    3.2    OSO   0.80   8.0   OSO   16.8   17.0   17.0  1028.3   0.00    0.0    0.016   0.000   24.5    56   15.1   24.7   10.21   1.1840     352     1    100.0   15 
15/11/23  15:45   16.8   16.8   16.7    82   13.7    3.2     SO   0.80   8.0    SO   16.8   16.9   16.9  1028.4   0.00    0.0    0.016   0.000   24.4    56   15.0   24.6   10.21   1.1847     351     1    100.0   15 
15/11/23  16:00   16.7   16.8   16.6    82   13.6    3.2    OSO   0.80  11.3    SO   16.7   16.8   16.8  1028.6   0.00    0.0    0.017   0.000   24.3    57   15.3   24.6   10.32   1.1848     348     1    100.0   15 
15/11/23  16:15   16.5   16.6   16.4    83   13.6    3.2      O   0.80  12.9    SO   16.5   16.6   16.6  1028.7   0.00    0.0    0.019   0.000   24.4    57   15.3   24.7   10.31   1.1846     347     1    100.0   15 
15/11/23  16:30   16.3   16.4   16.2    84   13.6    3.2     SO   0.80   9.7     S   16.3   16.4   16.4  1028.8   0.00    0.0    0.021   0.000   24.3    57   15.3   24.6   10.32   1.1851     349     1    100.0   15 
15/11/23  16:45   16.2   16.2   16.1    84   13.5    3.2     SO   0.80   9.7    SO   16.2   16.3   16.3  1029.0   0.00    0.0    0.023   0.000   24.3    57   15.2   24.6   10.32   1.1856     349     1    100.0   15 
15/11/23  17:00   16.1   16.1   16.0    85   13.5    3.2     SO   0.80  11.3     S   16.1   16.2   16.2  1029.1   0.00    0.0    0.024   0.000   24.2    57   15.2   24.5   10.33   1.1860     351     1    100.0   15 
15/11/23  17:15   15.9   16.0   15.9    86   13.6    3.2      S   0.80  12.9    SO   15.9   16.1   16.1  1029.1   0.00    0.0    0.025   0.000   24.1    57   15.1   24.4   10.33   1.1866     351     1    100.0   15 
15/11/23  17:30   15.8   15.9   15.7    87   13.7    4.8    SSO   1.21  12.9     S   15.8   15.9   15.9  1029.1   0.00    0.0    0.026   0.000   23.9    58   15.2   24.3   10.55   1.1871     351     1    100.0   15 
15/11/23  17:45   15.7   15.7   15.6    87   13.5    3.2    SSO   0.80   9.7   SSO   15.7   15.8   15.8  1029.2   0.00    0.0    0.028   0.000   23.9    58   15.1   24.3   10.55   1.1875     352     1    100.0   15 
15/11/23  18:00   15.5   15.6   15.4    88   13.5    3.2     SO   0.80  11.3   SSO   15.5   15.6   15.6  1029.3   0.00    0.0    0.030   0.000   23.7    58   15.0   24.1   10.56   1.1885     351     1    100.0   15 
15/11/23  18:15   15.4   15.4   15.4    89   13.6    4.8    SSO   1.21  14.5   SSO   15.4   15.5   15.5  1029.4   0.00    0.0    0.031   0.000   23.7    58   14.9   24.0   10.57   1.1889     351     1    100.0   15 
15/11/23  18:30   15.3   15.4   15.3    89   13.5    3.2    SSO   0.80   9.7   SSO   15.3   15.4   15.4  1029.3   0.00    0.0    0.031   0.000   23.6    58   14.8   23.9   10.57   1.1893     350     1    100.0   15 
15/11/23  18:45   15.3   15.3   15.3    89   13.5    3.2    SSO   0.80   6.4   SSO   15.3   15.4   15.4  1029.3   0.00    0.0    0.031   0.000   23.4    58   14.7   23.7   10.58   1.1900     349     1    100.0   15 
15/11/23  19:00   15.4   15.4   15.3    90   13.8    3.2    SSO   0.80   9.7     S   15.4   15.6   15.6  1029.5   0.00    0.0    0.031   0.000   23.3    58   14.6   23.6   10.59   1.1907     351     1    100.0   15 
15/11/23  19:15   15.3   15.4   15.3    89   13.5    3.2    SSO   0.80   8.0     S   15.3   15.4   15.4  1029.5   0.00    0.0    0.031   0.000   23.2    58   14.5   23.4   10.60   1.1914     349     1    100.0   15 
15/11/23  19:30   15.3   15.3   15.3    90   13.6    1.6    OSO   0.40   4.8    SO   15.3   15.4   15.4  1029.5   0.00    0.0    0.032   0.000   23.2    59   14.7   23.4   10.80   1.1913     351     1    100.0   15 
15/11/23  19:45   15.3   15.3   15.3    90   13.7    1.6    OSO   0.40   4.8   OSO   15.3   15.5   15.5  1029.4   0.00    0.0    0.031   0.000   23.1    59   14.7   23.4   10.81   1.1915     352     1    100.0   15 
15/11/23  20:00   15.3   15.3   15.3    90   13.7    3.2     SO   0.80   8.0   SSO   15.3   15.5   15.5  1029.3   0.00    0.0    0.031   0.000   23.0    59   14.6   23.2   10.81   1.1919     351     1    100.0   15 
15/11/23  20:15   15.3   15.3   15.3    91   13.8    1.6    SSO   0.40   6.4     S   15.3   15.4   15.4  1029.2   0.00    0.0    0.032   0.000   22.9    59   14.5   23.2   10.82   1.1921     349     1    100.0   15 
15/11/23  20:30   15.3   15.3   15.2    91   13.8    1.6    SSO   0.40   6.4   SSO   15.3   15.4   15.4  1029.2   0.00    0.0    0.032   0.000   22.9    59   14.5   23.1   10.82   1.1924     351     1    100.0   15 
15/11/23  20:45   15.2   15.2   15.2    91   13.8    1.6     SO   0.40   6.4   OSO   15.2   15.4   15.4  1029.3   0.00    0.0    0.032   0.000   22.8    59   14.4   23.0   10.83   1.1928     350     1    100.0   15 
15/11/23  21:00   15.2   15.2   15.2    91   13.7    1.6    OSO   0.40   6.4   SSO   15.2   15.3   15.3  1029.3   0.00    0.0    0.033   0.000   22.7    59   14.3   22.9   10.83   1.1934     351     1    100.0   15 
15/11/23  21:15   15.2   15.2   15.1    91   13.7    1.6    OSO   0.40   6.4     O   15.2   15.3   15.3  1029.2   0.00    0.0    0.033   0.000   22.7    59   14.3   22.9   10.83   1.1933     351     1    100.0   15 
15/11/23  21:30   15.1   15.2   15.1    91   13.7    1.6      O   0.40   4.8     O   15.1   15.3   15.3  1029.1   0.00    0.0    0.034   0.000   22.7    62   15.0   22.9   11.29   1.1924     351     1    100.0   15 
15/11/23  21:45   15.1   15.1   15.1    91   13.7    1.6    OSO   0.40   6.4   OSO   15.1   15.3   15.3  1029.0   0.00    0.0    0.034   0.000   22.7    62   15.1   23.0   11.29   1.1921     350     1    100.0   15 
15/11/23  22:00   15.1   15.1   15.0    92   13.8    1.6    SSO   0.40   4.8   OSO   15.1   15.2   15.2  1028.9   0.00    0.0    0.034   0.000   22.7    62   15.1   23.0   11.29   1.1919     351     1    100.0   15 
15/11/23  22:15   15.1   15.1   15.0    92   13.8    0.0    SSO   0.00   3.2   SSO   15.1   15.2   15.2  1028.9   0.00    0.0    0.034   0.000   22.7    62   15.1   23.0   11.29   1.1920     350     1    100.0   15 
15/11/23  22:30   15.0   15.1   15.0    92   13.7    1.6    ONO   0.40   6.4   ONO   15.0   15.2   15.2  1028.8   0.00    0.0    0.035   0.000   22.7    62   15.1   23.0   11.29   1.1918     350     1    100.0   15 
15/11/23  22:45   15.0   15.0   14.9    92   13.7    0.0    ONO   0.00   4.8   OSO   15.0   15.2   15.2  1028.7   0.00    0.0    0.035   0.000   22.7    62   15.0   22.9   11.29   1.1920     351     1    100.0   15 
15/11/23  23:00   14.9   14.9   14.9    92   13.7    1.6    OSO   0.40   4.8   OSO   14.9   15.1   15.1  1028.6   0.00    0.0    0.035   0.000   22.6    62   14.9   22.7   11.30   1.1925     351     1    100.0   15 
15/11/23  23:15   14.9   14.9   14.9    92   13.6    1.6      O   0.40   6.4   SSO   14.9   15.1   15.1  1028.4   0.00    0.0    0.036   0.000   22.5    62   14.9   22.7   11.30   1.1925     351     1    100.0   15 
15/11/23  23:30   14.9   14.9   14.9    92   13.7    1.6     SO   0.40   6.4   SSO   14.9   15.1   15.1  1028.1   0.00    0.0    0.035   0.000   22.4    62   14.7   22.5   11.30   1.1928     351     1    100.0   15 
15/11/23  23:45   14.9   14.9   14.8    93   13.8    1.6    OSO   0.40   6.4   OSO   14.9   15.1   15.1  1028.0   0.00    0.0    0.036   0.000   22.3    62   14.6   22.3   11.31   1.1932     351     1    100.0   15 
16/11/23  00:00   14.8   14.8   14.8    93   13.7    0.0      O   0.00   4.8     O   14.8   14.9   14.9  1028.0   0.00    0.0    0.037   0.000   22.2    62   14.6   22.3   11.31   1.1935     352     1    100.0   15 
16/11/23   0:15   14.8   14.8   14.8    93   13.7    1.6      O   0.40   4.8    NO   14.8   14.9   14.9  1027.9   0.00    0.0    0.037   0.000   22.2    62   14.5   22.2   11.31   1.1937     302     1     88.3   15 
16/11/23   0:30   14.7   14.8   14.7    93   13.6    1.6      O   0.40   3.2     O   14.7   14.9   14.9  1027.6   0.00    0.0    0.038   0.000   22.1    62   14.5   22.1   11.31   1.1937     351     1    100.0   15 
16/11/23   0:45   14.6   14.7   14.5    93   13.5    1.6      O   0.40   4.8     O   14.6   14.7   14.7  1027.6   0.00    0.0    0.039   0.000   22.1    62   14.4   22.0   11.32   1.1939     350     1    100.0   15 
16/11/23   1:00   14.4   14.5   14.3    93   13.3    1.6      O   0.40   4.8   OSO   14.4   14.5   14.5  1027.5   0.00    0.0    0.041   0.000   22.0    62   14.4   21.9   11.32   1.1941     351     1    100.0   15 
16/11/23   1:15   14.2   14.3   14.1    94   13.2    1.6    ONO   0.40   4.8   ONO   14.2   14.3   14.3  1027.4   0.00    0.0    0.043   0.000   21.9    62   14.3   21.8   11.32   1.1945     351     1    100.0   15 
16/11/23   1:30   14.0   14.1   13.9    94   13.0    0.0    ONO   0.00   6.4   ONO   14.0   14.1   14.1  1027.1   0.00    0.0    0.045   0.000   21.8    62   14.2   21.7   11.32   1.1945     351     1    100.0   15 
16/11/23   1:45   13.8   13.9   13.7    94   12.9    1.6    ONO   0.40   3.2   ONO   13.8   13.9   13.9  1027.2   0.00    0.0    0.047   0.000   21.7    62   14.1   21.6   11.33   1.1952     352     1    100.0   15 
16/11/23   2:00   13.6   13.7   13.6    94   12.7    1.6    ONO   0.40   4.8   ONO   13.6   13.7   13.7  1027.0   0.00    0.0    0.049   0.000   21.7    62   14.1   21.5   11.33   1.1953     351     1    100.0   15 
16/11/23   2:15   13.4   13.6   13.3    94   12.5    1.6    ONO   0.40   3.2   ONO   13.4   13.6   13.6  1026.8   0.00    0.0    0.051   0.000   21.6    62   14.0   21.4   11.33   1.1953     351     1    100.0   15 
16/11/23   2:30   13.2   13.3   13.1    94   12.2    1.6    ONO   0.40   4.8   ONO   13.2   13.3   13.3  1026.7   0.00    0.0    0.054   0.000   21.5    62   13.9   21.3   11.34   1.1958     351     1    100.0   15 
16/11/23   2:45   12.9   13.0   12.8    94   12.0    1.6    ONO   0.40   4.8   ONO   12.9   13.1   13.1  1026.7   0.00    0.0    0.056   0.000   21.4    62   13.9   21.2   11.34   1.1960     352     1    100.0   15 
16/11/23   3:00   12.7   12.8   12.6    94   11.8    1.6    ONO   0.40   4.8   ONO   12.7   12.8   12.8  1026.5   0.00    0.0    0.058   0.000   21.3    62   13.8   21.1   11.34   1.1963     351     1    100.0   15 
16/11/23   3:15   12.7   12.7   12.6    94   11.7    3.2    ONO   0.80   6.4   ONO   12.7   12.8   12.8  1026.2   0.00    0.0    0.059   0.000   21.3    62   13.7   21.0   11.34   1.1964     350     1    100.0   15 
