                 Temp.  Temp.  Temp.  Hum.   Punt   Vel.   Dir.   Rec.  Vel.  Dir.  Sens.   Índ.   Índ.                  Int. Graus D.Graus D.  Temp.  Hum. Rosada  In.Cal.  EMC     Dens.    Mostr   Tx   Recep.  Int.
  Data    Hora    Ext.   Màx.   Mín.  Ext. Rosada   Vent   Vent   Vent  Màx.  Màx.  Tèrm.  Calor   THW    Bar    Pluja   Pluja  Calor    Fred    Int.  Int.   Int.   Int.    Int.  Int.Aire    Vent   Vent   ISS   Arc.
-------------------------------------------------------------------------------------------------------------------------------------------------------------------------------------------------------------------------
30/08/23   0:15   19.7   19.9   19.6    82   16.5    3.2    ENE   0.80   8.0    NE   19.7   20.4   20.4  1015.2   0.00    0.0    0.000   0.014   25.8    53   15.5   26.0    9.65   1.1632     349     1    100.0   15 
30/08/23   0:30   19.9   19.9   19.8    80   16.3    6.4    ENE   1.61  12.9   ENE   19.9   20.6   20.6  1015.1   0.00    0.0    0.000   0.016   25.7    53   15.4   25.9    9.65   1.1634     351     1    100.0   15 
30/08/23   0:45   19.6   19.8   19.5    80   16.1    4.8     NE   1.21  11.3   ESE   19.6   20.3   20.3  1015.1   0.00    0.0    0.000   0.013   25.7    53   15.4   25.9    9.65   1.1634     350     1    100.0   15 
30/08/23   1:00   19.4   19.5   19.4    81   16.1    3.2    ENE   0.80   9.7    NE   19.4   20.1   20.1  1014.9   0.00    0.0    0.000   0.012   25.7    53   15.4   25.8    9.65   1.1634     352     1    100.0   15 
30/08/23   1:15   19.4   19.5   19.2    83   16.4    3.2      E   0.80  12.9   ENE   19.4   20.1   20.1  1014.7   0.00    0.0    0.000   0.011   25.6    53   15.3   25.8    9.65   1.1635     351     1    100.0   15 
30/08/23   1:30   19.1   19.2   19.0    85   16.5    1.6    ONO   0.40   4.8    NO   19.1   19.7   19.7  1014.5   0.00    0.0    0.000   0.008   25.6    53   15.3   25.7    9.65   1.1636     351     1    100.0   15 
30/08/23   1:45   18.8   18.9   18.6    86   16.4    1.6     NO   0.40   6.4   ONO   18.8   19.3   19.3  1014.4   0.00    0.0    0.000   0.005   25.4    53   15.2   25.6    9.65   1.1640     350     1    100.0   15 
30/08/23   2:00   18.4   18.6   18.2    86   16.0    3.2     NO   0.80   9.7   ONO   18.4   18.9   18.9  1014.3   0.00    0.0    0.000   0.001   25.4    53   15.1   25.5    9.65   1.1641     352     1    100.0   15 
30/08/23   2:15   17.9   18.2   17.8    87   15.7    3.2    ONO   0.80   6.4     O   17.9   18.3   18.3  1014.3   0.00    0.0    0.004   0.000   25.3    53   15.1   25.4    9.65   1.1644     351     1    100.0   15 
30/08/23   2:30   17.8   17.9   17.7    86   15.5    1.6    ONO   0.40   4.8   ONO   17.8   18.2   18.2  1014.3   0.00    0.0    0.005   0.000   25.2    53   15.0   25.3    9.65   1.1650     350     1    100.0   15 
30/08/23   2:45   17.6   17.7   17.4    80   14.1    1.6    ONO   0.40   6.4   NNO   17.6   17.8   17.8  1014.4   0.00    0.0    0.008   0.000   25.2    54   15.2   25.3    9.80   1.1650     351     1    100.0   15 
30/08/23   3:00   17.6   17.7   17.6    79   13.9    1.6    ONO   0.40   3.2   ONO   17.6   17.8   17.8  1014.4   0.00    0.0    0.008   0.000   25.1    54   15.1   25.2    9.81   1.1656     351     1    100.0   15 
30/08/23   3:15   17.5   17.6   17.5    77   13.4    1.6      O   0.40   6.4     O   17.5   17.6   17.6  1014.4   0.00    0.0    0.009   0.000   25.0    54   15.0   25.1    9.81   1.1659     352     1    100.0   15 
30/08/23   3:30   17.6   17.6   17.5    75   13.1    1.6      O   0.40   4.8     O   17.6   17.6   17.6  1014.6   0.00    0.0    0.008   0.000   24.9    54   15.0   25.1    9.81   1.1664     350     1    100.0   15 
30/08/23   3:45   17.7   17.8   17.6    75   13.2    1.6      O   0.40   4.8     O   17.7   17.7   17.7  1014.7   0.00    0.0    0.007   0.000   24.9    54   14.9   25.0    9.81   1.1669     350     1    100.0   15 
30/08/23   4:00   17.7   17.8   17.7    73   12.8    3.2      O   0.80   6.4   ONO   17.7   17.7   17.7  1014.6   0.00    0.0    0.006   0.000   24.8    54   14.9   24.9    9.82   1.1670     351     1    100.0   15 
30/08/23   4:15   17.7   17.7   17.6    74   13.0    4.8      O   1.21   9.7    NO   17.7   17.7   17.7  1014.6   0.00    0.0    0.007   0.000   24.8    54   14.8   24.9    9.82   1.1673     352     1    100.0   15 
30/08/23   4:30   17.4   17.6   17.3    75   13.0    3.2     NO   0.80   6.4    NO   17.4   17.4   17.4  1014.6   0.00    0.0    0.009   0.000   24.8    54   14.8   24.9    9.82   1.1672     351     1    100.0   15 
30/08/23   4:45   17.2   17.4   16.8    75   12.7    3.2     NO   0.80   4.8    NO   17.2   17.1   17.1  1014.5   0.00    0.0    0.012   0.000   24.7    54   14.7   24.8    9.82   1.1677     351     1    100.0   15 
30/08/23   5:00   16.7   16.8   16.7    75   12.3    1.6     NO   0.40   4.8    NO   16.7   16.6   16.6  1014.8   0.00    0.0    0.017   0.000   24.6    54   14.7   24.7    9.82   1.1683     351     1    100.0   15 
30/08/23   5:15   16.6   16.7   16.6    75   12.2    0.0     NO   0.00   3.2    NO   16.6   16.5   16.5  1014.9   0.00    0.0    0.018   0.000   24.6    54   14.6   24.7    9.83   1.1688     351     1    100.0   15 
30/08/23   5:30   16.7   16.9   16.6    73   11.9    0.0     NO   0.00   3.2    NO   16.7   16.6   16.6  1015.2   0.00    0.0    0.017   0.000   24.5    54   14.6   24.6    9.83   1.1694     350     1    100.0   15 
30/08/23   5:45   16.9   16.9   16.8    72   11.9    0.0     NO   0.00   1.6    NO   16.9   16.8   16.8  1015.1   0.00    0.0    0.014   0.000   24.5    57   15.4   24.8   10.31   1.1682     351     1    100.0   15 
30/08/23   6:00   16.9   17.0   16.8    70   11.4    1.6     NO   0.40   3.2    NO   16.9   16.7   16.7  1015.3   0.00    0.0    0.014   0.000   24.6    57   15.5   24.9   10.30   1.1679     351     1    100.0   15 
30/08/23   6:15   16.9   17.0   16.8    69   11.2    0.0     NO   0.00   3.2    NO   16.9   16.7   16.7  1015.4   0.00    0.0    0.014   0.000   24.7    57   15.6   25.0   10.29   1.1674     351     1    100.0   15 
30/08/23   6:30   17.1   17.3   17.0    69   11.4    1.6     NO   0.40   6.4   ONO   17.1   16.9   16.9  1015.3   0.00    0.0    0.013   0.000   24.8    57   15.7   25.1   10.29   1.1670     351     1    100.0   15 
30/08/23   6:45   17.4   17.5   17.3    68   11.4    1.6      O   0.40   4.8     O   17.4   17.2   17.2  1015.3   0.00    0.0    0.010   0.000   24.8    57   15.7   25.1   10.28   1.1667     350     1    100.0   15 
30/08/23   7:00   17.7   17.8   17.5    68   11.7    1.6      O   0.40   6.4     O   17.7   17.5   17.5  1015.4   0.00    0.0    0.007   0.000   24.9    56   15.6   25.2   10.17   1.1667     351     1    100.0   15 
30/08/23   7:15   17.8   17.9   17.8    70   12.3    1.6      O   0.40   4.8     O   17.8   17.7   17.7  1015.4   0.00    0.0    0.005   0.000   25.0    56   15.6   25.2   10.17   1.1664     350     1    100.0   15 
30/08/23   7:30   17.9   18.1   17.8    70   12.3    1.6    ONO   0.40   4.8   ONO   17.9   17.8   17.8  1015.5   0.00    0.0    0.005   0.000   25.1    56   15.7   25.3   10.16   1.1659     352     1    100.0   15 
30/08/23   7:45   18.3   18.6   18.1    68   12.3    1.6    ONO   0.40   4.8   ONO   18.3   18.3   18.3  1015.5   0.00    0.0    0.000   0.000   25.2    53   15.0   25.3    9.65   1.1665     351     1    100.0   15 
30/08/23   8:00   18.6   18.8   18.5    68   12.6    1.6    ONO   0.40   4.8   ONO   18.6   18.6   18.6  1015.6   0.00    0.0    0.000   0.003   25.3    54   15.4   25.5    9.80   1.1656     348     1    100.0   15 
30/08/23   8:15   19.1   19.3   18.8    66   12.6    1.6    ONO   0.40   4.8   ONO   19.1   19.1   19.1  1015.9   0.00    0.0    0.000   0.008   25.6    53   15.3   25.8    9.65   1.1649     351     1    100.0   15 
30/08/23   8:30   19.6   19.6   19.3    64   12.6    1.6    ENE   0.40   4.8   ONO   19.6   19.5   19.5  1016.0   0.00    0.0    0.000   0.013   25.8    53   15.5   26.0    9.65   1.1641     350     1    100.0   15 
30/08/23   8:45   19.6   19.7   19.6    66   13.1    3.2    ENE   0.80   8.0     E   19.6   19.7   19.7  1016.2   0.00    0.0    0.000   0.013   25.9    52   15.3   26.1    9.48   1.1639     352     1    100.0   15 
30/08/23   9:00   19.8   20.1   19.7    64   12.8    4.8      E   1.21   9.7     E   19.8   19.8   19.8  1016.3   0.00    0.0    0.000   0.016   26.1    52   15.4   26.2    9.47   1.1635     351     1    100.0   15 
30/08/23   9:15   20.3   20.7   20.1    64   13.2    3.2      E   0.80   9.7     E   20.3   20.2   20.2  1016.3   0.00    0.0    0.000   0.020   26.3    51   15.4   26.5    9.35   1.1625     350     1    100.0   15 
30/08/23   9:30   20.8   20.8   20.7    66   14.2    3.2     NO   0.80   6.4    NO   20.8   20.8   20.8  1016.3   0.00    0.0    0.000   0.026   26.7    51   15.7   26.8    9.35   1.1605     351     1    100.0   15 
30/08/23   9:45   21.2   21.4   20.8    69   15.3    3.2     SO   0.80  11.3     E   21.2   21.2   21.2  1016.3   0.00    0.0    0.000   0.030   27.0    50   15.7   27.1    9.14   1.1595     352     1    100.0   15 
30/08/23  10:00   21.9   22.3   21.4    67   15.5    3.2    ESE   0.80  12.9   ENE   21.9   22.0   22.0  1016.2   0.00    0.0    0.000   0.037   27.2    50   15.9   27.3    9.13   1.1583     351     1    100.0   15 
30/08/23  10:15   22.1   22.3   21.8    67   15.6    6.4    ENE   1.61  14.5   ENE   22.1   22.3   22.3  1016.3   0.00    0.0    0.000   0.039   27.3    50   16.0   27.5    9.13   1.1578     351     1    100.0   15 
30/08/23  10:30   22.1   22.3   21.9    65   15.2    8.0    ESE   2.01  14.5   ESE   22.1   22.2   22.2  1016.2   0.00    0.0    0.000   0.039   27.4    50   16.1   27.7    9.12   1.1572     351     1    100.0   15 
30/08/23  10:45   22.3   22.5   22.2    63   14.9    6.4     NE   1.61  14.5     E   22.3   22.4   22.4  1016.1   0.00    0.0    0.000   0.041   27.5    49   15.8   27.7    8.92   1.1572     351     1    100.0   15 
30/08/23  11:00   22.9   23.3   22.5    61   15.0    3.2    SSO   0.80   9.7   NNO   22.9   23.2   23.2  1016.0   0.00    0.0    0.000   0.047   27.6    49   15.9   27.8    8.92   1.1564     351     1    100.0   15 
30/08/23  11:15   23.7   23.8   23.4    59   15.2    4.8    SSE   1.21  12.9   SSE   23.7   24.1   24.1  1015.9   0.00    0.0    0.000   0.056   27.7    49   16.0   27.9    8.91   1.1561     347     1    100.0   15 
30/08/23  11:30   23.9   24.1   23.7    57   14.9    3.2    SSE   0.80   9.7   SSO   23.9   24.3   24.3  1015.7   0.00    0.0    0.000   0.058   27.7    49   16.0   27.9    8.91   1.1559     348     1    100.0   15 
30/08/23  11:45   24.1   24.3   23.9    62   16.4    4.8    ESE   1.21  16.1   ENE   24.1   24.7   24.7  1015.6   0.00    0.0    0.000   0.060   27.7    49   16.0   27.9    8.91   1.1555     344     1    100.0   15 
30/08/23  12:00   23.6   24.0   23.3    64   16.4    9.7      E   2.41  22.5     E   23.6   24.3   24.3  1015.6   0.00    0.0    0.000   0.055   27.7    49   16.0   27.9    8.91   1.1555     336     1     98.2   15 
30/08/23  12:15   23.2   23.3   23.1    63   15.8    4.8    ESE   1.21  14.5   ESE   23.2   23.7   23.7  1015.5   0.00    0.0    0.000   0.051   27.7    49   16.0   27.9    8.91   1.1553     336     1     98.2   15 
30/08/23  12:30   23.2   23.3   23.1    65   16.2    8.0    ENE   2.01  20.9     E   23.2   23.7   23.7  1015.5   0.00    0.0    0.000   0.050   27.7    50   16.4   28.1    9.11   1.1549     345     1    100.0   15 
30/08/23  12:45   23.2   23.4   23.1    65   16.3    9.7      E   2.41  19.3   ENE   23.2   23.8   23.8  1015.3   0.00    0.0    0.000   0.051   27.7    50   16.3   27.9    9.11   1.1550     347     1    100.0   15 
30/08/23  13:00   23.7   23.8   23.4    64   16.5    9.7    ESE   2.41  19.3    SE   23.7   24.3   24.3  1015.3   0.00    0.0    0.000   0.056   27.7    50   16.4   28.1    9.11   1.1547     350     1    100.0   15 
30/08/23  13:15   23.9   24.2   23.7    64   16.7   11.3    ESE   2.82  19.3   ESE   23.9   24.6   24.6  1015.2   0.00    0.0    0.000   0.058   27.8    50   16.4   28.1    9.11   1.1543     349     1    100.0   15 
30/08/23  13:30   24.1   24.3   24.1    63   16.6    9.7      E   2.41  19.3   ESE   24.1   24.7   24.7  1015.0   0.00    0.0    0.000   0.060   27.8    50   16.5   28.2    9.11   1.1538     351     1    100.0   15 
30/08/23  13:45   23.7   24.2   23.4    66   17.0   11.3    ESE   2.82  22.5     E   23.7   24.5   24.5  1015.1   0.00    0.0    0.000   0.056   27.8    50   16.5   28.2    9.11   1.1539     351     1    100.0   15 
30/08/23  14:00   23.1   23.4   22.9    68   16.9    9.7      E   2.41  19.3   ESE   23.1   23.8   23.8  1015.3   0.00    0.0    0.000   0.050   27.7    51   16.7   28.1    9.31   1.1542     352     1    100.0   15 
30/08/23  14:15   22.9   22.9   22.8    69   16.9    9.7    ESE   2.41  20.9   ENE   22.9   23.5   23.5  1015.3   0.00    0.0    0.000   0.047   27.6    51   16.6   27.9    9.32   1.1548     351     1    100.0   15 
30/08/23  14:30   22.8   22.8   22.7    69   16.8    6.4      E   1.61  14.5   ENE   22.8   23.3   23.3  1015.4   0.00    0.0    0.000   0.046   27.5    51   16.5   27.8    9.32   1.1556     351     1    100.0   15 
30/08/23  14:45   22.7   22.8   22.6    71   17.2    9.7    ESE   2.41  20.9     E   22.7   23.3   23.3  1015.6   0.00    0.0    0.000   0.046   27.4    52   16.7   27.8    9.42   1.1557     351     1    100.0   15 
30/08/23  15:00   22.4   22.6   22.3    72   17.1    6.4    ESE   1.61  14.5   ESE   22.4   23.0   23.0  1015.6   0.00    0.0    0.000   0.043   27.4    52   16.7   27.7    9.42   1.1559     351     1    100.0   15 
30/08/23  15:15   22.6   22.7   22.4    71   17.0    4.8     SE   1.21  12.9    SE   22.6   23.1   23.1  1015.9   0.00    0.0    0.000   0.044   27.4    52   16.7   27.7    9.42   1.1562     352     1    100.0   15 
30/08/23  15:30   23.0   23.3   22.7    69   17.0    3.2      S   0.80   8.0     E   23.0   23.7   23.7  1015.9   0.00    0.0    0.000   0.049   27.4    52   16.7   27.7    9.42   1.1562     351     1    100.0   15 
30/08/23  15:45   23.4   23.6   23.3    68   17.1    6.4      S   1.61  14.5   ESE   23.4   24.2   24.2  1015.9   0.00    0.0    0.000   0.053   27.4    52   16.7   27.8    9.42   1.1559     351     1    100.0   15 
30/08/23  16:00   23.5   23.7   23.4    67   17.0    4.8    ESE   1.21  14.5   ESE   23.5   24.3   24.3  1015.7   0.00    0.0    0.000   0.054   27.5    52   16.8   27.9    9.42   1.1554     351     1    100.0   15 
30/08/23  16:15   23.6   23.7   23.4    69   17.5    4.8    ESE   1.21  14.5   ESE   23.6   24.4   24.4  1015.9   0.00    0.0    0.000   0.054   27.5    52   16.8   27.9    9.42   1.1556     352     1    100.0   15 
30/08/23  16:30   23.4   23.7   23.2    72   18.1    9.7      E   2.41  19.3   ENE   23.4   24.4   24.4  1015.9   0.00    0.0    0.000   0.053   27.6    53   17.1   28.1    9.62   1.1550     351     1    100.0   15 
30/08/23  16:45   22.9   23.2   22.6    74   18.0    9.7      E   2.41  19.3   ESE   22.9   23.7   23.7  1016.1   0.00    0.0    0.000   0.047   27.4    55   17.6   28.1    9.85   1.1549     350     1    100.0   15 
30/08/23  17:00   22.5   22.6   22.4    75   17.8    9.7      E   2.41  19.3   ENE   22.5   23.2   23.2  1016.1   0.00    0.0    0.000   0.043   27.3    55   17.5   27.9    9.85   1.1555     350     1    100.0   15 
30/08/23  17:15   22.3   22.5   22.2    77   18.1    9.7    ESE   2.41  20.9     E   22.3   23.1   23.1  1016.2   0.00    0.0    0.000   0.042   27.1    57   17.8   27.7   10.16   1.1562     351     1    100.0   15 
30/08/23  17:30   22.1   22.1   22.0    78   18.0    8.0      E   2.01  16.1   ESE   22.1   22.7   22.7  1016.4   0.00    0.0    0.000   0.039   26.8    57   17.6   27.4   10.16   1.1576     351     1    100.0   15 
30/08/23  17:45   21.8   22.1   21.7    80   18.2    9.7      E   2.41  20.9   ENE   21.8   22.6   22.6  1016.3   0.00    0.0    0.000   0.036   26.8    58   17.8   27.4   10.35   1.1574     350     1    100.0   15 
30/08/23  18:00   21.5   21.7   21.4    81   18.1    8.0    ESE   2.01  14.5   ESE   21.5   22.2   22.2  1016.6   0.00    0.0    0.000   0.033   26.8    58   17.8   27.4   10.35   1.1578     351     1    100.0   15 
30/08/23  18:15   21.3   21.4   21.3    82   18.1    8.0      E   2.01  17.7   ESE   21.3   22.1   22.1  1016.8   0.00    0.0    0.000   0.031   26.7    58   17.7   27.3   10.35   1.1585     351     1    100.0   15 
30/08/23  18:30   21.2   21.3   21.2    82   18.0    8.0    ESE   2.01  16.1   ESE   21.2   21.9   21.9  1017.0   0.00    0.0    0.000   0.030   26.5    59   17.8   27.1   10.56   1.1593     352     1    100.0   15 
30/08/23  18:45   21.2   21.2   21.1    83   18.2    6.4    ESE   1.61  12.9     E   21.2   21.9   21.9  1017.2   0.00    0.0    0.000   0.030   26.4    60   18.0   27.1   10.77   1.1597     351     1    100.0   15 
30/08/23  19:00   21.0   21.1   20.9    83   18.0    4.8      E   1.21  12.9     E   21.0   21.8   21.8  1017.5   0.00    0.0    0.000   0.028   26.3    60   17.9   26.9   10.78   1.1606     351     1    100.0   15 
30/08/23  19:15   20.8   20.9   20.8    83   17.8    6.4      E   1.61  12.9     E   20.8   21.7   21.7  1017.6   0.00    0.0    0.000   0.026   26.2    60   17.8   26.8   10.78   1.1610     350     1    100.0   15 
30/08/23  19:30   20.8   20.8   20.7    84   18.0    8.0    ESE   2.01  16.1   ESE   20.8   21.7   21.7  1017.9   0.00    0.0    0.000   0.025   26.2    60   17.8   26.8   10.79   1.1616     351     1    100.0   15 
30/08/23  19:45   20.7   20.7   20.6    84   17.9    6.4      E   1.61  14.5   ENE   20.7   21.6   21.6  1018.1   0.00    0.0    0.000   0.024   26.1    60   17.7   26.7   10.79   1.1625     349     1    100.0   15 
30/08/23  20:00   20.6   20.7   20.6    85   18.0    4.8      E   1.21  14.5     E   20.6   21.6   21.6  1018.4   0.00    0.0    0.000   0.024   26.0    60   17.6   26.6   10.80   1.1631     349     1    100.0   15 
30/08/23  20:15   20.6   20.7   20.6    85   18.0    6.4    ESE   1.61  12.9     E   20.6   21.6   21.6  1018.6   0.00    0.0    0.000   0.024   25.9    61   17.8   26.6   10.98   1.1633     350     1    100.0   15 
30/08/23  20:30   20.6   20.6   20.5    85   17.9    3.2    ENE   0.80   6.4    SE   20.6   21.6   21.6  1018.8   0.00    0.0    0.000   0.023   25.9    60   17.6   26.5   10.80   1.1638     352     1    100.0   15 
30/08/23  20:45   20.5   20.6   20.5    85   17.9    1.6      E   0.40   9.7     E   20.5   21.5   21.5  1019.1   0.00    0.0    0.000   0.023   26.0    60   17.6   26.6   10.80   1.1639     351     1    100.0   15 
30/08/23  21:00   20.5   20.6   20.5    85   17.9    1.6      E   0.40   6.4   ENE   20.5   21.5   21.5  1019.2   0.00    0.0    0.000   0.023   26.0    60   17.6   26.6   10.80   1.1641     351     1    100.0   15 
30/08/23  21:15   20.6   20.6   20.6    84   17.8    1.6    ENE   0.40   4.8   ENE   20.6   21.5   21.5  1019.3   0.00    0.0    0.000   0.023   26.0    60   17.6   26.6   10.80   1.1642     351     1    100.0   15 
30/08/23  21:30   20.6   20.6   20.6    85   17.9    0.0    ENE   0.00   3.2   ENE   20.6   21.6   21.6  1019.5   0.00    0.0    0.000   0.023   26.0    59   17.4   26.6   10.60   1.1648     350     1    100.0   15 
30/08/23  21:45   20.6   20.7   20.6    85   18.0    0.0    ENE   0.00   3.2   ENE   20.6   21.6   21.6  1019.5   0.00    0.0    0.000   0.024   26.0    59   17.4   26.6   10.60   1.1648     352     1    100.0   15 
30/08/23  22:00   20.7   20.7   20.6    85   18.1    0.0    ENE   0.00   3.2   ENE   20.7   21.6   21.6  1019.5   0.40    8.8    0.000   0.024   26.0    59   17.4   26.6   10.60   1.1648     350     1    100.0   15 
30/08/23  22:15   20.6   20.6   20.4    86   18.1    1.6    ENE   0.40   4.8   ENE   20.6   21.6   21.6  1019.5   0.00    0.0    0.000   0.023   26.0    59   17.4   26.6   10.60   1.1648     351     1    100.0   15 
30/08/23  22:30   20.4   20.4   20.3    87   18.2    0.0    ENE   0.00   3.2   ENE   20.4   21.4   21.4  1019.6   0.00    0.0    0.000   0.022   25.9    59   17.3   26.4   10.60   1.1652     351     1    100.0   15 
30/08/23  22:45   20.3   20.3   20.2    87   18.0    1.6    ENE   0.40   4.8   ENE   20.3   21.2   21.2  1019.4   0.00    0.0    0.000   0.020   25.9    59   17.3   26.4   10.61   1.1653     352     1    100.0   15 
30/08/23  23:00   20.2   20.2   20.1    88   18.1    1.6    ENE   0.40   6.4   ENE   20.2   21.1   21.1  1019.4   0.00    0.0    0.000   0.019   25.8    59   17.2   26.3   10.61   1.1655     350     1    100.0   15 
30/08/23  23:15   20.1   20.1   20.1    89   18.2    1.6    ENE   0.40   3.2   ENE   20.1   21.0   21.0  1019.2   0.00    0.0    0.000   0.018   25.8    59   17.2   26.3   10.61   1.1657     351     1    100.0   15 
30/08/23  23:30   20.0   20.1   19.9    89   18.1    0.0    ENE   0.00   1.6   ENE   20.0   20.9   20.9  1019.2   0.00    0.0    0.000   0.017   25.7    59   17.1   26.2   10.62   1.1659     351     1    100.0   15 
30/08/23  23:45   19.8   19.9   19.8    90   18.1    0.0    ENE   0.00   1.6   ENE   19.8   20.7   20.7  1019.1   0.00    0.0    0.000   0.016   25.7    59   17.1   26.2   10.62   1.1661     352     1    100.0   15 
31/08/23  00:00   19.7   19.8   19.7    90   18.0    0.0    ENE   0.00   3.2   ENE   19.7   20.6   20.6  1019.3   0.00    0.0    0.000   0.014   25.6    59   17.0   26.1   10.63   1.1666     351     1    100.0   15 
31/08/23   0:15   19.7   19.7   19.7    90   18.0    1.6    ENE   0.40   4.8   ENE   19.7   20.6   20.6  1019.3   0.00    0.0    0.000   0.014   25.6    59   16.9   26.0   10.63   1.1669     350     1    100.0   15 
31/08/23   0:30   19.8   19.8   19.7    90   18.1    1.6    ENE   0.40   4.8   ENE   19.8   20.7   20.7  1019.3   0.00    0.0    0.000   0.015   25.4    59   16.8   25.9   10.64   1.1674     350     1    100.0   15 
31/08/23   0:45   19.8   19.8   19.8    91   18.3    1.6    ENE   0.40   4.8   ENE   19.8   20.7   20.7  1019.3   0.00    0.0    0.000   0.015   25.4    59   16.8   25.9   10.64   1.1675     351     1    100.0   15 
31/08/23   1:00   19.7   19.8   19.7    91   18.2    1.6    ENE   0.40   4.8   ENE   19.7   20.6   20.6  1019.3   0.00    0.0    0.000   0.014   25.4    59   16.8   25.8   10.64   1.1678     350     1    100.0   15 
31/08/23   1:15   19.7   19.7   19.6    91   18.2    1.6    ENE   0.40   4.8   ENE   19.7   20.6   20.6  1019.3   0.20    0.0    0.000   0.014   25.3    59   16.7   25.7   10.65   1.1684     352     1    100.0   15 
31/08/23   1:30   19.6   19.6   19.5    91   18.0    1.6    ENE   0.40   6.4   ENE   19.6   20.4   20.4  1019.4   0.00    0.0    0.000   0.013   25.2    59   16.6   25.6   10.65   1.1687     350     1    100.0   15 
31/08/23   1:45   19.4   19.5   19.3    91   17.9    3.2    ENE   0.80   6.4   ENE   19.4   20.3   20.3  1019.5   0.00    0.0    0.000   0.012   25.2    59   16.6   25.6   10.66   1.1691     350     1    100.0   15 
31/08/23   2:00   19.3   19.3   19.2    92   17.9    3.2    ENE   0.80   6.4   ENE   19.3   20.1   20.1  1019.4   0.00    0.0    0.000   0.010   25.1    59   16.5   25.5   10.66   1.1694     351     1    100.0   15 
31/08/23   2:15   19.2   19.2   19.1    92   17.8    3.2    ENE   0.80   6.4   ENE   19.2   19.9   19.9  1019.5   0.00    0.0    0.000   0.009   25.1    59   16.5   25.4   10.67   1.1697     351     1    100.0   15 
31/08/23   2:30   19.0   19.1   18.9    93   17.8    1.6    ENE   0.40   4.8   ENE   19.0   19.8   19.8  1019.6   0.00    0.0    0.000   0.007   25.1    59   16.5   25.4   10.67   1.1698     351     1    100.0   15 
31/08/23   2:45   18.9   18.9   18.9    93   17.7    0.0    ENE   0.00   3.2   ENE   18.9   19.7   19.7  1019.5   0.00    0.0    0.000   0.006   25.0    59   16.4   25.4   10.67   1.1701     351     1    100.0   15 
31/08/23   3:00   18.9   18.9   18.9    93   17.7    1.6    ENE   0.40   3.2   ENE   18.9   19.7   19.7  1019.5   0.00    0.0    0.000   0.006   24.9    59   16.3   25.3   10.68   1.1707     350     1    100.0   15 
31/08/23   3:15   18.9   18.9   18.8    93   17.7    0.0    ENE   0.00   4.8   ENE   18.9   19.7   19.7  1019.6   0.00    0.0    0.000   0.006   24.8    59   16.3   25.2   10.68   1.1711     351     1    100.0   15 
