                 Temp.  Temp.  Temp.  Hum.   Punt   Vel.   Dir.   Rec.  Vel.  Dir.  Sens.   Índ.   Índ.                  Int. Graus D.Graus D.  Temp.  Hum. Rosada  In.Cal.  EMC     Dens.    Mostr   Tx   Recep.  Int.
  Data    Hora    Ext.   Màx.   Mín.  Ext. Rosada   Vent   Vent   Vent  Màx.  Màx.  Tèrm.  Calor   THW    Bar    Pluja   Pluja  Calor    Fred    Int.  Int.   Int.   Int.    Int.  Int.Aire    Vent   Vent   ISS   Arc.
-------------------------------------------------------------------------------------------------------------------------------------------------------------------------------------------------------------------------
 8/08/23   0:15   21.2   21.3   21.2    80   17.6    0.0    ---   0.00   0.0   ---   21.2   21.8   21.8  1023.2   0.00    0.0    0.000   0.030   27.2    56   17.6   27.7   10.05   1.1642     349     1    100.0   15 
 8/08/23   0:30   21.3   21.3   21.2    79   17.5    0.0    ONO   0.00   3.2   ONO   21.3   21.9   21.9  1023.1   0.00    0.0    0.000   0.031   27.2    56   17.7   27.8   10.05   1.1637     349     1    100.0   15 
 8/08/23   0:45   21.1   21.2   21.1    80   17.5    0.0    ONO   0.00   3.2   ONO   21.1   21.7   21.7  1022.9   0.00    0.0    0.000   0.029   27.2    56   17.6   27.7   10.05   1.1638     350     1    100.0   15 
 8/08/23   1:00   21.1   21.1   21.1    80   17.5    0.0    ONO   0.00   3.2   ONO   21.1   21.7   21.7  1022.8   0.00    0.0    0.000   0.028   27.1    56   17.5   27.6   10.05   1.1642     350     1    100.0   15 
 8/08/23   1:15   21.1   21.2   21.1    81   17.7    0.0    ONO   0.00   1.6   ONO   21.1   21.8   21.8  1022.7   0.00    0.0    0.000   0.029   27.0    56   17.5   27.6   10.05   1.1644     349     1    100.0   15 
 8/08/23   1:30   21.2   21.2   21.1    81   17.8    0.0    ---   0.00   0.0   ---   21.2   21.8   21.8  1022.6   0.00    0.0    0.000   0.030   26.9    56   17.4   27.4   10.05   1.1646     350     1    100.0   15 
 8/08/23   1:45   21.2   21.2   21.1    82   18.0    0.0    ONO   0.00   1.6   ONO   21.2   21.9   21.9  1022.5   0.00    0.0    0.000   0.030   26.8    56   17.3   27.3   10.05   1.1651     350     1    100.0   15 
 8/08/23   2:00   21.2   21.2   21.2    82   18.0    0.0    ---   0.00   0.0   ---   21.2   21.9   21.9  1022.5   0.00    0.0    0.000   0.030   26.8    57   17.5   27.3   10.15   1.1649     351     1    100.0   15 
 8/08/23   2:15   21.0   21.2   20.8    82   17.8    0.0    ---   0.00   0.0   ---   21.0   21.7   21.7  1022.4   0.00    0.0    0.000   0.028   26.7    57   17.5   27.3   10.15   1.1652     351     1    100.0   15 
 8/08/23   2:30   20.7   20.8   20.5    83   17.7    0.0    NNE   0.00   1.6   ONO   20.7   21.6   21.6  1022.3   0.00    0.0    0.000   0.024   26.7    57   17.4   27.2   10.15   1.1654     350     1    100.0   15 
 8/08/23   2:45   20.5   20.6   20.4    83   17.5    0.0    NNE   0.00   1.6   NNE   20.5   21.4   21.4  1022.2   0.00    0.0    0.000   0.023   26.6    57   17.4   27.1   10.15   1.1655     348     1    100.0   15 
 8/08/23   3:00   20.4   20.4   20.4    83   17.4    0.0    NNE   0.00   1.6   NNE   20.4   21.3   21.3  1022.1   0.00    0.0    0.000   0.021   26.6    57   17.3   27.1   10.16   1.1657     352     1    100.0   15 
 8/08/23   3:15   20.4   20.5   20.4    83   17.5    0.0    ---   0.00   0.0   ---   20.4   21.3   21.3  1022.0   0.00    0.0    0.000   0.022   26.4    57   17.2   26.9   10.17   1.1662     350     1    100.0   15 
 8/08/23   3:30   20.5   20.6   20.5    83   17.5    0.0    ---   0.00   0.0   ---   20.5   21.4   21.4  1022.0   0.00    0.0    0.000   0.023   26.4    57   17.2   26.9   10.17   1.1665     350     1    100.0   15 
 8/08/23   3:45   20.4   20.5   20.4    83   17.5    0.0    ---   0.00   0.0   ---   20.4   21.3   21.3  1021.9   0.00    0.0    0.000   0.022   26.3    58   17.4   26.9   10.37   1.1662     350     1    100.0   15 
 8/08/23   4:00   20.4   20.4   20.4    84   17.6    0.0    ---   0.00   0.0   ---   20.4   21.3   21.3  1022.0   0.00    0.0    0.000   0.021   26.3    58   17.4   26.9   10.37   1.1663     352     1    100.0   15 
 8/08/23   4:15   20.4   20.4   20.3    84   17.6    0.0    ---   0.00   0.0   ---   20.4   21.3   21.3  1021.9   0.00    0.0    0.000   0.021   26.3    58   17.4   26.8   10.38   1.1665     351     1    100.0   15 
 8/08/23   4:30   20.3   20.4   20.3    84   17.5    0.0    ---   0.00   0.0   ---   20.3   21.2   21.2  1022.0   0.00    0.0    0.000   0.021   26.2    58   17.3   26.7   10.38   1.1669     350     1    100.0   15 
 8/08/23   4:45   20.2   20.3   20.1    84   17.4    0.0    ---   0.00   0.0   ---   20.2   21.0   21.0  1022.1   0.00    0.0    0.000   0.019   26.2    58   17.3   26.7   10.39   1.1674     351     1    100.0   15 
 8/08/23   5:00   19.9   20.1   19.8    84   17.1    0.0    ---   0.00   0.0   ---   19.9   20.7   20.7  1022.3   0.00    0.0    0.000   0.016   26.1    58   17.2   26.6   10.39   1.1678     351     1    100.0   15 
 8/08/23   5:15   19.7   19.8   19.6    85   17.1    0.0    ---   0.00   0.0   ---   19.7   20.4   20.4  1022.2   0.00    0.0    0.000   0.014   26.1    58   17.2   26.6   10.39   1.1678     352     1    100.0   15 
 8/08/23   5:30   19.5   19.6   19.4    85   16.9    0.0    ---   0.00   0.0   ---   19.5   20.2   20.2  1022.2   0.00    0.0    0.000   0.012   26.1    58   17.1   26.6   10.39   1.1681     351     1    100.0   15 
 8/08/23   5:45   19.6   19.7   19.5    85   17.0    0.0      E   0.00   1.6     E   19.6   20.4   20.4  1022.3   0.00    0.0    0.000   0.013   26.0    58   17.1   26.5   10.40   1.1684     351     1    100.0   15 
 8/08/23   6:00   19.8   19.8   19.7    86   17.4    0.0      E   0.00   1.6     E   19.8   20.6   20.6  1022.3   0.00    0.0    0.000   0.015   26.1    58   17.1   26.6   10.39   1.1682     351     1    100.0   15 
 8/08/23   6:15   20.1   20.3   19.8    85   17.5    0.0      E   0.00   1.6     E   20.1   20.9   20.9  1022.4   0.00    0.0    0.000   0.018   26.1    58   17.2   26.6   10.39   1.1680     352     1    100.0   15 
 8/08/23   6:30   20.3   20.4   20.3    84   17.5    0.0      E   0.00   1.6     E   20.3   21.2   21.2  1022.5   0.00    0.0    0.000   0.021   26.2    58   17.3   26.7   10.38   1.1675     351     1    100.0   15 
 8/08/23   6:45   20.7   21.0   20.4    83   17.7    0.0      E   0.00   1.6     E   20.7   21.6   21.6  1022.5   0.00    0.0    0.000   0.025   26.4    58   17.5   26.9   10.37   1.1666     351     1    100.0   15 
 8/08/23   7:00   21.3   21.6   21.0    81   17.9    0.0     NO   0.00   3.2    NO   21.3   21.9   21.9  1022.6   0.00    0.0    0.000   0.031   26.5    58   17.6   27.1   10.36   1.1662     350     1    100.0   15 
 8/08/23   7:15   21.7   21.8   21.6    81   18.3    1.6     NO   0.40   4.8    NO   21.7   22.4   22.4  1022.6   0.00    0.0    0.000   0.035   26.7    58   17.7   27.3   10.35   1.1653     351     1    100.0   15 
 8/08/23   7:30   22.3   22.8   21.8    78   18.3    1.6      E   0.40   6.4   ENE   22.3   23.0   23.0  1022.6   0.00    0.0    0.000   0.041   26.9    58   17.9   27.6   10.35   1.1641     350     1    100.0   15 
 8/08/23   7:45   22.8   22.9   22.7    76   18.3    3.2      E   0.80   8.0    SE   22.8   23.7   23.7  1022.8   0.00    0.0    0.000   0.046   27.2    57   17.9   27.8   10.17   1.1632     351     1    100.0   15 
 8/08/23   8:00   22.8   23.1   22.7    76   18.4    3.2      E   0.80   8.0   ENE   22.8   23.7   23.7  1022.6   0.00    0.0    0.000   0.047   27.3    57   18.0   28.0   10.17   1.1625     351     1    100.0   15 
 8/08/23   8:15   23.4   23.6   23.1    75   18.7    3.2    ESE   0.80  11.3   ENE   23.4   24.4   24.4  1022.7   0.00    0.0    0.000   0.053   27.4    57   18.1   28.2   10.18   1.1620     351     1    100.0   15 
 8/08/23   8:30   23.9   24.2   23.6    76   19.5    3.2    SSE   0.80  11.3   SSE   23.9   25.2   25.2  1022.6   0.00    0.0    0.000   0.058   27.4    58   18.4   28.3   10.35   1.1611     351     1    100.0   15 
 8/08/23   8:45   24.3   24.6   24.2    77   20.0    3.2      S   0.80  12.9     S   24.3   25.7   25.7  1022.6   0.00    0.0    0.000   0.063   27.6    58   18.6   28.6   10.35   1.1603     350     1    100.0   15 
 8/08/23   9:00   25.0   25.3   24.7    73   19.8    4.8      S   1.21  14.5     S   25.0   26.3   26.3  1022.6   0.00    0.0    0.000   0.069   27.7    58   18.7   28.7   10.35   1.1600     351     1    100.0   15 
 8/08/23   9:15   25.2   25.4   25.1    72   19.8    4.8    SSO   1.21  16.1     S   25.2   26.4   26.4  1022.6   0.00    0.0    0.000   0.072   27.8    58   18.8   28.8   10.35   1.1594     350     1    100.0   15 
 8/08/23   9:30   25.9   26.3   25.4    69   19.8    4.8    SSE   1.21  12.9     E   25.9   27.1   27.1  1022.5   0.00    0.0    0.000   0.079   27.9    58   18.9   29.0   10.35   1.1587     351     1    100.0   15 
 8/08/23   9:45   26.6   26.9   26.2    67   19.9    6.4     SE   1.61  14.5   ESE   26.6   27.8   27.8  1022.5   0.00    0.0    0.000   0.086   28.1    58   19.0   29.2   10.35   1.1578     351     1    100.0   15 
 8/08/23  10:00   26.9   27.2   26.8    65   19.8    6.4      S   1.61  14.5     S   26.9   28.1   28.1  1022.3   0.00    0.0    0.000   0.089   28.1    58   19.1   29.3   10.35   1.1573     351     1    100.0   15 
 8/08/23  10:15   27.7   27.9   27.2    64   20.2    8.0      S   2.01  20.9   SSE   27.7   29.3   29.3  1022.4   0.00    0.0    0.000   0.097   28.2    58   19.2   29.5   10.35   1.1568     350     1    100.0   15 
 8/08/23  10:30   27.0   27.4   26.8    66   20.1    4.8    SSE   1.21  14.5    SE   27.0   28.4   28.4  1022.3   0.00    0.0    0.000   0.090   28.3    57   18.9   29.5   10.21   1.1568     352     1    100.0   15 
 8/08/23  10:45   27.3   27.5   27.0    64   19.9    8.0      S   2.01  17.7     S   27.3   28.6   28.6  1022.2   0.00    0.0    0.000   0.093   28.3    57   19.0   29.6   10.21   1.1564     351     1    100.0   15 
 8/08/23  11:00   27.9   28.1   27.5    62   19.9    8.0      S   2.01  22.5     E   27.9   29.4   29.4  1022.0   0.00    0.0    0.000   0.100   28.4    57   19.1   29.8   10.21   1.1557     348     1    100.0   15 
 8/08/23  11:15   28.4   28.7   28.1    60   19.9    6.4      S   1.61  17.7   SSE   28.4   30.1   30.1  1021.9   0.00    0.0    0.000   0.105   28.6    58   19.5   30.1   10.35   1.1545     351     1    100.0   15 
 8/08/23  11:30   28.7   28.9   28.4    61   20.4    8.0      S   2.01  20.9     S   28.7   30.7   30.7  1021.8   0.00    0.0    0.000   0.108   28.7    57   19.3   30.2   10.22   1.1542     351     1    100.0   15 
 8/08/23  11:45   28.2   28.6   27.8    63   20.5    9.7    SSE   2.41  20.9    SE   28.2   30.1   30.1  1021.7   0.00    0.0    0.000   0.103   28.8    57   19.4   30.4   10.23   1.1535     351     1    100.0   15 
 8/08/23  12:00   28.2   28.8   27.8    61   19.9    8.0    SSO   2.01  20.9   ONO   28.2   29.7   29.7  1021.5   0.00    0.0    0.000   0.102   28.8    57   19.5   30.5   10.23   1.1530     351     1    100.0   15 
 8/08/23  12:15   28.9   29.1   28.7    58   19.8    8.0     SO   2.01  17.7     S   28.9   30.7   30.7  1021.4   0.00    0.0    0.000   0.110   29.0    57   19.6   30.7   10.23   1.1520     351     1    100.0   15 
 8/08/23  12:30   29.0   29.1   28.8    60   20.4    8.0      S   2.01  22.5     S   29.0   31.1   31.1  1021.3   0.00    0.0    0.000   0.111   29.1    56   19.4   30.8   10.05   1.1517     351     1    100.0   15 
 8/08/23  12:45   28.9   29.0   28.8    59   20.1    8.0    SSE   2.01  22.5     S   28.9   30.8   30.8  1021.2   0.00    0.0    0.000   0.110   29.2    56   19.5   30.9   10.05   1.1510     352     1    100.0   15 
 8/08/23  13:00   28.9   29.0   28.8    61   20.6    9.7    SSE   2.41  22.5   SSE   28.9   31.1   31.1  1021.2   0.00    0.0    0.000   0.110   29.4    56   19.7   31.2   10.05   1.1502     350     1    100.0   15 
 8/08/23  13:15   28.6   28.9   28.5    62   20.6   11.3    SSE   2.82  41.8    SE   28.6   30.7   30.7  1021.2   0.00    0.0    0.000   0.107   29.6    56   19.9   31.6   10.04   1.1490     351     1    100.0   15 
 8/08/23  13:30   28.5   28.6   28.4    63   20.8    9.7      S   2.41  41.8    SE   28.5   30.6   30.6  1021.1   0.00    0.0    0.000   0.106   29.7    56   20.0   31.7   10.04   1.1482     351     1    100.0   15 
 8/08/23  13:45   28.4   28.5   28.2    64   20.9   11.3      S   2.82  33.8     S   28.4   30.5   30.5  1021.0   0.00    0.0    0.000   0.105   29.8    56   20.1   31.9   10.04   1.1475     352     1    100.0   15 
 8/08/23  14:00   28.3   28.3   28.2    63   20.6   11.3      S   2.82  29.0     S   28.3   30.2   30.2  1020.8   0.00    0.0    0.000   0.104   29.9    56   20.2   32.2   10.03   1.1467     351     1    100.0   15 
 8/08/23  14:15   28.7   28.9   28.3    61   20.5    9.7    SSO   2.41  33.8   SSO   28.7   30.8   30.8  1020.6   0.00    0.0    0.000   0.108   29.9    56   20.2   32.2   10.03   1.1465     351     1    100.0   15 
 8/08/23  14:30   29.0   29.1   28.9    59   20.2    9.7    SSO   2.41  24.1   SSO   29.0   31.0   31.0  1020.6   0.00    0.0    0.000   0.111   30.0    56   20.3   32.3   10.03   1.1461     350     1    100.0   15 
 8/08/23  14:45   29.3   29.6   29.1    57   19.9    9.7    SSO   2.41  22.5   OSO   29.3   31.2   31.2  1020.5   0.00    0.0    0.000   0.114   30.1    55   20.0   32.2    9.83   1.1463     350     1    100.0   15 
 8/08/23  15:00   29.5   29.7   29.3    57   20.1    9.7    SSO   2.41  20.9    SO   29.5   31.5   31.5  1020.5   0.00    0.0    0.000   0.116   30.1    55   20.1   32.3    9.83   1.1459     352     1    100.0   15 
 8/08/23  15:15   29.1   29.3   28.8    58   20.0    9.7      S   2.41  27.4   SSO   29.1   30.9   30.9  1020.5   0.00    0.0    0.000   0.112   30.2    54   19.8   32.2    9.72   1.1461     351     1    100.0   15 
 8/08/23  15:30   28.8   28.9   28.8    59   20.0    8.0    SSO   2.01  19.3    SE   28.8   30.7   30.7  1020.5   0.00    0.0    0.000   0.109   30.2    54   19.9   32.3    9.72   1.1459     350     1    100.0   15 
 8/08/23  15:45   28.7   28.9   28.6    59   19.9    8.0    SSO   2.01  29.0    SO   28.7   30.5   30.5  1020.5   0.00    0.0    0.000   0.108   30.2    54   19.9   32.3    9.72   1.1458     350     1    100.0   15 
 8/08/23  16:00   28.6   28.8   28.6    60   20.1    9.7    SSO   2.41  24.1   SSO   28.6   30.4   30.4  1020.5   0.00    0.0    0.000   0.107   30.2    54   19.9   32.3    9.72   1.1458     352     1    100.0   15 
 8/08/23  16:15   28.4   28.6   28.3    61   20.2    9.7    SSO   2.41  25.7    SO   28.4   30.2   30.2  1020.5   0.00    0.0    0.000   0.105   30.2    53   19.5   32.1    9.52   1.1466     351     1    100.0   15 
 8/08/23  16:30   28.0   28.3   27.7    63   20.3    9.7      S   2.41  27.4     S   28.0   29.7   29.7  1020.5   0.00    0.0    0.000   0.101   29.8    51   18.6   31.2    9.24   1.1493     350     1    100.0   15 
 8/08/23  16:45   27.4   27.7   27.3    64   20.0    9.7    SSO   2.41  29.0     S   27.4   28.9   28.9  1020.5   0.00    0.0    0.000   0.095   29.6    50   18.0   30.6    9.05   1.1513     351     1    100.0   15 
 8/08/23  17:00   27.4   27.6   27.2    63   19.8    8.0      S   2.01  20.9     S   27.4   28.8   28.8  1020.6   0.00    0.0    0.000   0.095   29.4    49   17.6   30.3    8.85   1.1527     351     1    100.0   15 
 8/08/23  17:15   27.1   27.2   26.9    63   19.4    8.0    SSO   2.01  20.9     S   27.1   28.2   28.2  1020.6   0.00    0.0    0.000   0.091   29.2    49   17.4   30.1    8.86   1.1536     352     1    100.0   15 
 8/08/23  17:30   26.7   27.1   26.5    65   19.6    9.7      S   2.41  19.3     O   26.7   27.8   27.8  1020.5   0.00    0.0    0.000   0.087   29.1    49   17.3   30.0    8.86   1.1544     351     1    100.0   15 
 8/08/23  17:45   26.5   26.6   26.4    65   19.4    8.0    SSO   2.01  19.3    SO   26.5   27.6   27.6  1020.6   0.00    0.0    0.000   0.085   28.9    49   17.1   29.8    8.87   1.1553     351     1    100.0   15 
 8/08/23  18:00   26.3   26.4   26.1    65   19.2    6.4    OSO   1.61  20.9     S   26.3   27.3   27.3  1020.7   0.00    0.0    0.000   0.083   28.8    49   17.0   29.6    8.87   1.1560     350     1    100.0   15 
 8/08/23  18:15   25.8   26.1   25.7    67   19.2    6.4    SSO   1.61  14.5    SO   25.8   26.8   26.8  1020.8   0.00    0.0    0.000   0.078   28.7    49   16.9   29.4    8.88   1.1566     352     1    100.0   15 
 8/08/23  18:30   25.4   25.7   25.1    69   19.3    8.0      S   2.01  17.7     S   25.4   26.4   26.4  1021.0   0.00    0.0    0.000   0.073   28.6    49   16.8   29.3    8.88   1.1574     351     1    100.0   15 
 8/08/23  18:45   24.9   25.1   24.8    69   18.9    6.4      S   1.61  14.5     S   24.9   25.9   25.9  1021.1   0.00    0.0    0.000   0.069   28.4    51   17.3   29.3    9.29   1.1572     351     1    100.0   15 
 8/08/23  19:00   24.7   24.8   24.5    70   18.8    6.4    SSO   1.61  17.7    SO   24.7   25.7   25.7  1021.1   0.00    0.0    0.000   0.066   28.4    53   17.9   29.4    9.59   1.1564     350     1    100.0   15 
 8/08/23  19:15   24.3   24.5   24.2    70   18.5    6.4    SSO   1.61  17.7    SO   24.3   25.3   25.3  1021.2   0.00    0.0    0.000   0.063   28.4    53   17.9   29.3    9.59   1.1567     350     1    100.0   15 
 8/08/23  19:30   24.1   24.2   24.0    71   18.5    4.8    SSO   1.21  12.9    SO   24.1   25.1   25.1  1021.2   0.00    0.0    0.000   0.060   28.2    53   17.7   29.1    9.59   1.1576     349     1    100.0   15 
 8/08/23  19:45   23.9   24.0   23.8    73   18.8    4.8    SSO   1.21  14.5   OSO   23.9   24.9   24.9  1021.4   0.00    0.0    0.000   0.058   28.1    54   17.9   29.0    9.75   1.1580     349     1    100.0   15 
 8/08/23  20:00   23.7   23.8   23.6    75   19.0    4.8    SSO   1.21  11.3    SO   23.7   24.8   24.8  1021.5   0.00    0.0    0.000   0.056   28.0    54   17.8   28.8    9.75   1.1587     351     1    100.0   15 
 8/08/23  20:15   23.4   23.6   23.3    75   18.8    3.2    SSO   0.80   9.7    SO   23.4   24.5   24.5  1021.7   0.00    0.0    0.000   0.053   27.9    54   17.8   28.7    9.75   1.1592     351     1    100.0   15 
 8/08/23  20:30   23.2   23.3   23.1    76   18.8    1.6    OSO   0.40   8.0   SSO   23.2   24.2   24.2  1021.9   0.00    0.0    0.000   0.051   27.9    55   18.0   28.7    9.85   1.1593     352     1    100.0   15 
 8/08/23  20:45   23.1   23.1   23.0    77   18.8    1.6    OSO   0.40   8.0    SO   23.1   24.1   24.1  1021.9   0.00    0.0    0.000   0.049   27.8    55   17.9   28.6    9.85   1.1599     351     1    100.0   15 
 8/08/23  21:00   22.9   23.1   22.8    79   19.1    1.6      O   0.40   6.4   OSO   22.9   23.9   23.9  1021.9   0.00    0.0    0.000   0.047   27.7    55   17.9   28.5    9.85   1.1602     351     1    100.0   15 
 8/08/23  21:15   22.8   22.8   22.8    80   19.1    0.0    OSO   0.00   4.8   OSO   22.8   23.8   23.8  1021.8   0.00    0.0    0.000   0.046   27.7    55   17.8   28.4    9.85   1.1603     351     1    100.0   15 
 8/08/23  21:30   22.7   22.8   22.7    80   19.1    0.0    OSO   0.00   3.2   OSO   22.7   23.7   23.7  1021.8   0.00    0.0    0.000   0.046   27.6    55   17.8   28.3    9.85   1.1607     352     1    100.0   15 
 8/08/23  21:45   22.6   22.7   22.5    80   18.9    0.0    OSO   0.00   1.6   OSO   22.6   23.4   23.4  1022.0   0.00    0.0    0.000   0.044   27.5    55   17.7   28.2    9.85   1.1614     349     1    100.0   15 
 8/08/23  22:00   22.5   22.6   22.5    81   19.1    0.0    ---   0.00   0.0   ---   22.5   23.4   23.4  1022.0   0.00    0.0    0.000   0.043   27.5    56   17.9   28.2   10.05   1.1611     351     1    100.0   15 
 8/08/23  22:15   22.4   22.5   22.4    81   19.0    0.0    OSO   0.00   1.6   OSO   22.4   23.3   23.3  1022.0   0.00    0.0    0.000   0.043   27.4    56   17.8   28.1   10.05   1.1616     351     1    100.0   15 
 8/08/23  22:30   22.4   22.4   22.3    81   19.0    0.0    ---   0.00   0.0   ---   22.4   23.3   23.3  1022.2   0.00    0.0    0.000   0.042   27.4    56   17.8   28.1   10.05   1.1618     352     1    100.0   15 
 8/08/23  22:45   22.3   22.3   22.2    81   18.9    0.0    OSO   0.00   3.2   OSO   22.3   23.1   23.1  1022.1   0.00    0.0    0.000   0.041   27.4    57   18.2   28.2   10.18   1.1610     351     1    100.0   15 
 8/08/23  23:00   22.1   22.2   21.9    82   18.8    0.0    OSO   0.00   1.6   OSO   22.1   22.9   22.9  1022.0   0.00    0.0    0.000   0.039   27.5    58   18.5   28.4   10.35   1.1602     351     1    100.0   15 
 8/08/23  23:15   21.8   21.9   21.8    82   18.6    0.0    OSO   0.00   1.6   OSO   21.8   22.7   22.7  1022.0   0.00    0.0    0.000   0.036   27.5    58   18.5   28.4   10.35   1.1602     351     1    100.0   15 
 8/08/23  23:30   21.8   21.8   21.7    82   18.6    0.0    ONO   0.00   3.2   ONO   21.8   22.6   22.6  1022.1   0.00    0.0    0.000   0.036   27.5    58   18.5   28.4   10.35   1.1603     350     1    100.0   15 
 8/08/23  23:45   21.8   21.8   21.7    82   18.6    0.0    ONO   0.00   4.8   ONO   21.8   22.6   22.6  1022.1   0.00    0.0    0.000   0.036   27.5    59   18.8   28.5   10.55   1.1599     352     1    100.0   15 
 9/08/23  00:00   21.7   21.7   21.7    83   18.7    0.0    ONO   0.00   3.2   ONO   21.7   22.6   22.6  1022.0   0.00    0.0    0.000   0.035   27.4    59   18.7   28.4   10.55   1.1601     351     1    100.0   15 
 9/08/23   0:15   21.7   21.7   21.7    83   18.7    0.0    ONO   0.00   1.6   ONO   21.7   22.6   22.6  1021.9   0.00    0.0    0.000   0.035   27.4    59   18.7   28.4   10.55   1.1600     350     1    100.0   15 
 9/08/23   0:30   21.7   21.7   21.6    83   18.7    0.0    ONO   0.00   1.6   ONO   21.7   22.6   22.6  1021.8   0.00    0.0    0.000   0.035   27.4    59   18.7   28.3   10.55   1.1601     351     1    100.0   15 
 9/08/23   0:45   21.6   21.6   21.5    85   18.9    0.0    ---   0.00   0.0   ---   21.6   22.5   22.5  1021.9   0.00    0.0    0.000   0.034   27.4    59   18.7   28.3   10.55   1.1602     351     1    100.0   15 
 9/08/23   1:00   21.5   21.6   21.5    85   18.9    0.0    ---   0.00   0.0   ---   21.5   22.4   22.4  1021.8   0.00    0.0    0.000   0.033   27.3    60   18.9   28.3   10.75   1.1600     351     1    100.0   15 
 9/08/23   1:15   21.5   21.5   21.4    85   18.9    0.0    ONO   0.00   1.6   ONO   21.5   22.4   22.4  1021.7   0.00    0.0    0.000   0.033   27.3    60   18.9   28.3   10.75   1.1599     351     1    100.0   15 
 9/08/23   1:30   21.4   21.4   21.3    86   18.9    0.0    ---   0.00   0.0   ---   21.4   22.3   22.3  1021.7   0.00    0.0    0.000   0.032   27.3    60   18.8   28.2   10.75   1.1602     350     1    100.0   15 
 9/08/23   1:45   21.3   21.3   21.2    87   19.0    0.0    ONO   0.00   1.6   ONO   21.3   22.3   22.3  1021.7   0.00    0.0    0.000   0.031   27.3    60   18.8   28.2   10.75   1.1602     350     1    100.0   15 
 9/08/23   2:00   21.1   21.2   21.0    87   18.9    0.0    ONO   0.00   1.6   ONO   21.1   22.1   22.1  1021.7   0.00    0.0    0.000   0.029   27.2    61   19.0   28.3   10.95   1.1601     351     1    100.0   15 
 9/08/23   2:15   20.8   21.0   20.8    88   18.8    0.0    ONO   0.00   3.2   ONO   20.8   21.9   21.9  1021.6   0.00    0.0    0.000   0.026   27.2    60   18.7   28.1   10.75   1.1607     351     1    100.0   15 
 9/08/23   2:30   20.8   20.8   20.8    89   18.9    0.0    OSO   0.00   1.6   OSO   20.8   21.8   21.8  1021.5   0.00    0.0    0.000   0.025   27.1    61   18.9   28.1   10.95   1.1604     351     1    100.0   15 
 9/08/23   2:45   20.8   20.8   20.7    89   18.9    0.0    ---   0.00   0.0   ---   20.8   21.8   21.8  1021.4   0.00    0.0    0.000   0.025   27.1    61   18.9   28.1   10.95   1.1603     351     1    100.0   15 
 9/08/23   3:00   20.7   20.7   20.6    90   19.0    0.0    ---   0.00   0.0   ---   20.7   21.8   21.8  1021.3   0.00    0.0    0.000   0.024   27.1    61   18.9   28.0   10.95   1.1605     351     2    100.0   15 
 9/08/23   3:15   20.5   20.7   20.3    89   18.6    0.0    ---   0.00   0.0   ---   20.5   21.6   21.6  1021.5   0.00    0.0    0.000   0.023   27.0    61   18.8   27.9   10.95   1.1611     351     1    100.0   15 
