                 Temp.  Temp.  Temp.  Hum.   Punt   Vel.   Dir.   Rec.  Vel.  Dir.  Sens.   Índ.   Índ.                  Int. Graus D.Graus D.  Temp.  Hum. Rosada  In.Cal.  EMC     Dens.    Mostr   Tx   Recep.  Int.
  Data    Hora    Ext.   Màx.   Mín.  Ext. Rosada   Vent   Vent   Vent  Màx.  Màx.  Tèrm.  Calor   THW    Bar    Pluja   Pluja  Calor    Fred    Int.  Int.   Int.   Int.    Int.  Int.Aire    Vent   Vent   ISS   Arc.
-------------------------------------------------------------------------------------------------------------------------------------------------------------------------------------------------------------------------
21/08/23   0:15   27.6   27.8   27.4    56   18.0    0.0      O   0.00   3.2     O   27.6   28.3   28.3  1022.9   0.00    0.0    0.000   0.096   27.7    42   13.6   27.4    7.85   1.1670     347     1    100.0   15 
21/08/23   0:30   28.2   28.6   27.8    54   18.0    0.0      O   0.00   1.6     O   28.2   29.2   29.2  1022.9   0.00    0.0    0.000   0.103   27.7    42   13.6   27.4    7.85   1.1672     351     1    100.0   15 
21/08/23   0:45   28.7   28.9   28.5    53   18.2    0.0    ---   0.00   0.0   ---   28.7   29.9   29.9  1022.8   0.00    0.0    0.000   0.108   27.6    42   13.5   27.3    7.85   1.1673     352     1    100.0   15 
21/08/23   1:00   28.8   28.9   28.8    53   18.3    0.0    ---   0.00   0.0   ---   28.8   30.1   30.1  1022.7   0.00    0.0    0.000   0.109   27.6    42   13.5   27.3    7.85   1.1672     351     1    100.0   15 
21/08/23   1:15   28.7   28.8   28.6    54   18.4    0.0      O   0.00   1.6     O   28.7   29.9   29.9  1022.6   0.00    0.0    0.000   0.108   27.6    42   13.5   27.2    7.85   1.1674     351     1    100.0   15 
21/08/23   1:30   28.3   28.5   28.1    55   18.4    0.0    ---   0.00   0.0   ---   28.3   29.3   29.3  1022.6   0.00    0.0    0.000   0.104   27.6    42   13.5   27.2    7.85   1.1673     351     1    100.0   15 
21/08/23   1:45   28.1   28.2   28.1    55   18.2    0.0    ---   0.00   0.0   ---   28.1   29.1   29.1  1022.5   0.00    0.0    0.000   0.102   27.5    42   13.4   27.2    7.85   1.1675     352     1    100.0   15 
21/08/23   2:00   28.2   28.3   28.1    54   18.0    0.0      O   0.00   1.6     O   28.2   29.1   29.1  1022.4   0.00    0.0    0.000   0.102   27.5    42   13.4   27.2    7.85   1.1675     351     1    100.0   15 
21/08/23   2:15   28.3   28.3   28.3    54   18.1    0.0      O   0.00   3.2     O   28.3   29.2   29.2  1022.5   0.00    0.0    0.000   0.104   27.4    42   13.4   27.1    7.85   1.1678     351     1    100.0   15 
21/08/23   2:30   28.2   28.3   28.1    54   18.0    0.0      O   0.00   3.2     O   28.2   29.2   29.2  1022.5   0.00    0.0    0.000   0.103   27.4    42   13.3   27.0    7.85   1.1681     351     1    100.0   15 
21/08/23   2:45   28.1   28.1   27.9    55   18.2    1.6    ENE   0.40   4.8   ENE   28.1   29.0   29.0  1022.6   0.00    0.0    0.000   0.101   27.4    42   13.3   27.0    7.85   1.1682     351     1    100.0   15 
21/08/23   3:00   27.6   27.9   27.4    58   18.6    1.6    ENE   0.40   4.8   ENE   27.6   28.6   28.6  1022.5   0.00    0.0    0.000   0.097   27.3    42   13.3   26.9    7.85   1.1684     351     1    100.0   15 
21/08/23   3:15   27.2   27.4   27.1    59   18.5    1.6    ENE   0.40   3.2   ENE   27.2   28.1   28.1  1022.5   0.00    0.0    0.000   0.093   27.3    43   13.7   27.0    8.03   1.1680     351     1    100.0   15 
21/08/23   3:30   26.9   27.1   26.8    60   18.5    0.0    ENE   0.00   3.2   ENE   26.9   27.8   27.8  1022.5   0.00    0.0    0.000   0.090   27.3    43   13.6   26.9    8.03   1.1682     351     1    100.0   15 
21/08/23   3:45   26.7   26.8   26.5    60   18.3    0.0    ENE   0.00   3.2   ENE   26.7   27.4   27.4  1022.5   0.00    0.0    0.000   0.087   27.2    43   13.6   26.9    8.03   1.1685     349     1    100.0   15 
21/08/23   4:00   26.4   26.5   26.4    61   18.3    0.0    ENE   0.00   1.6   ENE   26.4   27.2   27.2  1022.6   0.00    0.0    0.000   0.084   27.2    44   13.9   26.9    8.15   1.1682     351     1    100.0   15 
21/08/23   4:15   26.6   26.7   26.5    61   18.5    0.0     NE   0.00   1.6   ENE   26.6   27.4   27.4  1022.7   0.00    0.0    0.000   0.086   27.3    45   14.3   27.1    8.33   1.1676     349     1    100.0   15 
21/08/23   4:30   26.6   26.7   26.6    61   18.5    0.0     NE   0.00   3.2    NE   26.6   27.4   27.4  1022.8   0.00    0.0    0.000   0.086   27.3    46   14.7   27.2    8.45   1.1670     351     1    100.0   15 
21/08/23   4:45   26.6   26.7   26.6    60   18.2    0.0     NE   0.00   3.2    NE   26.6   27.3   27.3  1022.8   0.00    0.0    0.000   0.086   27.4    47   15.1   27.3    8.62   1.1663     350     1    100.0   15 
21/08/23   5:00   26.6   26.6   26.6    60   18.2    0.0    NNE   0.00   3.2   NNE   26.6   27.3   27.3  1022.8   0.00    0.0    0.000   0.086   27.4    48   15.5   27.5    8.82   1.1657     351     1    100.0   15 
21/08/23   5:15   26.5   26.6   26.4    62   18.6    0.0      N   0.00   1.6     N   26.5   27.3   27.3  1023.0   0.00    0.0    0.000   0.085   27.4    49   15.8   27.6    8.92   1.1654     338     1     98.8   15 
21/08/23   5:30   26.6   26.7   26.4    62   18.7    0.0     NE   0.00   1.6    NE   26.6   27.4   27.4  1023.0   0.00    0.0    0.000   0.086   27.5    50   16.1   27.7    9.12   1.1648     351     1    100.0   15 
21/08/23   5:45   26.9   27.1   26.7    61   18.7    0.0     NE   0.00   1.6    NE   26.9   27.8   27.8  1023.2   0.00    0.0    0.000   0.089   27.8    51   16.7   28.2    9.31   1.1631     350     1    100.0   15 
21/08/23   6:00   27.3   27.6   27.1    60   18.9    0.0    ---   0.00   0.0   ---   27.3   28.3   28.3  1023.2   0.00    0.0    0.000   0.094   28.0    51   16.9   28.6    9.30   1.1620     352     1    100.0   15 
21/08/23   6:15   27.8   28.1   27.6    59   19.1    0.0    ---   0.00   0.0   ---   27.8   29.0   29.0  1023.3   0.00    0.0    0.000   0.099   28.3    52   17.5   29.2    9.39   1.1599     350     1    100.0   15 
21/08/23   6:30   28.0   28.1   27.9    59   19.2    0.0    ---   0.00   0.0   ---   28.0   29.2   29.2  1023.3   0.00    0.0    0.000   0.101   28.7    51   17.5   29.6    9.28   1.1587     351     1    100.0   15 
21/08/23   6:45   28.1   28.3   27.9    57   18.8    0.0    ESE   0.00   1.6    NE   28.1   29.2   29.2  1023.4   0.00    0.0    0.000   0.102   29.1    52   18.2   30.3    9.36   1.1563     349     1    100.0   15 
21/08/23   7:00   28.7   29.1   28.3    56   19.0    0.0    ESE   0.00   1.6   ESE   28.7   30.1   30.1  1023.5   0.00    0.0    0.000   0.108   29.3    51   18.1   30.4    9.25   1.1554     350     1    100.0   15 
21/08/23   7:15   29.2   29.3   29.1    56   19.5    0.0    NNE   0.00   3.2    NE   29.2   30.9   30.9  1023.6   0.00    0.0    0.000   0.113   29.6    51   18.4   30.8    9.24   1.1541     352     1    100.0   15 
21/08/23   7:30   29.1   29.3   29.1    57   19.7    1.6    NNE   0.40   4.8   NNE   29.1   30.9   30.9  1023.6   0.00    0.0    0.000   0.112   29.8    51   18.6   31.2    9.24   1.1529     351     1    100.0   15 
21/08/23   7:45   29.3   29.6   29.2    56   19.6    1.6    NNO   0.40   4.8   NNO   29.3   31.0   31.0  1023.7   0.00    0.0    0.000   0.114   30.1    52   19.2   31.8    9.35   1.1511     350     1    100.0   15 
21/08/23   8:00   30.0   30.5   29.6    54   19.7    0.0    NNO   0.00   1.6   NNO   30.0   31.9   31.9  1023.6   0.00    0.0    0.000   0.122   30.3    51   19.1   32.1    9.22   1.1504     351     1    100.0   15 
21/08/23   8:15   31.0   31.3   30.5    52   20.0    1.6     NE   0.40   6.4   ESE   31.0   33.2   33.2  1023.7   0.00    0.0    0.000   0.132   30.4    51   19.2   32.3    9.21   1.1499     351     1    100.0   15 
21/08/23   8:30   31.6   32.1   31.3    49   19.5    1.6      E   0.40   8.0     E   31.6   33.8   33.8  1023.6   0.00    0.0    0.000   0.138   30.6    51   19.3   32.6    9.21   1.1489     350     1    100.0   15 
21/08/23   8:45   32.3   32.4   32.1    47   19.5    3.2      E   0.80  11.3     E   32.3   34.6   34.6  1023.6   0.00    0.0    0.000   0.145   30.9    50   19.3   32.7    9.05   1.1479     348     1    100.0   15 
21/08/23   9:00   32.7   33.0   32.4    45   19.2    3.2    ESE   0.80  11.3     E   32.7   34.9   34.9  1023.5   0.00    0.0    0.000   0.150   31.2    49   19.2   32.9    8.85   1.1468     351     1    100.0   15 
21/08/23   9:15   33.0   33.2   32.9    45   19.5    6.4     SE   1.61  11.3     E   33.0   35.4   35.4  1023.5   0.00    0.0    0.000   0.153   31.3    46   18.3   32.7    8.38   1.1476     348     1    100.0   15 
21/08/23   9:30   33.7   33.9   33.2    42   19.0    4.8     SE   1.21  14.5   ESE   33.7   35.9   35.9  1023.5   0.00    0.0    0.000   0.160   30.6    43   16.6   31.2    7.95   1.1530     348     1    100.0   15 
21/08/23   9:45   34.0   34.2   33.9    41   18.9    4.8    ENE   1.21  14.5     E   34.0   36.2   36.2  1023.4   0.00    0.0    0.000   0.163   29.9    41   15.3   30.2    7.65   1.1570     349     1    100.0   15 
21/08/23  10:00   34.3   34.6   33.9    40   18.8    6.4      E   1.61  17.7     E   34.3   36.5   36.5  1023.5   0.00    0.0    0.000   0.167   29.6    41   15.0   29.8    7.65   1.1587     351     1    100.0   15 
21/08/23  10:15   34.7   34.9   34.4    39   18.7    8.0    ESE   2.01  16.1   ESE   34.7   36.8   36.8  1023.4   0.00    0.0    0.000   0.170   29.4    41   14.8   29.6    7.65   1.1594     351     1    100.0   15 
21/08/23  10:30   35.0   35.2   34.9    38   18.6    9.7    ENE   2.41  22.5     E   35.0   37.1   37.1  1023.3   0.00    0.0    0.000   0.174   29.3    41   14.7   29.4    7.66   1.1602     352     1    100.0   15 
21/08/23  10:45   35.5   35.8   35.2    38   19.0    8.0      E   2.01  20.9     E   35.5   38.1   38.1  1023.3   0.00    0.0    0.000   0.179   29.3    42   15.0   29.6    7.85   1.1596     351     1    100.0   15 
21/08/23  11:00   35.8   35.9   35.7    38   19.3    8.0    ENE   2.01  17.7     E   35.8   38.6   38.6  1023.1   0.00    0.0    0.000   0.182   29.2    42   15.0   29.5    7.85   1.1597     350     1    100.0   15 
21/08/23  11:15   36.0   36.2   35.8    35   18.1    9.7    ENE   2.41  20.9     E   36.0   37.8   37.8  1023.1   0.00    0.0    0.000   0.184   29.3    44   15.8   29.8    8.15   1.1585     351     1    100.0   15 
21/08/23  11:30   36.4   36.6   36.2    35   18.5    8.0     SE   2.01  20.9   ESE   36.4   38.6   38.6  1023.0   0.00    0.0    0.000   0.189   29.4    44   15.9   29.8    8.15   1.1579     352     1    100.0   15 
21/08/23  11:45   36.4   36.5   36.3    36   18.9    9.7    ESE   2.41  24.1     E   36.4   38.9   38.9  1022.9   0.00    0.0    0.000   0.188   29.4    43   15.6   29.8    7.95   1.1579     350     1    100.0   15 
21/08/23  12:00   36.5   36.7   36.3    34   18.1    9.7    ENE   2.41  22.5     E   36.5   38.4   38.4  1022.8   0.00    0.0    0.000   0.189   29.4    44   15.9   29.9    8.15   1.1574     350     1    100.0   15 
21/08/23  12:15   36.5   36.6   36.4    34   18.1    9.7      E   2.41  22.5   ESE   36.5   38.4   38.4  1022.7   0.00    0.0    0.000   0.189   29.5    44   16.0   29.9    8.15   1.1570     350     1    100.0   15 
21/08/23  12:30   36.4   36.5   36.4    35   18.5   11.3    ESE   2.82  20.9     E   36.4   38.6   38.6  1022.5   0.00    0.0    0.000   0.189   29.5    45   16.3   30.1    8.25   1.1563     350     1    100.0   15 
21/08/23  12:45   36.3   36.4   36.2    34   17.9   12.9      E   3.22  20.9     E   36.3   38.0   38.0  1022.5   0.00    0.0    0.000   0.187   29.6    46   16.7   30.2    8.45   1.1555     352     1    100.0   15 
21/08/23  13:00   36.2   36.4   36.0    36   18.8   11.3    ENE   2.82  22.5     E   36.2   38.6   38.6  1022.5   0.00    0.0    0.000   0.186   29.6    44   16.1   30.1    8.14   1.1561     351     1    100.0   15 
21/08/23  13:15   36.2   36.3   36.1    37   19.2   11.3      E   2.82  27.4     E   36.2   39.0   39.0  1022.4   0.00    0.0    0.000   0.186   29.5    44   16.0   29.9    8.15   1.1565     344     1    100.0   15 
21/08/23  13:30   36.0   36.2   35.8    37   19.0   11.3    ENE   2.82  22.5   ENE   36.0   38.6   38.6  1022.3   0.00    0.0    0.000   0.184   29.5    44   16.0   29.9    8.15   1.1565     328     1     95.9   15 
21/08/23  13:45   36.0   36.3   35.6    39   19.9   12.9    ESE   3.22  24.1     E   36.0   39.4   39.4  1022.3   0.00    0.0    0.000   0.184   29.5    43   15.6   29.9    7.95   1.1569     348     1    100.0   15 
21/08/23  14:00   35.6   35.7   35.5    39   19.5   11.3      E   2.82  25.7   ESE   35.6   38.6   38.6  1022.1   0.00    0.0    0.000   0.180   29.5    44   16.0   29.9    8.15   1.1563     333     1     97.4   15 
21/08/23  14:15   35.8   36.1   35.6    39   19.7    8.0      E   2.01  19.3   ESE   35.8   38.9   38.9  1022.1   0.00    0.0    0.000   0.182   29.5    45   16.3   30.1    8.25   1.1558     349     1    100.0   15 
21/08/23  14:30   36.1   36.4   35.8    39   19.9    6.4     SE   1.61  17.7   ESE   36.1   39.5   39.5  1022.0   0.00    0.0    0.000   0.185   29.5    45   16.3   30.1    8.25   1.1556     347     1    100.0   15 
21/08/23  14:45   36.5   36.7   36.2    40   20.7    4.8      S   1.21  14.5    SO   36.5   40.8   40.8  1021.8   0.00    0.0    0.000   0.189   29.5    44   16.0   29.9    8.15   1.1560     340     1     99.4   15 
21/08/23  15:00   36.3   36.6   36.2    39   20.2    4.8    SSE   1.21  14.5    SE   36.3   40.1   40.1  1021.7   0.00    0.0    0.000   0.188   29.5    45   16.3   30.1    8.25   1.1553     341     1     99.7   15 
21/08/23  15:15   36.5   36.6   36.4    39   20.3    4.8    SSO   1.21  14.5   ENE   36.5   40.4   40.4  1021.6   0.00    0.0    0.000   0.189   29.5    44   16.0   29.9    8.15   1.1557     341     1     99.7   15 
21/08/23  15:30   36.4   36.7   36.3    39   20.3    4.8      S   1.21  14.5    SO   36.4   40.3   40.3  1021.5   0.00    0.0    0.000   0.189   29.4    42   15.2   29.7    7.85   1.1568     341     1     99.7   15 
21/08/23  15:45   36.7   36.8   36.3    39   20.5    4.8      S   1.21  14.5     S   36.7   40.7   40.7  1021.5   0.00    0.0    0.000   0.191   29.3    43   15.5   29.7    7.95   1.1569     345     1    100.0   15 
21/08/23  16:00   36.1   36.3   35.9    40   20.4    6.4      S   1.61  20.9    SO   36.1   40.0   40.0  1021.4   0.00    0.0    0.000   0.185   29.4    44   15.9   29.8    8.15   1.1560     350     1    100.0   15 
21/08/23  16:15   35.8   35.9   35.7    40   20.1    6.4     SO   1.61  16.1     S   35.8   39.3   39.3  1021.5   0.00    0.0    0.000   0.182   29.6    43   15.7   29.9    7.95   1.1558     351     1    100.0   15 
21/08/23  16:30   35.7   35.9   35.6    40   20.0    4.8    SSO   1.21  16.1   SSO   35.7   39.2   39.2  1021.3   0.00    0.0    0.000   0.181   29.5    42   15.2   29.8    7.85   1.1563     350     1    100.0   15 
21/08/23  16:45   35.7   35.7   35.4    40   20.0    4.8    OSO   1.21  16.1    SO   35.7   39.1   39.1  1021.5   0.00    0.0    0.000   0.181   29.4    41   14.8   29.6    7.65   1.1575     351     1    100.0   15 
21/08/23  17:00   35.3   35.4   34.9    41   20.1    3.2      S   0.80   9.7    SO   35.3   38.8   38.8  1021.7   0.00    0.0    0.000   0.177   29.3    42   15.1   29.6    7.85   1.1575     352     1    100.0   15 
21/08/23  17:15   34.7   35.0   34.3    42   19.9    4.8    SSE   1.21  11.3     S   34.7   37.8   37.8  1021.6   0.00    0.0    0.000   0.170   29.4    43   15.5   29.8    7.95   1.1568     349     1    100.0   15 
21/08/23  17:30   34.5   34.7   34.3    42   19.7    3.2    SSO   0.80  14.5   OSO   34.5   37.4   37.4  1021.9   0.00    0.0    0.000   0.168   29.4    43   15.5   29.8    7.95   1.1570     351     1    100.0   15 
21/08/23  17:45   34.4   34.7   34.2    42   19.6    3.2     SO   0.80   9.7   OSO   34.4   37.2   37.2  1021.8   0.00    0.0    0.000   0.167   29.4    43   15.5   29.8    7.95   1.1569     349     1    100.0   15 
21/08/23  18:00   34.1   34.2   33.8    43   19.7    3.2    OSO   0.80   9.7   OSO   34.1   36.9   36.9  1021.8   0.00    0.0    0.000   0.164   29.3    43   15.5   29.7    7.95   1.1572     352     1    100.0   15 
21/08/23  18:15   33.6   33.8   33.2    44   19.6    3.2    SSO   0.80   8.0   SSO   33.6   36.2   36.2  1021.9   0.00    0.0    0.000   0.159   29.4    42   15.2   29.7    7.85   1.1572     351     1    100.0   15 
21/08/23  18:30   33.0   33.2   32.8    46   19.8    1.6    SSO   0.40   6.4   SSO   33.0   35.7   35.7  1021.9   0.00    0.0    0.000   0.153   29.5    42   15.2   29.8    7.85   1.1570     351     1    100.0   15 
21/08/23  18:45   32.4   32.8   32.1    48   20.0    1.6    OSO   0.40   6.4   OSO   32.4   35.0   35.0  1022.0   0.00    0.0    0.000   0.146   29.6    41   14.9   29.7    7.65   1.1573     351     1    100.0   15 
21/08/23  19:00   31.8   32.1   31.6    49   19.8    0.0     SO   0.00   4.8    SO   31.8   34.3   34.3  1022.1   0.00    0.0    0.000   0.141   29.4    42   15.2   29.7    7.85   1.1575     350     1    100.0   15 
21/08/23  19:15   31.5   31.6   31.3    50   19.8    0.0     SO   0.00   3.2    SO   31.5   33.9   33.9  1022.2   0.00    0.0    0.000   0.137   29.2    41   14.6   29.4    7.66   1.1594     350     1    100.0   15 
21/08/23  19:30   31.3   31.4   31.2    51   19.9    0.0     SO   0.00   1.6    SO   31.3   33.6   33.6  1022.4   0.00    0.0    0.000   0.135   28.9    40   13.9   29.1    7.55   1.1614     351     1    100.0   15 
21/08/23  19:45   30.9   31.2   30.8    52   19.9    0.0    ---   0.00   0.0   ---   30.9   33.2   33.2  1022.4   0.00    0.0    0.000   0.131   28.7    39   13.3   28.6    7.38   1.1630     351     1    100.0   15 
21/08/23  20:00   30.7   30.8   30.7    53   20.0    0.0    ---   0.00   0.0   ---   30.7   33.1   33.1  1022.3   0.00    0.0    0.000   0.129   28.4    39   13.1   28.2    7.39   1.1640     351     1    100.0   15 
21/08/23  20:15   30.4   30.7   30.3    54   20.0    0.0     SO   0.00   1.6    SO   30.4   32.7   32.7  1022.3   0.00    0.0    0.000   0.126   28.4    41   13.9   28.4    7.69   1.1631     352     1    100.0   15 
21/08/23  20:30   30.1   30.3   29.8    55   20.0    0.0     SO   0.00   3.2    SO   30.1   32.2   32.2  1022.5   0.00    0.0    0.000   0.122   28.4    41   13.9   28.4    7.69   1.1633     351     1    100.0   15 
21/08/23  20:45   29.6   29.8   29.4    56   19.9    0.0    OSO   0.00   4.8     O   29.6   31.6   31.6  1022.7   0.00    0.0    0.000   0.117   28.3    41   13.8   28.3    7.69   1.1641     351     1    100.0   15 
21/08/23  21:00   29.3   29.4   29.2    57   19.9    1.6    ONO   0.40   8.0   ONO   29.3   31.2   31.2  1022.8   0.00    0.0    0.000   0.114   28.3    41   13.8   28.3    7.69   1.1642     350     1    100.0   15 
21/08/23  21:15   29.2   29.2   29.1    57   19.8    1.6      O   0.40   4.8     O   29.2   31.0   31.0  1022.8   0.00    0.0    0.000   0.113   28.4    43   14.6   28.5    7.99   1.1630     350     1    100.0   15 
21/08/23  21:30   29.1   29.2   29.0    56   19.4    0.0      O   0.00   1.6     O   29.1   30.8   30.8  1022.6   0.00    0.0    0.000   0.112   28.4    43   14.7   28.6    7.99   1.1626     350     1    100.0   15 
21/08/23  21:45   29.1   29.2   28.9    56   19.4    0.0    ---   0.00   0.0   ---   29.1   30.7   30.7  1022.5   0.00    0.0    0.000   0.112   28.3    42   14.2   28.3    7.85   1.1635     351     1    100.0   15 
21/08/23  22:00   29.1   29.2   28.9    57   19.7    0.0      O   0.00   1.6     O   29.1   30.8   30.8  1022.4   0.00    0.0    0.000   0.112   28.2    42   14.0   28.1    7.85   1.1641     351     1    100.0   15 
21/08/23  22:15   29.1   29.2   29.1    56   19.4    1.6      O   0.40   3.2     O   29.1   30.7   30.7  1022.2   0.00    0.0    0.000   0.112   28.0    41   13.5   27.8    7.70   1.1651     351     1    100.0   15 
21/08/23  22:30   29.2   29.2   29.1    56   19.5    0.0      O   0.00   1.6     O   29.2   30.8   30.8  1022.1   0.00    0.0    0.000   0.113   27.9    41   13.4   27.6    7.71   1.1656     352     1    100.0   15 
21/08/23  22:45   28.9   29.2   28.8    57   19.6    0.0      O   0.00   1.6     O   28.9   30.7   30.7  1022.0   0.00    0.0    0.000   0.111   27.9    41   13.5   27.7    7.70   1.1653     350     1    100.0   15 
21/08/23  23:00   28.7   28.8   28.6    57   19.4    0.0      O   0.00   1.6     O   28.7   30.3   30.3  1021.9   0.00    0.0    0.000   0.108   28.1    41   13.6   27.8    7.70   1.1646     350     1    100.0   15 
21/08/23  23:15   28.4   28.6   28.3    58   19.3    1.6      O   0.40   4.8     O   28.4   29.8   29.8  1021.9   0.00    0.0    0.000   0.105   28.1    41   13.6   27.8    7.70   1.1646     351     1    100.0   15 
21/08/23  23:30   28.4   28.5   28.3    57   19.1    0.0      O   0.00   1.6     O   28.4   29.8   29.8  1021.8   0.00    0.0    0.000   0.105   28.1    41   13.6   27.8    7.70   1.1645     352     1    100.0   15 
21/08/23  23:45   28.4   28.7   28.3    57   19.1    0.0    ---   0.00   0.0   ---   28.4   29.8   29.8  1021.7   0.00    0.0    0.000   0.105   28.1    41   13.6   27.9    7.70   1.1640     350     1    100.0   15 
22/08/23  00:00   28.9   29.1   28.7    55   19.0    0.0      O   0.00   3.2     O   28.9   30.4   30.4  1021.6   0.00    0.0    0.000   0.111   28.1    41   13.6   27.8    7.70   1.1643     352     1    100.0   15 
22/08/23   0:15   29.2   29.2   29.1    56   19.5    1.6    ESE   0.40   3.2     O   29.2   30.8   30.8  1021.6   0.00    0.0    0.000   0.113   28.0    41   13.5   27.8    7.70   1.1645     349     1    100.0   15 
22/08/23   0:30   29.0   29.2   28.7    57   19.6    1.6      E   0.40   4.8     E   29.0   30.7   30.7  1021.4   0.00    0.0    0.000   0.111   27.9    41   13.5   27.7    7.70   1.1646     351     1    100.0   15 
22/08/23   0:45   28.6   28.7   28.4    60   20.0    0.0      N   0.00   1.6   ENE   28.6   30.3   30.3  1021.4   0.00    0.0    0.000   0.106   27.9    41   13.4   27.6    7.71   1.1648     350     1    100.0   15 
22/08/23   1:00   28.2   28.4   28.1    63   20.5    1.6     NE   0.40   8.0   NNE   28.2   30.1   30.1  1021.4   0.00    0.0    0.000   0.103   27.8    41   13.4   27.6    7.71   1.1651     352     1    100.0   15 
22/08/23   1:15   27.9   28.1   27.7    64   20.4    1.6     NE   0.40   6.4   ENE   27.9   29.6   29.6  1021.4   0.00    0.0    0.000   0.100   27.8    41   13.3   27.4    7.71   1.1654     351     1    100.0   15 
22/08/23   1:30   27.6   27.7   27.4    64   20.1    0.0     NE   0.00   4.8    NE   27.6   29.1   29.1  1021.4   0.00    0.0    0.000   0.096   27.7    40   12.9   27.3    7.55   1.1660     351     1    100.0   15 
22/08/23   1:45   27.3   27.5   27.2    62   19.4    0.0    NNE   0.00   1.6   NNE   27.3   28.5   28.5  1021.4   0.00    0.0    0.000   0.094   27.7    40   12.8   27.2    7.55   1.1663     350     1    100.0   15 
22/08/23   2:00   27.1   27.2   26.9    61   18.9    0.0    NNE   0.00   3.2   NNE   27.1   28.0   28.0  1021.3   0.00    0.0    0.000   0.091   27.6    41   13.2   27.2    7.72   1.1661     350     1    100.0   15 
22/08/23   2:15   26.9   26.9   26.8    62   19.0    0.0    NNE   0.00   3.2   NNE   26.9   27.9   27.9  1021.3   0.00    0.0    0.000   0.089   27.6    41   13.1   27.2    7.72   1.1663     351     1    100.0   15 
22/08/23   2:30   27.0   27.1   26.9    61   18.8    0.0    ---   0.00   0.0   ---   27.0   27.9   27.9  1021.2   0.00    0.0    0.000   0.090   27.5    41   13.1   27.1    7.72   1.1665     351     1    100.0   15 
22/08/23   2:45   27.1   27.2   27.0    60   18.7    0.0    ---   0.00   0.0   ---   27.1   28.0   28.0  1021.2   0.00    0.0    0.000   0.091   27.4    41   13.0   27.0    7.72   1.1667     350     1    100.0   15 
22/08/23   3:00   26.9   27.2   26.8    62   19.0    0.0     NO   0.00   1.6    NO   26.9   27.9   27.9  1021.2   0.00    0.0    0.000   0.090   27.4    41   13.0   26.9    7.72   1.1670     352     1    100.0   15 
22/08/23   3:15   26.7   26.8   26.6    64   19.3    0.0    ---   0.00   0.0   ---   26.7   27.8   27.8  1021.3   0.00    0.0    0.000   0.087   27.3    41   12.9   26.9    7.73   1.1674     351     1    100.0   15 
