                 Temp.  Temp.  Temp.  Hum.   Punt   Vel.   Dir.   Rec.  Vel.  Dir.  Sens.   Índ.   Índ.                  Int. Graus D.Graus D.  Temp.  Hum. Rosada  In.Cal.  EMC     Dens.    Mostr   Tx   Recep.  Int.
  Data    Hora    Ext.   Màx.   Mín.  Ext. Rosada   Vent   Vent   Vent  Màx.  Màx.  Tèrm.  Calor   THW    Bar    Pluja   Pluja  Calor    Fred    Int.  Int.   Int.   Int.    Int.  Int.Aire    Vent   Vent   ISS   Arc.
-------------------------------------------------------------------------------------------------------------------------------------------------------------------------------------------------------------------------
10/08/23   0:15   22.4   22.5   22.4    90   20.7    1.6    OSO   0.40   8.0   OSO   22.4   23.7   23.7  1022.6   0.00    0.0    0.000   0.043   27.9    62   20.0   29.5   11.10   1.1567     348     1    100.0   15 
10/08/23   0:30   22.5   22.5   22.5    89   20.6    0.0      O   0.00   1.6     O   22.5   23.8   23.8  1021.7   0.00    0.0    0.000   0.043   27.9    62   20.0   29.5   11.10   1.1557     351     1    100.0   15 
10/08/23   0:45   22.5   22.5   22.4    89   20.6    0.0      O   0.00   3.2     O   22.5   23.8   23.8  1020.8   0.00    0.0    0.000   0.043   27.9    62   19.9   29.4   11.11   1.1550     351     1    100.0   15 
10/08/23   1:00   22.4   22.5   22.4    89   20.5    0.0    ENE   0.00   3.2     O   22.4   23.7   23.7  1020.3   0.00    0.0    0.000   0.043   27.9    63   20.2   29.5   11.31   1.1540     351     1    100.0   15 
10/08/23   1:15   22.3   22.4   22.3    88   20.2    1.6    ENE   0.40   4.8   ENE   22.3   23.5   23.5  1020.4   0.00    0.0    0.000   0.042   27.9    63   20.2   29.5   11.31   1.1541     351     1    100.0   15 
10/08/23   1:30   22.3   22.3   22.2    87   20.0    0.0      O   0.00   4.8     O   22.3   23.4   23.4  1020.4   0.00    0.0    0.000   0.041   27.9    63   20.2   29.5   11.31   1.1540     351     1    100.0   15 
10/08/23   1:45   22.2   22.2   22.1    87   19.9    1.6    ONO   0.40   6.4    SO   22.2   23.3   23.3  1020.2   0.00    0.0    0.000   0.040   27.8    62   19.9   29.3   11.11   1.1546     349     1    100.0   15 
10/08/23   2:00   21.9   22.1   21.8    88   19.9    1.6    OSO   0.40   6.4     O   21.9   23.1   23.1  1020.6   0.00    0.0    0.000   0.038   27.8    62   19.9   29.3   11.11   1.1551     351     1    100.0   15 
10/08/23   2:15   21.8   21.8   21.8    89   19.9    1.6    ONO   0.40   6.4   ONO   21.8   23.0   23.0  1020.8   0.00    0.0    0.000   0.036   27.8    62   19.8   29.2   11.11   1.1556     351     1    100.0   15 
10/08/23   2:30   21.9   21.9   21.8    89   20.0    1.6      O   0.40   4.8     O   21.9   23.1   23.1  1020.7   0.00    0.0    0.000   0.037   27.7    62   19.8   29.1   11.11   1.1557     352     1    100.0   15 
10/08/23   2:45   21.9   22.0   21.9    89   20.0    1.6    OSO   0.40   6.4   ONO   21.9   23.1   23.1  1020.4   0.00    0.0    0.000   0.038   27.7    63   20.0   29.2   11.31   1.1550     351     1    100.0   15 
10/08/23   3:00   21.9   22.0   21.9    89   20.0    1.6     NO   0.40   6.4     O   21.9   23.1   23.1  1020.3   0.00    0.0    0.000   0.038   27.7    63   20.0   29.2   11.31   1.1552     351     1    100.0   15 
10/08/23   3:15   22.1   22.2   21.9    89   20.2    1.6      O   0.40   9.7   OSO   22.1   23.2   23.2  1020.2   0.00    0.0    0.000   0.039   27.7    63   20.0   29.2   11.31   1.1551     351     1    100.0   15 
10/08/23   3:30   22.2   22.2   22.2    89   20.3    0.0      O   0.00   4.8   OSO   22.2   23.3   23.3  1020.1   0.00    0.0    0.000   0.040   27.6    63   19.9   29.1   11.32   1.1552     352     1    100.0   15 
10/08/23   3:45   22.1   22.2   22.1    90   20.4    0.0      O   0.00   6.4   OSO   22.1   23.3   23.3  1020.3   0.00    0.0    0.000   0.039   27.6    63   19.9   29.1   11.32   1.1555     350     1    100.0   15 
10/08/23   4:00   22.1   22.1   21.9    90   20.3    0.0    OSO   0.00   6.4    NO   22.1   23.3   23.3  1020.5   0.00    0.0    0.000   0.039   27.6    63   19.9   29.0   11.32   1.1560     351     1    100.0   15 
10/08/23   4:15   21.9   21.9   21.8    90   20.2    0.0    ONO   0.00   3.2     O   21.9   23.1   23.1  1020.5   0.00    0.0    0.000   0.037   27.5    63   19.8   28.9   11.32   1.1563     351     1    100.0   15 
10/08/23   4:30   21.7   21.8   21.7    91   20.1    0.0    ONO   0.00   4.8   ONO   21.7   22.9   22.9  1020.4   0.00    0.0    0.000   0.035   27.5    63   19.8   28.9   11.32   1.1562     351     1    100.0   15 
10/08/23   4:45   21.6   21.7   21.4    90   19.9    1.6    ONO   0.40   6.4     O   21.6   22.8   22.8  1020.5   0.00    0.0    0.000   0.034   27.4    63   19.8   28.8   11.32   1.1567     350     1    100.0   15 
10/08/23   5:00   21.2   21.4   21.1    91   19.6    1.6    ONO   0.40   3.2   ONO   21.2   22.3   22.3  1020.5   0.00    0.0    0.000   0.030   27.4    63   19.8   28.8   11.32   1.1566     351     1    100.0   15 
10/08/23   5:15   20.9   21.0   20.9    91   19.4    1.6    ONO   0.40   3.2   ONO   20.9   22.1   22.1  1020.5   0.00    0.0    0.000   0.027   27.4    63   19.7   28.7   11.32   1.1569     351     1    100.0   15 
10/08/23   5:30   21.0   21.1   20.9    91   19.5    1.6    ONO   0.40   4.8   ONO   21.0   22.2   22.2  1020.6   0.00    0.0    0.000   0.028   27.3    63   19.7   28.6   11.33   1.1573     350     1    100.0   15 
10/08/23   5:45   21.2   21.3   21.1    90   19.5    1.6    ONO   0.40   4.8   ONO   21.2   22.3   22.3  1020.5   0.00    0.0    0.000   0.030   27.3    63   19.7   28.6   11.33   1.1572     349     1    100.0   15 
10/08/23   6:00   21.4   21.5   21.3    90   19.7    0.0    ONO   0.00   3.2   ONO   21.4   22.6   22.6  1020.5   0.00    0.0    0.000   0.032   27.3    63   19.7   28.6   11.33   1.1572     351     1    100.0   15 
10/08/23   6:15   21.8   22.1   21.5    88   19.7    0.0    ONO   0.00   3.2   ONO   21.8   22.9   22.9  1020.6   0.00    0.0    0.000   0.036   27.4    63   19.7   28.7   11.32   1.1570     350     1    100.0   15 
10/08/23   6:30   22.2   22.3   22.1    87   20.0    1.6    SSO   0.40   4.8   SSO   22.2   23.3   23.3  1020.6   0.00    0.0    0.000   0.041   27.5    64   20.1   29.0   11.52   1.1560     350     1    100.0   15 
10/08/23   6:45   22.4   22.6   22.3    86   20.0    3.2    SSE   0.80   6.4   SSE   22.4   23.6   23.6  1020.6   0.00    0.0    0.000   0.043   27.5    64   20.1   29.0   11.52   1.1560     351     1    100.0   15 
10/08/23   7:00   22.8   23.1   22.6    84   20.0    3.2      S   0.80   6.4   SSO   22.8   24.0   24.0  1020.6   0.00    0.0    0.000   0.047   27.6    63   19.9   29.0   11.32   1.1561     350     1    100.0   15 
10/08/23   7:15   23.4   23.8   23.1    83   20.4    3.2    OSO   0.80   9.7   SSO   23.4   24.7   24.7  1020.9   0.00    0.0    0.000   0.053   27.7    63   20.0   29.2   11.31   1.1555     351     1    100.0   15 
10/08/23   7:30   24.2   24.6   23.8    80   20.5    1.6      S   0.40   9.7   SSO   24.2   25.7   25.7  1020.9   0.00    0.0    0.000   0.061   28.0    63   20.3   29.7   11.30   1.1540     351     1    100.0   15 
10/08/23   7:45   24.7   24.8   24.6    81   21.2    4.8    SSO   1.21  12.9    SO   24.7   26.4   26.4  1020.7   0.00    0.0    0.000   0.067   28.2    64   20.7   30.1   11.50   1.1525     351     1    100.0   15 
10/08/23   8:00   25.0   25.3   24.8    79   21.1    3.2    OSO   0.80  11.3    SO   25.0   26.6   26.6  1020.7   0.00    0.0    0.000   0.069   28.3    63   20.6   30.2   11.29   1.1523     351     1    100.0   15 
10/08/23   8:15   25.6   25.8   25.3    79   21.7    6.4    SSO   1.61  16.1     S   25.6   27.4   27.4  1020.7   0.00    0.0    0.000   0.076   28.5    64   21.0   30.7   11.48   1.1507     350     1    100.0   15 
10/08/23   8:30   26.0   26.3   25.8    78   21.9    4.8    SSO   1.21  12.9     S   26.0   27.9   27.9  1020.7   0.00    0.0    0.000   0.080   28.7    64   21.2   31.1   11.48   1.1497     351     1    100.0   15 
10/08/23   8:45   26.5   26.7   26.3    76   21.9    3.2      O   0.80  11.3   SSO   26.5   28.5   28.5  1020.8   0.00    0.0    0.000   0.085   28.8    64   21.3   31.5   11.47   1.1490     351     1    100.0   15 
10/08/23   9:00   26.9   27.1   26.7    75   22.1    4.8      O   1.21  14.5    SO   26.9   29.1   29.1  1020.9   0.00    0.0    0.000   0.089   28.9    63   21.1   31.4   11.27   1.1492     351     1    100.0   15 
10/08/23   9:15   27.5   27.9   27.1    73   22.2    4.8      S   1.21  11.3     S   27.5   30.0   30.0  1020.8   0.00    0.0    0.000   0.095   28.9    63   21.2   31.6   11.27   1.1488     350     1    100.0   15 
10/08/23   9:30   28.1   28.2   27.9    70   22.1    6.4    SSO   1.61  12.9     S   28.1   30.8   30.8  1020.8   0.00    0.0    0.000   0.101   29.1    63   21.3   31.7   11.26   1.1482     351     1    100.0   15 
10/08/23   9:45   28.5   28.9   28.2    68   22.0    4.8    SSO   1.21  12.9    SO   28.5   31.4   31.4  1020.9   0.00    0.0    0.000   0.106   29.1    62   21.1   31.7   11.06   1.1485     351     1    100.0   15 
10/08/23  10:00   29.2   29.5   28.9    64   21.7    3.2    OSO   0.80   9.7   ONO   29.2   32.1   32.1  1021.0   0.00    0.0    0.000   0.113   29.2    62   21.2   31.9   11.06   1.1479     352     1    100.0   15 
10/08/23  10:15   29.8   30.3   29.5    64   22.3    3.2    SSE   0.80   8.0    SO   29.8   33.5   33.5  1020.9   0.00    0.0    0.000   0.120   29.4    61   21.1   32.0   10.95   1.1474     351     1    100.0   15 
10/08/23  10:30   30.4   30.8   30.3    64   22.9    3.2    ESE   0.80  12.9   ESE   30.4   34.9   34.9  1020.5   0.00    0.0    0.000   0.126   29.6    61   21.2   32.3   10.94   1.1461     351     1    100.0   15 
10/08/23  10:45   30.8   31.2   30.5    62   22.7    6.4     NE   1.61  16.1    NE   30.8   35.0   35.0  1020.4   0.00    0.0    0.000   0.130   29.7    61   21.4   32.7   10.93   1.1451     344     1    100.0   15 
10/08/23  11:00   30.9   31.2   30.8    60   22.3    6.4      E   1.61  16.1     E   30.9   34.7   34.7  1020.5   0.00    0.0    0.000   0.131   29.9    61   21.6   33.1   10.92   1.1442     339     1     99.1   15 
10/08/23  11:15   31.5   31.7   31.2    56   21.7    9.7     SE   2.41  19.3   ENE   31.5   35.1   35.1  1020.4   0.00    0.0    0.000   0.137   30.0    60   21.4   33.1   10.71   1.1440     348     1    100.0   15 
10/08/23  11:30   31.8   32.1   31.7    53   21.1    9.7    ESE   2.41  19.3   ESE   31.8   35.1   35.1  1020.2   0.00    0.0    0.000   0.141   29.9    56   20.2   32.2   10.03   1.1460     343     1    100.0   15 
10/08/23  11:45   32.1   32.2   32.1    57   22.5   11.3    ESE   2.82  27.4   SSE   32.1   36.6   36.6  1020.4   0.00    0.0    0.000   0.144   29.6    55   19.6   31.3    9.84   1.1485     345     1    100.0   15 
10/08/23  12:00   32.1   32.2   31.8    60   23.3   14.5    ENE   3.62  25.7     E   32.1   37.2   37.2  1020.5   0.00    0.0    0.000   0.143   29.4    54   19.1   30.9    9.75   1.1503     351     1    100.0   15 
10/08/23  12:15   31.7   31.8   31.5    60   23.0   14.5      E   3.62  27.4     E   31.7   36.4   36.4  1020.6   0.00    0.0    0.000   0.139   29.2    53   18.6   30.5    9.56   1.1520     350     1    100.0   15 
10/08/23  12:30   31.8   31.9   31.6    57   22.2   14.5      E   3.62  29.0     E   31.7   35.9   35.8  1020.6   0.00    0.0    0.000   0.140   28.9    51   17.8   30.1    9.27   1.1540     347     1    100.0   15 
10/08/23  12:45   31.5   31.7   31.3    58   22.2   16.1      E   4.02  30.6     E   31.3   35.4   35.3  1020.8   0.00    0.0    0.000   0.137   28.9    51   17.7   30.0    9.27   1.1546     350     1    100.0   15 
10/08/23  13:00   31.4   31.6   31.2    55   21.3   16.1      E   4.02  30.6   ENE   31.2   34.6   34.4  1020.8   0.00    0.0    0.000   0.136   28.8    52   18.0   30.0    9.37   1.1544     351     1    100.0   15 
10/08/23  13:15   31.2   31.3   31.0    57   21.6   16.1      E   4.02  29.0     E   30.9   34.5   34.3  1021.0   0.00    0.0    0.000   0.134   28.8    51   17.7   29.9    9.27   1.1551     349     1    100.0   15 
10/08/23  13:30   30.9   31.2   30.6    61   22.5   17.7      E   4.43  29.0   ESE   30.5   34.9   34.5  1020.9   0.00    0.0    0.000   0.131   28.8    51   17.7   29.9    9.27   1.1550     351     1    100.0   15 
10/08/23  13:45   30.3   30.6   30.1    64   22.8   16.1    ENE   4.02  37.0     E   29.9   34.6   34.2  1021.1   0.00    0.0    0.000   0.125   28.8    50   17.3   29.7    9.07   1.1560     350     1    100.0   15 
10/08/23  14:00   29.9   30.1   29.7    67   23.1   16.1      E   4.02  29.0     E   29.4   34.3   33.8  1021.0   0.00    0.0    0.000   0.120   28.8    49   17.0   29.6    8.87   1.1563     350     1    100.0   15 
10/08/23  14:15   29.6   29.8   29.3    68   23.0   16.1      E   4.02  30.6   ENE   29.1   33.7   33.2  1021.2   0.00    0.0    0.000   0.117   28.7    49   17.0   29.6    8.88   1.1568     349     1    100.0   15 
10/08/23  14:30   29.3   29.4   29.1    68   22.8   16.1      E   4.02  30.6     E   28.8   33.2   32.7  1021.2   0.00    0.0    0.000   0.115   28.7    48   16.6   29.4    8.78   1.1573     350     1    100.0   15 
10/08/23  14:45   28.9   29.2   28.8    69   22.7   16.1    ESE   4.02  32.2   ESE   28.3   32.7   32.1  1021.2   0.00    0.0    0.000   0.111   28.7    48   16.6   29.4    8.78   1.1576     351     1    100.0   15 
10/08/23  15:00   29.1   29.2   28.9    67   22.3   14.5      E   3.62  29.0     E   28.7   32.5   32.1  1021.2   0.00    0.0    0.000   0.112   28.6    48   16.5   29.3    8.78   1.1579     351     1    100.0   15 
10/08/23  15:15   29.1   29.2   29.0    68   22.6   14.5      E   3.62  25.7     E   28.7   32.8   32.4  1021.3   0.00    0.0    0.000   0.112   28.6    47   16.1   29.1    8.58   1.1588     350     1    100.0   15 
10/08/23  15:30   28.9   29.1   28.5    68   22.4   14.5      E   3.62  33.8     E   28.5   32.3   31.9  1021.4   0.00    0.0    0.000   0.110   28.6    47   16.1   29.1    8.58   1.1588     352     1    100.0   15 
10/08/23  15:45   28.4   28.6   28.3    69   22.2   12.9    ESE   3.22  25.7   ESE   28.3   31.4   31.3  1021.4   0.00    0.0    0.000   0.105   28.5    46   15.8   28.9    8.45   1.1596     350     1    100.0   15 
10/08/23  16:00   28.4   28.6   28.2    69   22.2   14.5      E   3.62  25.7     E   27.9   31.3   30.8  1021.4   0.00    0.0    0.000   0.105   28.4    46   15.7   28.9    8.45   1.1599     350     1    100.0   15 
10/08/23  16:15   28.1   28.2   27.8    70   22.1   12.9    ESE   3.22  35.4     E   27.9   30.9   30.7  1021.7   0.00    0.0    0.000   0.102   28.4    47   16.0   28.8    8.59   1.1600     349     1    100.0   15 
10/08/23  16:30   27.4   27.8   27.2    69   21.2   12.9    ESE   3.22  24.1     E   27.2   29.4   29.2  1021.9   0.00    0.0    0.000   0.095   28.4    47   16.0   28.8    8.59   1.1603     342     1    100.0   15 
10/08/23  16:45   27.6   27.7   27.3    67   20.9   11.3    ESE   2.82  20.9     E   27.6   29.4   29.4  1021.9   0.00    0.0    0.000   0.096   28.3    47   15.9   28.7    8.59   1.1609     351     1    100.0   15 
10/08/23  17:00   27.6   27.7   27.6    66   20.7   11.3     SE   2.82  22.5   ESE   27.6   29.4   29.4  1021.9   0.00    0.0    0.000   0.097   28.2    48   16.2   28.7    8.79   1.1607     348     1    100.0   15 
10/08/23  17:15   27.7   27.8   27.7    63   20.0    9.7      E   2.41  22.5     E   27.7   29.2   29.2  1022.0   0.00    0.0    0.000   0.098   28.2    47   15.8   28.6    8.59   1.1612     350     1    100.0   15 
10/08/23  17:30   27.7   27.8   27.7    59   19.0    6.4    ESE   1.61  16.1   ENE   27.7   28.8   28.8  1022.2   0.00    0.0    0.000   0.098   28.3    47   15.9   28.7    8.59   1.1611     352     1    100.0   15 
10/08/23  17:45   27.9   27.9   27.8    58   18.9    6.4    ESE   1.61  14.5     E   27.9   29.0   29.0  1022.4   0.00    0.0    0.000   0.100   28.2    46   15.5   28.5    8.45   1.1621     350     1    100.0   15 
10/08/23  18:00   27.8   27.9   27.8    54   17.7    6.4      E   1.61  16.1   ESE   27.8   28.6   28.6  1022.5   0.00    0.0    0.000   0.099   28.1    46   15.4   28.3    8.45   1.1628     348     1    100.0   15 
10/08/23  18:15   27.8   27.9   27.8    55   18.0    4.8      E   1.21  11.3     E   27.8   28.7   28.7  1022.7   0.00    0.0    0.000   0.099   28.0    46   15.3   28.2    8.45   1.1636     351     1    100.0   15 
10/08/23  18:30   27.7   27.8   27.6    54   17.6    6.4      E   1.61  14.5   ESE   27.7   28.4   28.4  1022.8   0.00    0.0    0.000   0.098   27.9    46   15.2   28.1    8.45   1.1640     351     1    100.0   15 
10/08/23  18:45   27.4   27.6   27.3    54   17.3    4.8    ESE   1.21  11.3    SE   27.4   27.9   27.9  1023.0   0.00    0.0    0.000   0.094   27.8    46   15.1   27.9    8.45   1.1647     352     1    100.0   15 
10/08/23  19:00   27.1   27.3   26.9    49   15.5    4.8     SE   1.21   8.0    SE   27.1   27.2   27.2  1023.1   0.00    0.0    0.000   0.091   27.7    47   15.4   27.8    8.61   1.1650     351     1    100.0   15 
10/08/23  19:15   26.9   26.9   26.8    49   15.3    3.2    ESE   0.80   6.4   ENE   26.9   26.9   26.9  1023.2   0.00    0.0    0.000   0.089   27.8    48   15.8   27.9    8.81   1.1644     351     1    100.0   15 
10/08/23  19:30   26.7   26.8   26.7    49   15.1    3.2    ESE   0.80   6.4   ESE   26.7   26.7   26.7  1023.3   0.00    0.0    0.000   0.087   27.8    48   15.8   27.9    8.81   1.1645     349     1    100.0   15 
10/08/23  19:45   26.7   26.7   26.7    49   15.1    1.6    ESE   0.40   4.8   ESE   26.7   26.7   26.7  1023.5   0.00    0.0    0.000   0.087   27.8    49   16.1   28.1    8.91   1.1644     347     1    100.0   15 
10/08/23  20:00   26.6   26.7   26.5    55   16.8    1.6    ESE   0.40   6.4   SSE   26.6   26.9   26.9  1023.8   0.00    0.0    0.000   0.086   27.7    49   16.0   27.9    8.91   1.1649     341     1     99.7   15 
10/08/23  20:15   26.2   26.5   25.8    59   17.5    1.6      S   0.40   4.8     S   26.2   26.7   26.7  1023.9   0.00    0.0    0.000   0.082   27.7    50   16.4   28.1    9.11   1.1647     340     1     99.4   15 
10/08/23  20:30   25.6   25.8   25.4    63   18.0    3.2      S   0.80   6.4     S   25.6   26.2   26.2  1024.0   0.00    0.0    0.000   0.075   27.7    50   16.4   28.1    9.11   1.1648     334     1     97.7   15 
10/08/23  20:45   25.2   25.4   25.1    64   17.9    3.2     SO   0.80   6.4    SO   25.2   25.9   25.9  1024.3   0.00    0.0    0.000   0.072   27.7    51   16.6   28.1    9.31   1.1649     334     1     97.7   15 
10/08/23  21:00   24.9   25.1   24.8    65   17.9    1.6     SO   0.40   4.8    SO   24.9   25.6   25.6  1024.2   0.00    0.0    0.000   0.068   27.7    52   16.9   28.1    9.41   1.1644     336     1     98.2   15 
10/08/23  21:15   24.7   24.8   24.6    66   17.9    1.6      O   0.40   4.8     O   24.7   25.5   25.5  1024.3   0.00    0.0    0.000   0.067   27.7    52   17.0   28.2    9.41   1.1642     338     1     98.8   15 
10/08/23  21:30   24.6   24.7   24.6    68   18.3    1.6      O   0.40   4.8     O   24.6   25.5   25.5  1024.4   0.00    0.0    0.000   0.065   27.7    53   17.2   28.2    9.61   1.1642     331     1     96.8   15 
10/08/23  21:45   24.4   24.6   24.4    70   18.6    1.6      O   0.40   6.4   ONO   24.4   25.4   25.4  1024.5   0.00    0.0    0.000   0.064   27.7    53   17.2   28.2    9.61   1.1643     349     1    100.0   15 
10/08/23  22:00   24.4   24.4   24.3    70   18.6    1.6     NO   0.40   4.8     O   24.4   25.4   25.4  1024.6   0.00    0.0    0.000   0.064   27.7    54   17.6   28.4    9.75   1.1637     352     1    100.0   15 
10/08/23  22:15   24.3   24.3   24.3    69   18.3    1.6      O   0.40   3.2    NO   24.3   25.3   25.3  1024.5   0.00    0.0    0.000   0.063   27.8    54   17.7   28.6    9.75   1.1630     351     1    100.0   15 
10/08/23  22:30   24.3   24.3   24.3    69   18.3    1.6      O   0.40   4.8     O   24.3   25.3   25.3  1024.3   0.00    0.0    0.000   0.063   27.9    54   17.7   28.6    9.75   1.1625     351     1    100.0   15 
10/08/23  22:45   24.2   24.3   24.2    71   18.6    1.6      O   0.40   3.2     O   24.2   25.3   25.3  1024.5   0.00    0.0    0.000   0.061   27.9    54   17.7   28.6    9.75   1.1627     349     1    100.0   15 
10/08/23  23:00   24.1   24.2   24.1    74   19.2    1.6      O   0.40   3.2     O   24.1   25.3   25.3  1024.5   0.00    0.0    0.000   0.060   27.9    54   17.7   28.6    9.75   1.1627     351     1    100.0   15 
10/08/23  23:15   23.9   24.1   23.9    76   19.5    1.6      O   0.40   4.8     O   23.9   25.2   25.2  1024.5   0.00    0.0    0.000   0.058   27.9    56   18.3   28.8   10.05   1.1618     351     1    100.0   15 
10/08/23  23:30   23.9   23.9   23.8    76   19.4    1.6     NO   0.40   4.8     O   23.9   25.1   25.1  1024.5   0.00    0.0    0.000   0.058   27.9    58   18.9   29.1   10.35   1.1607     351     1    100.0   15 
10/08/23  23:45   24.0   24.1   23.9    74   19.1    1.6     NO   0.40   3.2    NO   24.0   25.2   25.2  1024.6   0.00    0.0    0.000   0.059   27.9    58   18.9   29.1   10.35   1.1608     350     1    100.0   15 
11/08/23  00:00   23.9   24.1   23.9    65   17.0    1.6     NO   0.40   4.8    NO   23.9   24.7   24.7  1024.6   0.00    0.0    0.000   0.058   27.9    56   18.4   28.9   10.05   1.1617     350     1    100.0   15 
11/08/23   0:15   24.1   24.2   23.9    61   16.1    1.6     NO   0.40   4.8    NO   24.1   24.6   24.6  1024.5   0.00    0.0    0.000   0.060   27.9    54   17.7   28.6    9.75   1.1627     349     1    100.0   15 
11/08/23   0:30   24.0   24.2   23.8    64   16.8    1.6     NO   0.40   3.2    NO   24.0   24.7   24.7  1024.4   0.00    0.0    0.000   0.059   27.8    53   17.4   28.4    9.61   1.1634     352     1    100.0   15 
11/08/23   0:45   23.7   23.8   23.6    64   16.5    0.0     NO   0.00   3.2    NO   23.7   24.3   24.3  1024.4   0.00    0.0    0.000   0.056   27.8    53   17.4   28.4    9.61   1.1634     351     1    100.0   15 
11/08/23   1:00   23.6   23.6   23.5    66   16.8    1.6     NO   0.40   4.8    NE   23.6   24.3   24.3  1024.4   0.00    0.0    0.000   0.054   27.8    52   17.0   28.3    9.41   1.1641     351     1    100.0   15 
11/08/23   1:15   23.7   23.8   23.5    67   17.2    3.2     NE   0.80   6.4    NE   23.7   24.5   24.5  1024.4   0.00    0.0    0.000   0.056   27.8    53   17.3   28.4    9.61   1.1636     350     1    100.0   15 
11/08/23   1:30   23.7   23.8   23.6    68   17.5    0.0    ---   0.00   0.0   ---   23.7   24.6   24.6  1024.4   0.00    0.0    0.000   0.056   27.7    54   17.5   28.3    9.75   1.1638     352     1    100.0   15 
11/08/23   1:45   23.6   23.6   23.5    69   17.5    0.0    ---   0.00   0.0   ---   23.6   24.4   24.4  1024.4   0.00    0.0    0.000   0.054   27.7    54   17.5   28.3    9.75   1.1638     350     1    100.0   15 
11/08/23   2:00   23.4   23.5   23.3    69   17.4    0.0    ---   0.00   0.0   ---   23.4   24.2   24.2  1024.4   0.00    0.0    0.000   0.053   27.7    54   17.5   28.3    9.75   1.1637     350     1    100.0   15 
11/08/23   2:15   23.3   23.3   23.2    69   17.3    0.0    ---   0.00   0.0   ---   23.3   24.1   24.1  1024.3   0.00    0.0    0.000   0.052   27.6    54   17.5   28.2    9.75   1.1639     351     1    100.0   15 
11/08/23   2:30   23.2   23.3   23.2    69   17.2    0.0    ---   0.00   0.0   ---   23.2   24.0   24.0  1024.3   0.00    0.0    0.000   0.051   27.6    54   17.5   28.2    9.75   1.1640     350     1    100.0   15 
11/08/23   2:45   23.3   23.3   23.2    70   17.5    0.0    ---   0.00   0.0   ---   23.3   24.1   24.1  1024.3   0.00    0.0    0.000   0.052   27.6    54   17.4   28.1    9.75   1.1642     351     1    100.0   15 
11/08/23   3:00   23.3   23.3   23.1    71   17.7    0.0    ---   0.00   0.0   ---   23.3   24.2   24.2  1024.2   0.00    0.0    0.000   0.052   27.6    55   17.7   28.2    9.85   1.1637     351     1    100.0   15 
11/08/23   3:15   23.0   23.1   22.8    70   17.2    0.0    ---   0.00   0.0   ---   23.0   23.7   23.7  1024.3   0.00    0.0    0.000   0.049   27.6    55   17.7   28.2    9.85   1.1638     351     1    100.0   15 
