                 Temp.  Temp.  Temp.  Hum.   Punt   Vel.   Dir.   Rec.  Vel.  Dir.  Sens.   Índ.   Índ.                  Int. Graus D.Graus D.  Temp.  Hum. Rosada  In.Cal.  EMC     Dens.    Mostr   Tx   Recep.  Int.
  Data    Hora    Ext.   Màx.   Mín.  Ext. Rosada   Vent   Vent   Vent  Màx.  Màx.  Tèrm.  Calor   THW    Bar    Pluja   Pluja  Calor    Fred    Int.  Int.   Int.   Int.    Int.  Int.Aire    Vent   Vent   ISS   Arc.
-------------------------------------------------------------------------------------------------------------------------------------------------------------------------------------------------------------------------
16/02/25   0:15    8.4    8.5    8.3    87    6.4    0.0     NO   0.00   3.2    NO    8.4    8.5    8.5  1014.4   0.00    0.0    0.103   0.000   22.1    52   11.8   21.7    9.61   1.1812     349     1    100.0   15 
16/02/25   0:30    8.6    8.6    8.5    86    6.3    0.0     NO   0.00   1.6    NO    8.6    8.6    8.6  1014.3   0.00    0.0    0.102   0.000   21.7    52   11.4   21.1    9.63   1.1830     348     1    100.0   15 
16/02/25   0:45    8.6    8.6    8.6    86    6.3    0.0     NO   0.00   1.6    NO    8.6    8.6    8.6  1014.1   0.00    0.0    0.102   0.000   21.4    53   11.4   20.7    9.83   1.1841     351     1    100.0   15 
16/02/25   1:00    8.6    8.6    8.6    87    6.5    0.0     NO   0.00   3.2    NO    8.6    8.6    8.6  1014.1   0.00    0.0    0.102   0.000   21.1    53   11.1   20.3    9.85   1.1858     351     1    100.0   15 
16/02/25   1:15    8.6    8.6    8.5    87    6.5    0.0    ---   0.00   0.0   ---    8.6    8.6    8.6  1014.1   0.00    0.0    0.102   0.000   20.8    54   11.1   20.1    9.97   1.1868     350     1    100.0   15 
16/02/25   1:30    8.5    8.5    8.4    88    6.6    0.0     NO   0.00   1.6    NO    8.5    8.6    8.6  1014.0   0.00    0.0    0.102   0.000   20.6    54   10.9   19.9    9.99   1.1879     350     1    100.0   15 
16/02/25   1:45    8.4    8.4    8.4    88    6.6    0.0     NO   0.00   3.2    NO    8.4    8.5    8.5  1013.9   0.00    0.0    0.103   0.000   20.3    54   10.7   19.8   10.01   1.1888     351     1    100.0   15 
16/02/25   2:00    8.3    8.4    8.2    88    6.5    0.0     NO   0.00   1.6    NO    8.3    8.4    8.4  1013.6   0.00    0.0    0.104   0.000   20.1    55   10.7   19.6   10.19   1.1896     351     1    100.0   15 
16/02/25   2:15    8.2    8.3    8.2    89    6.5    0.0     NO   0.00   3.2    NO    8.2    8.3    8.3  1013.5   0.00    0.0    0.105   0.000   19.8    55   10.5   19.4   10.20   1.1907     352     1    100.0   15 
16/02/25   2:30    8.3    8.4    8.2    90    6.7    0.0     NO   0.00   4.8    NO    8.3    8.4    8.4  1013.4   0.00    0.0    0.105   0.000   19.6    56   10.6   19.2   10.40   1.1913     349     1    100.0   15 
16/02/25   2:45    8.3    8.4    8.3    90    6.8    0.0     NO   0.00   3.2    NO    8.3    8.4    8.4  1013.2   0.00    0.0    0.104   0.000   19.3    56   10.3   18.8   10.41   1.1925     351     1    100.0   15 
16/02/25   3:00    8.3    8.3    8.3    90    6.7    1.6     NO   0.40   4.8    NO    8.3    8.4    8.4  1013.1   0.00    0.0    0.105   0.000   19.2    56   10.2   18.7   10.42   1.1932     350     1    100.0   15 
16/02/25   3:15    8.5    8.6    8.3    91    7.1    1.6     NO   0.40   6.4   OSO    8.5    8.6    8.6  1013.0   0.00    0.0    0.102   0.000   19.0    56   10.0   18.4   10.43   1.1939     351     1    100.0   15 
16/02/25   3:30    8.7    8.8    8.6    91    7.3    1.6     NO   0.40   6.4   ONO    8.7    8.8    8.8  1012.8   0.00    0.0    0.100   0.000   18.8    57   10.1   18.3   10.63   1.1942     350     1    100.0   15 
16/02/25   3:45    8.9    9.1    8.8    91    7.6    3.2     NO   0.80   8.0   NNO    8.9    9.1    9.1  1012.7   0.00    0.0    0.098   0.000   18.7    57   10.0   18.1   10.64   1.1949     350     1    100.0   15 
16/02/25   4:00    9.2    9.2    9.1    90    7.6    1.6     NO   0.40   6.4   NNO    9.2    9.3    9.3  1012.6   0.00    0.0    0.095   0.000   18.5    57    9.8   17.9   10.64   1.1956     351     1    100.0   15 
16/02/25   4:15    9.2    9.2    9.0    89    7.4    1.6     NO   0.40   4.8     O    9.2    9.3    9.3  1012.5   0.00    0.0    0.095   0.000   18.4    57    9.7   17.8   10.65   1.1961     351     1    100.0   15 
16/02/25   4:30    8.9    9.0    8.7    89    7.2    1.6      O   0.40   6.4   ONO    8.9    9.0    9.0  1012.3   0.00    0.0    0.098   0.000   18.6    57    9.9   18.1   10.64   1.1948     352     1    100.0   15 
16/02/25   4:45    8.8    8.8    8.7    90    7.2    0.0    ONO   0.00   3.2   ONO    8.8    8.9    8.9  1012.4   0.00    0.0    0.100   0.000   19.1    56   10.1   18.6   10.42   1.1926     351     1    100.0   15 
16/02/25   5:00    8.7    8.8    8.7    90    7.2    1.6    ONO   0.40   4.8   OSO    8.7    8.8    8.8  1012.4   0.00    0.0    0.100   0.000   19.7    55   10.4   19.2   10.20   1.1902     351     1    100.0   15 
16/02/25   5:15    8.4    8.7    8.2    90    6.9    1.6      O   0.40   4.8     O    8.4    8.6    8.6  1012.3   0.00    0.0    0.103   0.000   20.1    55   10.7   19.6   10.19   1.1881     351     1    100.0   15 
16/02/25   5:30    8.1    8.2    7.9    90    6.5    1.6    ONO   0.40   4.8   ONO    8.1    8.2    8.2  1012.3   0.00    0.0    0.107   0.000   20.2    54   10.6   19.7   10.01   1.1875     351     1    100.0   15 
16/02/25   5:45    7.9    8.0    7.9    91    6.6    1.6    NNO   0.40   6.4   ONO    7.9    8.1    8.1  1012.3   0.00    0.0    0.108   0.000   20.4    54   10.8   19.9   10.00   1.1864     351     1    100.0   15 
16/02/25   6:00    7.8    8.0    7.7    91    6.5    1.6     NO   0.40   6.4    NO    7.8    7.9    7.9  1012.3   0.00    0.0    0.109   0.000   20.8    53   10.9   20.1    9.86   1.1848     351     1    100.0   15 
16/02/25   6:15    7.5    7.7    7.3    91    6.1    0.0    OSO   0.00   4.8   OSO    7.5    7.6    7.6  1012.5   0.00    0.0    0.113   0.000   21.1    53   11.2   20.3    9.85   1.1836     351     1    100.0   15 
16/02/25   6:30    7.1    7.3    7.0    92    5.9    0.0      O   0.00   1.6     O    7.1    7.2    7.2  1012.7   0.00    0.0    0.117   0.000   21.3    52   11.1   20.6    9.64   1.1830     351     1    100.0   15 
16/02/25   6:45    7.1    7.1    7.0    92    5.8    1.6     NO   0.40   4.8    NO    7.1    7.1    7.1  1012.8   0.00    0.0    0.117   0.000   21.6    52   11.3   20.8    9.63   1.1820     351     1    100.0   15 
16/02/25   7:00    7.2    7.4    7.1    93    6.2    0.0    NNE   0.00   3.2    NO    7.2    7.3    7.3  1013.0   0.00    0.0    0.116   0.000   21.7    52   11.4   21.1    9.63   1.1814     351     1    100.0   15 
16/02/25   7:15    7.4    7.5    7.4    93    6.4    1.6    ENE   0.40   4.8   ENE    7.4    7.6    7.6  1013.0   0.00    0.0    0.113   0.000   21.8    51   11.2   21.2    9.42   1.1813     351     1    100.0   15 
16/02/25   7:30    7.6    7.6    7.5    93    6.5    0.0    ENE   0.00   3.2   ENE    7.6    7.7    7.7  1013.2   0.00    0.0    0.112   0.000   22.0    51   11.4   21.4    9.42   1.1806     351     1    100.0   15 
16/02/25   7:45    7.8    8.1    7.6    93    6.8    0.0    ENE   0.00   4.8   ENE    7.8    7.9    7.9  1013.3   0.00    0.0    0.109   0.000   22.3    52   11.9   21.9    9.61   1.1791     350     1    100.0   15 
16/02/25   8:00    8.4    8.7    8.1    92    7.2    0.0    NNO   0.00   3.2   NNO    8.4    8.5    8.5  1013.5   0.00    0.0    0.104   0.000   22.8    51   12.1   22.6    9.39   1.1771     350     1    100.0   15 
16/02/25   8:15    8.6    8.7    8.5    91    7.2    0.0    NNO   0.00   3.2   NNO    8.6    8.7    8.7  1013.7   0.00    0.0    0.102   0.000   23.2    51   12.5   23.0    9.38   1.1754     351     1    100.0   15 
16/02/25   8:30    8.8    8.9    8.6    91    7.4    0.0    ---   0.00   0.0   ---    8.8    8.9    8.9  1014.0   0.00    0.0    0.100   0.000   23.4    51   12.7   23.4    9.37   1.1743     351     1    100.0   15 
16/02/25   8:45    9.1    9.1    8.9    91    7.7    0.0    NNO   0.00   1.6   NNO    9.1    9.2    9.2  1013.9   0.00    0.0    0.097   0.000   23.7    51   12.9   23.7    9.36   1.1732     351     1    100.0   15 
16/02/25   9:00    9.1    9.2    9.0    91    7.7    0.0    ---   0.00   0.0   ---    9.1    9.2    9.2  1014.0   0.00    0.0    0.097   0.000   23.8    50   12.7   23.8    9.25   1.1731     350     1    100.0   15 
16/02/25   9:15    9.3    9.4    9.1    92    8.0    0.0    ---   0.00   0.0   ---    9.3    9.5    9.5  1014.2   0.00    0.0    0.094   0.000   23.9    50   12.8   23.9    9.25   1.1727     350     1    100.0   15 
16/02/25   9:30    9.8   10.3    9.5    91    8.4    0.0    NNO   0.00   3.2   NNO    9.8   10.0   10.0  1014.1   0.00    0.0    0.089   0.000   24.1    50   13.0   24.2    9.24   1.1714     351     1    100.0   15 
16/02/25   9:45   10.9   11.4   10.3    86    8.6    0.0     NO   0.00   3.2    NO   10.9   10.9   10.9  1014.1   0.00    0.0    0.078   0.000   24.3    50   13.2   24.3    9.24   1.1706     351     1    100.0   15 
16/02/25  10:00   11.9   12.2   11.5    81    8.8    1.6    NNO   0.40   6.4    NO   11.9   11.8   11.8  1014.2   0.00    0.0    0.067   0.000   24.3    50   13.2   24.3    9.24   1.1708     352     1    100.0   15 
16/02/25  10:15   12.2   12.4   12.1    80    8.9    1.6    ONO   0.40   6.4    NO   12.2   12.1   12.1  1014.1   0.00    0.0    0.064   0.000   24.2    50   13.1   24.2    9.24   1.1712     351     1    100.0   15 
16/02/25  10:30   12.4   12.4   12.3    80    9.0    1.6    OSO   0.40   4.8    SO   12.4   12.2   12.2  1014.1   0.00    0.0    0.062   0.000   24.1    50   13.0   24.1    9.24   1.1718     350     1    100.0   15 
16/02/25  10:45   12.4   12.5   12.3    79    8.9    1.6    OSO   0.40   6.4    NO   12.4   12.3   12.3  1014.2   0.00    0.0    0.061   0.000   23.9    50   12.9   24.0    9.25   1.1724     351     1    100.0   15 
16/02/25  11:00   12.4   12.5   12.4    79    8.9    1.6    OSO   0.40   4.8   OSO   12.4   12.3   12.3  1014.2   0.00    0.0    0.061   0.000   23.8    49   12.5   23.8    9.05   1.1733     352     1    100.0   15 
16/02/25  11:15   12.4   12.6   12.4    80    9.1    1.6    OSO   0.40   4.8   OSO   12.4   12.3   12.3  1014.1   0.00    0.0    0.061   0.000   23.6    49   12.3   23.5    9.05   1.1743     350     1    100.0   15 
16/02/25  11:30   12.8   13.1   12.6    78    9.1    0.0    ESE   0.00   3.2     S   12.8   12.6   12.6  1014.0   0.00    0.0    0.057   0.000   23.5    49   12.2   23.4    9.05   1.1747     351     1    100.0   15 
16/02/25  11:45   13.3   13.3   13.2    77    9.3    0.0     NO   0.00   3.2   SSO   13.3   13.0   13.0  1013.9   0.00    0.0    0.053   0.000   23.4    49   12.1   23.2    9.05   1.1752     350     1    100.0   15 
16/02/25  12:00   13.9   14.5   13.3    74    9.4    1.6     SE   0.40   8.0     S   13.9   13.6   13.6  1013.7   0.00    0.0    0.046   0.000   23.3    49   12.0   23.1    9.05   1.1752     352     1    100.0   15 
16/02/25  12:15   14.7   15.0   14.6    72    9.7    1.6    OSO   0.40   6.4    SO   14.7   14.3   14.3  1013.4   0.00    0.0    0.038   0.000   23.3    49   12.0   23.1    9.05   1.1752     350     1    100.0   15 
16/02/25  12:30   14.8   15.0   14.7    72    9.8    1.6    OSO   0.40   6.4     S   14.8   14.5   14.5  1013.2   0.00    0.0    0.036   0.000   23.2    49   11.9   23.0    9.05   1.1752     351     1    100.0   15 
16/02/25  12:45   14.5   14.7   14.3    74    9.9    1.6      O   0.40   9.7   OSO   14.5   14.2   14.2  1013.1   0.00    0.0    0.040   0.000   23.1    49   11.8   22.9    9.05   1.1756     350     1    100.0   15 
16/02/25  13:00   14.2   14.3   14.1    74    9.7    1.6    OSO   0.40   6.4   ONO   14.2   13.9   13.9  1013.1   0.00    0.0    0.043   0.000   23.1    50   12.1   22.9    9.25   1.1753     351     1    100.0   15 
16/02/25  13:15   14.2   14.3   14.1    75    9.8    1.6     SO   0.40   8.0   OSO   14.2   13.9   13.9  1012.9   0.00    0.0    0.043   0.000   23.4    50   12.4   23.2    9.25   1.1736     351     1    100.0   15 
16/02/25  13:30   14.8   15.1   14.4    72    9.8    1.6    OSO   0.40   8.0     O   14.8   14.5   14.5  1012.7   0.00    0.0    0.036   0.000   23.8    50   12.8   23.9    9.25   1.1713     350     1    100.0   15 
16/02/25  13:45   15.5   15.7   15.2    70   10.0    3.2     SO   0.80  11.3   OSO   15.5   15.2   15.2  1012.6   0.00    0.0    0.030   0.000   24.2    49   12.8   24.2    9.04   1.1698     350     1    100.0   15 
16/02/25  14:00   15.4   15.7   15.3    72   10.4    1.6    OSO   0.40   6.4   OSO   15.4   15.1   15.1  1012.5   0.00    0.0    0.031   0.000   24.3    50   13.2   24.3    9.23   1.1685     351     1    100.0   15 
16/02/25  14:15   16.1   16.3   15.7    69   10.4    1.6    ONO   0.40   9.7    SO   16.1   15.7   15.7  1012.4   0.00    0.0    0.024   0.000   24.4    49   13.0   24.3    9.03   1.1684     351     1    100.0   15 
16/02/25  14:30   16.9   17.5   16.2    66   10.5    1.6     NO   0.40   8.0   NNO   16.9   16.6   16.6  1012.2   0.00    0.0    0.015   0.000   24.4    49   13.0   24.4    9.03   1.1679     351     1    100.0   15 
16/02/25  14:45   17.3   17.5   17.2    66   10.9    4.8      E   1.21  14.5   ESE   17.3   17.1   17.1  1012.1   0.00    0.0    0.010   0.000   24.5    49   13.1   24.4    9.03   1.1675     351     1    100.0   15 
16/02/25  15:00   17.1   17.3   16.8    67   10.9    3.2    ENE   0.80  11.3     E   17.1   16.8   16.8  1012.1   0.00    0.0    0.013   0.000   24.4    49   13.0   24.4    9.03   1.1678     351     1    100.0   15 
16/02/25  15:15   16.8   16.8   16.7    68   10.8    3.2    ENE   0.80  11.3   ENE   16.8   16.5   16.5  1012.0   0.00    0.0    0.016   0.000   24.2    49   12.8   24.2    9.04   1.1688     351     1    100.0   15 
16/02/25  15:30   16.6   16.8   16.2    68   10.6    3.2      E   0.80  11.3   ENE   16.6   16.2   16.2  1012.1   0.00    0.0    0.019   0.000   24.1    50   13.0   24.1    9.24   1.1694     352     1    100.0   15 
16/02/25  15:45   16.1   16.2   16.1    69   10.4    4.8    ENE   1.21  11.3     E   16.1   15.8   15.8  1012.0   0.00    0.0    0.023   0.000   23.9    50   12.8   23.9    9.25   1.1702     350     1    100.0   15 
16/02/25  16:00   16.4   16.7   16.2    68   10.5    3.2      E   0.80  11.3     E   16.4   16.1   16.1  1012.0   0.00    0.0    0.020   0.000   23.7    50   12.7   23.7    9.25   1.1710     351     1    100.0   15 
16/02/25  16:15   16.7   16.8   16.7    67   10.6    1.6      E   0.40   8.0     E   16.7   16.4   16.4  1012.1   0.00    0.0    0.017   0.000   23.5    51   12.8   23.4    9.36   1.1718     351     1    100.0   15 
16/02/25  16:30   16.8   16.8   16.7    67   10.6    1.6    ESE   0.40   6.4   ENE   16.8   16.4   16.4  1012.2   0.00    0.0    0.016   0.000   23.3    51   12.6   23.2    9.37   1.1728     349     1    100.0   15 
16/02/25  16:45   16.3   16.7   15.9    69   10.6    1.6    ENE   0.40   4.8   ENE   16.3   16.0   16.0  1012.3   0.00    0.0    0.021   0.000   23.2    52   12.8   23.1    9.58   1.1734     350     1    100.0   15 
16/02/25  17:00   15.9   16.0   15.8    70   10.4    0.0    ENE   0.00   3.2   ENE   15.9   15.6   15.6  1012.4   0.00    0.0    0.025   0.000   22.9    52   12.6   22.8    9.58   1.1746     351     1    100.0   15 
16/02/25  17:15   15.3   15.9   14.6    77   11.3    1.6    OSO   0.40   8.0   OSO   15.3   15.1   15.1  1012.6   0.00    0.0    0.032   0.000   22.7    52   12.4   22.6    9.59   1.1760     350     1    100.0   15 
16/02/25  17:30   14.0   14.5   13.6    80   10.6    1.6     SO   0.40   4.8    SO   14.0   13.8   13.8  1012.8   0.00    0.0    0.045   0.000   22.6    52   12.3   22.4    9.60   1.1768     351     1    100.0   15 
16/02/25  17:45   13.2   13.6   12.9    82   10.2    0.0     SO   0.00   4.8    SO   13.2   13.1   13.1  1013.0   0.00    0.0    0.053   0.000   22.8    52   12.4   22.6    9.59   1.1762     350     1    100.0   15 
16/02/25  18:00   12.7   12.9   12.5    83    9.9    0.0    OSO   0.00   3.2    SO   12.7   12.6   12.6  1013.1   0.00    0.0    0.058   0.000   23.0    52   12.6   22.9    9.58   1.1752     351     1    100.0   15 
16/02/25  18:15   12.3   12.5   12.2    85    9.9    1.6    OSO   0.40   4.8   OSO   12.3   12.3   12.3  1013.4   0.00    0.0    0.062   0.000   23.2    52   12.8   23.2    9.57   1.1744     351     1    100.0   15 
16/02/25  18:30   12.1   12.2   11.9    85    9.6    1.6    ONO   0.40   4.8   ONO   12.1   12.0   12.0  1013.4   0.00    0.0    0.065   0.000   23.3    52   12.9   23.2    9.57   1.1742     350     1    100.0   15 
16/02/25  18:45   11.7   11.9   11.6    86    9.5    0.0      O   0.00   3.2     O   11.7   11.7   11.7  1013.4   0.00    0.0    0.069   0.000   23.4    51   12.7   23.3    9.37   1.1740     352     1    100.0   15 
16/02/25  19:00   11.6   11.6   11.5    87    9.5    0.0      O   0.00   3.2     O   11.6   11.6   11.6  1013.5   0.00    0.0    0.071   0.000   23.4    51   12.7   23.4    9.37   1.1737     350     1    100.0   15 
16/02/25  19:15   11.4   11.6   11.3    87    9.4    0.0      O   0.00   3.2     O   11.4   11.4   11.4  1013.4   0.00    0.0    0.072   0.000   23.5    51   12.8   23.4    9.36   1.1734     351     1    100.0   15 
16/02/25  19:30   11.3   11.4   11.3    87    9.2    0.0     NO   0.00   6.4    NO   11.3   11.3   11.3  1013.4   0.00    0.0    0.073   0.000   23.5    50   12.5   23.4    9.25   1.1738     350     1    100.0   15 
16/02/25  19:45   11.3   11.3   11.3    87    9.2    0.0     NO   0.00   3.2    NO   11.3   11.3   11.3  1013.4   0.00    0.0    0.073   0.000   23.6    50   12.6   23.6    9.25   1.1732     352     1    100.0   15 
16/02/25  20:00   11.1   11.4   10.8    86    8.9    0.0    ---   0.00   0.0   ---   11.1   11.1   11.1  1013.5   0.00    0.0    0.075   0.000   23.7    50   12.6   23.6    9.25   1.1731     350     1    100.0   15 
16/02/25  20:15   10.9   10.9   10.8    88    9.0    0.0     NO   0.00   3.2    NO   10.9   10.9   10.9  1013.7   0.00    0.0    0.078   0.000   23.8    49   12.5   23.8    9.05   1.1727     351     1    100.0   15 
16/02/25  20:30   10.8   10.9   10.7    89    9.0    0.0     NO   0.00   1.6    NO   10.8   10.9   10.9  1013.7   0.00    0.0    0.079   0.000   24.0    49   12.6   24.0    9.05   1.1719     350     1    100.0   15 
16/02/25  20:45   10.8   10.9   10.8    88    8.9    0.0    OSO   0.00   3.2   ONO   10.8   10.9   10.9  1013.8   0.00    0.0    0.078   0.000   24.2    49   12.8   24.2    9.04   1.1712     352     1    100.0   15 
16/02/25  21:00   10.7   10.8   10.5    89    8.9    0.0    OSO   0.00   1.6   OSO   10.7   10.8   10.8  1013.8   0.00    0.0    0.080   0.000   24.2    49   12.8   24.2    9.04   1.1709     351     1    100.0   15 
16/02/25  21:15   10.4   10.5   10.4    89    8.7    0.0    OSO   0.00   1.6   OSO   10.4   10.6   10.6  1013.8   0.00    0.0    0.082   0.000   24.2    49   12.8   24.2    9.04   1.1710     351     1    100.0   15 
16/02/25  21:30   10.4   10.5   10.1    88    8.5    0.0    OSO   0.00   3.2   ONO   10.4   10.4   10.4  1014.0   0.00    0.0    0.083   0.000   24.2    49   12.8   24.2    9.04   1.1715     350     1    100.0   15 
16/02/25  21:45    9.9   10.1    9.8    89    8.2    0.0      O   0.00   3.2     O    9.9   10.1   10.1  1014.1   0.00    0.0    0.088   0.000   24.1    50   13.0   24.1    9.24   1.1718     350     1    100.0   15 
16/02/25  22:00    9.9   10.0    9.7    88    8.0    0.0      O   0.00   3.2     O    9.9   10.0   10.0  1014.2   0.00    0.0    0.088   0.000   24.1    50   13.0   24.2    9.24   1.1716     352     1    100.0   15 
16/02/25  22:15    9.5    9.7    9.4    89    7.8    3.2     NO   0.80   6.4    NO    9.5    9.7    9.7  1014.1   0.00    0.0    0.092   0.000   24.2    50   13.1   24.2    9.24   1.1712     351     1    100.0   15 
16/02/25  22:30    9.4    9.6    9.4    88    7.6    4.8     NO   1.21   6.4    NO    9.2    9.6    9.3  1014.2   0.00    0.0    0.093   0.000   24.2    50   13.1   24.2    9.24   1.1713     351     1    100.0   15 
16/02/25  22:45    9.4    9.4    9.3    88    7.5    1.6     NO   0.40   6.4    NO    9.4    9.5    9.5  1014.1   0.00    0.0    0.093   0.000   24.1    50   13.0   24.2    9.24   1.1715     351     1    100.0   15 
16/02/25  23:00    9.4    9.6    9.1    87    7.3    1.6    ENE   0.40   4.8   ENE    9.4    9.5    9.5  1014.2   0.00    0.0    0.093   0.000   24.2    50   13.1   24.2    9.24   1.1713     352     1    100.0   15 
16/02/25  23:15    8.6    9.1    8.3    89    6.8    1.6    ENE   0.40   4.8   ENE    8.6    8.7    8.7  1014.3   0.00    0.0    0.102   0.000   24.1    50   13.0   24.1    9.24   1.1720     351     1    100.0   15 
16/02/25  23:30    8.6    8.7    8.3    91    7.2    0.0    ENE   0.00   3.2   ENE    8.6    8.7    8.7  1014.3   0.00    0.0    0.102   0.000   23.7    51   13.0   23.8    9.36   1.1734     351     1    100.0   15 
16/02/25  23:45    8.9    9.1    8.7    91    7.6    0.0    ENE   0.00   3.2   ENE    8.9    9.1    9.1  1014.4   0.00    0.0    0.098   0.000   23.3    51   12.6   23.2    9.37   1.1754     350     1    100.0   15 
17/02/25  00:00    9.1    9.3    8.9    89    7.4    4.8     NO   1.21   8.0    NO    8.8    9.2    8.9  1014.3   0.00    0.0    0.096   0.000   22.9    52   12.6   22.8    9.58   1.1769     351     1    100.0   15 
17/02/25   0:15    9.1    9.3    8.9    88    7.2    3.2     NO   0.80   8.0    NO    9.1    9.2    9.2  1014.2   0.00    0.0    0.096   0.000   22.6    52   12.3   22.4    9.60   1.1785     350     1    100.0   15 
17/02/25   0:30    9.3    9.6    9.2    88    7.4    1.6    NNO   0.40   6.4    NO    9.3    9.4    9.4  1014.1   0.00    0.0    0.094   0.000   22.3    53   12.2   21.9    9.77   1.1797     351     1    100.0   15 
17/02/25   0:45    9.8    9.9    9.6    87    7.7    1.6    ENE   0.40   6.4   ENE    9.8    9.9    9.9  1014.0   0.00    0.0    0.089   0.000   21.9    53   11.9   21.4    9.79   1.1812     349     1    100.0   15 
17/02/25   1:00    9.8    9.9    9.7    86    7.6    1.6    ENE   0.40   6.4   ENE    9.8    9.9    9.9  1014.0   0.00    0.0    0.089   0.000   21.7    54   12.0   21.2    9.93   1.1820     351     1    100.0   15 
17/02/25   1:15    9.4    9.7    9.0    87    7.3    0.0    SSE   0.00   4.8   SSE    9.4    9.5    9.5  1014.1   0.00    0.0    0.093   0.000   21.4    54   11.7   20.7    9.94   1.1838     351     1    100.0   15 
17/02/25   1:30    8.6    9.0    8.2    89    6.8    1.6    OSO   0.40   4.8    SO    8.6    8.7    8.7  1014.1   0.00    0.0    0.102   0.000   21.1    55   11.7   20.4   10.15   1.1849     352     1    100.0   15 
17/02/25   1:45    8.2    8.2    8.2    90    6.7    0.0      O   0.00   3.2     O    8.2    8.3    8.3  1014.0   0.00    0.0    0.105   0.000   20.8    55   11.5   20.2   10.16   1.1862     351     1    100.0   15 
17/02/25   2:00    8.3    8.4    8.2    90    6.8    1.6      O   0.40   4.8     O    8.3    8.4    8.4  1014.0   0.00    0.0    0.104   0.000   20.6    55   11.2   20.0   10.17   1.1876     351     1    100.0   15 
17/02/25   2:15    8.2    8.3    8.2    90    6.7    3.2     NO   0.80   6.4    NO    8.2    8.3    8.3  1014.1   0.00    0.0    0.105   0.000   20.3    56   11.3   19.9   10.38   1.1885     350     1    100.0   15 
17/02/25   2:30    8.3    8.3    8.2    90    6.7    0.0     NO   0.00   3.2    NO    8.3    8.4    8.4  1014.1   0.00    0.0    0.105   0.000   20.1    56   11.1   19.7   10.39   1.1896     350     1    100.0   15 
17/02/25   2:45    8.2    8.3    8.1    90    6.6    1.6    OSO   0.40   4.8     O    8.2    8.3    8.3  1014.0   0.00    0.0    0.106   0.000   19.9    57   11.2   19.6   10.59   1.1901     352     1    100.0   15 
17/02/25   3:00    7.9    8.1    7.8    90    6.4    0.0      O   0.00   4.8     O    7.9    8.0    8.0  1014.1   0.00    0.0    0.108   0.000   19.7    57   11.0   19.3   10.60   1.1913     351     1    100.0   15 
17/02/25   3:15    7.9    7.9    7.8    90    6.3    3.2      O   0.80   9.7    NO    7.9    7.9    7.9  1014.0   0.00    0.0    0.109   0.000   19.6    58   11.1   19.2   10.75   1.1917     351     1    100.0   15 
17/02/25   3:30    7.8    7.9    7.7    91    6.5    6.4     NO   1.61   9.7    NO    6.8    7.9    6.9  1014.0   0.00    0.0    0.109   0.000   19.4    58   10.9   19.0   10.75   1.1926     351     1    100.0   15 
17/02/25   3:45    8.1    8.1    7.9    91    6.7    1.6     NO   0.40   6.4    NO    8.1    8.2    8.2  1014.0   0.00    0.0    0.107   0.000   19.3    58   10.8   18.9   10.75   1.1932     352     1    100.0   15 
17/02/25   4:00    8.0    8.1    7.9    92    6.8    0.0    ---   0.00   0.0   ---    8.0    8.1    8.1  1014.0   0.00    0.0    0.108   0.000   19.1    59   10.9   18.7   10.95   1.1937     351     1    100.0   15 
17/02/25   4:15    8.1    8.1    8.0    92    6.8    0.0    ---   0.00   0.0   ---    8.1    8.2    8.2  1014.0   0.00    0.0    0.107   0.000   19.0    59   10.8   18.6   10.95   1.1943     351     1    100.0   15 
17/02/25   4:30    8.0    8.1    7.9    91    6.6    0.0    ---   0.00   0.0   ---    8.0    8.1    8.1  1014.0   0.00    0.0    0.108   0.000   18.8    59   10.6   18.4   10.95   1.1952     351     1    100.0   15 
17/02/25   4:45    7.9    7.9    7.8    92    6.7    0.0     NO   0.00   3.2    NO    7.9    8.0    8.0  1014.1   0.00    0.0    0.109   0.000   18.7    59   10.5   18.3   10.95   1.1958     351     1    100.0   15 
17/02/25   5:00    7.6    7.9    7.3    92    6.4    0.0     NO   0.00   3.2    NO    7.6    7.7    7.7  1014.0   0.00    0.0    0.112   0.000   18.6    59   10.4   18.1   10.95   1.1965     352     1    100.0   15 
17/02/25   5:15    7.6    7.6    7.4    92    6.3    1.6    OSO   0.40   4.8    SO    7.6    7.7    7.7  1014.0   0.00    0.0    0.112   0.000   18.8    58   10.3   18.3   10.75   1.1957     351     1    100.0   15 
17/02/25   5:30    7.4    7.5    7.3    92    6.2    0.0    OSO   0.00   3.2   OSO    7.4    7.6    7.6  1014.0   0.00    0.0    0.113   0.000   19.2    58   10.8   18.8   10.75   1.1935     351     1    100.0   15 
17/02/25   5:45    7.3    7.4    7.3    93    6.3    0.0    OSO   0.00   3.2   OSO    7.3    7.4    7.4  1014.1   0.00    0.0    0.115   0.000   19.8    57   11.1   19.5   10.60   1.1907     351     1    100.0   15 
17/02/25   6:00    7.5    7.6    7.4    93    6.4    0.0    OSO   0.00   3.2   OSO    7.5    7.6    7.6  1014.1   0.00    0.0    0.113   0.000   20.4    56   11.4   19.9   10.37   1.1880     352     1    100.0   15 
17/02/25   6:15    7.5    7.6    7.4    92    6.3    1.6    ONO   0.40   4.8   ONO    7.5    7.6    7.6  1014.3   0.00    0.0    0.113   0.000   20.9    55   11.5   20.2   10.16   1.1862     351     1    100.0   15 
17/02/25   6:30    7.3    7.4    7.2    91    6.0    1.6    ONO   0.40   4.8   ONO    7.3    7.4    7.4  1014.4   0.00    0.0    0.115   0.000   21.2    54   11.5   20.5    9.95   1.1850     351     1    100.0   15 
17/02/25   6:45    7.1    7.2    7.0    92    5.8    0.0     NE   0.00   4.8    NE    7.1    7.1    7.1  1014.4   0.00    0.0    0.117   0.000   21.4    54   11.7   20.7    9.94   1.1842     350     1    100.0   15 
17/02/25   7:00    7.2    7.4    7.0    93    6.1    1.6      E   0.40   4.8    NE    7.2    7.3    7.3  1014.4   0.00    0.0    0.116   0.000   21.5    54   11.8   20.8    9.94   1.1836     351     1    100.0   15 
17/02/25   7:15    7.3    7.4    7.1    92    6.1    0.0    ESE   0.00   3.2   ESE    7.3    7.3    7.3  1014.7   0.00    0.0    0.115   0.000   21.7    53   11.7   21.0    9.81   1.1834     351     1    100.0   15 
17/02/25   7:30    7.1    7.3    7.0    93    6.1    0.0    ESE   0.00   1.6   ESE    7.1    7.2    7.2  1014.8   0.00    0.0    0.117   0.000   21.9    53   11.9   21.3    9.79   1.1824     350     1    100.0   15 
17/02/25   7:45    7.4    7.5    7.3    93    6.4    1.6      O   0.40   4.8     O    7.4    7.6    7.6  1015.0   0.00    0.0    0.113   0.000   22.2    54   12.4   21.8    9.91   1.1809     348     1    100.0   15 
