                 Temp.  Temp.  Temp.  Hum.   Punt   Vel.   Dir.   Rec.  Vel.  Dir.  Sens.   Índ.   Índ.                  Int. Graus D.Graus D.  Temp.  Hum. Rosada  In.Cal.  EMC     Dens.    Mostr   Tx   Recep.  Int.
  Data    Hora    Ext.   Màx.   Mín.  Ext. Rosada   Vent   Vent   Vent  Màx.  Màx.  Tèrm.  Calor   THW    Bar    Pluja   Pluja  Calor    Fred    Int.  Int.   Int.   Int.    Int.  Int.Aire    Vent   Vent   ISS   Arc.
-------------------------------------------------------------------------------------------------------------------------------------------------------------------------------------------------------------------------
27/04/23   0:15   14.4   14.5   14.4    88   12.5    0.0    ---   0.00   0.0   ---   14.4   14.4   14.4  1022.6   0.00    0.0    0.041   0.000   23.0    57   14.0   23.2   10.41   1.1847     349     1    100.0   15 
27/04/23   0:30   14.4   14.4   14.3    88   12.4    0.0     NO   0.00   1.6    NO   14.4   14.4   14.4  1022.7   0.00    0.0    0.041   0.000   22.9    57   14.0   23.1   10.42   1.1851     352     1    100.0   15 
27/04/23   0:45   14.2   14.4   14.1    88   12.3    1.6     NO   0.40   3.2    NO   14.2   14.2   14.2  1022.5   0.00    0.0    0.043   0.000   22.8    57   13.9   22.9   10.43   1.1854     351     1    100.0   15 
27/04/23   1:00   14.0   14.1   13.9    89   12.2    1.6     NO   0.40   3.2    NO   14.0   14.1   14.1  1022.2   0.00    0.0    0.045   0.000   22.8    57   13.8   22.9   10.43   1.1854     351     1    100.0   15 
27/04/23   1:15   13.9   13.9   13.9    89   12.1    1.6     NO   0.40   3.2    NO   13.9   13.9   13.9  1022.2   0.00    0.0    0.046   0.000   22.7    57   13.7   22.7   10.44   1.1859     350     1    100.0   15 
27/04/23   1:30   13.9   13.9   13.8    89   12.1    1.6     NO   0.40   3.2    NO   13.9   13.9   13.9  1022.0   0.00    0.0    0.046   0.000   22.6    57   13.7   22.6   10.44   1.1860     352     1    100.0   15 
27/04/23   1:45   13.8   13.9   13.8    90   12.2    1.6     NO   0.40   4.8    NO   13.8   13.9   13.9  1022.0   0.00    0.0    0.047   0.000   22.5    57   13.6   22.4   10.45   1.1866     351     1    100.0   15 
27/04/23   2:00   13.8   13.8   13.8    90   12.2    1.6     NO   0.40   4.8    NO   13.8   13.9   13.9  1022.0   0.00    0.0    0.047   0.000   22.4    57   13.5   22.4   10.45   1.1868     350     1    100.0   15 
27/04/23   2:15   13.8   13.8   13.8    90   12.2    1.6     NO   0.40   4.8    NO   13.8   13.8   13.8  1021.9   0.00    0.0    0.047   0.000   22.3    57   13.4   22.2   10.46   1.1873     351     1    100.0   15 
27/04/23   2:30   13.8   13.9   13.8    89   12.1    1.6     NO   0.40   3.2    NO   13.8   13.9   13.9  1021.9   0.00    0.0    0.047   0.000   22.3    57   13.3   22.1   10.47   1.1876     352     1    100.0   15 
27/04/23   2:45   13.9   13.9   13.8    88   11.9    0.0     NO   0.00   1.6    NO   13.9   13.9   13.9  1021.7   0.00    0.0    0.046   0.000   22.2    57   13.3   22.1   10.47   1.1877     351     1    100.0   15 
27/04/23   3:00   13.8   13.8   13.8    89   12.1    1.6     NO   0.40   3.2    NO   13.8   13.9   13.9  1021.7   0.00    0.0    0.047   0.000   22.2    57   13.2   21.9   10.47   1.1879     351     1    100.0   15 
27/04/23   3:15   13.8   13.8   13.8    89   12.1    1.6     NO   0.40   3.2    NO   13.8   13.9   13.9  1021.6   0.00    0.0    0.047   0.000   22.1    57   13.1   21.8   10.48   1.1884     351     1    100.0   15 
27/04/23   3:30   13.7   13.8   13.5    88   11.7    0.0     NO   0.00   3.2    NO   13.7   13.7   13.7  1021.6   0.00    0.0    0.049   0.000   22.0    57   13.1   21.7   10.49   1.1887     351     1    100.0   15 
27/04/23   3:45   13.4   13.5   13.4    89   11.7    0.0    ---   0.00   0.0   ---   13.4   13.5   13.5  1021.6   0.00    0.0    0.051   0.000   21.9    57   13.0   21.6   10.49   1.1890     352     1    100.0   15 
27/04/23   4:00   13.3   13.4   13.1    89   11.5    0.0     NO   0.00   3.2    NO   13.3   13.3   13.3  1021.5   0.00    0.0    0.053   0.000   21.8    58   13.2   21.5   10.70   1.1891     351     1    100.0   15 
27/04/23   4:15   13.2   13.3   13.2    88   11.3    1.6     NO   0.40   3.2    NO   13.2   13.2   13.2  1021.4   0.00    0.0    0.053   0.000   21.8    58   13.1   21.4   10.70   1.1893     351     1    100.0   15 
27/04/23   4:30   13.2   13.3   13.2    88   11.3    0.0     NO   0.00   1.6    NO   13.2   13.2   13.2  1021.5   0.00    0.0    0.053   0.000   21.7    58   13.0   21.3   10.71   1.1899     335     1     98.0   15 
27/04/23   4:45   13.2   13.2   13.1    89   11.4    0.0     NO   0.00   1.6    NO   13.2   13.2   13.2  1021.4   0.00    0.0    0.054   0.000   21.6    58   13.0   21.2   10.71   1.1901     352     1    100.0   15 
27/04/23   5:00   13.1   13.1   13.1    89   11.3    0.0     NO   0.00   3.2    NO   13.1   13.1   13.1  1021.4   0.00    0.0    0.055   0.000   21.6    58   12.9   21.1   10.72   1.1904     350     1    100.0   15 
27/04/23   5:15   13.1   13.2   13.1    89   11.3    0.0     NO   0.00   1.6    NO   13.1   13.2   13.2  1021.4   0.00    0.0    0.054   0.000   21.4    58   12.8   21.0   10.73   1.1910     351     1    100.0   15 
27/04/23   5:30   13.0   13.1   13.0    89   11.2    0.0     NO   0.00   1.6    NO   13.0   13.1   13.1  1021.3   0.00    0.0    0.056   0.000   21.4    58   12.8   20.9   10.73   1.1912     351     1    100.0   15 
27/04/23   5:45   13.2   13.2   13.1    89   11.4    0.0     NO   0.00   1.6    NO   13.2   13.2   13.2  1021.5   0.00    0.0    0.054   0.000   21.4    58   12.8   20.9   10.73   1.1914     350     1    100.0   15 
27/04/23   6:00   13.3   13.4   13.2    88   11.3    0.0     NO   0.00   1.6    NO   13.3   13.3   13.3  1021.7   0.00    0.0    0.053   0.000   21.4    58   12.8   21.0   10.73   1.1913     351     1    100.0   15 
27/04/23   6:15   13.3   13.4   13.3    88   11.4    1.6     NO   0.40   4.8    NO   13.3   13.3   13.3  1021.8   0.00    0.0    0.052   0.000   21.7    58   13.0   21.3   10.71   1.1903     351     1    100.0   15 
27/04/23   6:30   13.9   14.4   13.4    88   11.9    0.0     NO   0.00   1.6    NO   13.9   13.9   13.9  1021.8   0.00    0.0    0.046   0.000   22.2    58   13.5   22.0   10.67   1.1877     351     1    100.0   15 
27/04/23   6:45   14.8   14.9   14.4    84   12.1    0.0     NO   0.00   3.2    NO   14.8   14.7   14.7  1021.9   0.00    0.0    0.037   0.000   22.8    57   13.9   22.9   10.43   1.1847     351     1    100.0   15 
27/04/23   7:00   15.1   15.3   14.9    83   12.2    1.6     NO   0.40   4.8    NO   15.1   15.0   15.0  1021.9   0.00    0.0    0.034   0.000   23.3    57   14.3   23.6   10.39   1.1822     352     1    100.0   15 
27/04/23   7:15   15.3   15.5   15.3    83   12.5    0.0    SSE   0.00   3.2   SSE   15.3   15.3   15.3  1022.1   0.00    0.0    0.031   0.000   23.6    57   14.5   23.8   10.37   1.1813     351     1    100.0   15 
27/04/23   7:30   15.7   16.1   15.5    81   12.5    1.6    SSE   0.40   4.8     O   15.7   15.7   15.7  1022.0   0.00    0.0    0.027   0.000   23.7    56   14.4   24.0   10.26   1.1806     351     1    100.0   15 
27/04/23   7:45   16.3   16.6   16.1    77   12.3    1.6    SSO   0.40   4.8     O   16.3   16.3   16.3  1022.0   0.00    0.0    0.021   0.000   23.9    56   14.6   24.2   10.25   1.1798     351     1    100.0   15 
27/04/23   8:00   16.8   17.1   16.6    75   12.4    1.6      S   0.40   8.0   SSO   16.8   16.7   16.7  1022.1   0.00    0.0    0.016   0.000   24.0    56   14.7   24.3   10.24   1.1793     350     1    100.0   15 
27/04/23   8:15   17.4   17.7   17.1    74   12.8    3.2     SO   0.80  11.3   OSO   17.4   17.4   17.4  1022.0   0.00    0.0    0.009   0.000   24.1    56   14.8   24.4   10.23   1.1787     351     1    100.0   15 
27/04/23   8:30   17.9   18.2   17.7    73   13.0    3.2      O   0.80   9.7   ONO   17.9   17.9   17.9  1022.0   0.00    0.0    0.005   0.000   24.2    56   14.8   24.4   10.23   1.1784     351     1    100.0   15 
27/04/23   8:45   18.4   18.5   18.2    70   12.8    4.8    OSO   1.21  16.1   OSO   18.4   18.4   18.4  1022.0   0.00    0.0    0.000   0.001   24.3    56   14.9   24.5   10.22   1.1778     351     1    100.0   15 
27/04/23   9:00   18.7   18.8   18.5    69   12.9    4.8      S   1.21  14.5     S   18.7   18.7   18.7  1022.0   0.00    0.0    0.000   0.003   24.3    56   15.0   24.6   10.22   1.1775     350     1    100.0   15 
27/04/23   9:15   18.9   19.2   18.8    68   12.9    6.4     SO   1.61  12.9   SSE   18.9   19.0   19.0  1021.9   0.00    0.0    0.000   0.006   24.4    56   15.0   24.6   10.21   1.1772     352     1    100.0   15 
27/04/23   9:30   19.4   19.7   19.1    65   12.6    6.4    SSO   1.61  19.3     S   19.4   19.4   19.4  1022.1   0.00    0.0    0.000   0.011   24.4    55   14.8   24.6   10.01   1.1774     351     1    100.0   15 
27/04/23   9:45   19.5   19.7   19.3    65   12.7    6.4      S   1.61  16.1    SO   19.5   19.5   19.5  1022.1   0.00    0.0    0.000   0.012   24.4    55   14.8   24.6   10.01   1.1774     350     1    100.0   15 
27/04/23  10:00   19.6   20.0   19.3    64   12.6    4.8    SSE   1.21  11.3   SSO   19.6   19.5   19.5  1022.2   0.00    0.0    0.000   0.013   24.5    55   14.9   24.7   10.01   1.1772     351     1    100.0   15 
27/04/23  10:15   20.3   20.7   20.0    62   12.8    4.8      O   1.21  14.5     S   20.3   20.2   20.2  1022.0   0.00    0.0    0.000   0.021   24.6    55   14.9   24.7   10.00   1.1767     351     1    100.0   15 
27/04/23  10:30   20.6   20.7   20.5    62   13.1    4.8    SSO   1.21  12.9    SO   20.6   20.4   20.4  1022.0   0.00    0.0    0.000   0.024   24.6    55   14.9   24.7   10.00   1.1768     351     1    100.0   15 
27/04/23  10:45   20.8   21.0   20.7    60   12.8    4.8      O   1.21  14.5   OSO   20.8   20.4   20.4  1022.0   0.00    0.0    0.000   0.026   24.6    55   14.9   24.7   10.00   1.1767     349     1    100.0   15 
27/04/23  11:00   21.2   21.7   20.9    58   12.6    6.4    SSE   1.61  14.5   SSE   21.2   20.7   20.7  1021.9   0.00    0.0    0.000   0.030   24.6    55   15.0   24.8   10.00   1.1763     346     1    100.0   15 
27/04/23  11:15   21.7   21.9   21.6    57   12.8    6.4      S   1.61  14.5     S   21.7   21.3   21.3  1021.6   0.00    0.0    0.000   0.035   24.7    54   14.8   24.8    9.82   1.1758     351     1    100.0   15 
27/04/23  11:30   22.0   22.2   21.8    54   12.3    6.4    SSO   1.61  25.7   ESE   22.0   21.6   21.6  1021.5   0.00    0.0    0.000   0.038   24.8    54   14.8   24.9    9.82   1.1754     350     1    100.0   15 
27/04/23  11:45   22.1   22.3   22.0    54   12.4    8.0    SSO   2.01  24.1    SE   22.1   21.7   21.7  1021.2   0.00    0.0    0.000   0.039   24.9    53   14.7   24.9    9.65   1.1748     351     1    100.0   15 
27/04/23  12:00   22.6   22.7   22.3    51   11.9    6.4    OSO   1.61  19.3   ESE   22.6   22.2   22.2  1021.2   0.00    0.0    0.000   0.044   24.9    52   14.4   24.9    9.51   1.1749     351     1    100.0   15 
27/04/23  12:15   22.8   23.1   22.6    50   11.9    8.0      S   2.01  22.5     S   22.8   22.6   22.6  1021.1   0.00    0.0    0.000   0.047   25.1    51   14.2   25.0    9.35   1.1746     351     1    100.0   15 
27/04/23  12:30   23.1   23.4   22.8    49   11.8    8.0    OSO   2.01  19.3   SSE   23.1   22.9   22.9  1021.1   0.00    0.0    0.000   0.050   25.1    51   14.3   25.1    9.35   1.1743     352     1    100.0   15 
27/04/23  12:45   23.6   23.8   23.4    48   11.9    6.4    SSO   1.61  19.3   SSO   23.6   23.4   23.4  1021.0   0.00    0.0    0.000   0.054   25.2    50   14.0   25.1    9.20   1.1743     351     1    100.0   15 
27/04/23  13:00   23.9   24.1   23.8    49   12.5    6.4    SSE   1.61  20.9   SSE   23.9   23.9   23.9  1020.9   0.00    0.0    0.000   0.058   25.2    51   14.3   25.2    9.35   1.1737     351     1    100.0   15 
27/04/23  13:15   24.1   24.2   24.0    48   12.4    8.0    SSO   2.01  19.3   SSO   24.1   24.1   24.1  1020.6   0.00    0.0    0.000   0.060   25.3    51   14.4   25.3    9.35   1.1729     351     1    100.0   15 
27/04/23  13:30   23.9   24.3   23.8    48   12.3    9.7    SSE   2.41  20.9   SSE   23.9   23.9   23.9  1020.6   0.00    0.0    0.000   0.058   25.3    51   14.4   25.3    9.35   1.1729     351     1    100.0   15 
27/04/23  13:45   23.9   24.2   23.9    47   11.9    8.0    SSO   2.01  17.7     O   23.9   23.8   23.8  1020.4   0.00    0.0    0.000   0.058   25.3    51   14.5   25.3    9.35   1.1723     350     1    100.0   15 
27/04/23  14:00   24.2   24.4   24.1    46   11.9    8.0      S   2.01  17.7    SO   24.2   24.1   24.1  1020.4   0.00    0.0    0.000   0.061   25.4    51   14.5   25.4    9.35   1.1720     351     1    100.0   15 
27/04/23  14:15   24.1   24.3   23.9    47   12.0    8.0    SSO   2.01  16.1     S   24.1   23.9   23.9  1020.2   0.00    0.0    0.000   0.060   25.4    51   14.6   25.5    9.35   1.1715     351     1    100.0   15 
27/04/23  14:30   24.3   24.5   24.2    46   12.0    9.7      S   2.41  22.5    SE   24.3   24.2   24.2  1020.2   0.00    0.0    0.000   0.063   25.6    51   14.7   25.6    9.35   1.1710     352     1    100.0   15 
27/04/23  14:45   24.3   24.4   24.2    47   12.3    9.7    SSO   2.41  20.9   SSO   24.3   24.2   24.2  1020.2   0.00    0.0    0.000   0.063   25.6    51   14.7   25.7    9.35   1.1707     350     1    100.0   15 
27/04/23  15:00   24.4   24.5   24.3    46   12.1    8.0    SSO   2.01  19.3     S   24.4   24.3   24.3  1019.9   0.00    0.0    0.000   0.064   25.7    51   14.8   25.7    9.35   1.1701     350     1    100.0   15 
27/04/23  15:15   24.6   24.7   24.4    47   12.5    8.0    SSO   2.01  20.9   SSO   24.6   24.4   24.4  1019.8   0.00    0.0    0.000   0.065   25.7    51   14.8   25.8    9.35   1.1697     351     1    100.0   15 
27/04/23  15:30   24.0   24.5   23.7    50   12.9    9.7    SSO   2.41  19.3     S   24.0   24.1   24.1  1019.6   0.00    0.0    0.000   0.059   25.8    51   14.9   25.9    9.35   1.1692     350     1    100.0   15 
27/04/23  15:45   23.5   23.7   23.3    51   12.8    9.7      S   2.41  20.9   SSE   23.5   23.4   23.4  1019.5   0.00    0.0    0.000   0.054   25.8    51   14.9   25.9    9.35   1.1691     352     1    100.0   15 
27/04/23  16:00   23.4   23.6   23.3    47   11.5    9.7      S   2.41  24.1     S   23.4   23.2   23.2  1019.4   0.00    0.0    0.000   0.053   25.8    51   14.9   25.9    9.35   1.1690     351     1    100.0   15 
27/04/23  16:15   23.4   23.5   23.3    45   10.8    9.7      S   2.41  20.9   SSE   23.4   23.1   23.1  1019.5   0.00    0.0    0.000   0.053   25.7    51   14.8   25.8    9.35   1.1693     350     1    100.0   15 
27/04/23  16:30   23.1   23.3   22.8    46   10.8    8.0    SSO   2.01  19.3     S   23.1   22.7   22.7  1019.5   0.00    0.0    0.000   0.049   25.7    51   14.8   25.7    9.35   1.1696     349     1    100.0   15 
27/04/23  16:45   22.3   22.8   21.9    47   10.5    9.7      S   2.41  20.9   SSO   22.3   21.7   21.7  1019.4   0.00    0.0    0.000   0.042   25.6    51   14.7   25.7    9.35   1.1698     352     1    100.0   15 
27/04/23  17:00   21.8   21.9   21.7    48   10.3    9.7      S   2.41  17.7     S   21.8   21.1   21.1  1019.4   0.00    0.0    0.000   0.036   25.6    51   14.7   25.7    9.35   1.1698     349     1    100.0   15 
27/04/23  17:15   22.0   22.2   21.8    48   10.5    8.0      S   2.01  17.7    SE   22.0   21.3   21.3  1019.5   0.00    0.0    0.000   0.038   25.6    51   14.7   25.6    9.35   1.1701     351     1    100.0   15 
27/04/23  17:30   22.0   22.1   21.8    48   10.5    9.7      S   2.41  19.3     S   22.0   21.3   21.3  1019.5   0.00    0.0    0.000   0.038   25.6    51   14.7   25.6    9.35   1.1702     350     1    100.0   15 
27/04/23  17:45   21.8   21.8   21.8    49   10.6    8.0      S   2.01  19.3   OSO   21.8   21.1   21.1  1019.8   0.00    0.0    0.000   0.036   25.5    51   14.6   25.6    9.35   1.1708     349     1    100.0   15 
27/04/23  18:00   21.5   21.8   21.3    50   10.6    4.8      S   1.21  16.1     S   21.5   20.7   20.7  1020.1   0.00    0.0    0.000   0.033   25.4    51   14.6   25.5    9.35   1.1714     352     1    100.0   15 
27/04/23  18:15   21.1   21.3   20.8    54   11.4    6.4      S   1.61  14.5     S   21.1   20.3   20.3  1020.2   0.00    0.0    0.000   0.029   25.4    51   14.6   25.5    9.35   1.1716     351     1    100.0   15 
27/04/23  18:30   20.4   20.8   19.9    58   11.8    6.4      S   1.61  14.5     S   20.4   20.0   20.0  1020.5   0.00    0.0    0.000   0.021   25.4    52   14.8   25.4    9.50   1.1718     351     1    100.0   15 
27/04/23  18:45   19.7   19.9   19.5    59   11.5    4.8      S   1.21  11.3   SSE   19.7   19.4   19.4  1020.9   0.00    0.0    0.000   0.014   25.3    51   14.4   25.3    9.35   1.1732     351     1    100.0   15 
27/04/23  19:00   19.3   19.5   19.1    59   11.1    3.2      S   0.80   8.0   SSO   19.3   18.9   18.9  1020.9   0.00    0.0    0.000   0.010   25.2    52   14.7   25.3    9.50   1.1732     352     1    100.0   15 
27/04/23  19:15   18.9   19.1   18.8    59   10.8    3.2      E   0.80   8.0     S   18.9   18.5   18.5  1021.2   0.00    0.0    0.000   0.006   25.2    52   14.6   25.2    9.50   1.1738     349     1    100.0   15 
27/04/23  19:30   18.7   18.8   18.7    58   10.3    1.6      S   0.40   6.4   SSO   18.7   18.2   18.2  1021.3   0.00    0.0    0.000   0.004   25.1    52   14.5   25.1    9.51   1.1745     349     1    100.0   15 
27/04/23  19:45   18.7   18.7   18.7    58   10.2    3.2    ESE   0.80   8.0    NE   18.7   18.2   18.2  1021.6   0.00    0.0    0.000   0.003   25.1    52   14.5   25.1    9.51   1.1748     351     1    100.0   15 
27/04/23  20:00   18.5   18.7   18.1    70   12.9    4.8    ENE   1.21  11.3     E   18.5   18.6   18.6  1021.9   0.00    0.0    0.000   0.002   25.0    52   14.5   25.0    9.51   1.1754     352     1    100.0   15 
27/04/23  20:15   17.7   18.1   17.3    78   13.8    4.8     NE   1.21  12.9   ENE   17.7   17.9   17.9  1022.2   0.00    0.0    0.006   0.000   24.9    53   14.7   25.0    9.65   1.1756     351     1    100.0   15 
27/04/23  20:30   17.1   17.3   16.9    82   14.0    4.8     NE   1.21   9.7     E   17.1   17.3   17.3  1022.3   0.00    0.0    0.013   0.000   24.9    53   14.7   24.9    9.65   1.1760     351     1    100.0   15 
27/04/23  20:45   16.9   16.9   16.8    82   13.8    1.6    NNE   0.40   8.0     N   16.9   17.1   17.1  1022.1   0.00    0.0    0.015   0.000   24.8    53   14.5   24.8    9.65   1.1764     351     1    100.0   15 
27/04/23  21:00   16.8   16.8   16.8    83   13.9    0.0    NNE   0.00   4.8   NNE   16.8   16.9   16.9  1022.3   0.00    0.0    0.016   0.000   24.7    54   14.8   24.8    9.82   1.1766     351     1    100.0   15 
27/04/23  21:15   16.7   16.8   16.6    84   14.0    1.6    NNO   0.40   4.8   ENE   16.7   16.9   16.9  1022.3   0.00    0.0    0.017   0.000   24.7    54   14.7   24.8    9.82   1.1768     349     1    100.0   15 
27/04/23  21:30   16.5   16.6   16.4    85   14.0    1.6     NE   0.40   6.4    NE   16.5   16.7   16.7  1022.2   0.00    0.0    0.019   0.000   24.6    54   14.6   24.7    9.83   1.1773     349     1    100.0   15 
27/04/23  21:45   16.3   16.4   16.2    86   13.9    1.6    NNO   0.40   4.8   NNO   16.3   16.4   16.4  1022.4   0.00    0.0    0.021   0.000   24.5    54   14.6   24.6    9.83   1.1778     349     1    100.0   15 
27/04/23  22:00   16.0   16.1   15.9    86   13.7    1.6    NNO   0.40   4.8   NNO   16.0   16.1   16.1  1022.3   0.00    0.0    0.024   0.000   24.4    54   14.5   24.6    9.83   1.1783     350     1    100.0   15 
27/04/23  22:15   15.9   16.0   15.9    87   13.8    1.6    NNO   0.40   4.8   NNO   15.9   16.1   16.1  1022.3   0.00    0.0    0.025   0.000   24.3    55   14.7   24.5   10.02   1.1782     350     1    100.0   15 
27/04/23  22:30   15.9   15.9   15.8    87   13.7    0.0    NNO   0.00   3.2   NNO   15.9   16.0   16.0  1022.4   0.00    0.0    0.025   0.000   24.2    55   14.6   24.4   10.03   1.1789     349     1    100.0   15 
27/04/23  22:45   15.8   15.8   15.7    87   13.6    0.0    ---   0.00   0.0   ---   15.8   15.9   15.9  1022.5   0.00    0.0    0.027   0.000   24.1    55   14.5   24.3   10.03   1.1795     351     1    100.0   15 
27/04/23  23:00   15.7   15.7   15.6    88   13.7    0.0    ---   0.00   0.0   ---   15.7   15.8   15.8  1022.4   0.00    0.0    0.028   0.000   24.1    55   14.5   24.3   10.04   1.1797     351     1    100.0   15 
27/04/23  23:15   15.6   15.7   15.6    88   13.6    0.0    NNO   0.00   3.2   NNO   15.6   15.7   15.7  1022.4   0.00    0.0    0.028   0.000   24.0    55   14.4   24.3   10.04   1.1801     351     1    100.0   15 
27/04/23  23:30   15.6   15.6   15.4    89   13.7    0.0    NNO   0.00   1.6   NNO   15.6   15.7   15.7  1022.4   0.00    0.0    0.029   0.000   23.9    55   14.3   24.2   10.05   1.1806     351     1    100.0   15 
27/04/23  23:45   14.9   15.4   14.6    87   12.8    1.6    NNO   0.40   4.8   NNO   14.9   15.0   15.0  1022.5   0.00    0.0    0.035   0.000   23.8    55   14.2   24.1   10.05   1.1810     351     1    100.0   15 
28/04/23  00:00   14.4   14.6   14.3    88   12.5    1.6    NNO   0.40   4.8   NNO   14.4   14.4   14.4  1022.5   0.00    0.0    0.041   0.000   23.7    56   14.4   24.0   10.26   1.1812     350     1    100.0   15 
28/04/23   0:15   14.3   14.4   14.3    88   12.4    1.6    NNO   0.40   4.8   NNO   14.3   14.3   14.3  1022.4   0.00    0.0    0.042   0.000   23.7    56   14.4   23.9   10.26   1.1814     348     1    100.0   15 
28/04/23   0:30   14.3   14.4   14.3    88   12.4    1.6    NNO   0.40   6.4     O   14.3   14.3   14.3  1022.5   0.00    0.0    0.042   0.000   23.6    56   14.3   23.8   10.26   1.1820     351     1    100.0   15 
28/04/23   0:45   14.3   14.3   14.3    88   12.3    3.2    ONO   0.80   4.8   ONO   14.3   14.3   14.3  1022.4   0.00    0.0    0.042   0.000   23.4    56   14.2   23.7   10.27   1.1825     352     1    100.0   15 
28/04/23   1:00   14.2   14.3   14.2    88   12.3    3.2    ONO   0.80   4.8   ONO   14.2   14.2   14.2  1022.4   0.00    0.0    0.043   0.000   23.4    56   14.1   23.6   10.27   1.1828     351     1    100.0   15 
28/04/23   1:15   14.2   14.3   14.2    87   12.1    3.2    ONO   0.80   4.8   ONO   14.2   14.2   14.2  1022.3   0.00    0.0    0.043   0.000   23.3    56   14.0   23.4   10.27   1.1833     350     1    100.0   15 
28/04/23   1:30   14.5   14.6   14.3    84   11.8    1.6    ONO   0.40   3.2   ONO   14.5   14.4   14.4  1022.3   0.00    0.0    0.040   0.000   23.2    56   14.0   23.4   10.27   1.1836     350     1    100.0   15 
28/04/23   1:45   14.7   14.7   14.6    83   11.8    0.0    ONO   0.00   3.2   ONO   14.7   14.6   14.6  1022.3   0.00    0.0    0.038   0.000   23.1    56   13.9   23.2   10.28   1.1842     352     1    100.0   15 
28/04/23   2:00   14.4   14.7   14.3    80   11.0    1.6    ONO   0.40   3.2   ONO   14.4   14.3   14.3  1022.3   0.00    0.0    0.041   0.000   23.1    56   13.8   23.2   10.28   1.1844     351     1    100.0   15 
28/04/23   2:15   14.3   14.4   14.3    78   10.5    1.6    ONO   0.40   4.8   ONO   14.3   14.2   14.2  1022.3   0.00    0.0    0.042   0.000   23.0    56   13.7   23.1   10.28   1.1847     350     1    100.0   15 
28/04/23   2:30   14.4   14.4   14.3    76   10.2    1.6    ONO   0.40   4.8   ONO   14.4   14.2   14.2  1022.3   0.00    0.0    0.041   0.000   22.9    56   13.6   22.9   10.29   1.1852     351     1    100.0   15 
28/04/23   2:45   14.6   14.7   14.4    74   10.0    3.2    ONO   0.80   6.4   ONO   14.6   14.2   14.2  1022.3   0.00    0.0    0.039   0.000   22.8    57   13.9   22.9   10.43   1.1852     351     1    100.0   15 
28/04/23   3:00   14.8   14.8   14.7    76   10.6    1.6     NO   0.40   4.8    NO   14.8   14.6   14.6  1022.2   0.00    0.0    0.037   0.000   22.8    57   13.8   22.9   10.43   1.1854     352     1    100.0   15 
28/04/23   3:15   14.7   14.7   14.6    79   11.1    0.0     NO   0.00   3.2    NO   14.7   14.5   14.5  1022.2   0.00    0.0    0.038   0.000   22.7    57   13.7   22.7   10.44   1.1859     351     1    100.0   15 
