                 Temp.  Temp.  Temp.  Hum.   Punt   Vel.   Dir.   Rec.  Vel.  Dir.  Sens.   Índ.   Índ.                  Int. Graus D.Graus D.  Temp.  Hum. Rosada  In.Cal.  EMC     Dens.    Mostr   Tx   Recep.  Int.
  Data    Hora    Ext.   Màx.   Mín.  Ext. Rosada   Vent   Vent   Vent  Màx.  Màx.  Tèrm.  Calor   THW    Bar    Pluja   Pluja  Calor    Fred    Int.  Int.   Int.   Int.    Int.  Int.Aire    Vent   Vent   ISS   Arc.
-------------------------------------------------------------------------------------------------------------------------------------------------------------------------------------------------------------------------
23/04/23   0:15   13.7   13.7   13.7    91   12.2    0.0    ENE   0.00   1.6   ENE   13.7   13.7   13.7  1017.5   0.00    0.0    0.049   0.000   23.8    53   13.7   24.0    9.65   1.1759     347     1    100.0   15 
23/04/23   0:30   13.8   13.8   13.7    91   12.3    1.6    ENE   0.40   4.8   ENE   13.8   13.8   13.8  1017.6   0.00    0.0    0.047   0.000   23.6    54   13.8   23.8    9.86   1.1767     351     1    100.0   15 
23/04/23   0:45   13.6   13.8   13.5    91   12.1    1.6     NE   0.40   6.4    NE   13.6   13.6   13.6  1017.6   0.00    0.0    0.050   0.000   23.4    54   13.6   23.4    9.87   1.1779     351     1    100.0   15 
23/04/23   1:00   13.6   13.6   13.5    90   11.9    1.6    ENE   0.40   4.8    NE   13.6   13.6   13.6  1017.7   0.00    0.0    0.050   0.000   23.2    54   13.3   23.2    9.88   1.1791     350     1    100.0   15 
23/04/23   1:15   13.6   13.6   13.5    89   11.8    3.2    ENE   0.80   8.0   ENE   13.6   13.6   13.6  1017.6   0.00    0.0    0.050   0.000   23.0    54   13.2   23.0    9.88   1.1798     352     1    100.0   15 
23/04/23   1:30   13.4   13.5   13.3    89   11.7    3.2     NE   0.80   8.0     E   13.4   13.5   13.5  1017.6   0.00    0.0    0.051   0.000   22.8    54   13.0   22.8    9.89   1.1807     350     1    100.0   15 
23/04/23   1:45   13.3   13.3   13.2    89   11.5    3.2    ENE   0.80   6.4   ENE   13.3   13.3   13.3  1017.5   0.00    0.0    0.053   0.000   22.7    54   12.9   22.6    9.89   1.1814     351     1    100.0   15 
23/04/23   2:00   13.2   13.2   13.2    89   11.4    3.2     NE   0.80   8.0    NE   13.2   13.2   13.2  1017.5   0.00    0.0    0.054   0.000   22.5    55   13.0   22.4   10.10   1.1820     351     1    100.0   15 
23/04/23   2:15   13.2   13.2   13.2    89   11.4    3.2    ENE   0.80   6.4   ENE   13.2   13.3   13.3  1017.6   0.00    0.0    0.053   0.000   22.3    55   12.9   22.1   10.11   1.1829     352     1    100.0   15 
23/04/23   2:30   13.3   13.3   13.2    89   11.5    3.2    ENE   0.80   4.8   ENE   13.3   13.3   13.3  1017.6   0.00    0.0    0.053   0.000   22.2    55   12.7   21.9   10.11   1.1835     322     1     94.2   15 
23/04/23   2:45   13.4   13.4   13.3    89   11.6    1.6    ENE   0.40   4.8   ENE   13.4   13.4   13.4  1017.7   0.00    0.0    0.052   0.000   22.1    55   12.6   21.8   10.11   1.1842     351     1    100.0   15 
23/04/23   3:00   13.4   13.4   13.4    89   11.6    0.0    ENE   0.00   3.2   ENE   13.4   13.4   13.4  1017.9   0.00    0.0    0.052   0.000   22.0    55   12.5   21.6   10.12   1.1849     350     1    100.0   15 
23/04/23   3:15   13.4   13.4   13.3    89   11.7    1.6    ENE   0.40   4.8   ENE   13.4   13.5   13.5  1018.0   0.00    0.0    0.051   0.000   21.9    55   12.5   21.6   10.12   1.1853     351     1    100.0   15 
23/04/23   3:30   13.2   13.3   13.2    89   11.4    1.6    NNO   0.40   4.8   NNO   13.2   13.3   13.3  1017.9   0.00    0.0    0.053   0.000   21.8    55   12.4   21.4   10.12   1.1857     351     1    100.0   15 
23/04/23   3:45   13.2   13.2   13.2    89   11.4    0.0     NO   0.00   3.2    NO   13.2   13.2   13.2  1017.9   0.00    0.0    0.054   0.000   21.8    55   12.3   21.3   10.13   1.1860     351     1    100.0   15 
23/04/23   4:00   13.3   13.3   13.2    90   11.7    1.6     NO   0.40   4.8     E   13.3   13.3   13.3  1017.9   0.00    0.0    0.053   0.000   21.7    56   12.5   21.2   10.33   1.1863     351     1    100.0   15 
23/04/23   4:15   13.3   13.3   13.3    90   11.7    1.6      E   0.40   4.8     E   13.3   13.3   13.3  1018.0   0.00    0.0    0.053   0.000   21.6    56   12.5   21.1   10.33   1.1867     349     1    100.0   15 
23/04/23   4:30   13.3   13.3   13.2    90   11.7    1.6      E   0.40   4.8     E   13.3   13.3   13.3  1017.9   0.00    0.0    0.053   0.000   21.6    56   12.4   21.0   10.33   1.1868     352     1    100.0   15 
23/04/23   4:45   13.2   13.2   13.2    90   11.6    1.6      E   0.40   4.8     E   13.2   13.3   13.3  1017.8   0.00    0.0    0.053   0.000   21.4    56   12.3   20.9   10.34   1.1873     351     1    100.0   15 
23/04/23   5:00   13.2   13.2   13.1    90   11.6    3.2      E   0.80   4.8     E   13.2   13.2   13.2  1017.9   0.00    0.0    0.054   0.000   21.4    56   12.2   20.8   10.34   1.1876     351     1    100.0   15 
23/04/23   5:15   13.1   13.1   13.1    91   11.7    1.6      E   0.40   4.8     E   13.1   13.2   13.2  1018.0   0.00    0.0    0.054   0.000   21.3    56   12.2   20.7   10.34   1.1881     350     1    100.0   15 
23/04/23   5:30   13.1   13.1   13.1    91   11.6    3.2    ESE   0.80   6.4   ESE   13.1   13.1   13.1  1018.0   0.00    0.0    0.055   0.000   21.3    56   12.1   20.7   10.34   1.1884     350     1    100.0   15 
23/04/23   5:45   13.1   13.1   13.1    91   11.6    1.6    ESE   0.40   4.8   ESE   13.1   13.1   13.1  1018.1   0.00    0.0    0.055   0.000   21.2    56   12.0   20.5   10.35   1.1891     351     1    100.0   15 
23/04/23   6:00   13.1   13.2   13.1    91   11.7    1.6    ESE   0.40   3.2   ESE   13.1   13.2   13.2  1018.2   0.00    0.0    0.054   0.000   21.2    56   12.0   20.5   10.35   1.1891     350     1    100.0   15 
23/04/23   6:15   13.2   13.2   13.1    91   11.7    1.6    ESE   0.40   4.8   ESE   13.2   13.2   13.2  1018.3   0.00    0.0    0.054   0.000   21.2    56   12.0   20.5   10.35   1.1893     350     1    100.0   15 
23/04/23   6:30   13.3   13.4   13.2    90   11.7    1.6    ESE   0.40   6.4   SSE   13.3   13.3   13.3  1018.3   0.00    0.0    0.053   0.000   21.2    56   12.0   20.5   10.35   1.1893     351     1    100.0   15 
23/04/23   6:45   13.4   13.4   13.3    90   11.8    1.6    SSE   0.40   4.8   SSE   13.4   13.4   13.4  1018.4   0.00    0.0    0.052   0.000   21.3    58   12.7   20.8   10.73   1.1880     352     1    100.0   15 
23/04/23   7:00   13.5   13.6   13.4    89   11.7    1.6    SSE   0.40   8.0     S   13.5   13.6   13.6  1018.4   0.00    0.0    0.050   0.000   21.8    57   12.9   21.4   10.50   1.1857     351     1    100.0   15 
23/04/23   7:15   13.8   13.9   13.6    88   11.8    1.6     SO   0.40   6.4     S   13.8   13.8   13.8  1018.3   0.00    0.0    0.047   0.000   22.5    56   13.3   22.4   10.30   1.1826     350     1    100.0   15 
23/04/23   7:30   14.1   14.3   13.9    86   11.8    3.2    OSO   0.80   8.0     O   14.1   14.1   14.1  1018.3   0.00    0.0    0.044   0.000   23.0    56   13.7   23.1   10.28   1.1799     351     1    100.0   15 
23/04/23   7:45   14.6   14.8   14.3    84   11.9    3.2    OSO   0.80  11.3   OSO   14.6   14.6   14.6  1018.1   0.00    0.0    0.039   0.000   23.6    55   14.0   23.8   10.06   1.1769     352     2    100.0   15 
23/04/23   8:00   15.1   15.2   14.8    81   11.8    4.8    OSO   1.21  12.9     S   15.1   14.9   14.9  1018.2   0.00    0.0    0.034   0.000   24.1    53   13.9   24.2    9.65   1.1755     350     1    100.0   15 
23/04/23   8:15   15.4   15.7   15.2    80   12.0    3.2    OSO   0.80  11.3     O   15.4   15.4   15.4  1018.3   0.00    0.0    0.030   0.000   24.5    52   14.0   24.6    9.53   1.1737     348     1    100.0   15 
23/04/23   8:30   15.9   16.3   15.6    77   11.9    4.8      O   1.21  11.3   OSO   15.9   15.8   15.8  1018.1   0.00    0.0    0.025   0.000   24.9    51   14.1   24.8    9.35   1.1719     351     1    100.0   15 
23/04/23   8:45   16.3   16.7   16.2    77   12.3    3.2    SSO   0.80   9.7   SSO   16.3   16.3   16.3  1018.0   0.00    0.0    0.021   0.000   25.1    51   14.2   25.0    9.35   1.1710     350     1    100.0   15 
23/04/23   9:00   17.1   17.2   16.8    74   12.4    3.2      O   0.80  11.3    SO   17.1   16.9   16.9  1017.9   0.00    0.0    0.013   0.000   25.1    50   14.0   25.0    9.21   1.1709     352     1    100.0   15 
23/04/23   9:15   17.5   17.8   17.2    73   12.6    4.8    SSO   1.21  11.3    SO   17.5   17.4   17.4  1017.8   0.00    0.0    0.009   0.000   25.2    50   14.0   25.1    9.20   1.1705     351     1    100.0   15 
23/04/23   9:30   17.8   18.1   17.8    71   12.5    6.4    SSO   1.61  16.1   SSO   17.8   17.8   17.8  1017.8   0.00    0.0    0.005   0.000   25.2    50   14.1   25.2    9.20   1.1703     351     1    100.0   15 
23/04/23   9:45   18.3   18.7   18.1    69   12.5    4.8    SSO   1.21  14.5     S   18.3   18.3   18.3  1017.8   0.00    0.0    0.000   0.000   25.3    50   14.1   25.2    9.20   1.1699     351     1    100.0   15 
23/04/23  10:00   18.9   19.1   18.7    68   12.9    6.4      S   1.61  16.1     S   18.9   18.9   18.9  1017.7   0.00    0.0    0.000   0.006   25.4    50   14.2   25.3    9.20   1.1693     351     1    100.0   15 
23/04/23  10:15   19.6   20.1   19.1    64   12.6    4.8      O   1.21  14.5     S   19.6   19.5   19.5  1017.7   0.00    0.0    0.000   0.013   25.5    50   14.3   25.5    9.19   1.1688     351     1    100.0   15 
23/04/23  10:30   20.4   20.6   20.1    61   12.7    6.4      S   1.61  16.1   OSO   20.4   20.2   20.2  1017.8   0.00    0.0    0.000   0.022   25.6    49   14.1   25.6    8.99   1.1686     351     1    100.0   15 
23/04/23  10:45   20.6   20.7   20.6    60   12.6    6.4      S   1.61  17.7   SSO   20.6   20.3   20.3  1017.6   0.00    0.0    0.000   0.024   25.7    49   14.2   25.7    8.99   1.1682     351     1    100.0   15 
23/04/23  11:00   20.8   21.1   20.7    58   12.3    6.4    SSO   1.61  20.9     S   20.8   20.3   20.3  1017.6   0.00    0.0    0.000   0.026   25.7    49   14.2   25.7    8.99   1.1682     352     1    100.0   15 
23/04/23  11:15   20.9   21.1   20.8    61   13.1    9.7      S   2.41  24.1   SSO   20.9   20.6   20.6  1017.4   0.00    0.0    0.000   0.027   25.6    49   14.1   25.6    8.99   1.1682     351     1    100.0   15 
23/04/23  11:30   21.4   21.6   20.9    57   12.6    8.0    SSO   2.01  20.9    SE   21.4   20.9   20.9  1017.2   0.00    0.0    0.000   0.032   25.5    49   14.0   25.4    8.99   1.1685     351     1    100.0   15 
23/04/23  11:45   21.7   21.9   21.5    58   13.1    8.0    SSO   2.01  22.5     O   21.7   21.3   21.3  1017.0   0.00    0.0    0.000   0.035   25.4    49   13.9   25.4    8.99   1.1686     350     1    100.0   15 
23/04/23  12:00   21.6   21.8   21.4    58   12.9    6.4    SSO   1.61  20.9   SSE   21.6   21.1   21.1  1016.8   0.00    0.0    0.000   0.034   25.4    49   13.9   25.3    9.00   1.1686     350     1    100.0   15 
23/04/23  12:15   21.9   22.1   21.8    56   12.8   11.3      S   2.82  30.6     S   21.9   21.6   21.6  1016.8   0.00    0.0    0.000   0.038   25.5    49   14.0   25.4    8.99   1.1681     349     1    100.0   15 
23/04/23  12:30   21.9   22.0   21.8    57   13.0    9.7    SSO   2.41  27.4   SSE   21.9   21.6   21.6  1016.6   0.00    0.0    0.000   0.037   25.7    49   14.2   25.7    8.98   1.1667     351     1    100.0   15 
23/04/23  12:45   21.9   22.0   21.7    55   12.4    9.7      S   2.41  29.0     S   21.9   21.4   21.4  1016.3   0.00    0.0    0.000   0.037   25.8    50   14.6   25.8    9.18   1.1657     351     1    100.0   15 
23/04/23  13:00   22.3   22.6   21.9    52   12.0    9.7    SSE   2.41  22.5    SE   22.3   21.9   21.9  1016.1   0.00    0.0    0.000   0.042   25.9    49   14.4   25.9    8.98   1.1653     351     1    100.0   15 
23/04/23  13:15   22.7   23.0   22.4    52   12.4    9.7      S   2.41  22.5     S   22.7   22.6   22.6  1015.9   0.00    0.0    0.000   0.046   26.0    49   14.5   26.1    8.97   1.1644     352     1    100.0   15 
23/04/23  13:30   22.4   22.7   22.3    56   13.2    9.7      S   2.41  24.1   SSE   22.4   22.2   22.2  1015.8   0.00    0.0    0.000   0.042   26.0    50   14.8   26.1    9.17   1.1640     350     1    100.0   15 
23/04/23  13:45   22.9   23.4   22.4    48   11.3    9.7      S   2.41  20.9     S   22.9   22.6   22.6  1015.6   0.00    0.0    0.000   0.047   26.0    50   14.8   26.1    9.17   1.1638     350     1    100.0   15 
23/04/23  14:00   24.1   24.7   23.4    48   12.4    9.7    SSO   2.41  24.1    SO   24.1   24.1   24.1  1015.6   0.00    0.0    0.000   0.060   26.1    49   14.6   26.2    8.97   1.1636     350     1    100.0   15 
23/04/23  14:15   24.1   24.6   23.8    50   13.0   11.3    SSO   2.82  24.1   ONO   24.1   24.2   24.2  1015.6   0.00    0.0    0.000   0.060   26.2    50   14.9   26.3    9.17   1.1629     350     1    100.0   15 
23/04/23  14:30   23.9   24.3   23.6    44   10.9    8.0    SSO   2.01  22.5     S   23.9   23.7   23.7  1015.5   0.00    0.0    0.000   0.058   26.2    50   14.9   26.3    9.17   1.1628     351     1    100.0   15 
23/04/23  14:45   24.3   24.6   24.1    48   12.6    8.0    SSO   2.01  19.3     S   24.3   24.3   24.3  1015.5   0.00    0.0    0.000   0.063   26.2    50   15.0   26.3    9.17   1.1625     351     1    100.0   15 
23/04/23  15:00   23.7   24.1   23.4    50   12.7    9.7    SSO   2.41  27.4   SSO   23.7   23.7   23.7  1015.6   0.00    0.0    0.000   0.056   26.2    50   15.0   26.3    9.17   1.1627     351     1    100.0   15 
23/04/23  15:15   23.2   23.6   22.8    54   13.4    9.7    SSO   2.41  24.1   SSO   23.2   23.3   23.3  1015.3   0.00    0.0    0.000   0.051   26.3    50   15.0   26.4    9.16   1.1620     351     1    100.0   15 
23/04/23  15:30   22.8   22.9   22.3    53   12.7   11.3      S   2.82  25.7     S   22.8   22.7   22.7  1015.3   0.00    0.0    0.000   0.046   26.3    50   15.0   26.4    9.16   1.1620     352     1    100.0   15 
23/04/23  15:45   22.1   22.3   21.9    53   12.1    9.7      S   2.41  20.9     S   22.1   21.7   21.7  1015.2   0.00    0.0    0.000   0.039   26.2    50   15.0   26.3    9.17   1.1622     350     1    100.0   15 
23/04/23  16:00   22.1   22.3   21.9    53   12.1    9.7      S   2.41  29.0    SO   22.1   21.7   21.7  1015.3   0.00    0.0    0.000   0.039   26.2    50   14.9   26.3    9.17   1.1626     351     1    100.0   15 
23/04/23  16:15   22.1   22.2   21.9    51   11.5    9.7    SSO   2.41  29.0     S   22.1   21.6   21.6  1015.2   0.00    0.0    0.000   0.039   26.2    50   14.9   26.3    9.17   1.1625     351     1    100.0   15 
23/04/23  16:30   21.6   21.9   21.4    52   11.3    9.7    SSO   2.41  19.3     S   21.6   20.9   20.9  1015.2   0.00    0.0    0.000   0.034   26.1    49   14.5   26.1    8.97   1.1634     351     1    100.0   15 
23/04/23  16:45   21.6   21.7   21.3    53   11.6   11.3    SSO   2.82  27.4   SSO   21.6   20.9   20.9  1015.1   0.00    0.0    0.000   0.034   25.9    48   14.1   25.9    8.88   1.1643     351     1    100.0   15 
23/04/23  17:00   21.3   21.4   21.2    53   11.4   11.3      S   2.82  27.4     S   21.3   20.6   20.6  1015.3   0.00    0.0    0.000   0.031   25.8    49   14.3   25.8    8.98   1.1647     351     1    100.0   15 
23/04/23  17:15   21.2   21.5   21.1    49   10.1    9.7      S   2.41  22.5     S   21.2   20.3   20.3  1015.3   0.00    0.0    0.000   0.030   25.8    49   14.3   25.8    8.98   1.1649     349     1    100.0   15 
23/04/23  17:30   21.6   21.7   21.5    47    9.8    9.7    SSO   2.41  22.5     S   21.6   20.7   20.7  1015.4   0.00    0.0    0.000   0.034   25.7    49   14.2   25.7    8.98   1.1653     352     1    100.0   15 
23/04/23  17:45   21.4   21.6   21.3    47    9.6    8.0    SSO   2.01  20.9    SO   21.4   20.3   20.3  1015.6   0.00    0.0    0.000   0.032   25.7    49   14.2   25.7    8.98   1.1655     350     1    100.0   15 
23/04/23  18:00   21.1   21.3   20.7    49    9.9    8.0    SSO   2.01  22.5     S   21.1   20.1   20.1  1015.8   0.00    0.0    0.000   0.028   25.6    49   14.1   25.6    8.99   1.1663     351     1    100.0   15 
23/04/23  18:15   20.4   20.7   20.3    49    9.4    8.0    SSO   2.01  19.3     S   20.4   19.6   19.6  1016.1   0.00    0.0    0.000   0.022   25.6    50   14.4   25.6    9.19   1.1666     349     1    100.0   15 
23/04/23  18:30   19.9   20.3   19.5    50    9.2    8.0    SSO   2.01  16.1     S   19.9   19.2   19.2  1016.3   0.00    0.0    0.000   0.016   25.4    50   14.3   25.4    9.19   1.1674     349     1    100.0   15 
23/04/23  18:45   19.2   19.5   18.9    52    9.1    6.4    SSO   1.61  14.5    SO   19.2   18.5   18.5  1016.5   0.00    0.0    0.000   0.009   25.3    50   14.2   25.3    9.20   1.1681     351     1    100.0   15 
23/04/23  19:00   18.7   18.9   18.6    55    9.5    8.0    SSO   2.01  16.1   SSO   18.7   18.1   18.1  1016.7   0.00    0.0    0.000   0.004   25.2    50   14.1   25.2    9.20   1.1690     350     1    100.0   15 
23/04/23  19:15   18.4   18.6   18.2    59   10.2    6.4      S   1.61  17.7     S   18.4   17.9   17.9  1017.2   0.00    0.0    0.000   0.001   25.1    51   14.3   25.1    9.35   1.1697     350     1    100.0   15 
23/04/23  19:30   17.9   18.2   17.8    63   10.8    6.4    SSE   1.61  12.9   SSE   17.9   17.6   17.6  1017.7   0.00    0.0    0.004   0.000   25.0    51   14.2   24.9    9.35   1.1709     351     1    100.0   15 
23/04/23  19:45   17.7   17.8   17.6    62   10.3    9.7    ESE   2.41  20.9    SE   17.7   17.2   17.2  1018.1   0.00    0.0    0.007   0.000   24.9    51   14.1   24.9    9.35   1.1717     351     1    100.0   15 
23/04/23  20:00   17.7   17.8   17.4    58    9.3   12.9    ESE   3.22  25.7     E   17.2   17.1   16.6  1018.6   0.00    0.0    0.007   0.000   24.9    51   14.1   24.8    9.35   1.1725     351     1    100.0   15 
23/04/23  20:15   17.1   17.4   16.7    62    9.7   14.5      E   3.62  22.5     E   16.0   16.6   15.5  1019.1   0.00    0.0    0.013   0.000   24.8    51   14.0   24.8    9.35   1.1736     349     1    100.0   15 
23/04/23  20:30   16.5   16.7   16.2    70   11.0   14.5      E   3.62  24.1     E   15.4   16.2   15.1  1019.3   0.00    0.0    0.019   0.000   24.7    51   13.9   24.7    9.35   1.1744     350     1    100.0   15 
23/04/23  20:45   15.9   16.2   15.6    75   11.5   12.9      E   3.22  27.4   ESE   15.1   15.7   14.9  1019.5   0.00    0.0    0.025   0.000   24.6    51   13.7   24.6    9.35   1.1752     351     1    100.0   15 
23/04/23  21:00   15.4   15.6   15.3    78   11.6   11.3      E   2.82  24.1     E   15.0   15.3   14.9  1019.6   0.00    0.0    0.030   0.000   24.4    51   13.6   24.5    9.35   1.1759     352     1    100.0   15 
23/04/23  21:15   15.2   15.3   15.2    81   12.0    9.7      E   2.41  20.9     E   14.9   15.2   14.9  1019.7   0.00    0.0    0.032   0.000   24.3    51   13.5   24.4    9.35   1.1766     349     1    100.0   15 
23/04/23  21:30   15.1   15.2   15.0    83   12.2    8.0     NE   2.01  20.9     E   14.9   15.0   14.9  1019.9   0.00    0.0    0.034   0.000   24.2    52   13.7   24.3    9.54   1.1770     351     1    100.0   15 
23/04/23  21:45   14.8   15.0   14.6    84   12.1    6.4    ENE   1.61  16.1   ENE   14.8   14.7   14.7  1020.0   0.00    0.0    0.037   0.000   24.1    53   13.9   24.3    9.65   1.1774     351     1    100.0   15 
23/04/23  22:00   14.4   14.6   14.3    86   12.1    6.4      E   1.61  11.3   ENE   14.4   14.3   14.3  1019.9   0.00    0.0    0.041   0.000   24.1    53   13.9   24.2    9.65   1.1776     352     1    100.0   15 
23/04/23  22:15   14.2   14.3   14.1    88   12.2    6.4      E   1.61  12.9   ENE   14.2   14.2   14.2  1019.6   0.00    0.0    0.043   0.000   23.9    53   13.8   24.1    9.65   1.1778     349     1    100.0   15 
23/04/23  22:30   13.9   14.1   13.9    89   12.2    6.4      E   1.61  12.9   ESE   13.9   14.0   14.0  1019.8   0.00    0.0    0.046   0.000   23.9    54   14.0   24.1    9.85   1.1779     350     1    100.0   15 
23/04/23  22:45   13.8   13.9   13.8    89   12.1    6.4      E   1.61  14.5     E   13.8   13.9   13.9  1019.7   0.00    0.0    0.047   0.000   23.8    54   14.0   24.1    9.85   1.1780     351     1    100.0   15 
23/04/23  23:00   13.8   13.8   13.8    90   12.2    6.4      E   1.61  12.9   ENE   13.8   13.8   13.8  1019.6   0.00    0.0    0.047   0.000   23.7    54   13.8   23.8    9.86   1.1788     352     1    100.0   15 
23/04/23  23:15   13.7   13.8   13.7    90   12.1    4.8    ENE   1.21  11.3     E   13.7   13.8   13.8  1019.6   0.00    0.0    0.048   0.000   23.6    54   13.7   23.7    9.86   1.1794     351     1    100.0   15 
23/04/23  23:30   13.7   13.7   13.7    89   11.9    4.8    ENE   1.21  11.3    NE   13.7   13.8   13.8  1019.6   0.00    0.0    0.048   0.000   23.4    54   13.6   23.4    9.87   1.1802     351     1    100.0   15 
23/04/23  23:45   13.7   13.8   13.7    89   11.9    4.8    ENE   1.21  11.3   ENE   13.7   13.8   13.8  1019.7   0.00    0.0    0.048   0.000   23.3    54   13.4   23.3    9.87   1.1809     351     1    100.0   15 
24/04/23  00:00   13.8   13.8   13.7    89   12.0    3.2    ENE   0.80   8.0   ENE   13.8   13.8   13.8  1019.8   0.00    0.0    0.047   0.000   23.1    54   13.3   23.1    9.88   1.1819     351     1    100.0   15 
24/04/23   0:15   13.6   13.7   13.6    90   12.0    4.8    ENE   1.21  11.3   ENE   13.6   13.7   13.7  1019.9   0.00    0.0    0.049   0.000   23.0    55   13.5   23.1   10.08   1.1822     350     1    100.0   15 
24/04/23   0:30   13.5   13.6   13.5    90   11.9    1.6    ENE   0.40   6.4   ENE   13.5   13.6   13.6  1020.1   0.00    0.0    0.050   0.000   22.9    55   13.4   22.9   10.09   1.1830     351     1    100.0   15 
24/04/23   0:45   13.4   13.5   13.4    91   12.0    3.2    ENE   0.80   6.4   ENE   13.4   13.5   13.5  1020.3   0.00    0.0    0.051   0.000   22.8    55   13.3   22.8   10.09   1.1838     351     1    100.0   15 
24/04/23   1:00   13.4   13.4   13.3    91   11.9    1.6     NO   0.40   4.8    NO   13.4   13.4   13.4  1020.0   0.00    0.0    0.052   0.000   22.7    55   13.2   22.6   10.09   1.1840     351     1    100.0   15 
24/04/23   1:15   13.3   13.3   13.2    91   11.8    1.6    ESE   0.40   6.4    NO   13.3   13.3   13.3  1020.2   0.00    0.0    0.053   0.000   22.6    55   13.1   22.4   10.10   1.1848     351     1    100.0   15 
24/04/23   1:30   13.2   13.3   13.1    92   11.9    1.6    ENE   0.40   6.4   ENE   13.2   13.2   13.2  1019.7   0.00    0.0    0.054   0.000   22.4    55   13.0   22.3   10.10   1.1848     352     1    100.0   15 
24/04/23   1:45   13.0   13.1   12.9    92   11.7    1.6    ESE   0.40   4.8   ENE   13.0   13.1   13.1  1019.7   0.00    0.0    0.056   0.000   22.4    55   12.9   22.2   10.10   1.1850     350     1    100.0   15 
24/04/23   2:00   12.8   12.9   12.8    92   11.6    0.0    ESE   0.00   1.6   ESE   12.8   12.9   12.9  1019.4   0.20    0.0    0.057   0.000   22.3    56   13.1   22.1   10.31   1.1850     351     1    100.0   15 
24/04/23   2:15   12.8   12.9   12.8    92   11.6    1.6    ESE   0.40   3.2   ESE   12.8   12.9   12.9  1019.7   0.00    0.0    0.057   0.000   22.2    56   13.0   21.9   10.31   1.1859     351     1    100.0   15 
24/04/23   2:30   12.7   12.9   12.6    92   11.5    0.0    ESE   0.00   4.8   ESE   12.7   12.8   12.8  1019.8   0.00    0.0    0.058   0.000   22.1    56   12.9   21.7   10.32   1.1866     351     1    100.0   15 
24/04/23   2:45   12.6   12.6   12.6    93   11.5    3.2    ENE   0.80   8.0   ENE   12.6   12.7   12.7  1019.9   0.00    0.0    0.060   0.000   21.9    56   12.8   21.6   10.32   1.1873     352     1    100.0   15 
24/04/23   3:00   12.5   12.6   12.3    93   11.4    4.8    ENE   1.21   8.0   ENE   12.5   12.6   12.6  1020.2   0.00    0.0    0.061   0.000   21.8    56   12.7   21.4   10.32   1.1882     350     1    100.0   15 
24/04/23   3:15   12.3   12.4   12.2    93   11.2    3.2     NE   0.80   6.4    NE   12.3   12.4   12.4  1020.3   0.00    0.0    0.063   0.000   21.7    56   12.6   21.2   10.33   1.1888     351     1    100.0   15 
