                 Temp.  Temp.  Temp.  Hum.   Punt   Vel.   Dir.   Rec.  Vel.  Dir.  Sens.   Índ.   Índ.                  Int. Graus D.Graus D.  Temp.  Hum. Rosada  In.Cal.  EMC     Dens.    Mostr   Tx   Recep.  Int.
  Data    Hora    Ext.   Màx.   Mín.  Ext. Rosada   Vent   Vent   Vent  Màx.  Màx.  Tèrm.  Calor   THW    Bar    Pluja   Pluja  Calor    Fred    Int.  Int.   Int.   Int.    Int.  Int.Aire    Vent   Vent   ISS   Arc.
-------------------------------------------------------------------------------------------------------------------------------------------------------------------------------------------------------------------------
20/06/25   0:15   22.2   22.2   22.1    75   17.5    1.6     SO   0.40   3.2    SO   22.2   22.7   22.7  1019.1   0.00    0.0    0.000   0.040   28.6    52   17.7   29.5    9.38   1.1540     350     1    100.0   15 
20/06/25   0:30   22.1   22.2   22.0    76   17.7    1.6     SO   0.40   3.2    SO   22.1   22.7   22.7  1019.0   0.00    0.0    0.000   0.039   28.5    52   17.7   29.4    9.38   1.1541     351     1    100.0   15 
20/06/25   0:45   21.9   22.0   21.9    76   17.5    1.6     NO   0.40   4.8   ONO   21.9   22.5   22.5  1018.8   0.00    0.0    0.000   0.038   28.5    52   17.7   29.4    9.38   1.1539     352     1    100.0   15 
20/06/25   1:00   21.9   22.0   21.9    76   17.5    1.6     NO   0.40   3.2    NO   21.9   22.5   22.5  1018.7   0.00    0.0    0.000   0.038   28.4    52   17.6   29.3    9.39   1.1541     351     1    100.0   15 
20/06/25   1:15   21.9   22.0   21.8    76   17.5    3.2     NO   0.80   4.8    NO   21.9   22.4   22.4  1018.6   0.00    0.0    0.000   0.037   28.4    53   17.9   29.3    9.59   1.1538     351     1    100.0   15 
20/06/25   1:30   21.8   21.8   21.7    75   17.1    3.2     NO   0.80   4.8    NO   21.8   22.2   22.2  1018.5   0.00    0.0    0.000   0.036   28.3    53   17.8   29.2    9.59   1.1539     351     1    100.0   15 
20/06/25   1:45   21.7   21.7   21.7    74   16.9    1.6     NO   0.40   3.2    NO   21.7   22.1   22.1  1018.4   0.00    0.0    0.000   0.035   28.3    52   17.5   29.1    9.39   1.1545     352     1    100.0   15 
20/06/25   2:00   21.7   21.8   21.7    75   17.1    1.6     NO   0.40   1.6    NO   21.7   22.2   22.2  1018.3   0.00    0.0    0.000   0.035   28.2    52   17.4   29.0    9.39   1.1547     351     1    100.0   15 
20/06/25   2:15   21.8   21.9   21.7    77   17.6    1.6     NO   0.40   3.2    NO   21.8   22.4   22.4  1018.3   0.00    0.0    0.000   0.036   28.2    52   17.4   29.0    9.39   1.1547     348     1    100.0   15 
20/06/25   2:30   21.9   22.0   21.7    76   17.5    1.6      O   0.40   4.8     O   21.9   22.4   22.4  1018.2   0.00    0.0    0.000   0.037   28.2    53   17.7   29.0    9.60   1.1545     351     1    100.0   15 
20/06/25   2:45   21.4   21.7   21.2    78   17.4    1.6      O   0.40   3.2     O   21.4   21.9   21.9  1018.2   0.00    0.0    0.000   0.032   28.2    53   17.7   29.0    9.60   1.1544     352     1    100.0   15 
20/06/25   3:00   21.1   21.2   21.1    74   16.3    1.6     NO   0.40   6.4    NO   21.1   21.4   21.4  1018.1   0.00    0.0    0.000   0.029   28.1    53   17.6   28.9    9.60   1.1546     351     1    100.0   15 
20/06/25   3:15   21.1   21.2   21.0    71   15.6    4.8     NO   1.21   6.4    NO   21.1   21.2   21.2  1018.1   0.00    0.0    0.000   0.028   28.1    52   17.3   28.7    9.40   1.1553     350     1    100.0   15 
20/06/25   3:30   21.4   21.6   21.2    67   15.0    3.2     NO   0.80   6.4    NO   21.4   21.4   21.4  1018.1   0.00    0.0    0.000   0.032   27.9    51   16.9   28.4    9.30   1.1563     351     1    100.0   15 
20/06/25   3:45   21.5   21.6   21.4    66   14.9    1.6     NO   0.40   4.8    NO   21.5   21.4   21.4  1018.0   0.00    0.0    0.000   0.033   27.9    51   16.8   28.4    9.31   1.1565     351     1    100.0   15 
20/06/25   4:00   21.6   21.6   21.5    68   15.4    1.6     NO   0.40   3.2    NO   21.6   21.6   21.6  1018.0   0.00    0.0    0.000   0.034   27.8    50   16.5   28.2    9.11   1.1572     352     1    100.0   15 
20/06/25   4:15   21.3   21.5   21.1    69   15.4    0.0     NO   0.00   1.6    NO   21.3   21.4   21.4  1017.9   0.00    0.0    0.000   0.031   27.8    50   16.5   28.2    9.11   1.1571     351     1    100.0   15 
20/06/25   4:30   20.9   21.1   20.7    69   15.0    1.6     NO   0.40   3.2    NO   20.9   21.0   21.0  1018.1   0.00    0.0    0.000   0.027   27.8    50   16.4   28.1    9.11   1.1576     351     1    100.0   15 
20/06/25   4:45   20.4   20.7   20.2    71   15.0    1.6     NO   0.40   3.2    NO   20.4   20.7   20.7  1018.1   0.00    0.0    0.000   0.021   27.7    50   16.4   28.1    9.11   1.1579     351     1    100.0   15 
20/06/25   5:00   20.2   20.3   20.1    71   14.7    0.0     NO   0.00   3.2    NO   20.2   20.5   20.5  1018.1   0.00    0.0    0.000   0.019   27.7    50   16.4   28.1    9.11   1.1579     352     1    100.0   15 
20/06/25   5:15   20.7   20.9   20.3    70   15.1    1.6     NO   0.40   6.4    NO   20.7   20.9   20.9  1018.1   0.00    0.0    0.000   0.025   27.7    50   16.3   27.9    9.11   1.1582     351     1    100.0   15 
20/06/25   5:30   20.9   20.9   20.8    71   15.4    3.2     NO   0.80   4.8    NO   20.9   21.1   21.1  1018.3   0.00    0.0    0.000   0.027   27.8    50   16.4   28.1    9.11   1.1579     350     1    100.0   15 
20/06/25   5:45   20.8   20.8   20.8    72   15.5    1.6     NO   0.40   3.2    NO   20.8   21.1   21.1  1018.2   0.00    0.0    0.000   0.025   27.9    49   16.2   28.3    8.90   1.1574     350     1    100.0   15 
20/06/25   6:00   20.9   20.9   20.8    72   15.7    1.6     NO   0.40   4.8   OSO   20.9   21.1   21.1  1018.3   0.00    0.0    0.000   0.027   28.2    49   16.4   28.7    8.90   1.1563     350     1    100.0   15 
20/06/25   6:15   20.9   21.0   20.8    72   15.7    1.6     SO   0.40   3.2   OSO   20.9   21.1   21.1  1018.3   0.00    0.0    0.000   0.027   28.4    49   16.6   29.0    8.89   1.1552     351     1    100.0   15 
20/06/25   6:30   21.4   21.8   21.0    70   15.7    0.0     SO   0.00   3.2    SO   21.4   21.6   21.6  1018.5   0.00    0.0    0.000   0.032   28.6    49   16.8   29.3    8.88   1.1545     351     1    100.0   15 
20/06/25   6:45   22.1   22.5   21.8    67   15.7    0.0     SO   0.00   3.2    SO   22.1   22.3   22.3  1018.5   0.00    0.0    0.000   0.039   28.7    48   16.6   29.4    8.78   1.1544     350     1    100.0   15 
20/06/25   7:00   22.9   23.3   22.5    65   16.0    1.6     SO   0.40   3.2    SO   22.9   23.3   23.3  1018.5   0.00    0.0    0.000   0.047   28.8    48   16.7   29.7    8.77   1.1536     351     1    100.0   15 
20/06/25   7:15   23.6   23.8   23.3    62   15.9    1.6    OSO   0.40   6.4     O   23.6   24.2   24.2  1018.5   0.00    0.0    0.000   0.055   29.1    47   16.6   29.8    8.56   1.1529     350     1    100.0   15 
20/06/25   7:30   24.1   24.4   23.8    60   15.9    1.6      O   0.40   4.8    SO   24.1   24.6   24.6  1018.6   0.00    0.0    0.000   0.060   29.3    47   16.8   30.0    8.56   1.1519     351     1    100.0   15 
20/06/25   7:45   24.8   25.2   24.4    58   16.0    1.6      O   0.40   4.8     O   24.8   25.1   25.1  1018.6   0.00    0.0    0.000   0.067   29.4    47   17.0   30.2    8.55   1.1510     351     1    100.0   15 
20/06/25   8:00   25.7   26.2   25.2    56   16.2    1.6     NO   0.40   4.8    NO   25.7   26.0   26.0  1018.6   0.00    0.0    0.000   0.076   29.6    46   16.8   30.3    8.44   1.1507     350     1    100.0   15 
20/06/25   8:15   26.6   26.8   26.2    54   16.5    1.6     SO   0.40   4.8    SO   26.6   26.9   26.9  1018.5   0.00    0.0    0.000   0.086   29.7    46   16.9   30.4    8.44   1.1500     351     1    100.0   15 
20/06/25   8:30   27.2   27.6   26.8    52   16.5    1.6      S   0.40   4.8     S   27.2   27.5   27.5  1018.2   0.00    0.0    0.000   0.093   29.9    46   17.0   30.6    8.43   1.1489     350     1    100.0   15 
20/06/25   8:45   28.1   28.4   27.7    49   16.3    1.6    OSO   0.40   4.8   ONO   28.1   28.5   28.5  1018.3   0.00    0.0    0.000   0.101   30.1    46   17.2   30.8    8.43   1.1481     351     1    100.0   15 
20/06/25   9:00   28.7   29.1   28.3    47   16.2    1.6    OSO   0.40   4.8   OSO   28.7   29.3   29.3  1018.2   0.00    0.0    0.000   0.108   30.2    46   17.3   31.0    8.42   1.1474     351     1    100.0   15 
20/06/25   9:15   29.2   29.3   29.1    47   16.7    3.2    OSO   0.80   6.4   OSO   29.2   29.9   29.9  1018.2   0.00    0.0    0.000   0.113   30.2    46   17.3   31.0    8.42   1.1475     351     1    100.0   15 
20/06/25   9:30   29.7   30.2   29.2    45   16.5    1.6    SSO   0.40   6.4   SSE   29.7   30.2   30.2  1018.1   0.00    0.0    0.000   0.118   30.1    46   17.2   30.9    8.43   1.1476     351     1    100.0   15 
20/06/25   9:45   30.3   30.5   30.2    45   17.1    3.2    SSE   0.80   9.7   OSO   30.3   31.1   31.1  1018.2   0.00    0.0    0.000   0.125   30.1    46   17.2   30.9    8.43   1.1477     351     1    100.0   15 
20/06/25  10:00   30.5   30.9   30.2    43   16.5    1.6    OSO   0.40   8.0     O   30.5   31.1   31.1  1018.1   0.00    0.0    0.000   0.127   30.1    46   17.2   30.9    8.43   1.1475     351     1    100.0   15 
20/06/25  10:15   31.3   31.8   30.9    40   16.1    1.6      S   0.40   9.7   SSE   31.3   31.6   31.6  1017.9   0.00    0.0    0.000   0.135   30.2    45   16.9   30.9    8.22   1.1476     351     1    100.0   15 
20/06/25  10:30   32.1   32.4   31.8    40   16.8    3.2      S   0.80   9.7   OSO   32.1   32.8   32.8  1017.9   0.00    0.0    0.000   0.144   30.3    45   17.0   31.0    8.22   1.1470     352     1    100.0   15 
20/06/25  10:45   32.4   32.5   32.4    40   17.1    3.2      E   0.80  12.9    SE   32.4   33.3   33.3  1017.9   0.00    0.0    0.000   0.147   30.4    45   17.1   31.2    8.22   1.1464     351     1    100.0   15 
20/06/25  11:00   32.8   33.1   32.4    39   17.1    3.2    SSE   0.80   8.0     E   32.8   33.7   33.7  1017.7   0.00    0.0    0.000   0.151   30.6    45   17.3   31.5    8.21   1.1451     351     1    100.0   15 
20/06/25  11:15   33.1   33.4   33.0    41   18.1    3.2    SSE   0.80  14.5     S   33.1   34.6   34.6  1017.6   0.00    0.0    0.000   0.154   31.1    43   17.1   31.7    7.95   1.1435     350     1    100.0   15 
20/06/25  11:30   33.3   33.5   33.1    43   19.0    3.2      S   0.80   9.7    SO   33.3   35.4   35.4  1017.4   0.00    0.0    0.000   0.156   30.6    43   16.6   31.2    7.95   1.1458     352     1    100.0   15 
20/06/25  11:45   33.3   33.4   33.1    44   19.4    3.2     SO   0.80  11.3   OSO   33.3   35.7   35.7  1017.3   0.00    0.0    0.000   0.156   30.3    44   16.7   31.0    8.12   1.1466     351     1    100.0   15 
20/06/25  12:00   33.6   34.4   33.1    43   19.3    4.8    ENE   1.21  14.5   ENE   33.6   36.1   36.1  1017.1   0.00    0.0    0.000   0.159   30.2    45   16.9   30.9    8.22   1.1467     350     1    100.0   15 
20/06/25  12:15   34.5   34.8   34.2    45   20.8    4.8    ENE   1.21   9.7     E   34.5   38.3   38.3  1017.1   0.00    0.0    0.000   0.168   30.0    44   16.4   30.5    8.13   1.1480     351     1    100.0   15 
20/06/25  12:30   34.1   34.2   34.0    46   20.8    4.8    SSO   1.21  14.5     S   34.1   37.7   37.7  1017.0   0.00    0.0    0.000   0.164   29.7    44   16.2   30.2    8.14   1.1492     351     1    100.0   15 
20/06/25  12:45   33.8   34.1   33.5    47   20.9    6.4     SO   1.61  17.7   OSO   33.8   37.6   37.6  1016.8   0.00    0.0    0.000   0.161   29.7    45   16.5   30.2    8.24   1.1489     352     1    100.0   15 
20/06/25  13:00   33.3   33.4   33.2    50   21.4    6.4      S   1.61  22.5    SO   33.3   37.2   37.2  1016.9   0.00    0.0    0.000   0.156   29.7    47   17.2   30.4    8.54   1.1480     351     1    100.0   15 
20/06/25  13:15   33.4   33.6   33.1    51   21.9    6.4      S   1.61  16.1     S   33.4   37.8   37.8  1016.8   0.00    0.0    0.000   0.157   29.6    47   17.1   30.4    8.54   1.1482     351     1    100.0   15 
20/06/25  13:30   32.8   33.1   32.6    52   21.6    8.0      S   2.01  17.7    SO   32.8   36.7   36.7  1016.8   0.00    0.0    0.000   0.150   29.6    46   16.7   30.2    8.45   1.1489     351     1    100.0   15 
20/06/25  13:45   32.7   32.7   32.6    48   20.2    8.0      S   2.01  17.7     S   32.7   35.5   35.5  1016.7   0.00    0.0    0.000   0.149   29.6    46   16.7   30.2    8.45   1.1488     352     1    100.0   15 
20/06/25  14:00   32.5   32.7   32.2    47   19.7    8.0      S   2.01  17.7   OSO   32.5   35.0   35.0  1016.7   0.00    0.0    0.000   0.148   29.6    45   16.4   30.1    8.25   1.1493     349     1    100.0   15 
20/06/25  14:15   32.2   32.3   32.2    46   19.1    8.0    SSE   2.01  17.7   SSE   32.2   34.3   34.3  1016.6   0.00    0.0    0.000   0.145   29.5    44   16.0   29.9    8.15   1.1500     351     1    100.0   15 
20/06/25  14:30   31.9   32.2   31.8    46   18.9    8.0      S   2.01  16.1   SSE   31.9   33.9   33.9  1016.6   0.00    0.0    0.000   0.142   29.4    44   15.9   29.9    8.15   1.1502     350     1    100.0   15 
20/06/25  14:45   31.8   32.0   31.4    46   18.7    8.0      S   2.01  16.1     S   31.8   33.6   33.6  1016.5   0.00    0.0    0.000   0.140   29.3    43   15.5   29.7    7.95   1.1511     352     1    100.0   15 
20/06/25  15:00   31.7   31.9   31.4    46   18.6    4.8     SO   1.21  16.1    SO   31.7   33.5   33.5  1016.4   0.00    0.0    0.000   0.139   29.3    43   15.5   29.7    7.95   1.1510     351     1    100.0   15 
20/06/25  15:15   32.0   32.2   31.8    46   18.9    6.4    SSO   1.61  17.7     S   32.0   33.9   33.9  1016.5   0.00    0.0    0.000   0.142   29.3    43   15.5   29.7    7.95   1.1511     351     1    100.0   15 
20/06/25  15:30   31.6   32.2   31.0    49   19.6    8.0      S   2.01  19.3     O   31.6   33.9   33.9  1016.5   0.00    0.0    0.000   0.138   29.2    43   15.4   29.6    7.96   1.1517     351     1    100.0   15 
20/06/25  15:45   30.8   31.0   30.4    49   18.8    8.0      S   2.01  17.7     S   30.8   32.4   32.4  1016.3   0.00    0.0    0.000   0.130   29.2    43   15.3   29.6    7.96   1.1517     350     1    100.0   15 
20/06/25  16:00   30.9   31.1   30.6    44   17.2    6.4    OSO   1.61  16.1     S   30.9   31.7   31.7  1016.4   0.00    0.0    0.000   0.131   29.1    43   15.3   29.5    7.96   1.1521     352     1    100.0   15 
20/06/25  16:15   31.0   31.1   30.9    43   17.0    6.4      S   1.61  17.7   SSO   31.0   31.6   31.6  1016.3   0.00    0.0    0.000   0.132   29.1    43   15.3   29.5    7.96   1.1519     351     1    100.0   15 
20/06/25  16:30   31.0   31.2   30.6    44   17.3    6.4      S   1.61  16.1   SSE   31.0   31.8   31.8  1016.4   0.00    0.0    0.000   0.132   29.2    43   15.3   29.6    7.96   1.1518     350     1    100.0   15 
20/06/25  16:45   30.3   30.6   30.2    46   17.4    6.4    SSO   1.61  17.7     E   30.3   31.3   31.3  1016.3   0.00    0.0    0.000   0.125   29.2    44   15.7   29.7    8.15   1.1510     351     1    100.0   15 
20/06/25  17:00   30.1   30.3   29.8    48   17.8    6.4     SO   1.61  19.3    SO   30.1   31.1   31.1  1016.3   0.00    0.0    0.000   0.122   29.2    44   15.7   29.7    8.15   1.1510     351     1    100.0   15 
20/06/25  17:15   29.6   29.8   29.2    49   17.7    4.8    OSO   1.21  14.5    SO   29.6   30.5   30.5  1016.3   0.00    0.0    0.000   0.117   29.2    44   15.7   29.7    8.15   1.1512     350     1    100.0   15 
20/06/25  17:30   28.9   29.2   28.7    51   17.7    4.8    OSO   1.21  12.9   OSO   28.9   30.0   30.0  1016.2   0.00    0.0    0.000   0.110   29.0    43   15.2   29.4    7.97   1.1524     349     1    100.0   15 
20/06/25  17:45   28.4   28.7   28.1    52   17.6    4.8    OSO   1.21  16.1    SO   28.4   29.2   29.2  1016.3   0.00    0.0    0.000   0.105   28.9    44   15.4   29.4    8.15   1.1526     351     1    100.0   15 
20/06/25  18:00   27.9   28.1   27.7    53   17.4    4.8    OSO   1.21  12.9   ONO   27.9   28.6   28.6  1016.6   0.00    0.0    0.000   0.100   28.8    46   16.1   29.5    8.45   1.1523     350     1    100.0   15 
20/06/25  18:15   27.7   27.7   27.6    54   17.5    3.2     SO   0.80   8.0     O   27.7   28.3   28.3  1016.7   0.00    0.0    0.000   0.097   28.8    47   16.4   29.6    8.57   1.1520     351     1    100.0   15 
20/06/25  18:30   27.4   27.6   27.3    56   17.9    3.2    OSO   0.80   9.7    SO   27.4   28.2   28.2  1016.7   0.00    0.0    0.000   0.095   28.8    48   16.7   29.7    8.77   1.1516     351     1    100.0   15 
20/06/25  18:45   27.3   27.3   27.3    58   18.3    3.2    SSO   0.80   9.7    SO   27.3   28.2   28.2  1016.6   0.00    0.0    0.000   0.094   28.8    49   17.1   29.7    8.87   1.1510     351     1    100.0   15 
20/06/25  19:00   27.2   27.3   27.0    61   19.0    3.2    SSO   0.80   8.0     S   27.2   28.2   28.2  1016.8   0.00    0.0    0.000   0.092   28.8    50   17.3   29.7    9.07   1.1510     351     1    100.0   15 
20/06/25  19:15   26.8   27.0   26.7    64   19.4    3.2    OSO   0.80   6.4     O   26.8   27.9   27.9  1016.8   0.00    0.0    0.000   0.089   28.8    50   17.3   29.7    9.07   1.1511     350     1    100.0   15 
20/06/25  19:30   26.5   26.7   26.2    67   19.9    3.2     SO   0.80   6.4    SO   26.5   27.7   27.7  1016.7   0.00    0.0    0.000   0.085   28.7    51   17.6   29.7    9.28   1.1508     350     1    100.0   15 
20/06/25  19:45   25.9   26.2   25.6    70   20.0    1.6     SO   0.40   4.8     S   25.9   27.1   27.1  1017.0   0.00    0.0    0.000   0.079   28.8    52   17.9   29.9    9.37   1.1503     350     1    100.0   15 
20/06/25  20:00   25.4   25.6   25.3    72   20.0    1.6    OSO   0.40   6.4   OSO   25.4   26.7   26.7  1017.3   0.00    0.0    0.000   0.074   28.8    52   17.9   29.9    9.37   1.1507     350     1    100.0   15 
20/06/25  20:15   25.2   25.3   24.9    74   20.2    3.2    OSO   0.80   8.0    SO   25.2   26.5   26.5  1017.5   0.00    0.0    0.000   0.071   28.7    53   18.2   29.9    9.58   1.1508     350     1    100.0   15 
20/06/25  20:30   24.8   25.0   24.7    76   20.3    3.2    OSO   0.80   6.4   OSO   24.8   26.3   26.3  1017.6   0.00    0.0    0.000   0.068   28.7    53   18.1   29.8    9.58   1.1512     351     1    100.0   15 
20/06/25  20:45   24.7   24.7   24.6    76   20.2    1.6      O   0.40   4.8   OSO   24.7   26.1   26.1  1017.7   0.00    0.0    0.000   0.066   28.6    54   18.3   29.7    9.75   1.1514     350     1    100.0   15 
20/06/25  21:00   24.5   24.6   24.4    77   20.2    1.6    OSO   0.40   4.8    SO   24.5   25.9   25.9  1017.7   0.00    0.0    0.000   0.064   28.5    54   18.3   29.6    9.75   1.1517     350     1    100.0   15 
20/06/25  21:15   24.3   24.4   24.2    77   20.0    1.6      O   0.40   4.8    SO   24.3   25.7   25.7  1017.6   0.00    0.0    0.000   0.062   28.4    54   18.2   29.4    9.75   1.1522     351     1    100.0   15 
20/06/25  21:30   24.1   24.2   24.0    78   20.0    1.6    OSO   0.40   4.8     O   24.1   25.4   25.4  1017.6   0.00    0.0    0.000   0.060   28.3    54   18.1   29.3    9.75   1.1525     351     1    100.0   15 
20/06/25  21:45   23.9   24.0   23.9    78   19.9    1.6    OSO   0.40   3.2     O   23.9   25.3   25.3  1017.7   0.00    0.0    0.000   0.058   28.3    54   18.1   29.2    9.75   1.1529     351     1    100.0   15 
20/06/25  22:00   23.9   23.9   23.8    79   20.0    1.6    OSO   0.40   4.8     O   23.9   25.2   25.2  1017.9   0.00    0.0    0.000   0.058   28.2    55   18.3   29.2    9.85   1.1529     351     1    100.0   15 
20/06/25  22:15   23.8   23.9   23.7    80   20.1    1.6      O   0.40   4.8    SO   23.8   25.1   25.1  1017.9   0.00    0.0    0.000   0.057   28.2    55   18.3   29.1    9.85   1.1532     351     1    100.0   15 
20/06/25  22:30   23.6   23.7   23.5    82   20.3    1.6     SO   0.40   4.8     O   23.6   24.8   24.8  1017.8   0.00    0.0    0.000   0.054   28.1    55   18.2   29.1    9.85   1.1534     352     1    100.0   15 
20/06/25  22:45   23.4   23.5   23.3    84   20.5    1.6     SO   0.40   4.8    SO   23.4   24.6   24.6  1017.7   0.00    0.0    0.000   0.053   28.1    58   19.1   29.3   10.35   1.1520     351     1    100.0   15 
20/06/25  23:00   23.2   23.3   23.1    85   20.5    3.2     SO   0.80   6.4    SO   23.2   24.4   24.4  1017.6   0.00    0.0    0.000   0.050   28.3    60   19.8   29.8   10.75   1.1501     351     1    100.0   15 
20/06/25  23:15   23.0   23.1   22.9    86   20.5    1.6    OSO   0.40   6.4    SO   23.0   24.2   24.2  1017.5   0.00    0.0    0.000   0.049   28.3    61   20.1   29.9   10.95   1.1493     350     1    100.0   15 
20/06/25  23:30   22.9   22.9   22.8    87   20.6    1.6    OSO   0.40   4.8   OSO   22.9   24.2   24.2  1017.3   0.00    0.0    0.000   0.047   28.3    62   20.4   30.1   11.09   1.1486     352     1    100.0   15 
20/06/25  23:45   22.8   22.8   22.7    87   20.5    0.0    OSO   0.00   3.2   OSO   22.8   24.1   24.1  1017.1   0.00    0.0    0.000   0.046   28.3    62   20.4   30.1   11.09   1.1483     351     1    100.0   15 
21/06/25  00:00   22.7   22.7   22.6    88   20.6    0.0    OSO   0.00   3.2   OSO   22.7   23.9   23.9  1017.0   0.00    0.0    0.000   0.045   28.3    62   20.3   30.0   11.09   1.1485     351     1    100.0   15 
21/06/25   0:15   22.6   22.6   22.5    88   20.5    0.0    OSO   0.00   1.6   OSO   22.6   23.8   23.8  1017.0   0.00    0.0    0.000   0.044   28.3    63   20.6   30.2   11.29   1.1480     350     1    100.0   15 
21/06/25   0:30   22.4   22.5   22.3    88   20.4    0.0    OSO   0.00   1.6   OSO   22.4   23.7   23.7  1016.9   0.00    0.0    0.000   0.043   28.2    63   20.5   30.1   11.29   1.1482     351     1    100.0   15 
21/06/25   0:45   22.3   22.4   22.2    89   20.4    0.0    OSO   0.00   3.2   OSO   22.3   23.4   23.4  1016.8   0.00    0.0    0.000   0.041   28.2    63   20.5   29.9   11.30   1.1485     351     1    100.0   15 
21/06/25   1:00   22.2   22.2   22.1    90   20.4    0.0    ONO   0.00   3.2   ONO   22.2   23.4   23.4  1016.6   0.00    0.0    0.000   0.040   28.1    63   20.4   29.9   11.30   1.1485     352     1    100.0   15 
21/06/25   1:15   22.1   22.1   21.9    90   20.3    0.0    ONO   0.00   3.2   ONO   22.1   23.3   23.3  1016.6   0.00    0.0    0.000   0.039   28.1    63   20.4   29.8   11.30   1.1488     350     1    100.0   15 
21/06/25   1:30   21.9   22.0   21.9    90   20.2    1.6     NO   0.40   3.2   OSO   21.9   23.2   23.2  1016.5   0.00    0.0    0.000   0.038   28.0    63   20.3   29.7   11.30   1.1490     350     1    100.0   15 
21/06/25   1:45   21.8   21.9   21.8    90   20.1    1.6    ONO   0.40   3.2     O   21.8   23.1   23.1  1016.5   0.00    0.0    0.000   0.036   28.0    63   20.3   29.7   11.30   1.1490     351     1    100.0   15 
21/06/25   2:00   21.6   21.8   21.5    89   19.7    0.0    ONO   0.00   3.2   ONO   21.6   22.8   22.8  1016.4   0.00    0.0    0.000   0.034   27.9    63   20.2   29.6   11.30   1.1492     351     1    100.0   15 
21/06/25   2:15   21.7   21.7   21.5    88   19.6    1.6    ONO   0.40   3.2   ONO   21.7   22.8   22.8  1016.3   0.00    0.0    0.000   0.035   27.9    63   20.2   29.5   11.31   1.1493     350     1    100.0   15 
21/06/25   2:30   21.6   21.7   21.5    87   19.4    0.0    ONO   0.00   1.6   ONO   21.6   22.7   22.7  1016.3   0.00    0.0    0.000   0.034   27.8    62   19.8   29.2   11.11   1.1503     351     1    100.0   15 
21/06/25   2:45   21.8   22.0   21.6    86   19.3    0.0    ONO   0.00   3.2   ONO   21.8   22.8   22.8  1016.1   0.00    0.0    0.000   0.036   27.7    62   19.8   29.1   11.11   1.1504     351     1    100.0   15 
21/06/25   3:00   22.1   22.2   22.0    80   18.4    1.6    ONO   0.40   3.2   ONO   22.1   22.8   22.8  1015.9   0.00    0.0    0.000   0.039   27.7    60   19.2   28.8   10.75   1.1514     351     1    100.0   15 
21/06/25   3:15   22.4   22.7   22.2    78   18.4    1.6    ONO   0.40   3.2   ONO   22.4   23.2   23.2  1015.8   0.00    0.0    0.000   0.042   27.6    59   18.9   28.7   10.55   1.1520     350     1    100.0   15 
21/06/25   3:30   22.8   22.8   22.7    78   18.7    0.0    ONO   0.00   3.2   ONO   22.8   23.7   23.7  1015.8   0.00    0.0    0.000   0.046   27.6    59   18.9   28.7   10.55   1.1520     351     1    100.0   15 
21/06/25   3:45   22.5   22.8   21.9    80   18.9    1.6    ONO   0.40   3.2   ONO   22.5   23.4   23.4  1015.9   0.00    0.0    0.000   0.043   27.6    59   18.9   28.7   10.55   1.1521     351     1    100.0   15 
