                 Temp.  Temp.  Temp.  Hum.   Punt   Vel.   Dir.   Rec.  Vel.  Dir.  Sens.   Índ.   Índ.                  Int. Graus D.Graus D.  Temp.  Hum. Rosada  In.Cal.  EMC     Dens.    Mostr   Tx   Recep.  Int.
  Data    Hora    Ext.   Màx.   Mín.  Ext. Rosada   Vent   Vent   Vent  Màx.  Màx.  Tèrm.  Calor   THW    Bar    Pluja   Pluja  Calor    Fred    Int.  Int.   Int.   Int.    Int.  Int.Aire    Vent   Vent   ISS   Arc.
-------------------------------------------------------------------------------------------------------------------------------------------------------------------------------------------------------------------------
 4/07/23   0:15   20.4   20.5   20.4    94   19.4    0.0    OSO   0.00   4.8    SO   20.4   21.7   21.7  1020.6   0.00    0.0    0.000   0.022   27.0    65   19.9   28.3   11.74   1.1583     348     1    100.0   15 
 4/07/23   0:30   20.4   20.5   20.4    94   19.4    0.0    ONO   0.00   3.2   ONO   20.4   21.7   21.7  1020.5   0.00    0.0    0.000   0.022   27.0    65   19.9   28.3   11.74   1.1582     351     1    100.0   15 
 4/07/23   0:45   20.3   20.4   20.3    93   19.2    0.0      O   0.00   3.2   ONO   20.3   21.4   21.4  1020.6   0.00    0.0    0.000   0.021   27.0    65   19.9   28.3   11.74   1.1583     349     1    100.0   15 
 4/07/23   1:00   20.3   20.3   20.2    94   19.3    0.0    ONO   0.00   3.2   ONO   20.3   21.4   21.4  1020.6   0.00    0.0    0.000   0.020   26.9    65   19.8   28.2   11.74   1.1586     350     1    100.0   15 
 4/07/23   1:15   20.2   20.2   20.1    94   19.2    0.0    ONO   0.00   3.2   ONO   20.2   21.3   21.3  1020.5   0.00    0.0    0.000   0.019   26.9    65   19.8   28.1   11.74   1.1587     352     1    100.0   15 
 4/07/23   1:30   20.1   20.1   20.1    94   19.1    0.0    ---   0.00   0.0   ---   20.1   21.1   21.1  1020.5   0.00    0.0    0.000   0.018   26.9    65   19.8   28.1   11.74   1.1588     351     1    100.0   15 
 4/07/23   1:45   20.1   20.1   20.1    93   18.9    0.0    ---   0.00   0.0   ---   20.1   21.2   21.2  1020.3   0.00    0.0    0.000   0.019   26.8    64   19.4   27.9   11.54   1.1593     351     1    100.0   15 
 4/07/23   2:00   20.0   20.1   19.9    93   18.8    0.0    ENE   0.00   4.8   ENE   20.0   21.0   21.0  1020.1   0.20    0.0    0.000   0.017   26.8    64   19.4   27.9   11.54   1.1590     351     1    100.0   15 
 4/07/23   2:15   20.0   20.1   19.9    93   18.8    1.6    ENE   0.40   6.4   ENE   20.0   21.0   21.0  1020.2   0.00    0.0    0.000   0.017   26.8    64   19.4   27.9   11.54   1.1592     351     1    100.0   15 
 4/07/23   2:30   20.2   20.2   20.1    93   19.1    1.6    ENE   0.40   8.0   ENE   20.2   21.3   21.3  1020.0   0.00    0.0    0.000   0.020   26.7    64   19.3   27.8   11.55   1.1595     351     1    100.0   15 
 4/07/23   2:45   20.2   20.3   20.2    93   19.1    0.0    ENE   0.00   3.2   ENE   20.2   21.3   21.3  1020.0   0.00    0.0    0.000   0.020   26.7    64   19.3   27.8   11.55   1.1595     351     1    100.0   15 
 4/07/23   3:00   20.2   20.2   20.2    93   19.1    0.0    ENE   0.00   1.6   ENE   20.2   21.3   21.3  1020.1   0.00    0.0    0.000   0.020   26.7    64   19.3   27.7   11.55   1.1599     350     1    100.0   15 
 4/07/23   3:15   20.2   20.2   20.1    93   19.0    0.0    ---   0.00   0.0   ---   20.2   21.2   21.2  1020.0   0.00    0.0    0.000   0.019   26.6    64   19.2   27.6   11.55   1.1601     351     1    100.0   15 
 4/07/23   3:30   20.1   20.1   19.9    93   18.9    0.0    ---   0.00   0.0   ---   20.1   21.1   21.1  1020.2   0.00    0.0    0.000   0.018   26.6    64   19.2   27.6   11.55   1.1603     349     1    100.0   15 
 4/07/23   3:45   19.8   19.9   19.7    93   18.6    0.0    ---   0.00   0.0   ---   19.8   20.7   20.7  1020.2   0.00    0.0    0.000   0.015   26.6    64   19.2   27.6   11.55   1.1607     348     1    100.0   15 
 4/07/23   4:00   19.7   19.8   19.6    94   18.7    0.0    ENE   0.00   1.6   ENE   19.7   20.6   20.6  1020.2   0.00    0.0    0.000   0.014   26.5    64   19.1   27.5   11.56   1.1610     351     1    100.0   15 
 4/07/23   4:15   19.3   19.6   19.2    93   18.1    0.0    NNO   0.00   3.2   NNO   19.3   20.1   20.1  1020.2   0.00    0.0    0.000   0.010   26.4    64   19.1   27.4   11.56   1.1613     351     1    100.0   15 
 4/07/23   4:30   19.1   19.2   19.1    94   18.1    0.0    NNO   0.00   3.2   NNO   19.1   19.9   19.9  1020.3   0.00    0.0    0.000   0.008   26.4    64   19.0   27.3   11.56   1.1616     352     1    100.0   15 
 4/07/23   4:45   19.2   19.3   19.1    94   18.2    0.0    NNO   0.00   3.2   NNO   19.2   20.1   20.1  1020.3   0.00    0.0    0.000   0.009   26.3    64   19.0   27.3   11.56   1.1620     351     1    100.0   15 
 4/07/23   5:00   19.4   19.4   19.3    94   18.4    0.0    NNO   0.00   3.2   NNO   19.4   20.3   20.3  1020.3   0.00    0.0    0.000   0.011   26.3    64   18.9   27.2   11.56   1.1623     351     1    100.0   15 
 4/07/23   5:15   19.4   19.7   19.3    94   18.5    0.0    NNO   0.00   1.6   NNO   19.4   20.3   20.3  1020.4   0.00    0.0    0.000   0.012   26.3    64   19.0   27.3   11.56   1.1620     351     1    100.0   15 
 4/07/23   5:30   19.8   19.9   19.7    93   18.6    0.0    NNO   0.00   1.6   NNO   19.8   20.7   20.7  1020.4   0.00    0.0    0.000   0.015   26.5    64   19.1   27.5   11.56   1.1612     351     1    100.0   15 
 4/07/23   5:45   19.9   20.1   19.8    94   18.9    0.0    ---   0.00   0.0   ---   19.9   20.9   20.9  1020.7   0.00    0.0    0.000   0.017   26.7    63   19.1   27.7   11.35   1.1607     351     1    100.0   15 
 4/07/23   6:00   20.2   20.3   20.1    94   19.2    0.0      E   0.00   1.6     E   20.2   21.3   21.3  1020.7   0.00    0.0    0.000   0.019   26.9    63   19.3   28.0   11.34   1.1595     351     1    100.0   15 
 4/07/23   6:15   20.6   20.8   20.3    92   19.3    0.0    ENE   0.00   3.2   NNO   20.6   21.8   21.8  1020.8   0.00    0.0    0.000   0.024   27.2    63   19.5   28.3   11.33   1.1584     348     1    100.0   15 
 4/07/23   6:30   21.1   21.4   20.8    90   19.4    1.6    ENE   0.40   9.7     E   21.1   22.2   22.2  1020.8   0.00    0.0    0.000   0.029   27.3    63   19.7   28.6   11.33   1.1575     351     1    100.0   15 
 4/07/23   6:45   21.5   21.7   21.4    87   19.2    3.2    ENE   0.80   9.7     E   21.5   22.6   22.6  1020.8   0.00    0.0    0.000   0.033   27.5    62   19.6   28.8   11.12   1.1571     347     1    100.0   15 
 4/07/23   7:00   21.6   21.7   21.5    87   19.3    3.2      E   0.80  11.3     E   21.6   22.6   22.6  1020.8   0.00    0.0    0.000   0.034   27.5    62   19.6   28.8   11.12   1.1571     351     1    100.0   15 
 4/07/23   7:15   21.8   22.0   21.7    86   19.3    6.4      E   1.61  12.9     E   21.8   22.8   22.8  1020.9   0.00    0.0    0.000   0.036   27.5    62   19.6   28.8   11.12   1.1572     350     1    100.0   15 
 4/07/23   7:30   22.3   22.4   22.0    84   19.4    6.4     NE   1.61  12.9   ENE   22.3   23.3   23.3  1020.9   0.00    0.0    0.000   0.041   27.6    62   19.6   28.9   11.12   1.1569     351     1    100.0   15 
 4/07/23   7:45   22.6   22.8   22.4    84   19.7    4.8    ENE   1.21  12.9   ESE   22.6   23.6   23.6  1020.8   0.00    0.0    0.000   0.044   27.6    62   19.7   28.9   11.12   1.1565     351     1    100.0   15 
 4/07/23   8:00   23.1   23.4   22.8    81   19.7    4.8      E   1.21  12.9   ESE   23.1   24.2   24.2  1020.8   0.00    0.0    0.000   0.050   27.7    62   19.7   29.1   11.11   1.1562     350     1    100.0   15 
 4/07/23   8:15   23.6   23.7   23.4    76   19.1    6.4      E   1.61  14.5     E   23.6   24.7   24.7  1020.8   0.00    0.0    0.000   0.054   27.8    61   19.6   29.1   10.95   1.1560     351     1    100.0   15 
 4/07/23   8:30   23.9   24.0   23.7    77   19.6    4.8      E   1.21  12.9    SE   23.9   25.2   25.2  1020.8   0.00    0.0    0.000   0.058   27.8    61   19.6   29.2   10.95   1.1558     350     1    100.0   15 
 4/07/23   8:45   24.0   24.1   23.9    77   19.7    4.8      E   1.21  12.9   ENE   24.0   25.3   25.3  1021.0   0.00    0.0    0.000   0.059   27.8    61   19.6   29.2   10.95   1.1559     351     1    100.0   15 
 4/07/23   9:00   23.9   24.0   23.9    76   19.5    3.2    ENE   0.80   8.0     E   23.9   25.2   25.2  1021.0   0.00    0.0    0.000   0.058   27.7    61   19.5   29.0   10.95   1.1565     346     1    100.0   15 
 4/07/23   9:15   24.0   24.0   23.9    76   19.5    3.2     SE   0.80   9.7     E   24.0   25.2   25.2  1021.0   0.00    0.0    0.000   0.059   27.6    61   19.4   28.8   10.95   1.1572     345     1    100.0   15 
 4/07/23   9:30   24.2   24.4   24.0    77   19.9    6.4    ESE   1.61  16.1   ENE   24.2   25.6   25.6  1021.1   0.00    0.0    0.000   0.061   27.6    62   19.6   28.9   11.12   1.1571     350     1    100.0   15 
 4/07/23   9:45   24.4   24.4   24.3    76   19.9    4.8      E   1.21  12.9   ENE   24.4   25.8   25.8  1021.1   0.00    0.0    0.000   0.063   27.5    62   19.6   28.8   11.12   1.1574     351     1    100.0   15 
 4/07/23  10:00   24.3   24.4   24.2    76   19.8    4.8      E   1.21  14.5     E   24.3   25.7   25.7  1021.1   0.00    0.0    0.000   0.063   27.5    62   19.6   28.8   11.12   1.1574     350     1    100.0   15 
 4/07/23  10:15   24.2   24.2   24.1    76   19.7    4.8      E   1.21  12.9   ESE   24.2   25.4   25.4  1021.3   0.00    0.0    0.000   0.061   27.4    62   19.5   28.7   11.12   1.1580     349     1    100.0   15 
 4/07/23  10:30   24.1   24.2   24.1    76   19.6    4.8    ENE   1.21  11.3   ESE   24.1   25.4   25.4  1021.3   0.00    0.0    0.000   0.060   27.3    62   19.4   28.5   11.13   1.1586     351     1    100.0   15 
 4/07/23  10:45   24.1   24.1   24.1    77   19.8    6.4      E   1.61  14.5   ENE   24.1   25.4   25.4  1021.4   0.00    0.0    0.000   0.060   27.3    62   19.4   28.5   11.13   1.1587     350     1    100.0   15 
 4/07/23  11:00   24.1   24.1   24.0    77   19.8    6.4      E   1.61  14.5   ENE   24.1   25.4   25.4  1021.4   0.00    0.0    0.000   0.060   27.3    63   19.6   28.5   11.33   1.1586     351     1    100.0   15 
 4/07/23  11:15   23.9   24.0   23.6    80   20.2    6.4      E   1.61  12.9     E   23.9   25.3   25.3  1021.3   0.40   10.4    0.000   0.058   27.3    64   19.9   28.6   11.53   1.1580     349     1    100.0   15 
 4/07/23  11:30   23.1   23.6   22.8    86   20.6    6.4      E   1.61  14.5     E   23.1   24.3   24.3  1021.3   0.00    0.0    0.000   0.049   27.2    65   20.1   28.6   11.73   1.1579     351     1    100.0   15 
 4/07/23  11:45   22.9   22.9   22.8    86   20.5    6.4      E   1.61  14.5   ENE   22.9   24.2   24.2  1021.4   0.00    0.0    0.000   0.048   27.2    66   20.3   28.6   11.93   1.1579     351     1    100.0   15 
 4/07/23  12:00   22.9   23.1   22.9    85   20.3    6.4      E   1.61  14.5     E   22.9   24.1   24.1  1021.4   0.00    0.0    0.000   0.048   27.2    66   20.3   28.6   11.93   1.1579     352     1    100.0   15 
 4/07/23  12:15   23.2   23.4   23.1    82   20.0    6.4      E   1.61  12.9   ENE   23.2   24.3   24.3  1021.3   0.00    0.0    0.000   0.051   27.3    65   20.1   28.7   11.73   1.1576     350     1    100.0   15 
 4/07/23  12:30   23.6   23.7   23.4    79   19.8    4.8     NE   1.21  14.5     E   23.6   24.8   24.8  1021.3   0.00    0.0    0.000   0.055   27.3    64   19.9   28.7   11.53   1.1577     351     1    100.0   15 
 4/07/23  12:45   23.8   23.8   23.7    75   19.1    6.4      E   1.61  16.1   ESE   23.8   24.9   24.9  1021.3   0.00    0.0    0.000   0.057   27.4    63   19.8   28.8   11.32   1.1575     351     1    100.0   15 
 4/07/23  13:00   23.8   23.8   23.7    74   18.9    9.7    ESE   2.41  20.9   ESE   23.8   24.9   24.9  1021.2   0.00    0.0    0.000   0.057   27.4    61   19.3   28.6   10.95   1.1583     351     1    100.0   15 
 4/07/23  13:15   23.8   24.0   23.7    72   18.5    8.0    ESE   2.01  17.7    SE   23.8   24.8   24.8  1021.2   0.00    0.0    0.000   0.057   27.4    60   19.0   28.5   10.75   1.1587     350     1    100.0   15 
 4/07/23  13:30   24.2   24.4   23.9    69   18.2    6.4    ESE   1.61  14.5   ESE   24.2   25.2   25.2  1021.1   0.00    0.0    0.000   0.061   27.5    60   19.0   28.6   10.75   1.1583     351     1    100.0   15 
 4/07/23  13:45   24.6   24.9   24.4    68   18.3    3.2    ESE   0.80   9.7    SE   24.6   25.5   25.5  1021.1   0.00    0.0    0.000   0.065   27.6    60   19.1   28.7   10.75   1.1580     351     1    100.0   15 
 4/07/23  14:00   24.9   24.9   24.9    68   18.6    6.4    ENE   1.61  11.3   ENE   24.9   25.8   25.8  1021.0   0.00    0.0    0.000   0.068   27.6    59   18.9   28.7   10.55   1.1580     351     1    100.0   15 
 4/07/23  14:15   25.2   25.6   24.9    69   19.1    6.4      E   1.61  14.5   ESE   25.2   26.2   26.2  1020.6   0.00    0.0    0.000   0.071   27.7    59   18.9   28.7   10.55   1.1572     350     1    100.0   15 
 4/07/23  14:30   26.0   26.3   25.6    67   19.4    4.8      S   1.21  14.5   ESE   26.0   27.1   27.1  1020.6   0.00    0.0    0.000   0.080   27.8    59   19.0   28.9   10.55   1.1566     351     1    100.0   15 
 4/07/23  14:45   26.3   26.4   26.3    67   19.7    3.2    SSE   0.80  11.3   SSE   26.3   27.5   27.5  1020.4   0.00    0.0    0.000   0.083   27.9    59   19.1   29.1   10.55   1.1558     351     1    100.0   15 
 4/07/23  15:00   26.3   26.3   26.3    66   19.4    4.8      S   1.21  16.1   SSO   26.3   27.3   27.3  1020.2   0.00    0.0    0.000   0.083   27.9    59   19.2   29.2   10.55   1.1553     351     1    100.0   15 
 4/07/23  15:15   26.4   26.6   26.3    66   19.6    3.2    SSE   0.80  11.3    SE   26.4   27.6   27.6  1020.4   0.00    0.0    0.000   0.084   28.0    60   19.5   29.3   10.75   1.1548     351     1    100.0   15 
 4/07/23  15:30   26.7   26.7   26.6    65   19.5    3.2    OSO   0.80  14.5     S   26.7   27.8   27.8  1020.2   0.00    0.0    0.000   0.087   28.1    59   19.3   29.4   10.55   1.1544     350     1    100.0   15 
 4/07/23  15:45   26.9   27.2   26.6    62   19.0    3.2    SSO   0.80   9.7     S   26.9   27.9   27.9  1019.9   0.00    0.0    0.000   0.089   28.2    59   19.4   29.5   10.55   1.1538     350     1    100.0   15 
 4/07/23  16:00   27.4   27.7   27.2    58   18.4    3.2    SSE   0.80  11.3   ESE   27.4   28.3   28.3  1019.9   0.00    0.0    0.000   0.095   28.2    59   19.4   29.6   10.55   1.1535     349     1    100.0   15 
 4/07/23  16:15   27.9   28.1   27.7    57   18.6    4.8     SO   1.21  14.5    SO   27.9   28.9   28.9  1019.6   0.00    0.0    0.000   0.100   28.3    57   18.9   29.5   10.21   1.1538     351     1    100.0   15 
 4/07/23  16:30   28.3   28.5   28.1    57   19.0    4.8     SO   1.21  12.9   OSO   28.3   29.6   29.6  1019.4   0.00    0.0    0.000   0.104   28.4    56   18.8   29.7   10.05   1.1531     352     1    100.0   15 
 4/07/23  16:45   28.5   28.6   28.3    58   19.4    3.2    OSO   0.80  12.9    SO   28.5   29.9   29.9  1019.4   0.00    0.0    0.000   0.106   28.7    56   19.0   30.1   10.05   1.1519     351     1    100.0   15 
 4/07/23  17:00   28.4   28.6   28.1    59   19.6    6.4    OSO   1.61  17.7     O   28.4   29.8   29.8  1019.5   0.00    0.0    0.000   0.105   28.8    56   19.2   30.3   10.05   1.1511     351     1    100.0   15 
 4/07/23  17:15   27.8   28.1   27.4    61   19.6    6.4     SO   1.61  19.3     S   27.8   29.2   29.2  1019.5   0.00    0.0    0.000   0.099   28.9    56   19.2   30.4   10.05   1.1508     349     1    100.0   15 
 4/07/23  17:30   27.2   27.4   27.1    63   19.6    6.4      S   1.61  20.9    SO   27.2   28.4   28.4  1019.6   0.00    0.0    0.000   0.093   28.8    56   19.2   30.3   10.05   1.1512     352     1    100.0   15 
 4/07/23  17:45   26.9   27.2   26.8    64   19.6    6.4    SSO   1.61  16.1     S   26.9   28.1   28.1  1019.4   0.00    0.0    0.000   0.090   28.8    57   19.4   30.4   10.23   1.1508     351     1    100.0   15 
 4/07/23  18:00   26.6   26.8   26.6    65   19.5    4.8    SSO   1.21  16.1   ESE   26.6   27.7   27.7  1019.6   0.00    0.0    0.000   0.086   28.7    57   19.3   30.2   10.22   1.1517     352     1    100.0   15 
 4/07/23  18:15   26.2   26.6   26.0    68   19.8    6.4    SSO   1.61  14.5     S   26.2   27.4   27.4  1019.9   0.00    0.0    0.000   0.082   28.6    58   19.5   30.1   10.35   1.1522     341     1     99.7   15 
 4/07/23  18:30   26.0   26.0   25.9    68   19.6    3.2    SSO   0.80  11.3   SSO   26.0   27.1   27.1  1020.1   0.00    0.0    0.000   0.080   28.4    58   19.4   29.9   10.35   1.1529     350     1    100.0   15 
 4/07/23  18:45   25.8   25.9   25.6    69   19.7    3.2      S   0.80   9.7   OSO   25.8   26.9   26.9  1020.2   0.00    0.0    0.000   0.078   28.4    58   19.3   29.8   10.35   1.1534     351     1    100.0   15 
 4/07/23  19:00   25.3   25.6   25.1    70   19.5    1.6      S   0.40   6.4     S   25.3   26.4   26.4  1020.2   0.00    0.0    0.000   0.073   28.3    59   19.5   29.7   10.55   1.1535     348     1    100.0   15 
 4/07/23  19:15   24.8   25.1   24.6    73   19.7    1.6      S   0.40   4.8     S   24.8   26.1   26.1  1020.1   0.00    0.0    0.000   0.068   28.1    59   19.3   29.4   10.55   1.1543     350     1    100.0   15 
 4/07/23  19:30   24.5   24.6   24.3    73   19.3    1.6      S   0.40   6.4     S   24.5   25.7   25.7  1020.2   0.00    0.0    0.000   0.064   28.0    59   19.2   29.2   10.55   1.1550     350     1    100.0   15 
 4/07/23  19:45   24.2   24.3   24.1    74   19.3    1.6    SSO   0.40   8.0   SSO   24.2   25.4   25.4  1020.2   0.00    0.0    0.000   0.061   27.9    60   19.4   29.2   10.75   1.1552     351     1    100.0   15 
 4/07/23  20:00   23.8   24.1   23.7    76   19.3    0.0    OSO   0.00   3.2   OSO   23.8   25.1   25.1  1020.6   0.00    0.0    0.000   0.057   27.8    60   19.4   29.1   10.75   1.1560     349     1    100.0   15 
 4/07/23  20:15   23.6   23.7   23.6    77   19.3    0.0    OSO   0.00   4.8   OSO   23.6   24.8   24.8  1020.8   0.00    0.0    0.000   0.055   27.8    60   19.4   29.1   10.75   1.1562     347     1    100.0   15 
 4/07/23  20:30   23.4   23.6   23.3    79   19.6    1.6    OSO   0.40   8.0   OSO   23.4   24.6   24.6  1021.3   0.00    0.0    0.000   0.053   27.8    60   19.3   29.0   10.75   1.1571     351     1    100.0   15 
 4/07/23  20:45   23.2   23.3   23.1    82   19.9    1.6    OSO   0.40   6.4   SSO   23.2   24.3   24.3  1021.6   0.00    0.0    0.000   0.050   27.7    62   19.8   29.1   11.11   1.1569     352     1    100.0   15 
 4/07/23  21:00   23.0   23.1   22.9    84   20.1    1.6      S   0.40   8.0     S   23.0   24.2   24.2  1021.1   0.00    0.0    0.000   0.049   27.6    64   20.2   29.2   11.52   1.1560     351     1    100.0   15 
 4/07/23  21:15   22.8   22.9   22.7    85   20.1    1.6    SSO   0.40   6.4   SSO   22.8   23.9   23.9  1021.2   0.00    0.0    0.000   0.046   27.3    64   19.9   28.7   11.53   1.1576     351     1    100.0   15 
 4/07/23  21:30   22.4   22.7   22.3    87   20.2    1.6    OSO   0.40   8.0   OSO   22.4   23.6   23.6  1021.3   0.00    0.0    0.000   0.043   27.3    65   20.1   28.7   11.73   1.1576     351     1    100.0   15 
 4/07/23  21:45   22.2   22.3   22.1    88   20.1    1.6      O   0.40   6.4     O   22.2   23.3   23.3  1021.4   0.00    0.0    0.000   0.041   27.2    65   20.1   28.6   11.73   1.1580     351     1    100.0   15 
 4/07/23  22:00   22.1   22.1   22.0    89   20.2    0.0      O   0.00   4.8     O   22.1   23.2   23.2  1021.4   0.00    0.0    0.000   0.039   27.2    66   20.3   28.6   11.93   1.1579     351     1    100.0   15 
 4/07/23  22:15   21.9   22.0   21.8    90   20.2    0.0      O   0.00   1.6     O   21.9   23.2   23.2  1021.5   0.00    0.0    0.000   0.038   27.1    66   20.2   28.6   11.93   1.1584     350     1    100.0   15 
 4/07/23  22:30   21.8   21.9   21.8    91   20.3    1.6      O   0.40   6.4    SO   21.8   23.1   23.1  1021.6   0.00    0.0    0.000   0.036   27.1    66   20.2   28.6   11.93   1.1585     351     1    100.0   15 
 4/07/23  22:45   21.8   21.8   21.7    91   20.2    1.6    OSO   0.40   8.0     O   21.8   23.1   23.1  1021.7   0.00    0.0    0.000   0.036   27.0    67   20.3   28.4   12.14   1.1588     351     1    100.0   15 
 4/07/23  23:00   21.7   21.8   21.6    91   20.1    0.0    OSO   0.00   3.2   OSO   21.7   22.9   22.9  1021.7   0.00    0.0    0.000   0.035   26.9    67   20.3   28.4   12.14   1.1591     352     1    100.0   15 
 4/07/23  23:15   21.6   21.6   21.6    92   20.3    0.0    OSO   0.00   1.6   OSO   21.6   22.9   22.9  1021.6   0.00    0.0    0.000   0.034   26.9    67   20.2   28.3   12.14   1.1593     351     1    100.0   15 
 4/07/23  23:30   21.6   21.6   21.4    92   20.2    0.0    ---   0.00   0.0   ---   21.6   22.9   22.9  1021.6   0.00    0.0    0.000   0.034   26.9    67   20.2   28.3   12.14   1.1593     351     1    100.0   15 
 4/07/23  23:45   21.5   21.5   21.4    93   20.3    0.0    ---   0.00   0.0   ---   21.5   22.8   22.8  1021.6   0.00    0.0    0.000   0.033   26.9    67   20.2   28.3   12.14   1.1592     350     1    100.0   15 
 5/07/23  00:00   21.4   21.5   21.3    92   20.0    0.0    OSO   0.00   1.6   OSO   21.4   22.7   22.7  1021.6   0.00    0.0    0.000   0.032   26.8    67   20.2   28.2   12.14   1.1596     352     1    100.0   15 
 5/07/23   0:15   21.3   21.3   21.3    92   19.9    0.0    OSO   0.00   1.6   OSO   21.3   22.6   22.6  1021.5   0.00    0.0    0.000   0.031   26.8    67   20.2   28.2   12.14   1.1595     350     1    100.0   15 
 5/07/23   0:30   21.3   21.4   21.3    92   19.9    0.0    OSO   0.00   1.6   OSO   21.3   22.6   22.6  1021.5   0.00    0.0    0.000   0.031   26.8    66   19.9   28.1   11.94   1.1599     350     1    100.0   15 
 5/07/23   0:45   21.4   21.4   21.3    92   20.0    0.0    OSO   0.00   3.2   OSO   21.4   22.7   22.7  1021.5   0.00    0.0    0.000   0.032   26.8    66   19.9   28.1   11.94   1.1598     351     1    100.0   15 
 5/07/23   1:00   21.2   21.3   21.2    92   19.9    0.0    OSO   0.00   3.2   OSO   21.2   22.4   22.4  1021.4   0.00    0.0    0.000   0.030   26.8    66   19.9   28.1   11.94   1.1598     351     1    100.0   15 
 5/07/23   1:15   21.2   21.2   21.2    93   20.0    0.0    OSO   0.00   3.2   OSO   21.2   22.5   22.5  1021.3   0.00    0.0    0.000   0.030   26.8    66   19.9   28.1   11.94   1.1597     351     1    100.0   15 
 5/07/23   1:30   21.2   21.3   21.2    93   20.0    0.0    OSO   0.00   1.6   OSO   21.2   22.5   22.5  1021.3   0.00    0.0    0.000   0.030   26.8    66   19.9   28.0   11.95   1.1599     352     1    100.0   15 
 5/07/23   1:45   21.2   21.2   21.1    93   20.0    0.0    OSO   0.00   1.6   OSO   21.2   22.4   22.4  1021.3   0.00    0.0    0.000   0.030   26.8    66   19.9   28.0   11.95   1.1599     349     1    100.0   15 
 5/07/23   2:00   21.2   21.2   21.1    93   20.0    0.0    OSO   0.00   1.6   OSO   21.2   22.4   22.4  1021.2   0.00    0.0    0.000   0.030   26.8    66   19.9   28.0   11.95   1.1598     351     1    100.0   15 
 5/07/23   2:15   21.0   21.1   20.9    93   19.8    0.0    OSO   0.00   1.6   OSO   21.0   22.3   22.3  1021.3   0.00    0.0    0.000   0.028   26.8    66   19.9   28.0   11.95   1.1599     351     1    100.0   15 
 5/07/23   2:30   20.8   20.9   20.7    93   19.7    0.0      O   0.00   3.2     O   20.8   22.1   22.1  1021.1   0.00    0.0    0.000   0.026   26.8    66   19.9   28.0   11.95   1.1597     352     1    100.0   15 
 5/07/23   2:45   20.7   20.7   20.6    93   19.5    0.0      O   0.00   3.2     O   20.7   21.9   21.9  1021.1   0.00    0.0    0.000   0.024   26.7    66   19.8   27.9   11.95   1.1600     349     1    100.0   15 
 5/07/23   3:00   20.6   20.7   20.5    93   19.4    0.0    ---   0.00   0.0   ---   20.6   21.8   21.8  1021.1   0.00    0.0    0.000   0.023   26.7    66   19.8   27.9   11.95   1.1600     350     1    100.0   15 
 5/07/23   3:15   20.5   20.5   20.4    94   19.5    0.0    ---   0.00   0.0   ---   20.5   21.7   21.7  1021.2   0.00    0.0    0.000   0.023   26.7    65   19.5   27.8   11.75   1.1608     351     1    100.0   15 
 5/07/23   3:30   20.3   20.5   20.2    93   19.2    0.0    ---   0.00   0.0   ---   20.3   21.4   21.4  1021.4   0.00    0.0    0.000   0.021   26.7    65   19.5   27.8   11.75   1.1610     350     1    100.0   15 
