                 Temp.  Temp.  Temp.  Hum.   Punt   Vel.   Dir.   Rec.  Vel.  Dir.  Sens.   Índ.   Índ.                  Int. Graus D.Graus D.  Temp.  Hum. Rosada  In.Cal.  EMC     Dens.    Mostr   Tx   Recep.  Int.
  Data    Hora    Ext.   Màx.   Mín.  Ext. Rosada   Vent   Vent   Vent  Màx.  Màx.  Tèrm.  Calor   THW    Bar    Pluja   Pluja  Calor    Fred    Int.  Int.   Int.   Int.    Int.  Int.Aire    Vent   Vent   ISS   Arc.
-------------------------------------------------------------------------------------------------------------------------------------------------------------------------------------------------------------------------
 3/07/23   0:15   21.4   21.4   21.4    81   18.0    0.0    ONO   0.00   3.2   ONO   21.4   22.2   22.2  1021.5   0.00    0.0    0.000   0.032   27.9    58   18.9   29.0   10.35   1.1576     348     1    100.0   15 
 3/07/23   0:30   21.4   21.4   21.4    82   18.2    0.0    ONO   0.00   3.2   ONO   21.4   22.2   22.2  1021.6   0.00    0.0    0.000   0.032   27.8    58   18.8   28.9   10.35   1.1579     351     1    100.0   15 
 3/07/23   0:45   21.3   21.4   21.3    82   18.1    0.0    ONO   0.00   1.6   ONO   21.3   22.1   22.1  1021.3   0.00    0.0    0.000   0.031   27.7    58   18.7   28.7   10.35   1.1582     351     1    100.0   15 
 3/07/23   1:00   21.3   21.3   21.2    82   18.1    0.0    ONO   0.00   3.2   ONO   21.3   22.0   22.0  1021.3   0.00    0.0    0.000   0.031   27.7    58   18.7   28.7   10.35   1.1582     352     1    100.0   15 
 3/07/23   1:15   21.2   21.2   21.2    83   18.2    0.0    ONO   0.00   3.2   ONO   21.2   21.9   21.9  1021.2   0.00    0.0    0.000   0.030   27.7    58   18.7   28.7   10.35   1.1583     351     1    100.0   15 
 3/07/23   1:30   21.2   21.2   21.2    83   18.2    0.0    ONO   0.00   1.6   ONO   21.2   21.9   21.9  1021.2   0.00    0.0    0.000   0.030   27.6    58   18.6   28.6   10.35   1.1586     351     1    100.0   15 
 3/07/23   1:45   21.2   21.2   21.2    84   18.4    0.0    ---   0.00   0.0   ---   21.2   21.9   21.9  1021.0   0.00    0.0    0.000   0.030   27.6    58   18.5   28.5   10.35   1.1587     351     1    100.0   15 
 3/07/23   2:00   21.2   21.3   21.2    87   19.0    0.0    ---   0.00   0.0   ---   21.2   22.2   22.2  1020.9   0.00    0.0    0.000   0.030   27.6    58   18.5   28.5   10.35   1.1586     352     1    100.0   15 
 3/07/23   2:15   21.3   21.3   21.2    88   19.2    0.0    ---   0.00   0.0   ---   21.3   22.3   22.3  1020.9   0.00    0.0    0.000   0.031   27.6    58   18.5   28.5   10.35   1.1587     350     1    100.0   15 
 3/07/23   2:30   21.2   21.3   21.2    88   19.2    0.0    ---   0.00   0.0   ---   21.2   22.2   22.2  1020.9   0.00    0.0    0.000   0.030   27.5    59   18.8   28.5   10.55   1.1585     351     1    100.0   15 
 3/07/23   2:45   20.9   21.2   20.7    88   18.9    0.0    ---   0.00   0.0   ---   20.9   21.9   21.9  1020.8   0.00    0.0    0.000   0.027   27.5    59   18.8   28.5   10.55   1.1584     351     1    100.0   15 
 3/07/23   3:00   20.6   20.7   20.6    90   18.9    0.0    ---   0.00   0.0   ---   20.6   21.7   21.7  1020.7   0.00    0.0    0.000   0.024   27.4    59   18.7   28.4   10.55   1.1585     351     1    100.0   15 
 3/07/23   3:15   20.5   20.7   20.2    89   18.6    0.0    ONO   0.00   3.2   ONO   20.5   21.6   21.6  1020.5   0.00    0.0    0.000   0.023   27.4    59   18.7   28.3   10.55   1.1586     350     1    100.0   15 
 3/07/23   3:30   20.2   20.3   20.2    90   18.5    0.0    ONO   0.00   3.2   ONO   20.2   21.2   21.2  1020.6   0.00    0.0    0.000   0.019   27.3    59   18.6   28.2   10.55   1.1590     351     1    100.0   15 
 3/07/23   3:45   20.2   20.3   20.1    90   18.5    0.0    ---   0.00   0.0   ---   20.2   21.2   21.2  1020.7   0.00    0.0    0.000   0.020   27.3    59   18.6   28.2   10.55   1.1591     350     1    100.0   15 
 3/07/23   4:00   20.1   20.2   20.1    90   18.4    0.0    ---   0.00   0.0   ---   20.1   21.0   21.0  1020.7   0.00    0.0    0.000   0.018   27.3    60   18.8   28.2   10.75   1.1590     351     1    100.0   15 
 3/07/23   4:15   20.0   20.1   20.0    91   18.5    0.0    ---   0.00   0.0   ---   20.0   20.9   20.9  1020.7   0.00    0.0    0.000   0.017   27.2    60   18.8   28.2   10.75   1.1593     352     1    100.0   15 
 3/07/23   4:30   19.8   20.0   19.7    91   18.3    0.0    ONO   0.00   1.6   ONO   19.8   20.8   20.8  1020.8   0.00    0.0    0.000   0.016   27.2    60   18.7   28.1   10.75   1.1597     349     1    100.0   15 
 3/07/23   4:45   19.6   19.7   19.3    90   17.9    1.6     NO   0.40   6.4    NO   19.6   20.4   20.4  1020.8   0.00    0.0    0.000   0.013   27.2    60   18.7   28.1   10.75   1.1597     351     1    100.0   15 
 3/07/23   5:00   19.4   19.5   19.3    91   17.9    1.6     NO   0.40   6.4    NO   19.4   20.2   20.2  1020.8   0.00    0.0    0.000   0.011   27.1    60   18.7   28.0   10.75   1.1601     351     1    100.0   15 
 3/07/23   5:15   19.7   19.9   19.6    90   18.0    0.0    NNO   0.00   3.2   NNO   19.7   20.6   20.6  1020.8   0.00    0.0    0.000   0.014   27.2    59   18.5   28.1   10.55   1.1599     351     1    100.0   15 
 3/07/23   5:30   20.2   20.4   19.9    88   18.1    0.0    ENE   0.00   3.2   ENE   20.2   21.1   21.1  1020.8   0.00    0.0    0.000   0.019   27.4    59   18.7   28.4   10.55   1.1587     351     1    100.0   15 
 3/07/23   5:45   20.4   20.4   20.3    87   18.2    1.6     NO   0.40   6.4    NO   20.4   21.4   21.4  1020.9   0.00    0.0    0.000   0.021   27.7    58   18.7   28.7   10.35   1.1578     351     1    100.0   15 
 3/07/23   6:00   20.6   21.1   20.3    89   18.7    0.0     NE   0.00   3.2    NE   20.6   21.7   21.7  1021.0   0.00    0.0    0.000   0.023   28.0    58   19.0   29.2   10.35   1.1563     351     1    100.0   15 
 3/07/23   6:15   21.4   21.7   21.1    85   18.8    0.0    ENE   0.00   3.2   ENE   21.4   22.4   22.4  1021.0   0.00    0.0    0.000   0.032   28.2    58   19.2   29.5   10.35   1.1552     351     1    100.0   15 
 3/07/23   6:30   21.8   21.9   21.7    84   19.0    0.0    ENE   0.00   3.2   ENE   21.8   22.8   22.8  1021.2   0.00    0.0    0.000   0.036   28.2    58   19.2   29.5   10.35   1.1554     352     1    100.0   15 
 3/07/23   6:45   21.7   21.9   21.6    84   18.9    1.6    SSE   0.40   8.0   SSE   21.7   22.7   22.7  1021.2   0.00    0.0    0.000   0.035   28.1    59   19.3   29.4   10.55   1.1555     350     1    100.0   15 
 3/07/23   7:00   21.7   21.8   21.7    83   18.7    1.6      S   0.40   4.8    SE   21.7   22.6   22.6  1021.1   0.00    0.0    0.000   0.035   27.8    59   19.0   28.9   10.55   1.1573     351     1    100.0   15 
 3/07/23   7:15   22.2   22.5   21.8    80   18.6    1.6      E   0.40   4.8     E   22.2   22.9   22.9  1021.1   0.00    0.0    0.000   0.040   27.7    59   18.9   28.7   10.55   1.1578     351     1    100.0   15 
 3/07/23   7:30   22.8   23.1   22.5    78   18.7    3.2      E   0.80   8.0     E   22.8   23.7   23.7  1021.1   0.00    0.0    0.000   0.046   27.9    58   18.9   29.0   10.35   1.1570     352     1    100.0   15 
 3/07/23   7:45   23.2   23.3   23.1    76   18.8    3.2    ESE   0.80   9.7     E   23.2   24.2   24.2  1021.0   0.00    0.0    0.000   0.051   28.1    58   19.0   29.2   10.35   1.1561     349     1    100.0   15 
 3/07/23   8:00   23.6   23.9   23.3    75   18.9    3.2    ENE   0.80   6.4   ENE   23.6   24.7   24.7  1021.1   0.00    0.0    0.000   0.054   28.2    57   18.8   29.3   10.20   1.1560     351     1    100.0   15 
 3/07/23   8:15   24.1   24.4   23.9    74   19.1    3.2    ENE   0.80  12.9     E   24.1   25.2   25.2  1021.0   0.00    0.0    0.000   0.060   28.2    57   18.9   29.4   10.21   1.1556     349     1    100.0   15 
 3/07/23   8:30   24.5   24.6   24.4    71   18.9    3.2     NE   0.80  11.3   ESE   24.5   25.6   25.6  1021.0   0.00    0.0    0.000   0.064   28.3    57   19.0   29.6   10.21   1.1551     352     1    100.0   15 
 3/07/23   8:45   24.7   25.0   24.6    68   18.4    3.2    ENE   0.80  11.3   ENE   24.7   25.6   25.6  1020.9   0.00    0.0    0.000   0.067   28.4    56   18.8   29.6   10.05   1.1551     351     1    100.0   15 
 3/07/23   9:00   25.1   25.2   24.9    67   18.5    3.2    ENE   0.80   8.0     E   25.1   25.9   25.9  1021.1   0.00    0.0    0.000   0.070   28.4    56   18.8   29.6   10.05   1.1553     350     1    100.0   15 
 3/07/23   9:15   25.4   25.7   25.2    62   17.6    3.2      E   0.80   9.7     E   25.4   26.0   26.0  1021.1   0.00    0.0    0.000   0.073   28.4    54   18.2   29.5    9.75   1.1559     350     1    100.0   15 
 3/07/23   9:30   26.2   26.8   25.7    59   17.6    3.2      S   0.80  12.9    SO   26.2   26.8   26.8  1021.1   0.00    0.0    0.000   0.082   28.6    53   18.0   29.6    9.58   1.1558     349     1    100.0   15 
 3/07/23   9:45   26.5   26.8   26.3    59   17.8    4.8      O   1.21   9.7     O   26.5   27.1   27.1  1021.1   0.00    0.0    0.000   0.085   28.7    52   17.9   29.8    9.38   1.1554     351     1    100.0   15 
 3/07/23  10:00   26.7   27.0   26.3    56   17.2    4.8      E   1.21  12.9   ESE   26.7   27.2   27.2  1021.1   0.00    0.0    0.000   0.087   28.8    52   17.9   29.9    9.37   1.1551     350     1    100.0   15 
 3/07/23  10:15   27.2   27.5   27.0    55   17.3    3.2     SE   0.80  11.3   ESE   27.2   27.7   27.7  1020.9   0.00    0.0    0.000   0.092   28.9    51   17.7   30.0    9.27   1.1548     348     1    100.0   15 
 3/07/23  10:30   27.9   28.3   27.5    51   16.8    3.2      S   0.80   9.7     O   27.9   28.4   28.4  1020.9   0.00    0.0    0.000   0.100   29.1    50   17.6   30.1    9.06   1.1540     347     1    100.0   15 
 3/07/23  10:45   28.4   28.6   28.2    54   18.2    6.4      E   1.61  17.7   ESE   28.4   29.4   29.4  1020.9   0.00    0.0    0.000   0.105   29.4    50   17.9   30.4    9.05   1.1526     349     1    100.0   15 
 3/07/23  11:00   28.4   28.7   27.8    60   19.9    8.0     SE   2.01  17.7   ESE   28.4   29.9   29.9  1021.0   0.00    0.0    0.000   0.105   29.7    52   18.8   31.1    9.35   1.1503     349     1    100.0   15 
 3/07/23  11:15   27.2   27.8   27.0    66   20.3    8.0     SE   2.01  17.7   ESE   27.2   28.6   28.6  1021.0   0.00    0.0    0.000   0.092   29.8    54   19.5   31.5    9.74   1.1487     351     1    100.0   15 
 3/07/23  11:30   27.1   27.2   26.9    67   20.4    9.7    ESE   2.41  20.9     E   27.1   28.6   28.6  1021.0   0.00    0.0    0.000   0.091   29.8    55   19.8   31.7    9.84   1.1483     350     1    100.0   15 
 3/07/23  11:45   26.6   26.9   26.4    69   20.5    9.7    ESE   2.41  17.7    SE   26.6   28.0   28.0  1020.8   0.00    0.0    0.000   0.086   29.8    56   20.1   31.9   10.04   1.1473     350     1    100.0   15 
 3/07/23  12:00   26.6   26.9   26.4    62   18.7    8.0    ESE   2.01  17.7   ESE   26.6   27.4   27.4  1020.8   0.00    0.0    0.000   0.086   29.8    55   19.8   31.7    9.84   1.1481     350     1    100.0   15 
 3/07/23  12:15   27.5   28.1   27.0    58   18.5    6.4      S   1.61  19.3     S   27.5   28.4   28.4  1020.8   0.00    0.0    0.000   0.095   29.8    52   18.9   31.3    9.35   1.1493     349     1    100.0   15 
 3/07/23  12:30   28.4   28.7   28.1    55   18.5    8.0    SSE   2.01  20.9   ESE   28.4   29.6   29.6  1020.7   0.00    0.0    0.000   0.105   30.0    51   18.8   31.4    9.23   1.1488     350     1    100.0   15 
 3/07/23  12:45   28.8   28.9   28.6    56   19.1    6.4     SO   1.61  19.3     O   28.8   30.3   30.3  1020.8   0.00    0.0    0.000   0.109   30.2    51   19.0   31.8    9.22   1.1476     350     1    100.0   15 
 3/07/23  13:00   28.5   28.9   28.1    61   20.2    8.0    SSO   2.01  22.5     S   28.5   30.3   30.3  1020.9   0.00    0.0    0.000   0.106   30.4    52   19.4   32.3    9.35   1.1465     350     1    100.0   15 
 3/07/23  13:15   28.1   28.2   28.0    62   20.1    8.0    SSO   2.01  17.7    SO   28.1   29.7   29.7  1021.0   0.00    0.0    0.000   0.102   30.4    53   19.8   32.6    9.51   1.1458     351     1    100.0   15 
 3/07/23  13:30   27.9   28.1   27.8    62   20.0    8.0      S   2.01  19.3   ESE   27.9   29.5   29.5  1020.9   0.00    0.0    0.000   0.100   30.5    53   19.8   32.7    9.51   1.1453     351     1    100.0   15 
 3/07/23  13:45   27.6   27.8   27.2    62   19.7    8.0      S   2.01  17.7   SSE   27.6   28.9   28.9  1020.9   0.00    0.0    0.000   0.097   30.4    52   19.5   32.4    9.35   1.1461     350     1    100.0   15 
 3/07/23  14:00   27.1   27.1   26.9    62   19.1    6.4      S   1.61  22.5     S   27.1   28.1   28.1  1021.0   0.00    0.0    0.000   0.091   30.3    52   19.3   32.1    9.35   1.1471     352     1    100.0   15 
 3/07/23  14:15   26.9   27.1   26.7    63   19.3    9.7      S   2.41  22.5     S   26.9   28.0   28.0  1020.9   0.00    0.0    0.000   0.090   30.2    52   19.2   31.9    9.35   1.1476     350     1    100.0   15 
 3/07/23  14:30   26.3   26.6   26.1    68   20.0    8.0      S   2.01  20.9   SSE   26.3   27.6   27.6  1020.7   0.00    0.0    0.000   0.083   30.2    53   19.5   32.1    9.52   1.1469     351     1    100.0   15 
 3/07/23  14:45   25.7   26.2   25.5    72   20.3    8.0      S   2.01  20.9    SE   25.7   27.0   27.0  1021.0   0.00    0.0    0.000   0.077   29.9    55   19.9   31.9    9.83   1.1475     351     1    100.0   15 
 3/07/23  15:00   25.2   25.6   24.7    75   20.4    9.7    SSO   2.41  25.7     S   25.2   26.6   26.6  1021.3   0.00    0.0    0.000   0.071   29.7    56   20.0   31.7   10.04   1.1485     350     1    100.0   15 
 3/07/23  15:15   24.4   24.7   24.2    77   20.1    9.7     SO   2.41  22.5   SSO   24.4   25.9   25.9  1020.8   0.00    0.0    0.000   0.064   29.6    57   20.2   31.7   10.24   1.1480     351     1    100.0   15 
 3/07/23  15:30   24.1   24.2   23.9    78   20.0    6.4     SO   1.61  20.9   SSE   24.1   25.4   25.4  1020.7   0.00    0.0    0.000   0.060   29.4    58   20.3   31.4   10.35   1.1486     351     1    100.0   15 
 3/07/23  15:45   23.7   23.9   23.6    82   20.5    6.4    OSO   1.61  20.9    SO   23.7   25.1   25.1  1020.5   0.00    0.0    0.000   0.056   29.2    59   20.3   31.3   10.55   1.1491     349     1    100.0   15 
 3/07/23  16:00   23.3   23.6   23.1    86   20.8    4.8    OSO   1.21  14.5   ONO   23.3   24.5   24.5  1020.2   0.00    0.0    0.000   0.052   29.1    61   20.8   31.4   10.95   1.1485     351     1    100.0   15 
 3/07/23  16:15   23.2   23.3   23.2    86   20.7    4.8    SSO   1.21  12.9    SE   23.2   24.4   24.4  1019.9   0.00    0.0    0.000   0.051   29.0    61   20.7   31.3   10.95   1.1484     351     1    100.0   15 
 3/07/23  16:30   23.6   23.9   23.3    83   20.6    1.6    SSO   0.40   8.0   SSO   23.6   25.0   25.0  1019.8   0.00    0.0    0.000   0.055   28.9    61   20.7   31.2   10.95   1.1486     351     1    100.0   15 
 3/07/23  16:45   24.2   24.5   23.9    78   20.1    0.0      E   0.00   8.0     E   24.2   25.6   25.6  1020.1   0.00    0.0    0.000   0.061   29.0    60   20.4   31.1   10.75   1.1490     351     1    100.0   15 
 3/07/23  17:00   24.9   25.0   24.5    73   19.7    0.0    ESE   0.00   4.8   ESE   24.9   26.1   26.1  1019.9   0.00    0.0    0.000   0.068   29.1    58   20.0   30.9   10.35   1.1495     349     1    100.0   15 
 3/07/23  17:15   24.9   25.2   24.8    75   20.2    3.2     SE   0.80   8.0    SE   24.9   26.3   26.3  1020.1   0.00    0.0    0.000   0.069   29.1    59   20.2   31.1   10.55   1.1493     347     1    100.0   15 
 3/07/23  17:30   24.9   25.2   24.8    73   19.8    3.2    ENE   0.80   9.7   SSE   24.9   26.2   26.2  1020.7   0.00    0.0    0.000   0.069   29.0    58   19.9   30.9   10.35   1.1507     351     1    100.0   15 
 3/07/23  17:45   25.3   25.4   25.2    71   19.7    4.8      S   1.21  12.9     S   25.3   26.5   26.5  1020.8   0.00    0.0    0.000   0.073   29.0    58   19.9   30.9   10.35   1.1508     350     1    100.0   15 
 3/07/23  18:00   25.4   25.6   25.3    72   20.0    6.4      S   1.61  16.1    SO   25.4   26.7   26.7  1021.2   0.00    0.0    0.000   0.074   28.8    58   19.7   30.6   10.35   1.1521     347     1    100.0   15 
 3/07/23  18:15   25.2   25.6   24.8    75   20.4    4.8      S   1.21  16.1     S   25.2   26.6   26.6  1021.0   0.00    0.0    0.000   0.071   28.7    60   20.2   30.6   10.75   1.1517     348     1    100.0   15 
 3/07/23  18:30   24.7   24.8   24.6    77   20.4    3.2    SSO   0.80  11.3     S   24.7   26.1   26.1  1021.2   0.00    0.0    0.000   0.066   28.6    60   20.0   30.3   10.75   1.1527     349     1    100.0   15 
 3/07/23  18:45   24.3   24.6   24.2    77   20.0    1.6     SO   0.40   8.0     O   24.3   25.7   25.7  1021.2   0.00    0.0    0.000   0.063   28.5    60   20.0   30.2   10.75   1.1530     350     1    100.0   15 
 3/07/23  19:00   24.1   24.2   23.9    78   20.0    4.8    SSO   1.21  14.5    SO   24.1   25.4   25.4  1021.3   0.00    0.0    0.000   0.060   28.4    60   19.9   30.1   10.75   1.1534     349     1    100.0   15 
 3/07/23  19:15   23.8   23.9   23.7    79   19.9    4.8    SSO   1.21  12.9   OSO   23.8   25.1   25.1  1021.4   0.00    0.0    0.000   0.057   28.3    61   20.0   29.9   10.95   1.1541     351     1    100.0   15 
 3/07/23  19:30   23.6   23.7   23.4    82   20.3    4.8    SSO   1.21  12.9     S   23.6   24.8   24.8  1021.4   0.00    0.0    0.000   0.054   28.1    62   20.1   29.7   11.10   1.1545     350     1    100.0   15 
 3/07/23  19:45   23.3   23.4   23.1    83   20.2    4.8    SSO   1.21  12.9   OSO   23.3   24.4   24.4  1021.2   0.00    0.0    0.000   0.052   28.0    63   20.3   29.7   11.30   1.1545     351     1    100.0   15 
 3/07/23  20:00   22.9   23.1   22.8    84   20.1    3.2    SSO   0.80  14.5     S   22.9   24.1   24.1  1021.2   0.00    0.0    0.000   0.048   27.8    63   20.1   29.4   11.31   1.1554     350     1    100.0   15 
 3/07/23  20:15   22.7   22.8   22.6    85   20.1    1.6    SSO   0.40   8.0   SSO   22.7   23.9   23.9  1021.0   0.00    0.0    0.000   0.046   27.7    64   20.3   29.3   11.51   1.1553     349     1    100.0   15 
 3/07/23  20:30   22.5   22.6   22.4    86   20.0    1.6    SSO   0.40   9.7     S   22.5   23.6   23.6  1021.1   0.00    0.0    0.000   0.043   27.6    64   20.2   29.2   11.52   1.1559     352     1    100.0   15 
 3/07/23  20:45   22.3   22.4   22.2    88   20.2    3.2    OSO   0.80   8.0    SO   22.3   23.4   23.4  1021.2   0.00    0.0    0.000   0.041   27.5    65   20.3   29.1   11.72   1.1563     351     1    100.0   15 
 3/07/23  21:00   22.1   22.2   22.0    88   20.0    1.6    OSO   0.40   6.4     S   22.1   23.2   23.2  1021.2   0.00    0.0    0.000   0.039   27.4    65   20.3   29.0   11.72   1.1566     351     1    100.0   15 
 3/07/23  21:15   21.9   22.0   21.9    89   20.0    1.6    OSO   0.40   4.8     S   21.9   23.1   23.1  1021.3   0.00    0.0    0.000   0.038   27.3    66   20.4   28.9   11.93   1.1569     351     1    100.0   15 
 3/07/23  21:30   21.8   21.9   21.7    89   19.9    0.0     SO   0.00   4.8    SO   21.8   23.0   23.0  1021.5   0.00    0.0    0.000   0.036   27.2    66   20.3   28.7   11.93   1.1577     352     1    100.0   15 
 3/07/23  21:45   21.6   21.7   21.5    90   19.8    0.0    ONO   0.00   8.0     O   21.6   22.8   22.8  1021.2   0.00    0.0    0.000   0.034   27.2    66   20.3   28.7   11.93   1.1574     351     1    100.0   15 
 3/07/23  22:00   21.5   21.5   21.4    91   20.0    0.0    ONO   0.00   4.8   ONO   21.5   22.7   22.7  1021.2   0.00    0.0    0.000   0.033   27.1    66   20.2   28.6   11.93   1.1580     350     1    100.0   15 
 3/07/23  22:15   21.3   21.4   21.3    91   19.8    0.0    ONO   0.00   1.6   ONO   21.3   22.6   22.6  1021.2   0.00    0.0    0.000   0.031   27.1    66   20.2   28.4   11.94   1.1583     351     1    100.0   15 
 3/07/23  22:30   21.2   21.3   21.1    91   19.7    0.0    SSO   0.00   3.2    SO   21.2   22.4   22.4  1021.3   0.00    0.0    0.000   0.030   27.0    66   20.1   28.4   11.94   1.1587     351     1    100.0   15 
 3/07/23  22:45   21.0   21.1   20.9    92   19.6    0.0      O   0.00   3.2     O   21.0   22.2   22.2  1021.2   0.00    0.0    0.000   0.028   27.0    66   20.1   28.4   11.94   1.1586     352     1    100.0   15 
 3/07/23  23:00   20.9   20.9   20.9    92   19.6    0.0    OSO   0.00   4.8     O   20.9   22.2   22.2  1021.0   0.00    0.0    0.000   0.027   27.1    66   20.2   28.4   11.94   1.1581     351     1    100.0   15 
 3/07/23  23:15   20.9   20.9   20.8    92   19.5    0.0      S   0.00   3.2     S   20.9   22.1   22.1  1020.9   0.00    0.0    0.000   0.027   27.1    65   19.9   28.3   11.74   1.1584     350     1    100.0   15 
 3/07/23  23:30   20.8   20.9   20.7    92   19.4    0.0    OSO   0.00   6.4   SSO   20.8   22.0   22.0  1020.8   0.00    0.0    0.000   0.025   27.1    65   20.0   28.4   11.73   1.1579     350     1    100.0   15 
 3/07/23  23:45   20.6   20.7   20.4    93   19.4    0.0    OSO   0.00   4.8    SO   20.6   21.8   21.8  1020.8   0.00    0.0    0.000   0.023   27.1    65   20.0   28.4   11.73   1.1580     352     1    100.0   15 
 4/07/23  00:00   20.3   20.4   20.3    93   19.2    0.0    ONO   0.00   3.2   ONO   20.3   21.4   21.4  1020.8   0.00    0.0    0.000   0.021   27.1    65   19.9   28.3   11.74   1.1582     350     1    100.0   15 
 4/07/23   0:15   20.4   20.5   20.4    94   19.4    0.0    OSO   0.00   4.8    SO   20.4   21.7   21.7  1020.6   0.00    0.0    0.000   0.022   27.0    65   19.9   28.3   11.74   1.1583     348     1    100.0   15 
 4/07/23   0:30   20.4   20.5   20.4    94   19.4    0.0    ONO   0.00   3.2   ONO   20.4   21.7   21.7  1020.5   0.00    0.0    0.000   0.022   27.0    65   19.9   28.3   11.74   1.1582     351     1    100.0   15 
 4/07/23   0:45   20.3   20.4   20.3    93   19.2    0.0      O   0.00   3.2   ONO   20.3   21.4   21.4  1020.6   0.00    0.0    0.000   0.021   27.0    65   19.9   28.3   11.74   1.1583     349     1    100.0   15 
 4/07/23   1:00   20.3   20.3   20.2    94   19.3    0.0    ONO   0.00   3.2   ONO   20.3   21.4   21.4  1020.6   0.00    0.0    0.000   0.020   26.9    65   19.8   28.2   11.74   1.1586     350     1    100.0   15 
 4/07/23   1:15   20.2   20.2   20.1    94   19.2    0.0    ONO   0.00   3.2   ONO   20.2   21.3   21.3  1020.5   0.00    0.0    0.000   0.019   26.9    65   19.8   28.1   11.74   1.1587     352     1    100.0   15 
 4/07/23   1:30   20.1   20.1   20.1    94   19.1    0.0    ---   0.00   0.0   ---   20.1   21.1   21.1  1020.5   0.00    0.0    0.000   0.018   26.9    65   19.8   28.1   11.74   1.1588     351     1    100.0   15 
 4/07/23   1:45   20.1   20.1   20.1    93   18.9    0.0    ---   0.00   0.0   ---   20.1   21.2   21.2  1020.3   0.00    0.0    0.000   0.019   26.8    64   19.4   27.9   11.54   1.1593     351     1    100.0   15 
 4/07/23   2:00   20.0   20.1   19.9    93   18.8    0.0    ENE   0.00   4.8   ENE   20.0   21.0   21.0  1020.1   0.20    0.0    0.000   0.017   26.8    64   19.4   27.9   11.54   1.1590     351     1    100.0   15 
 4/07/23   2:15   20.0   20.1   19.9    93   18.8    1.6    ENE   0.40   6.4   ENE   20.0   21.0   21.0  1020.2   0.00    0.0    0.000   0.017   26.8    64   19.4   27.9   11.54   1.1592     351     1    100.0   15 
 4/07/23   2:30   20.2   20.2   20.1    93   19.1    1.6    ENE   0.40   8.0   ENE   20.2   21.3   21.3  1020.0   0.00    0.0    0.000   0.020   26.7    64   19.3   27.8   11.55   1.1595     351     1    100.0   15 
 4/07/23   2:45   20.2   20.3   20.2    93   19.1    0.0    ENE   0.00   3.2   ENE   20.2   21.3   21.3  1020.0   0.00    0.0    0.000   0.020   26.7    64   19.3   27.8   11.55   1.1595     351     1    100.0   15 
 4/07/23   3:00   20.2   20.2   20.2    93   19.1    0.0    ENE   0.00   1.6   ENE   20.2   21.3   21.3  1020.1   0.00    0.0    0.000   0.020   26.7    64   19.3   27.7   11.55   1.1599     350     1    100.0   15 
 4/07/23   3:15   20.2   20.2   20.1    93   19.0    0.0    ---   0.00   0.0   ---   20.2   21.2   21.2  1020.0   0.00    0.0    0.000   0.019   26.6    64   19.2   27.6   11.55   1.1601     351     1    100.0   15 
 4/07/23   3:30   20.1   20.1   19.9    93   18.9    0.0    ---   0.00   0.0   ---   20.1   21.1   21.1  1020.2   0.00    0.0    0.000   0.018   26.6    64   19.2   27.6   11.55   1.1603     349     1    100.0   15 
