                 Temp.  Temp.  Temp.  Hum.   Punt   Vel.   Dir.   Rec.  Vel.  Dir.  Sens.   Índ.   Índ.                  Int. Graus D.Graus D.  Temp.  Hum. Rosada  In.Cal.  EMC     Dens.    Mostr   Tx   Recep.  Int.
  Data    Hora    Ext.   Màx.   Mín.  Ext. Rosada   Vent   Vent   Vent  Màx.  Màx.  Tèrm.  Calor   THW    Bar    Pluja   Pluja  Calor    Fred    Int.  Int.   Int.   Int.    Int.  Int.Aire    Vent   Vent   ISS   Arc.
-------------------------------------------------------------------------------------------------------------------------------------------------------------------------------------------------------------------------
12/07/24   0:15   22.5   22.6   22.4    89   20.6    1.6    SSE   0.40   4.8   SSE   22.5   23.8   23.8  1011.6   0.00    0.0    0.000   0.043   29.1    61   20.8   31.4   10.95   1.1385     347     1    100.0   15 
12/07/24   0:30   22.3   22.4   22.3    90   20.6    1.6    SSE   0.40   4.8   SSE   22.3   23.6   23.6  1011.3   0.00    0.0    0.000   0.042   29.0    61   20.7   31.3   10.95   1.1385     352     1    100.0   15 
12/07/24   0:45   22.2   22.3   22.1    90   20.4    1.6    OSO   0.40   3.2   OSO   22.2   23.4   23.4  1011.2   0.00    0.0    0.000   0.040   28.9    62   20.9   31.4   11.07   1.1382     350     1    100.0   15 
12/07/24   1:00   22.1   22.1   22.0    91   20.5    0.0    OSO   0.00   3.2   OSO   22.1   23.3   23.3  1011.2   0.00    0.0    0.000   0.039   28.9    62   20.9   31.3   11.07   1.1385     351     1    100.0   15 
12/07/24   1:15   21.9   22.0   21.9    91   20.4    0.0    OSO   0.00   4.8   OSO   21.9   23.2   23.2  1011.1   0.00    0.0    0.000   0.038   28.8    62   20.8   31.2   11.07   1.1386     350     1    100.0   15 
12/07/24   1:30   21.9   21.9   21.9    92   20.6    0.0    OSO   0.00   3.2   OSO   21.9   23.3   23.3  1011.2   0.00    0.0    0.000   0.038   28.7    62   20.7   30.9   11.08   1.1394     352     1    100.0   15 
12/07/24   1:45   21.9   21.9   21.8    92   20.5    0.0    OSO   0.00   3.2   OSO   21.9   23.2   23.2  1011.1   0.00    0.0    0.000   0.037   28.7    62   20.7   30.8   11.08   1.1395     351     1    100.0   15 
12/07/24   2:00   21.8   21.8   21.8    92   20.5    0.0    OSO   0.00   4.8   OSO   21.8   23.2   23.2  1010.9   0.00    0.0    0.000   0.036   28.6    63   20.9   30.8   11.28   1.1392     348     1    100.0   15 
12/07/24   2:15   21.8   21.8   21.7    92   20.4    0.0     SO   0.00   4.8    SO   21.8   23.1   23.1  1010.9   0.00    0.0    0.000   0.036   28.6    63   20.9   30.8   11.28   1.1392     351     1    100.0   15 
12/07/24   2:30   21.7   21.8   21.6    93   20.5    1.6    OSO   0.40   4.8     S   21.7   23.1   23.1  1010.8   0.00    0.0    0.000   0.035   28.6    63   20.8   30.7   11.28   1.1394     350     1    100.0   15 
12/07/24   2:45   21.6   21.6   21.5    93   20.4    1.6    OSO   0.40   4.8   OSO   21.6   22.9   22.9  1010.8   0.00    0.0    0.000   0.034   28.5    63   20.8   30.6   11.28   1.1397     351     1    100.0   15 
12/07/24   3:00   21.5   21.6   21.4    93   20.3    0.0      O   0.00   4.8   OSO   21.5   22.8   22.8  1010.7   0.00    0.0    0.000   0.033   28.4    64   21.0   30.6   11.49   1.1395     351     1    100.0   15 
12/07/24   3:15   21.4   21.5   21.4    94   20.4    0.0      O   0.00   3.2     O   21.4   22.8   22.8  1010.8   0.00    0.0    0.000   0.032   28.3    64   20.9   30.4   11.49   1.1401     351     1    100.0   15 
12/07/24   3:30   21.4   21.4   21.4    94   20.4    0.0      O   0.00   3.2     O   21.4   22.8   22.8  1011.0   0.00    0.0    0.000   0.032   28.3    64   20.8   30.3   11.49   1.1406     350     1    100.0   15 
12/07/24   3:45   21.4   21.4   21.3    94   20.4    0.0      O   0.00   3.2     O   21.4   22.8   22.8  1010.8   0.00    0.0    0.000   0.032   28.2    64   20.8   30.2   11.49   1.1407     351     1    100.0   15 
12/07/24   4:00   21.3   21.3   21.2    94   20.3    0.0      O   0.00   4.8     O   21.3   22.7   22.7  1010.6   0.00    0.0    0.000   0.031   28.2    64   20.7   30.1   11.50   1.1408     350     1    100.0   15 
12/07/24   4:15   21.2   21.2   21.1    94   20.2    0.0      O   0.00   3.2     O   21.2   22.5   22.5  1010.7   0.00    0.0    0.000   0.030   28.1    64   20.7   30.0   11.50   1.1413     350     1    100.0   15 
12/07/24   4:30   21.1   21.1   20.9    94   20.1    1.6    ONO   0.40   4.8     O   21.1   22.4   22.4  1011.0   0.00    0.0    0.000   0.028   28.1    64   20.6   29.9   11.50   1.1418     350     1    100.0   15 
12/07/24   4:45   20.9   20.9   20.8    94   19.9    3.2      O   0.80   6.4     O   20.9   22.2   22.2  1010.9   0.00    0.0    0.000   0.027   28.0    64   20.6   29.8   11.50   1.1421     351     1    100.0   15 
12/07/24   5:00   20.8   20.9   20.7    94   19.8    3.2    ONO   0.80   8.0   OSO   20.8   22.1   22.1  1011.0   0.00    0.0    0.000   0.025   27.9    64   20.5   29.7   11.50   1.1425     351     1    100.0   15 
12/07/24   5:15   20.8   20.9   20.7    94   19.8    1.6      O   0.40   4.8     O   20.8   22.1   22.1  1011.1   0.00    0.0    0.000   0.026   27.9    64   20.5   29.7   11.50   1.1426     351     1    100.0   15 
12/07/24   5:30   21.1   21.2   20.9    94   20.1    0.0      O   0.00   1.6     O   21.1   22.4   22.4  1011.2   0.00    0.0    0.000   0.028   28.0    64   20.6   29.8   11.50   1.1424     351     1    100.0   15 
12/07/24   5:45   21.3   21.5   21.2    94   20.3    0.0    ENE   0.00   4.8    NO   21.3   22.7   22.7  1011.3   0.00    0.0    0.000   0.031   28.2    63   20.5   30.1   11.29   1.1417     349     1    100.0   15 
12/07/24   6:00   21.5   21.6   21.4    93   20.3    1.6      N   0.40   4.8     N   21.5   22.8   22.8  1011.4   0.00    0.0    0.000   0.033   28.4    63   20.7   30.5   11.29   1.1407     352     1    100.0   15 
12/07/24   6:15   21.7   21.8   21.4    92   20.3    0.0      O   0.00   4.8     N   21.7   23.0   23.0  1011.6   0.00    0.0    0.000   0.035   28.6    62   20.6   30.7   11.08   1.1405     349     1    100.0   15 
12/07/24   6:30   22.2   22.6   21.8    88   20.1    3.2     NE   0.80   8.0   ENE   22.2   23.3   23.3  1011.7   0.00    0.0    0.000   0.041   28.8    61   20.6   31.0   10.95   1.1398     346     1    100.0   15 
12/07/24   6:45   22.9   23.3   22.6    82   19.7    3.2     NE   0.80   8.0    NE   22.9   24.0   24.0  1011.8   0.00    0.0    0.000   0.047   29.0    60   20.4   31.1   10.75   1.1394     350     1    100.0   15 
12/07/24   7:00   23.8   24.2   23.3    75   19.1    3.2     NE   0.80  12.9   ENE   23.8   24.9   24.9  1011.9   0.00    0.0    0.000   0.057   29.2    58   20.1   31.1   10.35   1.1396     352     1    100.0   15 
12/07/24   7:15   24.2   24.3   24.1    73   19.0    6.4    ENE   1.61  14.5   ENE   24.2   25.3   25.3  1011.9   0.00    0.0    0.000   0.061   29.3    56   19.6   31.1   10.05   1.1397     350     1    100.0   15 
12/07/24   7:30   24.5   24.7   24.3    71   18.9    8.0      E   2.01  16.1     E   24.5   25.6   25.6  1011.9   0.00    0.0    0.000   0.064   29.4    56   19.7   31.2   10.05   1.1391     350     1    100.0   15 
12/07/24   7:45   24.7   24.8   24.6    71   19.1    8.0      E   2.01  14.5     E   24.7   25.8   25.8  1012.0   0.00    0.0    0.000   0.067   29.5    55   19.5   31.2    9.85   1.1394     350     1    100.0   15 
12/07/24   8:00   25.1   25.2   24.8    70   19.3    8.0      E   2.01  16.1   ENE   25.1   26.2   26.2  1012.1   0.00    0.0    0.000   0.071   29.6    55   19.6   31.3    9.85   1.1392     352     1    100.0   15 
12/07/24   8:15   25.3   25.4   25.3    69   19.2    9.7    ESE   2.41  22.5     E   25.3   26.3   26.3  1012.1   0.00    0.0    0.000   0.073   29.5    55   19.5   31.2    9.85   1.1395     350     1    100.0   15 
12/07/24   8:30   25.7   25.9   25.4    67   19.1    6.4    ENE   1.61  14.5     E   25.7   26.7   26.7  1012.1   0.00    0.0    0.000   0.077   29.4    55   19.5   31.1    9.85   1.1398     351     1    100.0   15 
12/07/24   8:45   25.9   26.2   25.7    66   19.0    6.4    ENE   1.61  14.5   ENE   25.9   26.8   26.8  1012.1   0.00    0.0    0.000   0.079   29.6    54   19.3   31.1    9.75   1.1397     350     1    100.0   15 
12/07/24   9:00   26.4   26.5   26.2    64   19.0    8.0     SE   2.01  16.1   ENE   26.4   27.3   27.3  1012.0   0.00    0.0    0.000   0.084   29.7    54   19.4   31.3    9.74   1.1390     350     1    100.0   15 
12/07/24   9:15   26.4   26.7   26.3    64   19.1    8.0    ESE   2.01  16.1   ENE   26.4   27.4   27.4  1012.1   0.00    0.0    0.000   0.084   29.7    54   19.4   31.4    9.74   1.1388     352     1    100.0   15 
12/07/24   9:30   26.9   27.2   26.6    63   19.2    6.4    ENE   1.61  20.9     E   26.9   27.9   27.9  1012.0   0.00    0.0    0.000   0.089   29.8    54   19.5   31.5    9.74   1.1384     350     1    100.0   15 
12/07/24   9:45   26.8   26.9   26.5    64   19.4    9.7    ESE   2.41  17.7   ESE   26.8   27.9   27.9  1012.0   0.00    0.0    0.000   0.088   29.8    54   19.5   31.6    9.74   1.1381     351     1    100.0   15 
12/07/24  10:00   26.9   27.0   26.7    65   19.8    9.7    ENE   2.41  20.9     E   26.9   28.1   28.1  1012.0   0.00    0.0    0.000   0.089   29.9    54   19.6   31.8    9.73   1.1375     349     1    100.0   15 
12/07/24  10:15   26.8   27.0   26.7    66   19.9    8.0    ESE   2.01  19.3   ENE   26.8   28.0   28.0  1011.9   0.00    0.0    0.000   0.088   30.0    54   19.7   31.9    9.73   1.1372     350     1    100.0   15 
12/07/24  10:30   26.9   27.2   26.7    67   20.2   11.3      E   2.82  29.0    SE   26.9   28.3   28.3  1012.0   0.00    0.0    0.000   0.089   30.1    55   20.0   32.2    9.83   1.1364     351     1    100.0   15 
12/07/24  10:45   26.8   27.0   26.7    67   20.2    9.7    ESE   2.41  20.9   ESE   26.8   28.2   28.2  1012.0   0.00    0.0    0.000   0.089   30.1    55   20.1   32.3    9.83   1.1361     351     1    100.0   15 
12/07/24  11:00   26.8   26.8   26.7    66   19.9    9.7    ESE   2.41  17.7   ESE   26.8   28.0   28.0  1012.0   0.00    0.0    0.000   0.088   30.2    55   20.1   32.4    9.82   1.1359     351     1    100.0   15 
12/07/24  11:15   27.1   27.5   26.8    64   19.7    9.7    ESE   2.41  20.9     E   27.1   28.3   28.3  1011.9   0.00    0.0    0.000   0.091   30.1    55   20.1   32.3    9.83   1.1361     352     1    100.0   15 
12/07/24  11:30   27.5   27.7   27.3    67   20.8    9.7      E   2.41  22.5   ESE   27.5   29.3   29.3  1011.8   0.00    0.0    0.000   0.095   30.2    56   20.5   32.7   10.02   1.1348     351     1    100.0   15 
12/07/24  11:45   27.2   27.3   27.1    67   20.6    9.7    ENE   2.41  25.7     E   27.2   28.8   28.8  1011.7   0.00    0.0    0.000   0.093   30.3    56   20.6   32.9   10.02   1.1342     351     1    100.0   15 
12/07/24  12:00   27.6   27.7   27.3    67   20.9   12.9    ENE   3.22  27.4   ENE   27.4   29.4   29.2  1011.6   0.00    0.0    0.000   0.096   30.3    56   20.6   32.9   10.02   1.1340     351     1    100.0   15 
12/07/24  12:15   27.6   27.8   27.4    67   20.9   12.9    ENE   3.22  25.7     E   27.4   29.4   29.2  1011.6   0.00    0.0    0.000   0.096   30.4    56   20.7   33.2   10.01   1.1334     350     1    100.0   15 
12/07/24  12:30   27.6   27.9   27.3    67   20.9   11.3    ESE   2.82  25.7   ENE   27.6   29.4   29.4  1011.6   0.00    0.0    0.000   0.096   30.5    56   20.7   33.3   10.01   1.1331     351     1    100.0   15 
12/07/24  12:45   27.4   27.7   27.2    66   20.5   11.3      E   2.82  19.3   ESE   27.4   29.0   29.0  1011.4   0.00    0.0    0.000   0.094   30.4    55   20.3   32.9    9.82   1.1340     351     1    100.0   15 
12/07/24  13:00   27.4   27.6   27.3    66   20.5   11.3      E   2.82  24.1     E   27.4   29.1   29.1  1011.2   0.00    0.0    0.000   0.095   30.4    55   20.4   33.0    9.81   1.1335     351     1    100.0   15 
12/07/24  13:15   27.3   27.4   27.3    65   20.2    8.0    ENE   2.01  17.7   ESE   27.3   28.8   28.8  1011.1   0.00    0.0    0.000   0.094   30.4    55   20.4   33.0    9.81   1.1334     351     1    100.0   15 
12/07/24  13:30   27.3   27.4   27.2    66   20.4    8.0    ESE   2.01  17.7   SSE   27.3   28.9   28.9  1011.2   0.00    0.0    0.000   0.094   30.3    55   20.3   32.8    9.82   1.1341     352     1    100.0   15 
12/07/24  13:45   27.2   27.2   27.1    66   20.3    8.0    ESE   2.01  16.1   ESE   27.2   28.6   28.6  1011.3   0.00    0.0    0.000   0.092   30.3    55   20.3   32.8    9.82   1.1342     351     1    100.0   15 
12/07/24  14:00   27.2   27.2   27.2    66   20.3    8.0      E   2.01  16.1   ESE   27.2   28.7   28.7  1011.0   0.00    0.0    0.000   0.093   30.3    55   20.3   32.8    9.82   1.1339     351     1    100.0   15 
12/07/24  14:15   27.4   27.8   27.2    65   20.2    6.4     SE   1.61  17.7   SSE   27.4   28.9   28.9  1011.1   0.00    0.0    0.000   0.094   30.4    55   20.3   32.9    9.82   1.1337     351     1    100.0   15 
12/07/24  14:30   27.6   27.7   27.4    66   20.6    8.0    SSE   2.01  16.1     S   27.6   29.3   29.3  1010.9   0.00    0.0    0.000   0.096   30.4    55   20.4   33.0    9.81   1.1332     351     1    100.0   15 
12/07/24  14:45   27.9   28.1   27.8    65   20.8    8.0    SSE   2.01  20.9   ESE   27.9   29.8   29.8  1010.9   0.00    0.0    0.000   0.100   30.6    54   20.2   33.1    9.71   1.1331     350     1    100.0   15 
12/07/24  15:00   27.7   27.8   27.6    65   20.5    8.0      S   2.01  17.7   ESE   27.7   29.4   29.4  1011.0   0.00    0.0    0.000   0.098   30.2    49   18.3   31.5    8.85   1.1374     349     1    100.0   15 
12/07/24  15:15   27.7   27.8   27.5    66   20.7    8.0      S   2.01  17.7   ESE   27.7   29.5   29.5  1010.9   0.00    0.0    0.000   0.097   29.6    46   16.8   30.3    8.44   1.1419     351     1    100.0   15 
12/07/24  15:30   27.6   27.6   27.5    67   20.9    8.0    SSE   2.01  22.5   SSE   27.6   29.4   29.4  1010.9   0.00    0.0    0.000   0.096   29.3    47   16.9   30.1    8.55   1.1428     350     1    100.0   15 
12/07/24  15:45   27.7   27.8   27.6    68   21.3    8.0    SSO   2.01  20.9    SO   27.7   29.8   29.8  1010.9   0.00    0.0    0.000   0.098   29.1    46   16.3   29.7    8.45   1.1447     351     1    100.0   15 
12/07/24  16:00   27.7   27.9   27.5    64   20.2    9.7    SSO   2.41  22.5   ESE   27.7   29.3   29.3  1010.9   0.00    0.0    0.000   0.097   28.7    45   15.6   29.2    8.28   1.1471     350     1    100.0   15 
12/07/24  16:15   27.6   27.9   27.4    66   20.7    9.7      S   2.41  19.3   SSE   27.6   29.4   29.4  1011.0   0.00    0.0    0.000   0.097   28.3    43   14.5   28.3    7.99   1.1499     351     1    100.0   15 
12/07/24  16:30   27.5   27.7   27.3    67   20.8    6.4    SSO   1.61  19.3     O   27.5   29.3   29.3  1010.9   0.00    0.0    0.000   0.095   27.8    43   14.1   27.7    8.01   1.1521     351     1    100.0   15 
12/07/24  16:45   27.2   27.3   27.1    66   20.3    8.0      S   2.01  20.9    SO   27.2   28.6   28.6  1010.9   0.00    0.0    0.000   0.092   27.7    43   14.0   27.4    8.01   1.1528     352     1    100.0   15 
12/07/24  17:00   26.9   27.1   26.8    67   20.3    8.0      S   2.01  17.7    SO   26.9   28.4   28.4  1010.9   0.00    0.0    0.000   0.090   27.6    42   13.5   27.3    7.85   1.1536     350     1    100.0   15 
12/07/24  17:15   26.9   27.0   26.8    68   20.5    8.0    SSO   2.01  17.7     S   26.9   28.4   28.4  1010.9   0.00    0.0    0.000   0.089   27.6    45   14.6   27.4    8.32   1.1525     351     1    100.0   15 
12/07/24  17:30   26.7   27.0   26.4    69   20.5    6.4      S   1.61  17.7     S   26.7   28.1   28.1  1011.1   0.00    0.0    0.000   0.087   27.7    45   14.7   27.7    8.31   1.1520     351     1    100.0   15 
12/07/24  17:45   26.3   26.4   26.1    69   20.2    8.0      S   2.01  16.1     S   26.3   27.6   27.6  1011.2   0.00    0.0    0.000   0.083   27.9    47   15.5   28.1    8.61   1.1504     352     1    100.0   15 
12/07/24  18:00   25.9   26.1   25.8    69   19.8    8.0      S   2.01  17.7    SE   25.9   27.1   27.1  1011.3   0.00    0.0    0.000   0.079   28.1    49   16.3   28.5    8.90   1.1488     351     1    100.0   15 
12/07/24  18:15   25.7   25.9   25.6    70   19.8    8.0      S   2.01  16.1     S   25.7   26.9   26.9  1011.4   0.00    0.0    0.000   0.077   28.1    51   17.0   28.7    9.30   1.1477     350     1    100.0   15 
12/07/24  18:30   25.5   25.6   25.4    72   20.1    6.4      S   1.61  17.7     S   25.5   26.7   26.7  1011.5   0.00    0.0    0.000   0.075   28.1    51   17.0   28.7    9.30   1.1481     351     1    100.0   15 
12/07/24  18:45   25.2   25.4   24.8    74   20.2    6.4    SSO   1.61  16.1     S   25.2   26.5   26.5  1011.6   0.00    0.0    0.000   0.071   28.1    52   17.3   28.7    9.40   1.1478     348     1    100.0   15 
12/07/24  19:00   24.5   24.8   24.3    77   20.2    6.4     SO   1.61  14.5   SSO   24.5   25.9   25.9  1011.7   0.00    0.0    0.000   0.064   28.0    52   17.2   28.6    9.40   1.1482     352     1    100.0   15 
12/07/24  19:15   24.2   24.3   24.2    78   20.1    4.8    SSO   1.21  12.9     S   24.2   25.7   25.7  1011.8   0.00    0.0    0.000   0.061   28.1    54   17.9   28.9    9.75   1.1472     351     1    100.0   15 
12/07/24  19:30   24.0   24.2   23.9    78   19.9    4.8    SSO   1.21  12.9     S   24.0   25.3   25.3  1012.0   0.00    0.0    0.000   0.059   28.1    54   17.9   29.0    9.75   1.1471     350     1    100.0   15 
12/07/24  19:45   23.7   23.9   23.4    79   19.9    4.8     SO   1.21  14.5     S   23.7   25.0   25.0  1012.1   0.00    0.0    0.000   0.056   28.1    55   18.2   29.1    9.85   1.1468     351     1    100.0   15 
12/07/24  20:00   23.3   23.4   23.1    81   19.8    4.8    SSO   1.21  11.3     S   23.3   24.4   24.4  1012.2   0.00    0.0    0.000   0.052   28.1    55   18.2   29.1    9.85   1.1469     352     1    100.0   15 
12/07/24  20:15   23.0   23.1   22.9    82   19.8    3.2      S   0.80   9.7   SSO   23.0   24.1   24.1  1012.4   0.00    0.0    0.000   0.049   28.1    55   18.2   29.0    9.85   1.1475     350     1    100.0   15 
12/07/24  20:30   22.8   22.9   22.7    83   19.7    3.2    SSO   0.80   8.0   SSO   22.8   23.9   23.9  1012.5   0.00    0.0    0.000   0.046   28.0    55   18.1   28.9    9.85   1.1479     349     1    100.0   15 
12/07/24  20:45   22.6   22.7   22.4    84   19.7    1.6    SSO   0.40   6.4   SSO   22.6   23.6   23.6  1012.8   0.00    0.0    0.000   0.044   27.9    55   18.1   28.8    9.85   1.1484     348     1    100.0   15 
12/07/24  21:00   22.4   22.5   22.3    85   19.8    1.6    SSO   0.40   6.4   SSO   22.4   23.5   23.5  1012.8   0.00    0.0    0.000   0.043   27.9    55   18.0   28.7    9.85   1.1488     351     1    100.0   15 
12/07/24  21:15   22.3   22.3   22.2    86   19.9    1.6    SSO   0.40  11.3   SSO   22.3   23.4   23.4  1012.9   0.00    0.0    0.000   0.042   27.9    56   18.3   28.8   10.05   1.1485     352     1    100.0   15 
12/07/24  21:30   22.2   22.3   22.1    87   19.9    3.2     SO   0.80   9.7   SSO   22.2   23.3   23.3  1013.0   0.00    0.0    0.000   0.040   27.8    56   18.2   28.7   10.05   1.1488     348     1    100.0   15 
12/07/24  21:45   22.1   22.1   22.0    88   20.0    4.8    SSO   1.21  11.3   SSO   22.1   23.2   23.2  1013.0   0.00    0.0    0.000   0.039   27.7    56   18.1   28.6   10.05   1.1494     351     1    100.0   15 
12/07/24  22:00   21.9   22.0   21.8    88   19.9    3.2     SO   0.80   8.0   SSO   21.9   23.1   23.1  1013.1   0.00    0.0    0.000   0.038   27.7    56   18.1   28.6   10.05   1.1495     351     1    100.0   15 
12/07/24  22:15   21.7   21.8   21.7    88   19.6    3.2    OSO   0.80   6.4   OSO   21.7   22.8   22.8  1013.1   0.00    0.0    0.000   0.035   27.7    58   18.7   28.7   10.35   1.1487     350     1    100.0   15 
12/07/24  22:30   21.6   21.6   21.6    89   19.7    3.2    SSO   0.80   9.7    SO   21.6   22.8   22.8  1013.1   0.00    0.0    0.000   0.034   27.8    60   19.3   29.0   10.75   1.1476     351     1    100.0   15 
12/07/24  22:45   21.5   21.6   21.3    89   19.6    3.2    OSO   0.80   6.4   SSO   21.5   22.7   22.7  1013.2   0.00    0.0    0.000   0.033   27.8    60   19.3   29.0   10.75   1.1477     351     1    100.0   15 
12/07/24  23:00   21.3   21.3   21.2    90   19.6    3.2    OSO   0.80   8.0   OSO   21.3   22.4   22.4  1013.2   0.00    0.0    0.000   0.031   27.8    61   19.6   29.1   10.95   1.1473     351     1    100.0   15 
12/07/24  23:15   21.2   21.3   21.2    90   19.5    1.6      O   0.40   6.4   OSO   21.2   22.3   22.3  1013.2   0.00    0.0    0.000   0.030   27.7    61   19.5   29.0   10.95   1.1475     351     1    100.0   15 
12/07/24  23:30   21.2   21.2   21.1    91   19.6    1.6    OSO   0.40   6.4   OSO   21.2   22.3   22.3  1013.2   0.00    0.0    0.000   0.030   27.7    62   19.8   29.1   11.11   1.1471     350     1    100.0   15 
12/07/24  23:45   21.1   21.1   21.1    91   19.6    0.0     SO   0.00   4.8    SO   21.1   22.3   22.3  1013.1   0.00    0.0    0.000   0.029   27.7    62   19.7   29.1   11.11   1.1473     349     1    100.0   15 
13/07/24  00:00   21.1   21.1   21.1    91   19.6    0.0     SO   0.00   1.6    SO   21.1   22.3   22.3  1013.0   0.00    0.0    0.000   0.029   27.7    62   19.7   29.1   11.11   1.1472     351     1    100.0   15 
13/07/24   0:15   21.2   21.2   21.1    91   19.6    0.0     SO   0.00   1.6    SO   21.2   22.3   22.3  1012.9   0.00    0.0    0.000   0.030   27.6    62   19.7   28.9   11.12   1.1474     348     1    100.0   15 
13/07/24   0:30   21.2   21.2   21.2    91   19.6    0.0    ---   0.00   0.0   ---   21.2   22.3   22.3  1012.9   0.00    0.0    0.000   0.030   27.6    62   19.7   28.9   11.12   1.1473     351     1    100.0   15 
13/07/24   0:45   21.1   21.2   21.1    91   19.6    0.0     SO   0.00   1.6    SO   21.1   22.3   22.3  1012.7   0.00    0.0    0.000   0.029   27.6    62   19.7   28.9   11.12   1.1471     350     1    100.0   15 
13/07/24   1:00   20.9   21.1   20.9    91   19.4    0.0      O   0.00   8.0     O   20.9   22.1   22.1  1012.7   0.00    0.0    0.000   0.027   27.6    62   19.6   28.9   11.12   1.1474     350     1    100.0   15 
13/07/24   1:15   20.9   20.9   20.8    91   19.4    1.6      O   0.40   6.4   OSO   20.9   22.1   22.1  1012.7   0.00    0.0    0.000   0.027   27.5    62   19.6   28.8   11.12   1.1477     350     1    100.0   15 
13/07/24   1:30   20.8   20.9   20.8    91   19.3    0.0    ONO   0.00   4.8     O   20.8   22.0   22.0  1012.6   0.00    0.0    0.000   0.026   27.5    62   19.6   28.8   11.12   1.1476     351     1    100.0   15 
13/07/24   1:45   20.8   20.8   20.8    91   19.3    0.0    ONO   0.00   3.2   ONO   20.8   22.0   22.0  1012.4   0.00    0.0    0.000   0.026   27.4    62   19.5   28.7   11.12   1.1477     352     1    100.0   15 
13/07/24   2:00   20.7   20.8   20.7    90   19.0    0.0    ONO   0.00   4.8   ONO   20.7   21.8   21.8  1012.3   0.00    0.0    0.000   0.025   27.4    62   19.5   28.6   11.12   1.1479     351     1    100.0   15 
13/07/24   2:15   20.7   20.7   20.6    90   19.0    0.0    ---   0.00   0.0   ---   20.7   21.8   21.8  1012.2   0.00    0.0    0.000   0.024   27.3    62   19.4   28.5   11.13   1.1480     350     1    100.0   15 
13/07/24   2:30   20.6   20.6   20.6    90   18.9    0.0    ---   0.00   0.0   ---   20.6   21.7   21.7  1012.2   0.00    0.0    0.000   0.023   27.3    62   19.4   28.5   11.13   1.1480     351     1    100.0   15 
13/07/24   2:45   20.6   20.6   20.6    90   18.9    0.0    ---   0.00   0.0   ---   20.6   21.7   21.7  1012.2   0.00    0.0    0.000   0.023   27.3    62   19.4   28.4   11.13   1.1483     350     1    100.0   15 
13/07/24   3:00   20.5   20.6   20.4    90   18.8    0.0    ONO   0.00   1.6   ONO   20.5   21.6   21.6  1012.1   0.00    0.0    0.000   0.023   27.2    62   19.3   28.3   11.13   1.1485     351     1    100.0   15 
13/07/24   3:15   20.4   20.4   20.4    90   18.7    0.0    ONO   0.00   1.6   ONO   20.4   21.4   21.4  1012.1   0.00    0.0    0.000   0.021   27.2    62   19.3   28.3   11.13   1.1485     351     1    100.0   15 
