                 Temp.  Temp.  Temp.  Hum.   Punt   Vel.   Dir.   Rec.  Vel.  Dir.  Sens.   Índ.   Índ.                  Int. Graus D.Graus D.  Temp.  Hum. Rosada  In.Cal.  EMC     Dens.    Mostr   Tx   Recep.  Int.
  Data    Hora    Ext.   Màx.   Mín.  Ext. Rosada   Vent   Vent   Vent  Màx.  Màx.  Tèrm.  Calor   THW    Bar    Pluja   Pluja  Calor    Fred    Int.  Int.   Int.   Int.    Int.  Int.Aire    Vent   Vent   ISS   Arc.
-------------------------------------------------------------------------------------------------------------------------------------------------------------------------------------------------------------------------
21/07/24   0:15   23.2   23.3   23.2    91   21.7    1.6     SO   0.40   4.8    SO   23.2   24.6   24.6  1004.8   0.00    0.0    0.000   0.051   28.9    56   19.3   30.6   10.05   1.1335     349     1    100.0   15 
21/07/24   0:30   23.2   23.2   23.2    91   21.6    1.6    ONO   0.40   4.8   ONO   23.2   24.6   24.6  1004.8   0.00    0.0    0.000   0.050   29.0    59   20.2   31.0   10.55   1.1319     351     1    100.0   15 
21/07/24   0:45   23.1   23.2   23.0    92   21.7    0.0    ONO   0.00   3.2   ONO   23.1   24.6   24.6  1004.6   0.00    0.0    0.000   0.050   29.0    60   20.4   31.1   10.75   1.1312     351     1    100.0   15 
21/07/24   1:00   23.1   23.1   23.0    92   21.7    0.0    ONO   0.00   3.2   ONO   23.1   24.5   24.5  1004.4   0.00    0.0    0.000   0.049   29.0    61   20.7   31.3   10.95   1.1305     351     1    100.0   15 
21/07/24   1:15   23.0   23.1   22.9    92   21.6    1.6    ONO   0.40   3.2   ONO   23.0   24.4   24.4  1004.2   0.00    0.0    0.000   0.049   29.0    62   21.0   31.5   11.07   1.1299     350     1    100.0   15 
21/07/24   1:30   22.9   22.9   22.8    92   21.5    0.0    ONO   0.00   1.6   ONO   22.9   24.3   24.3  1004.1   0.00    0.0    0.000   0.047   28.9    62   20.9   31.4   11.07   1.1300     352     2    100.0   15 
21/07/24   1:45   22.8   22.8   22.8    92   21.5    0.0    ONO   0.00   1.6   ONO   22.8   24.3   24.3  1004.3   0.00    0.0    0.000   0.047   28.9    62   20.9   31.4   11.07   1.1303     351     1    100.0   15 
21/07/24   2:00   22.8   22.8   22.7    92   21.4    1.6    ENE   0.40   4.8   ENE   22.8   24.2   24.2  1004.6   0.00    0.0    0.000   0.046   28.9    63   21.2   31.6   11.27   1.1301     350     1    100.0   15 
21/07/24   2:15   22.5   22.7   22.4    93   21.3    1.6    ENE   0.40   6.4   ENE   22.5   23.9   23.9  1004.6   0.00    0.0    0.000   0.043   28.9    63   21.1   31.4   11.27   1.1305     349     1    100.0   15 
21/07/24   2:30   22.4   22.4   22.4    93   21.2    1.6    ENE   0.40   3.2   ENE   22.4   23.8   23.8  1004.7   0.00    0.0    0.000   0.042   28.8    63   21.1   31.3   11.27   1.1309     351     1    100.0   15 
21/07/24   2:45   22.5   22.6   22.4    93   21.3    0.0    ENE   0.00   3.2   ENE   22.5   23.9   23.9  1004.6   0.00    0.0    0.000   0.043   28.8    63   21.1   31.3   11.27   1.1308     352     1    100.0   15 
21/07/24   3:00   22.3   22.5   22.2    92   21.0    1.6    ENE   0.40   4.8   ENE   22.3   23.7   23.7  1004.6   0.00    0.0    0.000   0.042   28.8    63   21.0   31.2   11.27   1.1310     351     1    100.0   15 
21/07/24   3:15   22.2   22.2   22.1    93   21.0    1.6    NNO   0.40   4.8   NNO   22.2   23.6   23.6  1004.6   0.00    0.0    0.000   0.040   28.7    64   21.2   31.2   11.48   1.1309     351     1    100.0   15 
21/07/24   3:30   22.2   22.2   22.1    93   21.0    1.6    NNO   0.40   3.2   NNO   22.2   23.6   23.6  1004.7   0.00    0.0    0.000   0.040   28.7    64   21.2   31.1   11.48   1.1313     351     1    100.0   15 
21/07/24   3:45   22.3   22.3   22.2    93   21.1    0.0    NNO   0.00   4.8   NNO   22.3   23.7   23.7  1004.8   0.00    0.0    0.000   0.041   28.6    64   21.1   31.0   11.48   1.1317     351     1    100.0   15 
21/07/24   4:00   22.2   22.3   22.1    93   21.0    1.6    NNO   0.40   4.8   NNO   22.2   23.6   23.6  1004.9   0.00    0.0    0.000   0.040   28.6    64   21.1   30.9   11.48   1.1322     351     1    100.0   15 
21/07/24   4:15   22.1   22.3   22.1    93   20.9    1.6     NE   0.40   8.0     E   22.1   23.5   23.5  1005.1   0.00    0.0    0.000   0.039   28.6    64   21.1   30.9   11.48   1.1323     349     1    100.0   15 
21/07/24   4:30   22.1   22.3   21.8    93   20.9    3.2     NO   0.80  11.3   ENE   22.1   23.5   23.5  1005.5   0.00    0.0    0.000   0.039   28.5    64   21.0   30.7   11.48   1.1331     350     1    100.0   15 
21/07/24   4:45   22.2   22.3   22.0    92   20.8    1.6    NNO   0.40   6.4    NO   22.2   23.5   23.5  1005.6   0.00    0.0    0.000   0.040   28.4    64   21.0   30.6   11.49   1.1335     350     1    100.0   15 
21/07/24   5:00   22.3   22.5   22.3    92   21.0    1.6    NNO   0.40   8.0    NE   22.3   23.7   23.7  1005.7   0.00    0.0    0.000   0.042   28.4    64   20.9   30.5   11.49   1.1339     350     1    100.0   15 
21/07/24   5:15   22.7   23.0   22.4    89   20.8    1.6     NE   0.40   9.7    NE   22.7   24.1   24.1  1005.9   0.00    0.0    0.000   0.046   28.4    63   20.7   30.3   11.29   1.1347     350     1    100.0   15 
21/07/24   5:30   23.2   23.4   23.0    85   20.6    3.2    ENE   0.80  12.9   ENE   23.2   24.4   24.4  1006.0   0.00    0.0    0.000   0.051   28.4    63   20.7   30.3   11.29   1.1348     351     1    100.0   15 
21/07/24   5:45   23.7   23.8   23.4    83   20.7    3.2    ENE   0.80   8.0     E   23.7   25.2   25.2  1006.4   0.00    0.0    0.000   0.056   28.4    63   20.7   30.5   11.29   1.1349     351     1    100.0   15 
21/07/24   6:00   24.0   24.1   23.8    82   20.7    6.4    ENE   1.61  12.9   ENE   24.0   25.6   25.6  1006.7   0.00    0.0    0.000   0.059   28.4    62   20.5   30.3   11.09   1.1357     352     1    100.0   15 
21/07/24   6:15   24.1   24.1   24.0    82   20.8    4.8    ENE   1.21  14.5   ENE   24.1   25.6   25.6  1007.0   0.00    0.0    0.000   0.060   28.5    62   20.5   30.4   11.08   1.1357     347     1    100.0   15 
21/07/24   6:30   24.1   24.2   24.1    82   20.8    1.6      E   0.40   9.7     E   24.1   25.7   25.7  1007.1   0.00    0.0    0.000   0.060   28.5    62   20.5   30.4   11.08   1.1358     350     1    100.0   15 
21/07/24   6:45   23.9   24.2   23.6    75   19.2    1.6      O   0.40   9.7     O   23.9   25.1   25.1  1006.9   0.00    0.0    0.000   0.058   28.5    61   20.2   30.3   10.95   1.1361     350     1    100.0   15 
21/07/24   7:00   23.3   23.5   23.2    73   18.2    3.2      O   0.80   8.0     O   23.3   24.2   24.2  1007.1   0.00    0.0    0.000   0.052   28.4    59   19.7   29.9   10.55   1.1375     350     1    100.0   15 
21/07/24   7:15   23.6   24.0   23.3    68   17.4    4.8      O   1.21  16.1     O   23.6   24.4   24.4  1007.0   0.00    0.0    0.000   0.055   28.4    56   18.8   29.7   10.05   1.1387     351     1    100.0   15 
21/07/24   7:30   24.3   24.6   24.0    65   17.3    6.4      O   1.61  20.9   ONO   24.3   25.0   25.0  1007.0   0.00    0.0    0.000   0.063   28.7    54   18.4   29.9    9.75   1.1384     351     1    100.0   15 
21/07/24   7:45   24.5   24.7   24.4    62   16.7    8.0      O   2.01  24.1     O   24.5   25.0   25.0  1007.0   0.00    0.0    0.000   0.064   29.0    52   18.1   30.2    9.37   1.1377     338     1     98.8   15 
21/07/24   8:00   25.2   25.6   24.7    58   16.4    8.0      O   2.01  22.5     O   25.2   25.6   25.6  1007.1   0.00    0.0    0.000   0.072   29.4    50   17.9   30.4    9.05   1.1364     352     1    100.0   15 
21/07/24   8:15   25.6   25.8   25.4    56   16.1    9.7      O   2.41  25.7   OSO   25.6   25.9   25.9  1007.1   0.00    0.0    0.000   0.075   29.8    49   18.0   30.9    8.85   1.1350     349     1    100.0   15 
21/07/24   8:30   26.3   26.7   25.8    53   15.9    6.4    OSO   1.61  20.9     O   26.3   26.5   26.5  1007.3   0.00    0.0    0.000   0.083   30.2    47   17.7   31.2    8.52   1.1341     351     1    100.0   15 
21/07/24   8:45   26.6   26.8   26.4    52   15.9    8.0      O   2.01  19.3     O   26.6   26.8   26.8  1007.5   0.00    0.0    0.000   0.086   30.5    46   17.6   31.5    8.41   1.1334     351     1    100.0   15 
21/07/24   9:00   27.0   27.3   26.7    49   15.4    6.4      O   1.61  16.1     O   27.0   27.0   27.0  1007.7   0.00    0.0    0.000   0.090   30.7    44   17.1   31.5    8.10   1.1335     351     1    100.0   15 
21/07/24   9:15   27.5   27.7   27.3    47   15.2    6.4    SSO   1.61  16.1    SO   27.5   27.5   27.5  1007.8   0.00    0.0    0.000   0.095   30.8    42   16.4   31.3    7.80   1.1341     352     1    100.0   15 
21/07/24   9:30   27.9   28.2   27.6    45   14.9    4.8      O   1.21  14.5   OSO   27.9   27.9   27.9  1007.8   0.00    0.0    0.000   0.100   30.9    42   16.5   31.3    7.80   1.1339     351     1    100.0   15 
21/07/24   9:45   28.4   28.6   28.2    44   15.0    6.4    SSO   1.61  19.3   SSO   28.4   28.7   28.7  1008.1   0.00    0.0    0.000   0.105   30.9    42   16.5   31.4    7.80   1.1339     351     1    100.0   15 
21/07/24  10:00   28.4   28.6   28.4    43   14.7    4.8    OSO   1.21  16.1   ESE   28.4   28.6   28.6  1008.2   0.00    0.0    0.000   0.105   31.0    41   16.2   31.3    7.65   1.1343     350     1    100.0   15 
21/07/24  10:15   28.6   28.7   28.5    41   14.1    4.8      O   1.21  19.3    SO   28.6   28.7   28.7  1008.4   0.00    0.0    0.000   0.107   31.1    40   15.9   31.2    7.49   1.1345     349     1    100.0   15 
21/07/24  10:30   28.7   28.9   28.2    36   12.1    6.4      O   1.61  17.7   OSO   28.7   28.3   28.3  1008.5   0.00    0.0    0.000   0.108   31.2    37   14.8   30.8    6.99   1.1359     350     1    100.0   15 
21/07/24  10:45   27.8   28.2   27.7    36   11.4    6.4      O   1.61  19.3   OSO   27.8   27.2   27.2  1008.7   0.00    0.0    0.000   0.099   31.0    38   15.0   30.8    7.19   1.1364     349     1    100.0   15 
21/07/24  11:00   27.9   28.0   27.7    34   10.6    6.4      O   1.61  19.3    SO   27.9   27.1   27.1  1008.7   0.00    0.0    0.000   0.100   30.4    39   14.9   30.5    7.31   1.1387     351     1    100.0   15 
21/07/24  11:15   28.6   28.9   27.9    33   10.8    6.4      O   1.61  20.9     O   28.6   27.9   27.9  1008.7   0.00    0.0    0.000   0.107   30.1    39   14.6   30.1    7.33   1.1405     352     1    100.0   15 
21/07/24  11:30   29.4   29.7   28.7    29    9.5    6.4    OSO   1.61  20.9   OSO   29.4   28.3   28.3  1008.7   0.00    0.0    0.000   0.115   29.8    38   14.0   29.7    7.24   1.1420     351     1    100.0   15 
21/07/24  11:45   29.2   29.4   28.6    47   16.7    6.4    OSO   1.61  20.9   OSO   29.2   29.9   29.9  1008.9   0.00    0.0    0.000   0.113   29.6    38   13.8   29.5    7.24   1.1433     351     1    100.0   15 
21/07/24  12:00   28.1   28.5   27.8    48   16.0    6.4      O   1.61  17.7     O   28.1   28.4   28.4  1008.8   0.00    0.0    0.000   0.101   29.5    39   14.1   29.4    7.35   1.1433     351     1    100.0   15 
21/07/24  12:15   28.6   29.2   28.2    45   15.5    4.8    SSO   1.21  14.5   SSE   28.6   28.9   28.9  1008.4   0.00    0.0    0.000   0.106   29.3    40   14.3   29.4    7.55   1.1432     351     1    100.0   15 
21/07/24  12:30   28.9   29.3   28.5    51   17.8   11.3      S   2.82  20.9    SO   28.9   30.1   30.1  1008.5   0.00    0.0    0.000   0.111   29.3    40   14.3   29.4    7.55   1.1435     352     1    100.0   15 
21/07/24  12:45   28.5   28.7   28.3    43   14.7    8.0      S   2.01  19.3     S   28.5   28.7   28.7  1008.3   0.00    0.0    0.000   0.106   29.2    40   14.2   29.3    7.55   1.1436     349     1    100.0   15 
21/07/24  13:00   29.1   29.6   28.5    47   16.6    9.7      S   2.41  27.4    SO   29.1   29.8   29.8  1008.5   0.00    0.0    0.000   0.112   29.1    40   14.1   29.2    7.55   1.1443     350     1    100.0   15 
21/07/24  13:15   29.2   29.6   28.4    47   16.7   12.9      S   3.22  29.0     S   29.1   29.9   29.8  1008.7   0.00    0.0    0.000   0.113   29.0    41   14.4   29.2    7.67   1.1447     348     1    100.0   15 
21/07/24  13:30   28.6   28.8   28.4    44   15.2   11.3      S   2.82  29.0     S   28.6   28.9   28.9  1008.6   0.00    0.0    0.000   0.107   29.0    41   14.4   29.2    7.67   1.1446     344     1    100.0   15 
21/07/24  13:45   29.0   29.2   28.8    43   15.2   11.3      S   2.82  25.7     S   29.0   29.4   29.4  1008.6   0.00    0.0    0.000   0.111   28.9    41   14.4   29.2    7.67   1.1449     350     1    100.0   15 
21/07/24  14:00   29.2   29.3   28.8    41   14.6   11.3      S   2.82  27.4     S   29.2   29.4   29.4  1008.8   0.00    0.0    0.000   0.113   28.9    41   14.3   29.2    7.67   1.1453     351     1    100.0   15 
21/07/24  14:15   29.1   29.5   28.7    39   13.7    8.0      S   2.01  19.3     S   29.1   29.1   29.1  1008.9   0.00    0.0    0.000   0.112   28.9    41   14.3   29.2    7.67   1.1454     351     1    100.0   15 
21/07/24  14:30   29.6   29.7   29.4    36   12.9    6.4    SSE   1.61  19.3   SSE   29.6   29.2   29.2  1008.9   0.00    0.0    0.000   0.117   28.9    40   13.9   29.1    7.55   1.1459     346     1    100.0   15 
21/07/24  14:45   29.7   29.9   29.4    32   11.3    8.0    SSE   2.01  22.5   ESE   29.7   29.0   29.0  1008.8   0.00    0.0    0.000   0.119   28.9    40   13.9   29.1    7.55   1.1458     339     1     99.1   15 
21/07/24  15:00   30.3   30.5   30.0    28    9.8    9.7    SSO   2.41  22.5     S   30.3   29.2   29.2  1009.1   0.00    0.0    0.000   0.125   28.8    40   13.9   28.9    7.55   1.1464     339     1     99.1   15 
21/07/24  15:15   30.7   30.8   30.4    27    9.5    6.4    SSO   1.61  17.7    SO   30.7   29.3   29.3  1009.3   0.00    0.0    0.000   0.128   28.8    40   13.8   28.9    7.55   1.1469     326     1     95.3   15 
21/07/24  15:30   31.3   31.6   30.9    27   10.0    6.4      O   1.61  19.3   OSO   31.3   29.8   29.8  1009.4   0.00    0.0    0.000   0.135   28.7    40   13.8   28.8    7.55   1.1472     330     1     96.5   15 
21/07/24  15:45   31.5   31.6   31.3    24    8.5    6.4      O   1.61  24.1     O   31.5   29.7   29.7  1009.4   0.00    0.0    0.000   0.137   28.7    39   13.4   28.7    7.38   1.1477     352     1    100.0   15 
21/07/24  16:00   31.0   31.3   30.7    25    8.7    8.0      O   2.01  20.9    NO   31.0   29.3   29.3  1009.5   0.00    0.0    0.000   0.132   28.7    39   13.4   28.7    7.38   1.1478     350     1    100.0   15 
21/07/24  16:15   30.4   30.7   30.3    26    8.7    6.4     NO   1.61  19.3   OSO   30.4   29.0   29.0  1009.6   0.00    0.0    0.000   0.126   28.7    39   13.4   28.7    7.38   1.1480     351     1    100.0   15 
21/07/24  16:30   30.7   30.9   30.3    28   10.1    4.8    OSO   1.21  12.9     O   30.7   29.4   29.4  1009.6   0.00    0.0    0.000   0.128   28.7    39   13.4   28.7    7.38   1.1479     350     1    100.0   15 
21/07/24  16:45   30.4   30.8   30.1    28    9.9    3.2     NO   0.80  14.5     O   30.4   29.3   29.3  1009.8   0.00    0.0    0.000   0.126   28.7    39   13.4   28.7    7.38   1.1482     351     1    100.0   15 
21/07/24  17:00   30.3   30.4   30.1    35   13.2    3.2     NO   0.80  12.9     E   30.3   29.9   29.9  1010.0   0.00    0.0    0.000   0.125   28.7    39   13.3   28.6    7.38   1.1487     350     1    100.0   15 
21/07/24  17:15   29.8   30.3   29.3    37   13.6    6.4    ENE   1.61  16.1   ENE   29.8   29.6   29.6  1010.1   0.00    0.0    0.000   0.120   28.7    39   13.3   28.6    7.38   1.1488     350     1    100.0   15 
21/07/24  17:30   28.8   29.3   28.3    36   12.2   12.9    ENE   3.22  24.1   ENE   28.6   28.4   28.3  1010.4   0.00    0.0    0.000   0.109   28.6    39   13.2   28.4    7.38   1.1497     351     1    100.0   15 
21/07/24  17:45   28.2   28.3   28.2    35   11.3    9.7     NE   2.41  19.3   ENE   28.2   27.6   27.6  1010.5   0.00    0.0    0.000   0.103   28.5    39   13.2   28.3    7.38   1.1501     351     1    100.0   15 
21/07/24  18:00   28.1   28.2   27.8    38   12.4    9.7     NE   2.41  17.7   ENE   28.1   27.6   27.6  1010.8   0.00    0.0    0.000   0.101   28.4    39   13.1   28.2    7.39   1.1510     352     1    100.0   15 
21/07/24  18:15   27.6   27.9   27.3    39   12.4   11.3    ENE   2.82  22.5   ENE   27.6   27.1   27.1  1011.0   0.00    0.0    0.000   0.096   28.3    39   13.0   28.0    7.39   1.1518     351     1    100.0   15 
21/07/24  18:30   26.9   27.3   26.6    43   13.3    9.7     NE   2.41  25.7   ESE   26.9   26.6   26.6  1011.1   0.00    0.0    0.000   0.090   28.2    40   13.3   27.9    7.55   1.1519     351     1    100.0   15 
21/07/24  18:45   26.3   26.6   26.1    45   13.4    8.0      E   2.01  17.7   ENE   26.3   26.2   26.2  1011.3   0.00    0.0    0.000   0.083   28.1    42   14.0   28.0    7.85   1.1516     351     1    100.0   15 
21/07/24  19:00   25.8   26.1   25.3    56   16.3   11.3    ENE   2.82  29.0     E   25.8   26.1   26.1  1011.7   0.00    0.0    0.000   0.078   28.1    44   14.7   28.2    8.15   1.1512     351     1    100.0   15 
21/07/24  19:15   24.6   25.3   24.1    67   18.0   14.5    ENE   3.62  29.0   ESE   23.8   25.4   24.7  1012.0   0.00    0.0    0.000   0.065   28.2    48   16.1   28.6    8.80   1.1495     349     1    100.0   15 
21/07/24  19:30   23.8   24.1   23.7    70   18.0   11.3      E   2.82  24.1     E   23.8   24.8   24.8  1012.3   0.00    0.0    0.000   0.057   28.3    51   17.2   29.0    9.29   1.1480     351     1    100.0   15 
21/07/24  19:45   23.4   23.7   23.2    75   18.8    9.7      E   2.41  17.7   ENE   23.4   24.5   24.5  1012.7   0.00    0.0    0.000   0.053   28.3    52   17.5   29.2    9.39   1.1477     351     1    100.0   15 
21/07/24  20:00   23.2   23.2   23.1    78   19.1    9.7    ENE   2.41  19.3   ENE   23.2   24.2   24.2  1013.0   0.00    0.0    0.000   0.050   28.4    53   17.9   29.4    9.59   1.1470     351     1    100.0   15 
21/07/24  20:15   22.9   23.1   22.8    81   19.5    8.0      E   2.01  17.7   ENE   22.9   23.9   23.9  1013.2   0.00    0.0    0.000   0.047   28.7    54   18.4   29.9    9.75   1.1457     351     1    100.0   15 
21/07/24  20:30   22.6   22.8   22.5    83   19.6    6.4    ESE   1.61  14.5   ENE   22.6   23.7   23.7  1013.6   0.00    0.0    0.000   0.045   28.8    55   18.8   30.2    9.85   1.1451     351     1    100.0   15 
21/07/24  20:45   22.5   22.5   22.5    83   19.5    3.2    ESE   0.80   9.7     E   22.5   23.5   23.5  1014.1   0.00    0.0    0.000   0.043   28.8    55   18.9   30.2    9.85   1.1453     351     1    100.0   15 
21/07/24  21:00   22.5   22.5   22.4    83   19.5    3.2    ENE   0.80   8.0   ENE   22.5   23.5   23.5  1014.2   0.00    0.0    0.000   0.043   28.9    56   19.2   30.4   10.05   1.1447     351     1    100.0   15 
21/07/24  21:15   22.4   22.4   22.3    83   19.4    4.8    ENE   1.21  11.3     E   22.4   23.3   23.3  1014.3   0.00    0.0    0.000   0.042   28.9    56   19.2   30.4   10.05   1.1448     351     1    100.0   15 
21/07/24  21:30   22.3   22.3   22.2    83   19.2    4.8      E   1.21  11.3   ENE   22.3   23.2   23.2  1014.4   0.00    0.0    0.000   0.041   28.9    56   19.2   30.4   10.05   1.1450     351     1    100.0   15 
21/07/24  21:45   22.1   22.2   22.1    84   19.3    4.8    ENE   1.21  12.9   ENE   22.1   23.1   23.1  1014.6   0.00    0.0    0.000   0.039   28.8    56   19.2   30.3   10.05   1.1455     350     1    100.0   15 
21/07/24  22:00   21.9   22.1   21.8    84   19.1    6.4    ENE   1.61  12.9   ENE   21.9   22.9   22.9  1014.8   0.00    0.0    0.000   0.038   28.7    57   19.4   30.3   10.22   1.1459     350     1    100.0   15 
21/07/24  22:15   21.8   21.8   21.7    85   19.1    6.4      E   1.61  12.9     E   21.8   22.8   22.8  1015.0   0.00    0.0    0.000   0.036   28.6    57   19.2   29.9   10.22   1.1470     352     1    100.0   15 
21/07/24  22:30   21.7   21.7   21.6    85   19.0    3.2    ENE   0.80   8.0     E   21.7   22.7   22.7  1015.1   0.00    0.0    0.000   0.035   28.5    57   19.2   29.9   10.22   1.1474     350     1    100.0   15 
21/07/24  22:45   21.6   21.7   21.5    85   19.0    3.2    ENE   0.80   6.4   ENE   21.6   22.6   22.6  1015.3   0.00    0.0    0.000   0.034   28.4    58   19.3   29.8   10.35   1.1477     351     1    100.0   15 
21/07/24  23:00   21.6   21.6   21.5    85   18.9    1.6    ENE   0.40   6.4   ENE   21.6   22.5   22.5  1015.3   0.00    0.0    0.000   0.034   28.3    58   19.2   29.6   10.35   1.1483     350     1    100.0   15 
21/07/24  23:15   21.4   21.6   21.2    86   18.9    3.2    NNE   0.80   4.8    NE   21.4   22.3   22.3  1015.4   0.00    0.0    0.000   0.032   28.2    58   19.2   29.5   10.35   1.1487     347     1    100.0   15 
21/07/24  23:30   21.0   21.2   20.8    86   18.6    1.6    NNE   0.40   4.8   NNE   21.0   21.9   21.9  1015.4   0.00    0.0    0.000   0.028   28.2    58   19.1   29.4   10.35   1.1491     351     1    100.0   15 
21/07/24  23:45   20.8   20.9   20.6    86   18.3    3.2    NNE   0.80   6.4     O   20.8   21.7   21.7  1015.4   0.00    0.0    0.000   0.025   28.1    58   19.0   29.2   10.35   1.1496     349     1    100.0   15 
22/07/24  00:00   20.6   20.6   20.4    87   18.3    1.6    ONO   0.40   6.4   ONO   20.6   21.6   21.6  1015.8   0.00    0.0    0.000   0.023   27.9    58   18.9   29.1   10.35   1.1506     351     1    100.0   15 
22/07/24   0:15   20.1   20.4   20.1    69   14.2    4.8    ONO   1.21  11.3   ONO   20.1   20.4   20.4  1015.8   0.00    0.0    0.000   0.019   27.9    54   17.7   28.6    9.75   1.1527     349     1    100.0   15 
22/07/24   0:30   20.4   20.4   20.2    64   13.3    4.8    ONO   1.21   8.0   ONO   20.4   20.3   20.3  1015.7   0.00    0.0    0.000   0.021   27.7    50   16.4   28.1    9.11   1.1551     351     1    100.0   15 
22/07/24   0:45   20.4   20.4   20.3    63   13.1    3.2    ONO   0.80   6.4     O   20.4   20.3   20.3  1015.8   0.00    0.0    0.000   0.021   27.6    49   15.9   27.7    8.92   1.1565     350     1    100.0   15 
22/07/24   1:00   20.2   20.3   20.0    63   12.9    4.8      O   1.21   9.7    NO   20.2   20.1   20.1  1015.7   0.00    0.0    0.000   0.019   27.4    48   15.5   27.5    8.82   1.1574     350     1    100.0   15 
22/07/24   1:15   19.9   20.0   19.8    62   12.4    4.8    ONO   1.21  11.3   ONO   19.9   19.8   19.8  1015.8   0.00    0.0    0.000   0.016   27.4    47   15.1   27.3    8.62   1.1582     351     1    100.0   15 
22/07/24   1:30   19.8   19.9   19.7    61   12.1    6.4    ONO   1.61  16.1     O   19.8   19.7   19.7  1015.8   0.00    0.0    0.000   0.016   27.2    46   14.6   27.1    8.45   1.1595     351     1    100.0   15 
22/07/24   1:45   19.6   19.8   19.5    62   12.1    6.4    ONO   1.61  12.9     O   19.6   19.5   19.5  1015.9   0.00    0.0    0.000   0.013   27.1    45   14.2   26.9    8.33   1.1605     352     1    100.0   15 
22/07/24   2:00   19.4   19.5   19.3    62   11.9    6.4     NO   1.61  11.3     O   19.4   19.2   19.2  1015.9   0.00    0.0    0.000   0.011   26.9    45   14.0   26.7    8.34   1.1614     351     1    100.0   15 
22/07/24   2:15   19.2   19.3   19.0    63   12.0    4.8     NO   1.21  11.3   ONO   19.2   19.0   19.0  1015.9   0.00    0.0    0.000   0.009   26.8    45   13.9   26.6    8.34   1.1619     350     1    100.0   15 
22/07/24   2:30   18.9   19.0   18.8    63   11.7    4.8     NO   1.21   9.7     O   18.9   18.7   18.7  1015.8   0.00    0.0    0.000   0.006   26.7    44   13.5   26.4    8.15   1.1628     351     1    100.0   15 
22/07/24   2:45   18.7   18.8   18.5    64   11.7    3.2    ONO   0.80   9.7   ONO   18.7   18.5   18.5  1016.0   0.00    0.0    0.000   0.003   26.7    44   13.4   26.4    8.15   1.1633     351     1    100.0   15 
22/07/24   3:00   18.4   18.5   18.4    64   11.5    4.8      O   1.21  11.3     O   18.4   18.2   18.2  1016.0   0.00    0.0    0.000   0.001   26.6    44   13.3   26.3    8.15   1.1638     352     1    100.0   15 
22/07/24   3:15   18.4   18.4   18.3    64   11.5    3.2      O   0.80   9.7     O   18.4   18.2   18.2  1016.1   0.00    0.0    0.000   0.001   26.5    44   13.3   26.2    8.16   1.1642     351     1    100.0   15 
22/07/24   3:30   18.2   18.3   18.1    65   11.5    3.2      O   0.80   8.0     O   18.2   17.9   17.9  1016.1   0.00    0.0    0.002   0.000   26.4    44   13.2   26.1    8.16   1.1648     349     1    100.0   15 
