                 Temp.  Temp.  Temp.  Hum.   Punt   Vel.   Dir.   Rec.  Vel.  Dir.  Sens.   Índ.   Índ.                  Int. Graus D.Graus D.  Temp.  Hum. Rosada  In.Cal.  EMC     Dens.    Mostr   Tx   Recep.  Int.
  Data    Hora    Ext.   Màx.   Mín.  Ext. Rosada   Vent   Vent   Vent  Màx.  Màx.  Tèrm.  Calor   THW    Bar    Pluja   Pluja  Calor    Fred    Int.  Int.   Int.   Int.    Int.  Int.Aire    Vent   Vent   ISS   Arc.
-------------------------------------------------------------------------------------------------------------------------------------------------------------------------------------------------------------------------
17/07/24   0:15   22.2   22.3   22.2    68   16.0    1.6     NO   0.40   4.8    NO   22.2   22.5   22.5  1016.1   0.00    0.0    0.000   0.041   27.3    54   17.2   27.8    9.75   1.1559     299     1     87.4   15 
17/07/24   0:30   22.1   22.2   22.1    68   15.9    1.6     NO   0.40   4.8    NO   22.1   22.4   22.4  1016.0   0.00    0.0    0.000   0.039   27.3    53   16.9   27.7    9.63   1.1562     352     1    100.0   15 
17/07/24   0:45   22.1   22.1   22.1    68   15.9    1.6     NO   0.40   4.8    NO   22.1   22.4   22.4  1016.1   0.00    0.0    0.000   0.039   27.3    53   16.9   27.7    9.63   1.1566     349     1    100.0   15 
17/07/24   1:00   21.9   22.1   21.7    69   15.9    0.0     NO   0.00   3.2    NO   21.9   22.1   22.1  1016.1   0.00    0.0    0.000   0.037   27.2    53   16.8   27.6    9.63   1.1569     351     1    100.0   15 
17/07/24   1:15   21.7   21.7   21.6    69   15.7    1.6     NO   0.40   4.8    NO   21.7   21.8   21.8  1016.1   0.00    0.0    0.000   0.035   27.2    53   16.8   27.6    9.63   1.1569     351     1    100.0   15 
17/07/24   1:30   21.4   21.6   21.3    71   16.0    0.0     NO   0.00   3.2    NO   21.4   21.7   21.7  1016.1   0.00    0.0    0.000   0.032   27.1    53   16.7   27.4    9.63   1.1575     350     1    100.0   15 
17/07/24   1:45   21.2   21.3   21.2    72   16.0    0.0     NO   0.00   3.2    NO   21.2   21.4   21.4  1016.2   0.00    0.0    0.000   0.030   27.1    53   16.7   27.4    9.63   1.1576     352     1    100.0   15 
17/07/24   2:00   21.1   21.2   21.1    71   15.6    0.0     NO   0.00   1.6    NO   21.1   21.2   21.2  1016.2   0.00    0.0    0.000   0.029   27.1    53   16.7   27.4    9.64   1.1579     351     1    100.0   15 
17/07/24   2:15   21.1   21.1   21.0    73   16.0    0.0     NO   0.00   3.2    NO   21.1   21.3   21.3  1016.2   0.00    0.0    0.000   0.028   27.0    53   16.6   27.3    9.64   1.1581     350     1    100.0   15 
17/07/24   2:30   21.1   21.1   21.0    72   15.8    1.6     NO   0.40   3.2    NO   21.1   21.2   21.2  1016.2   0.00    0.0    0.000   0.028   26.9    53   16.6   27.2    9.64   1.1585     350     1    100.0   15 
17/07/24   2:45   21.1   21.2   21.0    72   15.8    3.2     NO   0.80   4.8    NO   21.1   21.2   21.2  1016.4   0.00    0.0    0.000   0.028   26.9    53   16.5   27.2    9.64   1.1590     350     1    100.0   15 
17/07/24   3:00   21.1   21.1   21.0    71   15.6    1.6     NO   0.40   3.2    NO   21.1   21.2   21.2  1016.5   0.00    0.0    0.000   0.028   26.8    53   16.4   27.1    9.64   1.1594     349     1    100.0   15 
17/07/24   3:15   20.8   21.1   20.7    73   15.8    1.6     NO   0.40   4.8    NO   20.8   21.2   21.2  1016.6   0.00    0.0    0.000   0.026   26.8    53   16.4   27.1    9.65   1.1598     350     1    100.0   15 
17/07/24   3:30   20.6   20.7   20.6    72   15.4    3.2     NO   0.80   4.8    NO   20.6   20.9   20.9  1016.6   0.00    0.0    0.000   0.024   26.7    53   16.3   27.0    9.65   1.1600     351     1    100.0   15 
17/07/24   3:45   20.8   20.9   20.6    71   15.3    1.6     NO   0.40   3.2    NO   20.8   21.0   21.0  1016.6   0.00    0.0    0.000   0.025   26.7    53   16.3   26.9    9.65   1.1604     352     1    100.0   15 
17/07/24   4:00   20.9   20.9   20.8    71   15.4    1.6     NO   0.40   3.2    NO   20.9   21.1   21.1  1016.8   0.00    0.0    0.000   0.027   26.6    53   16.2   26.9    9.65   1.1609     351     1    100.0   15 
17/07/24   4:15   20.8   20.8   20.8    72   15.5    0.0     NO   0.00   1.6    NO   20.8   21.1   21.1  1017.0   0.00    0.0    0.000   0.025   26.6    54   16.5   26.9    9.75   1.1609     351     1    100.0   15 
17/07/24   4:30   20.7   20.8   20.7    73   15.7    1.6     NO   0.40   3.2    NO   20.7   21.1   21.1  1016.9   0.00    0.0    0.000   0.025   26.5    54   16.4   26.8    9.76   1.1612     351     1    100.0   15 
17/07/24   4:45   20.7   20.7   20.7    74   15.9    1.6     NO   0.40   3.2    NO   20.7   21.2   21.2  1017.0   0.00    0.0    0.000   0.025   26.5    54   16.4   26.8    9.76   1.1612     350     1    100.0   15 
17/07/24   5:00   20.7   20.8   20.5    75   16.1    1.6     NO   0.40   3.2    NO   20.7   21.2   21.2  1017.1   0.00    0.0    0.000   0.024   26.4    54   16.4   26.8    9.76   1.1617     352     1    100.0   15 
17/07/24   5:15   20.4   20.5   20.4    76   16.1    0.0     NO   0.00   1.6    NO   20.4   21.1   21.1  1017.1   0.00    0.0    0.000   0.022   26.4    55   16.7   26.8    9.87   1.1612     349     1    100.0   15 
17/07/24   5:30   20.5   20.6   20.4    76   16.1    0.0     NO   0.00   3.2    NO   20.5   21.1   21.1  1017.2   0.00    0.0    0.000   0.023   26.6    54   16.5   26.9    9.75   1.1612     350     1    100.0   15 
17/07/24   5:45   20.8   21.0   20.6    75   16.2    1.6     NO   0.40   3.2    NO   20.8   21.2   21.2  1017.3   0.00    0.0    0.000   0.025   26.8    54   16.7   27.1    9.75   1.1602     351     1    100.0   15 
17/07/24   6:00   21.3   21.4   21.0    73   16.2    1.6     NO   0.40   3.2    NO   21.3   21.6   21.6  1017.4   0.00    0.0    0.000   0.031   26.9    54   16.8   27.3    9.75   1.1594     352     1    100.0   15 
17/07/24   6:15   21.3   21.3   21.2    74   16.5    1.6     NO   0.40   3.2    NO   21.3   21.6   21.6  1017.6   0.00    0.0    0.000   0.031   27.2    54   17.1   27.6    9.75   1.1586     351     1    100.0   15 
17/07/24   6:30   21.8   22.3   21.3    72   16.6    1.6    ESE   0.40   4.8     S   21.8   22.2   22.2  1017.7   0.00    0.0    0.000   0.036   27.3    54   17.2   27.8    9.75   1.1578     351     1    100.0   15 
17/07/24   6:45   22.6   22.9   22.3    71   17.1    1.6    ESE   0.40   3.2   ESE   22.6   23.2   23.2  1017.7   0.00    0.0    0.000   0.045   27.6    53   17.2   28.1    9.62   1.1568     351     1    100.0   15 
17/07/24   7:00   23.2   23.4   22.9    68   17.0    1.6    ESE   0.40   4.8   ESE   23.2   23.9   23.9  1017.8   0.00    0.0    0.000   0.051   27.8    53   17.4   28.4    9.61   1.1557     352     1    100.0   15 
17/07/24   7:15   23.6   24.1   23.3    68   17.4    1.6    ENE   0.40   4.8   ENE   23.6   24.4   24.4  1017.8   0.00    0.0    0.000   0.055   28.0    53   17.5   28.7    9.60   1.1548     348     1    100.0   15 
17/07/24   7:30   24.2   24.5   24.1    66   17.5    1.6    ONO   0.40   4.8    NE   24.2   24.9   24.9  1017.8   0.00    0.0    0.000   0.061   28.2    53   17.7   29.0    9.60   1.1540     350     1    100.0   15 
17/07/24   7:45   24.7   24.8   24.5    64   17.4    1.6    OSO   0.40   4.8   SSE   24.7   25.3   25.3  1017.7   0.00    0.0    0.000   0.066   28.3    52   17.5   29.2    9.39   1.1535     350     1    100.0   15 
17/07/24   8:00   24.9   25.2   24.7    62   17.2    1.6      O   0.40   4.8     O   24.9   25.5   25.5  1017.7   0.00    0.0    0.000   0.069   28.5    52   17.7   29.4    9.38   1.1526     351     1    100.0   15 
17/07/24   8:15   25.5   26.0   25.2    60   17.2    1.6      O   0.40   6.4   SSO   25.5   26.0   26.0  1017.6   0.00    0.0    0.000   0.075   28.6    52   17.8   29.6    9.38   1.1519     351     1    100.0   15 
17/07/24   8:30   26.6   26.9   26.0    55   16.8    3.2    SSO   0.80   6.4    SO   26.6   26.9   26.9  1017.6   0.00    0.0    0.000   0.086   28.7    51   17.5   29.6    9.28   1.1520     351     1    100.0   15 
17/07/24   8:45   27.1   27.5   26.9    51   16.1    1.6    OSO   0.40   6.4   OSO   27.1   27.3   27.3  1017.6   0.00    0.0    0.000   0.091   28.7    51   17.6   29.7    9.28   1.1518     351     1    100.0   15 
17/07/24   9:00   27.7   27.9   27.5    51   16.7    3.2      S   0.80  11.3   SSE   27.7   28.1   28.1  1017.5   0.00    0.0    0.000   0.098   28.8    51   17.6   29.8    9.27   1.1514     350     1    100.0   15 
17/07/24   9:15   27.8   27.8   27.7    51   16.7    4.8      S   1.21  11.3     S   27.8   28.2   28.2  1017.5   0.00    0.0    0.000   0.098   28.8    50   17.4   29.8    9.07   1.1516     352     1    100.0   15 
17/07/24   9:30   27.9   28.1   27.8    51   16.9    4.8    SSO   1.21  17.7   SSO   27.9   28.4   28.4  1017.5   0.00    0.0    0.000   0.100   28.9    50   17.5   29.9    9.07   1.1510     351     1    100.0   15 
17/07/24   9:45   28.3   28.5   28.1    49   16.6    4.8    OSO   1.21  11.3   SSO   28.3   28.9   28.9  1017.4   0.00    0.0    0.000   0.104   29.0    50   17.5   30.0    9.07   1.1506     350     1    100.0   15 
17/07/24  10:00   28.5   28.7   28.3    51   17.4    4.8    SSE   1.21  12.9     S   28.5   29.3   29.3  1017.4   0.00    0.0    0.000   0.106   29.1    50   17.6   30.1    9.06   1.1503     351     1    100.0   15 
17/07/24  10:15   28.4   28.8   28.2    49   16.7    4.8    OSO   1.21  14.5   OSO   28.4   29.1   29.1  1017.3   0.00    0.0    0.000   0.105   29.2    50   17.7   30.2    9.06   1.1496     351     1    100.0   15 
17/07/24  10:30   29.0   29.3   28.7    48   16.9    6.4    SSO   1.61  14.5   SSE   29.0   29.8   29.8  1017.3   0.00    0.0    0.000   0.111   29.2    50   17.7   30.2    9.06   1.1493     351     1    100.0   15 
17/07/24  10:45   29.3   29.6   29.1    48   17.1    4.8    SSO   1.21  12.9   SSE   29.3   30.1   30.1  1017.1   0.00    0.0    0.000   0.114   29.3    50   17.8   30.3    9.05   1.1486     351     1    100.0   15 
17/07/24  11:00   29.9   30.3   29.6    47   17.4    4.8    SSO   1.21  12.9   OSO   29.9   30.8   30.8  1017.1   0.00    0.0    0.000   0.121   29.4    50   17.9   30.4    9.05   1.1482     350     1    100.0   15 
17/07/24  11:15   30.2   30.4   30.1    47   17.7    6.4     SE   1.61  14.5    SE   30.2   31.2   31.2  1017.0   0.00    0.0    0.000   0.124   29.4    49   17.6   30.3    8.85   1.1483     351     1    100.0   15 
17/07/24  11:30   30.1   30.3   29.9    47   17.5    8.0      S   2.01  20.9     S   30.1   30.9   30.9  1016.9   0.00    0.0    0.000   0.122   29.3    47   16.8   30.0    8.56   1.1500     352     1    100.0   15 
17/07/24  11:45   30.4   30.8   30.1    47   17.9    6.4      S   1.61  20.9     S   30.4   31.6   31.6  1016.7   0.00    0.0    0.000   0.126   29.1    47   16.6   29.8    8.56   1.1509     351     1    100.0   15 
17/07/24  12:00   30.8   30.8   30.6    46   17.8    8.0      S   2.01  19.3    SE   30.8   31.9   31.9  1016.7   0.00    0.0    0.000   0.130   28.9    46   16.1   29.6    8.45   1.1522     351     1    100.0   15 
17/07/24  12:15   30.3   30.6   30.2    47   17.8    9.7      S   2.41  20.9     S   30.3   31.4   31.4  1016.7   0.00    0.0    0.000   0.125   28.7    46   16.0   29.3    8.45   1.1530     351     1    100.0   15 
17/07/24  12:30   30.2   30.4   29.9    47   17.6    9.7      S   2.41  24.1   ESE   30.2   31.1   31.1  1016.6   0.00    0.0    0.000   0.123   28.7    46   15.9   29.2    8.45   1.1531     352     1    100.0   15 
17/07/24  12:45   30.3   30.5   30.1    48   18.1    9.7    SSO   2.41  22.5    SO   30.3   31.6   31.6  1016.6   0.00    0.0    0.000   0.125   28.6    46   15.8   29.1    8.45   1.1537     350     1    100.0   15 
17/07/24  13:00   30.1   30.3   29.9    50   18.5    9.7    SSO   2.41  25.7    SO   30.1   31.4   31.4  1016.3   0.00    0.0    0.000   0.123   28.5    46   15.8   28.9    8.45   1.1537     351     1    100.0   15 
17/07/24  13:15   30.2   30.3   30.0    48   17.9    9.7    SSO   2.41  27.4    SO   30.2   31.3   31.3  1016.3   0.00    0.0    0.000   0.123   28.4    46   15.7   28.9    8.45   1.1540     351     1    100.0   15 
17/07/24  13:30   30.2   30.4   29.8    50   18.6    9.7      S   2.41  29.0     S   30.2   31.7   31.7  1016.3   0.00    0.0    0.000   0.124   28.4    47   16.0   28.8    8.59   1.1538     350     1    100.0   15 
17/07/24  13:45   29.9   30.1   29.8    49   18.1   11.3    SSO   2.82  25.7   OSO   29.9   31.0   31.0  1016.3   0.00    0.0    0.000   0.121   28.4    49   16.7   29.1    8.89   1.1526     351     1    100.0   15 
17/07/24  14:00   29.9   30.1   29.8    50   18.3    9.7    SSO   2.41  25.7   OSO   29.9   31.1   31.1  1016.3   0.00    0.0    0.000   0.120   28.7    49   16.9   29.4    8.88   1.1514     351     1    100.0   15 
17/07/24  14:15   29.8   30.1   29.7    50   18.3    9.7    SSO   2.41  20.9   SSE   29.8   31.0   31.0  1016.3   0.00    0.0    0.000   0.120   29.0    49   17.2   29.9    8.87   1.1497     350     1    100.0   15 
17/07/24  14:30   29.7   30.1   29.3    52   18.8   11.3      S   2.82  27.4     S   29.7   31.1   31.1  1016.2   0.00    0.0    0.000   0.118   29.2    48   17.1   30.1    8.76   1.1490     351     1    100.0   15 
17/07/24  14:45   29.4   29.7   29.1    53   18.9    9.7    SSO   2.41  24.1     E   29.4   30.8   30.8  1016.0   0.00    0.0    0.000   0.116   29.2    46   16.4   29.8    8.45   1.1499     352     1    100.0   15 
17/07/24  15:00   29.6   29.8   29.1    54   19.3   11.3      S   2.82  25.7     S   29.6   31.1   31.1  1015.9   0.00    0.0    0.000   0.117   29.1    46   16.3   29.7    8.45   1.1504     351     1    100.0   15 
17/07/24  15:15   28.8   29.1   28.7    56   19.2   11.3      S   2.82  30.6     S   28.8   30.3   30.3  1015.8   0.00    0.0    0.000   0.109   28.9    45   15.8   29.5    8.27   1.1516     350     1    100.0   15 
17/07/24  15:30   28.8   28.9   28.7    56   19.2   11.3      S   2.82  25.7    SO   28.8   30.3   30.3  1015.8   0.00    0.0    0.000   0.109   28.8    45   15.7   29.3    8.27   1.1521     351     1    100.0   15 
17/07/24  15:45   28.7   28.9   28.6    56   19.1    9.7      S   2.41  17.7   OSO   28.7   30.2   30.2  1015.7   0.00    0.0    0.000   0.108   28.7    46   16.0   29.3    8.45   1.1518     352     1    100.0   15 
17/07/24  16:00   28.5   28.7   28.1    59   19.7    9.7      S   2.41  24.1   SSO   28.5   30.1   30.1  1015.7   0.00    0.0    0.000   0.106   28.8    46   16.0   29.4    8.45   1.1516     351     1    100.0   15 
17/07/24  16:15   28.1   28.2   27.9    59   19.3   11.3      S   2.82  27.4   SSE   28.1   29.3   29.3  1015.6   0.00    0.0    0.000   0.101   28.8    46   16.0   29.4    8.45   1.1515     350     1    100.0   15 
17/07/24  16:30   27.9   28.0   27.8    59   19.2    9.7      S   2.41  24.1     S   27.9   29.2   29.2  1015.6   0.00    0.0    0.000   0.100   28.7    45   15.6   29.2    8.28   1.1522     350     1    100.0   15 
17/07/24  16:45   27.7   27.9   27.6    59   19.0    9.7      S   2.41  19.3     S   27.7   28.8   28.8  1015.8   0.00    0.0    0.000   0.098   28.6    47   16.2   29.2    8.58   1.1520     351     1    100.0   15 
17/07/24  17:00   27.5   27.9   27.2    61   19.3    8.0      S   2.01  27.4   SSO   27.5   28.7   28.7  1015.7   0.00    0.0    0.000   0.095   28.5    48   16.4   29.1    8.78   1.1521     350     1    100.0   15 
17/07/24  17:15   27.2   27.3   27.1    62   19.3    8.0      S   2.01  17.7     S   27.2   28.3   28.3  1015.8   0.00    0.0    0.000   0.093   28.7    50   17.2   29.6    9.08   1.1504     345     1    100.0   15 
17/07/24  17:30   26.9   27.1   26.8    62   19.0    8.0      S   2.01  19.3    SO   26.9   27.9   27.9  1015.8   0.00    0.0    0.000   0.090   28.9    51   17.8   30.1    9.27   1.1485     320     1     93.6   15 
17/07/24  17:45   26.6   26.8   26.3    65   19.4    8.0    SSO   2.01  20.9     S   26.6   27.6   27.6  1015.8   0.00    0.0    0.000   0.086   29.1    52   18.3   30.3    9.36   1.1472     320     1     93.6   15 
17/07/24  18:00   26.1   26.3   25.8    67   19.5    8.0      S   2.01  17.7     S   26.1   27.2   27.2  1015.9   0.00    0.0    0.000   0.081   29.2    53   18.6   30.5    9.56   1.1466     329     1     96.2   15 
17/07/24  18:15   25.6   25.8   25.6    67   19.0    8.0    SSO   2.01  17.7    SO   25.6   26.6   26.6  1016.0   0.00    0.0    0.000   0.076   29.2    53   18.7   30.6    9.56   1.1464     351     1    100.0   15 
17/07/24  18:30   25.4   25.6   25.4    67   18.9    6.4      S   1.61  16.1     S   25.4   26.3   26.3  1015.9   0.00    0.0    0.000   0.074   29.2    53   18.7   30.6    9.56   1.1463     350     1    100.0   15 
17/07/24  18:45   25.6   25.6   25.4    67   19.0    4.8    SSO   1.21  14.5     S   25.6   26.4   26.4  1016.1   0.00    0.0    0.000   0.075   29.2    53   18.7   30.6    9.56   1.1465     350     1    100.0   15 
17/07/24  19:00   25.2   25.4   25.0    68   18.9    6.4    SSO   1.61  16.1     S   25.2   26.2   26.2  1016.1   0.00    0.0    0.000   0.072   29.2    53   18.7   30.6    9.56   1.1465     349     1    100.0   15 
17/07/24  19:15   24.8   25.0   24.6    69   18.7    4.8     SO   1.21  12.9     S   24.8   25.7   25.7  1016.2   0.00    0.0    0.000   0.067   29.2    53   18.7   30.6    9.56   1.1467     350     1    100.0   15 
17/07/24  19:30   24.4   24.6   24.2    69   18.3    6.4    SSO   1.61  14.5     S   24.4   25.3   25.3  1016.3   0.00    0.0    0.000   0.063   29.2    53   18.6   30.5    9.56   1.1470     350     1    100.0   15 
17/07/24  19:45   24.1   24.2   23.9    70   18.2    4.8    OSO   1.21   9.7   SSO   24.1   25.0   25.0  1016.4   0.00    0.0    0.000   0.060   29.1    53   18.6   30.4    9.56   1.1475     350     1    100.0   15 
17/07/24  20:00   23.8   23.9   23.7    71   18.2    3.2    OSO   0.80  11.3   OSO   23.8   24.8   24.8  1016.5   0.00    0.0    0.000   0.057   29.1    53   18.5   30.3    9.56   1.1479     347     1    100.0   15 
17/07/24  20:15   23.6   23.7   23.5    71   18.0    3.2    SSO   0.80   9.7    SO   23.6   24.6   24.6  1016.8   0.00    0.0    0.000   0.055   29.0    53   18.5   30.3    9.57   1.1485     346     1    100.0   15 
17/07/24  20:30   23.4   23.5   23.3    72   18.1    3.2    OSO   0.80   8.0   OSO   23.4   24.3   24.3  1016.9   0.00    0.0    0.000   0.053   28.9    53   18.4   30.2    9.57   1.1489     341     1     99.7   15 
17/07/24  20:45   23.1   23.3   23.0    73   18.0    1.6     SO   0.40   6.4   OSO   23.1   24.0   24.0  1017.2   0.00    0.0    0.000   0.050   28.9    53   18.3   30.2    9.57   1.1495     347     1    100.0   15 
17/07/24  21:00   23.0   23.0   22.9    73   17.9    0.0      O   0.00   3.2     O   23.0   23.8   23.8  1017.2   0.00    0.0    0.000   0.049   28.8    53   18.3   30.1    9.57   1.1498     351     1    100.0   15 
17/07/24  21:15   22.8   22.9   22.8    73   17.7    0.0      O   0.00   3.2     O   22.8   23.6   23.6  1017.2   0.00    0.0    0.000   0.047   28.8    54   18.5   30.1    9.75   1.1497     349     1    100.0   15 
17/07/24  21:30   22.7   22.8   22.4    74   17.8    1.6    OSO   0.40   6.4     O   22.7   23.4   23.4  1017.2   0.00    0.0    0.000   0.045   28.7    54   18.4   29.9    9.75   1.1502     349     1    100.0   15 
17/07/24  21:45   22.3   22.5   22.2    75   17.7    1.6    OSO   0.40   6.4   OSO   22.3   22.9   22.9  1017.2   0.00    0.0    0.000   0.042   28.6    54   18.4   29.8    9.75   1.1505     351     1    100.0   15 
17/07/24  22:00   22.2   22.2   22.1    76   17.7    3.2    OSO   0.80   6.4   OSO   22.2   22.8   22.8  1017.2   0.00    0.0    0.000   0.040   28.6    54   18.3   29.7    9.75   1.1508     350     1    100.0   15 
17/07/24  22:15   22.0   22.1   22.0    77   17.8    1.6     SO   0.40   4.8   OSO   22.0   22.6   22.6  1017.2   0.00    0.0    0.000   0.038   28.4    54   18.2   29.5    9.75   1.1514     341     1     99.7   15 
17/07/24  22:30   22.0   22.1   21.9    77   17.8    1.6      O   0.40   4.8     O   22.0   22.6   22.6  1017.1   0.00    0.0    0.000   0.038   28.4    54   18.2   29.4    9.75   1.1516     350     1    100.0   15 
17/07/24  22:45   21.8   21.9   21.8    78   17.8    1.6      O   0.40   4.8     O   21.8   22.4   22.4  1017.0   0.00    0.0    0.000   0.036   28.4    54   18.2   29.4    9.75   1.1515     351     1    100.0   15 
17/07/24  23:00   21.7   21.8   21.6    78   17.7    1.6      O   0.40   4.8   OSO   21.7   22.3   22.3  1017.0   0.00    0.0    0.000   0.035   28.2    55   18.3   29.2    9.85   1.1519     351     1    100.0   15 
17/07/24  23:15   21.4   21.6   21.4    79   17.6    1.6    ONO   0.40   3.2   ONO   21.4   22.1   22.1  1017.1   0.00    0.0    0.000   0.032   28.1    55   18.2   29.0    9.85   1.1529     349     1    100.0   15 
17/07/24  23:30   21.4   21.4   21.3    80   17.8    1.6    ONO   0.40   3.2   ONO   21.4   22.1   22.1  1017.0   0.00    0.0    0.000   0.032   27.9    55   18.1   28.8    9.85   1.1534     350     1    100.0   15 
17/07/24  23:45   21.3   21.4   21.2    80   17.7    1.6      O   0.40   4.8     O   21.3   22.0   22.0  1016.9   0.00    0.0    0.000   0.031   27.8    56   18.2   28.7   10.05   1.1533     350     1    100.0   15 
18/07/24  00:00   21.1   21.2   21.0    80   17.5    1.6      O   0.40   4.8     O   21.1   21.7   21.7  1016.8   0.00    0.0    0.000   0.028   27.7    56   18.1   28.6   10.05   1.1538     351     1    100.0   15 
18/07/24   0:15   20.9   21.0   20.7    81   17.6    3.2     NO   0.80   6.4    NO   20.9   21.7   21.7  1016.6   0.00    0.0    0.000   0.027   27.6    56   18.0   28.4   10.05   1.1542     349     1    100.0   15 
18/07/24   0:30   20.8   20.9   20.7    81   17.4    3.2     NO   0.80   4.8    NO   20.8   21.6   21.6  1016.5   0.00    0.0    0.000   0.025   27.4    56   17.9   28.2   10.05   1.1550     351     1    100.0   15 
18/07/24   0:45   20.9   21.0   20.9    81   17.6    1.6     NO   0.40   3.2    NO   20.9   21.7   21.7  1016.4   0.00    0.0    0.000   0.027   27.3    56   17.8   28.0   10.05   1.1554     351     1    100.0   15 
18/07/24   1:00   20.9   21.0   20.8    81   17.5    1.6     NO   0.40   3.2    NO   20.9   21.6   21.6  1016.5   0.00    0.0    0.000   0.027   27.2    57   18.0   27.9   10.17   1.1557     351     1    100.0   15 
18/07/24   1:15   20.7   20.8   20.7    81   17.3    1.6     NO   0.40   4.8    NO   20.7   21.5   21.5  1016.6   0.00    0.0    0.000   0.025   27.2    57   17.9   27.8   10.17   1.1561     351     1    100.0   15 
18/07/24   1:30   20.7   20.8   20.6    81   17.3    1.6    ONO   0.40   3.2   ONO   20.7   21.5   21.5  1016.5   0.00    0.0    0.000   0.025   27.1    57   17.8   27.7   10.16   1.1566     350     1    100.0   15 
18/07/24   1:45   20.5   20.7   20.4    82   17.3    3.2    ONO   0.80   4.8   ONO   20.5   21.4   21.4  1016.5   0.00    0.0    0.000   0.023   27.0    57   17.8   27.6   10.16   1.1568     351     1    100.0   15 
18/07/24   2:00   20.6   20.7   20.4    81   17.2    3.2     NO   0.80   6.4    NO   20.6   21.4   21.4  1016.5   0.00    0.0    0.000   0.023   26.9    57   17.7   27.5   10.16   1.1574     350     1    100.0   15 
18/07/24   2:15   20.6   20.7   20.4    80   17.0    3.2     NO   0.80   6.4    NO   20.6   21.4   21.4  1016.4   0.00    0.0    0.000   0.023   26.8    57   17.6   27.4   10.16   1.1576     350     1    100.0   15 
18/07/24   2:30   20.5   20.7   20.4    78   16.5    3.2     NO   0.80   4.8    NO   20.5   21.2   21.2  1016.3   0.00    0.0    0.000   0.023   26.7    57   17.4   27.2   10.15   1.1584     351     1    100.0   15 
18/07/24   2:45   20.8   20.8   20.7    77   16.6    1.6     NO   0.40   4.8    NO   20.8   21.3   21.3  1016.3   0.00    0.0    0.000   0.025   26.6    56   17.1   27.1   10.05   1.1591     351     1    100.0   15 
18/07/24   3:00   20.8   20.9   20.8    76   16.4    0.0     NO   0.00   3.2    NO   20.8   21.3   21.3  1016.3   0.00    0.0    0.000   0.026   26.5    56   17.0   26.9   10.06   1.1596     352     1    100.0   15 
18/07/24   3:15   20.7   20.8   20.7    76   16.3    0.0     NO   0.00   1.6    NO   20.7   21.2   21.2  1016.4   0.00    0.0    0.000   0.024   26.4    56   16.9   26.8   10.07   1.1603     351     1    100.0   15 
18/07/24   3:30   20.5   20.7   20.2    78   16.5    1.6      O   0.40   4.8    NO   20.5   21.2   21.2  1016.4   0.00    0.0    0.000   0.023   26.3    56   16.9   26.7   10.07   1.1607     351     1    100.0   15 
