                 Temp.  Temp.  Temp.  Hum.   Punt   Vel.   Dir.   Rec.  Vel.  Dir.  Sens.   Índ.   Índ.                  Int. Graus D.Graus D.  Temp.  Hum. Rosada  In.Cal.  EMC     Dens.    Mostr   Tx   Recep.  Int.
  Data    Hora    Ext.   Màx.   Mín.  Ext. Rosada   Vent   Vent   Vent  Màx.  Màx.  Tèrm.  Calor   THW    Bar    Pluja   Pluja  Calor    Fred    Int.  Int.   Int.   Int.    Int.  Int.Aire    Vent   Vent   ISS   Arc.
-------------------------------------------------------------------------------------------------------------------------------------------------------------------------------------------------------------------------
27/02/23   0:15    3.5    3.5    3.4    87    1.5    3.2    ENE   0.80   8.0   ENE    3.3    3.4    3.2  1010.4   0.00    0.0    0.155   0.000   21.6    48   10.1   20.7    8.87   1.1801     349     1    100.0   15 
27/02/23   0:30    3.4    3.5    3.4    88    1.6    6.4    ESE   1.61  14.5   ESE    1.8    3.4    1.7  1010.5   0.00    0.0    0.155   0.000   21.3    48    9.9   20.3    8.86   1.1817     351     1    100.0   15 
27/02/23   0:45    3.4    3.4    3.4    89    1.7    3.2    ENE   0.80   6.4   ENE    3.2    3.3    3.1  1010.7   0.00    0.0    0.156   0.000   20.9    49    9.8   20.0    9.06   1.1834     351     1    100.0   15 
27/02/23   1:00    3.4    3.4    3.4    88    1.6    3.2     NE   0.80   9.7     E    3.2    3.4    3.2  1011.0   0.00    0.0    0.155   0.000   20.6    49    9.5   19.7    9.07   1.1858     351     1    100.0   15 
27/02/23   1:15    3.3    3.4    3.1    89    1.6    8.0      E   2.01  14.5   ENE    1.1    3.2    1.1  1011.0   0.00    0.0    0.157   0.000   20.2    50    9.5   19.5    9.28   1.1871     350     1    100.0   15 
27/02/23   1:30    3.1    3.2    2.9    89    1.4    4.8    ESE   1.21  14.5     E    1.9    3.0    1.9  1011.4   0.00    0.0    0.159   0.000   19.8    50    9.1   19.1    9.30   1.1898     351     1    100.0   15 
27/02/23   1:45    2.7    2.9    2.5    90    1.2    4.8    ESE   1.21  11.3    SE    1.5    2.6    1.4  1011.4   0.00    0.0    0.163   0.000   19.4    51    9.0   18.7    9.51   1.1914     351     1    100.0   15 
27/02/23   2:00    2.2    2.5    2.0    90    0.8    6.4    ESE   1.61  14.5   ENE    0.4    2.2    0.3  1011.9   0.00    0.0    0.168   0.000   19.1    51    8.7   18.3    9.52   1.1936     351     1    100.0   15 
27/02/23   2:15    1.9    2.0    1.7    91    0.6    6.4      E   1.61  11.3     E    0.0    1.8   -0.1  1012.1   0.00    0.0    0.171   0.000   18.7    51    8.3   17.8    9.54   1.1958     351     1    100.0   15 
27/02/23   2:30    1.5    1.7    1.3    92    0.3    8.0      E   2.01  16.1     E   -1.0    1.4   -1.1  1012.2   0.00    0.0    0.175   0.000   18.3    51    8.0   17.4    9.55   1.1975     351     1    100.0   15 
27/02/23   2:45    1.3    1.3    1.3    92    0.2    6.4      E   1.61  14.5     E   -0.7    1.3   -0.7  1012.4   0.00    0.0    0.177   0.000   18.0    52    8.0   17.1    9.75   1.1992     350     1    100.0   15 
27/02/23   3:00    1.1    1.3    1.0    93    0.1    8.0      E   2.01  14.5   ENE   -1.4    1.1   -1.5  1012.5   0.00    0.0    0.179   0.000   17.7    52    7.7   16.8    9.75   1.2009     350     1    100.0   15 
27/02/23   3:15    0.9    1.0    0.8    93   -0.1    8.0    ENE   2.01  16.1   ENE   -1.6    0.9   -1.7  1012.3   0.00    0.0    0.181   0.000   17.4    53    7.8   16.6    9.95   1.2016     350     1    100.0   15 
27/02/23   3:30    0.7    0.8    0.6    94   -0.2    9.7      E   2.41  19.3   ENE   -2.4    0.6   -2.4  1012.1   0.00    0.0    0.184   0.000   17.3    53    7.7   16.4    9.95   1.2019     352     1    100.0   15 
27/02/23   3:45    0.5    0.6    0.4    94   -0.4    8.0    ESE   2.01  17.7   ESE   -2.2    0.4   -2.2  1012.5   0.00    0.0    0.186   0.000   17.4    52    7.5   16.5    9.75   1.2020     351     1    100.0   15 
27/02/23   4:00    0.5    0.5    0.4    94   -0.4    9.7      E   2.41  16.1     E   -2.6    0.4   -2.7  1012.5   0.00    0.0    0.186   0.000   17.7    52    7.7   16.8    9.75   1.2009     349     1    100.0   15 
27/02/23   4:15    0.6    0.6    0.5    94   -0.3    8.0      E   2.01  17.7     E   -2.1    0.5   -2.1  1012.8   0.00    0.0    0.185   0.000   17.9    51    7.6   16.9    9.57   1.2004     351     1    100.0   15 
27/02/23   4:30    0.6    0.7    0.6    94   -0.2    8.0    ENE   2.01  16.1   ENE   -2.0    0.6   -2.1  1013.0   0.00    0.0    0.185   0.000   18.1    51    7.8   17.1    9.56   1.1998     352     1    100.0   15 
27/02/23   4:45    0.6    0.6    0.5    95   -0.2    8.0      E   2.01  20.9     E   -2.1    0.5   -2.1  1013.0   0.00    0.0    0.185   0.000   18.1    51    7.8   17.2    9.56   1.1995     350     1    100.0   15 
27/02/23   5:00    0.5    0.5    0.4    94   -0.4    8.0      E   2.01  20.9     E   -2.2    0.4   -2.2  1013.4   0.00    0.0    0.186   0.000   18.2    50    7.6   17.3    9.35   1.1997     351     1    100.0   15 
27/02/23   5:15    0.4    0.5    0.4    95   -0.3    8.0      E   2.01  14.5     E   -2.2    0.4   -2.3  1013.5   0.00    0.0    0.186   0.000   18.3    50    7.7   17.4    9.35   1.1994     351     1    100.0   15 
27/02/23   5:30    0.4    0.4    0.3    95   -0.3    6.4      E   1.61  14.5   ENE   -1.7    0.3   -1.8  1013.8   0.00    0.0    0.187   0.000   18.4    50    7.8   17.4    9.35   1.1994     351     1    100.0   15 
27/02/23   5:45    0.2    0.3    0.2    95   -0.5    4.8    ENE   1.21  14.5     E   -1.2    0.2   -1.3  1013.9   0.00    0.0    0.189   0.000   18.4    50    7.8   17.4    9.35   1.1995     351     1    100.0   15 
27/02/23   6:00    0.1    0.2    0.0    95   -0.6    4.8      E   1.21  11.3     E   -1.4    0.0   -1.5  1014.0   0.00    0.0    0.190   0.000   18.4    50    7.8   17.4    9.35   1.1997     349     1    100.0   15 
27/02/23   6:15   -0.1    0.0   -0.2    95   -0.8    4.8      E   1.21   9.7     E   -1.6   -0.1   -1.6  1014.1   0.00    0.0    0.192   0.000   18.4    50    7.8   17.4    9.35   1.1998     351     1    100.0   15 
27/02/23   6:30   -0.2   -0.1   -0.2    95   -0.9    1.6      E   0.40   4.8   ENE   -0.2   -0.2   -0.2  1014.3   0.00    0.0    0.193   0.000   18.4    50    7.8   17.5    9.35   1.1997     351     1    100.0   15 
27/02/23   6:45   -0.2   -0.2   -0.2    95   -0.9    0.0      E   0.00   3.2     E   -0.2   -0.2   -0.2  1014.3   0.00    0.0    0.193   0.000   18.4    49    7.5   17.4    9.15   1.2003     349     1    100.0   15 
27/02/23   7:00   -0.2   -0.1   -0.2    95   -0.9    1.6    SSE   0.40   4.8    SO   -0.2   -0.2   -0.2  1014.3   0.00    0.0    0.193   0.000   18.3    50    7.7   17.4    9.35   1.2003     351     1    100.0   15 
27/02/23   7:15   -0.2   -0.2   -0.2    95   -0.9    1.6    OSO   0.40   4.8   OSO   -0.2   -0.3   -0.3  1014.5   0.00    0.0    0.193   0.000   18.3    49    7.4   17.3    9.15   1.2007     350     1    100.0   15 
27/02/23   7:30   -0.2   -0.2   -0.3    95   -0.9    1.6      E   0.40   4.8   ENE   -0.2   -0.3   -0.3  1014.4   0.00    0.0    0.193   0.000   18.4    49    7.5   17.4    9.15   1.2004     351     1    100.0   15 
27/02/23   7:45   -0.2   -0.2   -0.3    95   -0.9    0.0     NO   0.00   3.2   ONO   -0.2   -0.3   -0.3  1014.8   0.00    0.0    0.193   0.000   18.3    49    7.4   17.3    9.15   1.2012     350     1    100.0   15 
27/02/23   8:00   -0.1   -0.1   -0.2    96   -0.7    0.0      E   0.00   3.2     E   -0.1   -0.2   -0.2  1015.0   0.00    0.0    0.192   0.000   18.3    49    7.4   17.3    9.15   1.2014     352     1    100.0   15 
27/02/23   8:15   -0.1    0.0   -0.2    95   -0.8    0.0     NO   0.00   3.2    NO   -0.1   -0.2   -0.2  1015.2   0.00    0.0    0.192   0.000   18.3    49    7.4   17.3    9.15   1.2017     349     1    100.0   15 
27/02/23   8:30   -0.2   -0.2   -0.3    95   -0.9    0.0      O   0.00   3.2     O   -0.2   -0.3   -0.3  1015.4   0.00    0.0    0.193   0.000   18.3    49    7.4   17.3    9.15   1.2019     351     1    100.0   15 
27/02/23   8:45   -0.1    0.0   -0.2    96   -0.7    1.6      O   0.40   6.4   OSO   -0.1   -0.2   -0.2  1015.4   0.00    0.0    0.192   0.000   18.7    50    8.0   17.8    9.34   1.2000     350     1    100.0   15 
27/02/23   9:00    0.0    0.1    0.0    96   -0.6    1.6    ONO   0.40   6.4     O    0.0   -0.1   -0.1  1015.4   0.00    0.0    0.191   0.000   20.4    48    9.1   19.6    8.87   1.1918     351     1    100.0   15 
27/02/23   9:15   -0.1    0.1   -0.2    95   -0.8    3.2    ONO   0.80   6.4     O   -0.6   -0.1   -0.7  1015.5   0.00    0.0    0.192   0.000   22.2    44    9.3   21.3    8.31   1.1848     350     1    100.0   15 
27/02/23   9:30    0.0    0.1   -0.1    96   -0.6    3.2    ONO   0.80   8.0     O   -0.6   -0.1   -0.6  1015.9   0.20    0.0    0.191   0.000   22.4    44    9.6   21.7    8.30   1.1838     351     1    100.0   15 
27/02/23   9:45    0.2    0.4    0.1    96   -0.3    1.6    ONO   0.40   6.4   OSO    0.2    0.2    0.2  1016.0   0.20    0.8    0.189   0.000   21.9    45    9.5   21.0    8.45   1.1860     349     1    100.0   15 
27/02/23  10:00    0.5    0.5    0.4    96   -0.1    3.2    ONO   0.80   6.4     O    0.0    0.4   -0.1  1016.0   0.00    0.0    0.186   0.000   21.7    46    9.5   20.7    8.63   1.1871     350     1    100.0   15 
27/02/23  10:15    0.6    0.7    0.4    96   -0.0    3.2      O   0.80   9.7   ONO    0.1    0.5    0.0  1016.0   0.00    0.0    0.185   0.000   21.4    46    9.3   20.4    8.64   1.1881     350     1    100.0   15 
27/02/23  10:30    0.7    0.8    0.6    95   -0.0    1.6    ONO   0.40   8.0     O    0.7    0.6    0.6  1016.1   0.00    0.0    0.184   0.000   21.3    46    9.2   20.2    8.64   1.1891     351     1    100.0   15 
27/02/23  10:45    0.8    1.1    0.7    95    0.1    1.6    ONO   0.40   4.8   ONO    0.8    0.7    0.7  1016.1   0.00    0.0    0.183   0.000   21.2    46    9.1   20.0    8.65   1.1897     351     1    100.0   15 
27/02/23  11:00    1.3    1.6    1.1    95    0.6    1.6    ONO   0.40   4.8     O    1.3    1.3    1.3  1016.1   0.00    0.0    0.177   0.000   20.9    43    7.9   19.7    8.25   1.1916     351     1    100.0   15 
27/02/23  11:15    1.8    2.2    1.5    94    0.9    1.6    OSO   0.40   6.4   SSE    1.8    1.8    1.8  1016.2   0.00    0.0    0.172   0.000   20.7    43    7.7   19.5    8.25   1.1928     351     1    100.0   15 
27/02/23  11:30    2.6    2.8    2.2    92    1.4    1.6      O   0.40   8.0    NO    2.6    2.5    2.5  1016.1   0.00    0.0    0.164   0.000   20.8    43    7.7   19.6    8.25   1.1924     351     1    100.0   15 
27/02/23  11:45    2.7    3.1    2.4    81   -0.3    3.2      O   0.80   9.7   ONO    2.3    2.5    2.2  1016.0   0.00    0.0    0.163   0.000   21.1    44    8.4   19.8    8.35   1.1904     350     1    100.0   15 
27/02/23  12:00    3.3    3.5    3.1    73   -1.1    3.2     NO   0.80   8.0     O    3.1    3.0    2.8  1015.9   0.00    0.0    0.157   0.000   21.5    44    8.7   20.3    8.34   1.1884     351     1    100.0   15 
27/02/23  12:15    3.9    4.4    3.6    65   -2.0    3.2      O   0.80   9.7     O    3.8    3.6    3.4  1015.9   0.00    0.0    0.150   0.000   21.8    44    9.0   20.8    8.32   1.1868     349     1    100.0   15 
27/02/23  12:30    4.7    4.8    4.4    53   -4.1    3.2    ONO   0.80  12.9     O    4.6    4.1    4.0  1015.8   0.00    0.0    0.142   0.000   22.1    44    9.3   21.2    8.31   1.1853     351     1    100.0   15 
27/02/23  12:45    5.1    5.3    4.8    49   -4.7    3.2     NO   0.80   8.0    NO    5.1    4.5    4.4  1015.6   0.00    0.0    0.138   0.000   22.4    43    9.2   21.6    8.16   1.1841     350     1    100.0   15 
27/02/23  13:00    5.7    6.1    5.3    49   -4.2    1.6      E   0.40  11.3   ENE    5.7    5.1    5.1  1015.3   0.00    0.0    0.131   0.000   22.6    43    9.4   21.9    8.14   1.1826     351     1    100.0   15 
27/02/23  13:15    6.2    6.3    5.9    46   -4.6    3.2     NO   0.80  11.3   OSO    6.2    5.4    5.4  1015.1   0.00    0.0    0.127   0.000   22.7    43    9.5   22.1    8.13   1.1819     351     1    100.0   15 
27/02/23  13:30    6.2    6.8    5.9    46   -4.6    1.6      O   0.40   6.4    NO    6.2    5.5    5.5  1014.8   0.00    0.0    0.126   0.000   22.8    42    9.2   22.2    7.99   1.1815     352     1    100.0   15 
27/02/23  13:45    7.0    7.1    6.9    42   -5.1    3.2    ONO   0.80   9.7    NO    7.0    6.2    6.2  1014.7   0.00    0.0    0.118   0.000   23.0    42    9.4   22.4    7.98   1.1803     351     1    100.0   15 
27/02/23  14:00    6.9    7.2    6.7    43   -4.8    3.2      O   0.80   9.7   ONO    6.9    6.2    6.2  1014.6   0.00    0.0    0.119   0.000   23.0    43    9.7   22.5    8.11   1.1799     350     1    100.0   15 
27/02/23  14:15    7.1    7.2    6.9    42   -5.0    4.8     NO   1.21  12.9    NO    6.5    6.3    5.7  1014.6   0.00    0.0    0.117   0.000   23.1    42    9.5   22.6    7.98   1.1797     350     1    100.0   15 
27/02/23  14:30    7.2    7.4    6.9    40   -5.5    3.2     NO   0.80   8.0   ONO    7.2    6.4    6.4  1014.5   0.00    0.0    0.116   0.000   23.1    42    9.5   22.6    7.98   1.1796     351     1    100.0   15 
27/02/23  14:45    7.3    7.5    7.2    39   -5.7    1.6      O   0.40   8.0    NO    7.3    6.5    6.5  1014.5   0.00    0.0    0.115   0.000   23.0    43    9.7   22.5    8.11   1.1798     347     1    100.0   15 
27/02/23  15:00    7.4    7.6    7.2    40   -5.4    0.0    OSO   0.00   4.8   OSO    7.4    6.6    6.6  1014.3   0.00    0.0    0.114   0.000   22.8    43    9.6   22.3    8.13   1.1804     351     1    100.0   15 
27/02/23  15:15    7.4    7.6    7.2    38   -6.0    3.2    OSO   0.80   8.0   OSO    7.4    6.6    6.6  1014.4   0.00    0.0    0.114   0.000   22.8    43    9.5   22.2    8.13   1.1808     351     1    100.0   15 
27/02/23  15:30    7.3    7.4    7.2    36   -6.8    0.0     NO   0.00   4.8   ESE    7.3    6.4    6.4  1014.5   0.00    0.0    0.115   0.000   22.7    42    9.1   22.1    7.99   1.1815     350     1    100.0   15 
27/02/23  15:45    7.4    7.5    7.3    37   -6.4    1.6      E   0.40   8.0     E    7.4    6.6    6.6  1014.5   0.00    0.0    0.114   0.000   22.7    42    9.1   22.1    7.99   1.1815     352     1    100.0   15 
27/02/23  16:00    7.3    7.3    7.2    42   -4.8    3.2      E   0.80  19.3     O    7.3    6.5    6.5  1014.6   0.00    0.0    0.115   0.000   22.7    42    9.1   21.9    7.99   1.1819     350     1    100.0   15 
27/02/23  16:15    6.8    7.2    6.7    45   -4.3    6.4      O   1.61  19.3     O    5.7    6.1    5.0  1014.8   0.00    0.0    0.120   0.000   22.7    42    9.1   21.9    7.99   1.1821     350     1    100.0   15 
27/02/23  16:30    6.6    6.7    6.6    44   -4.8    4.8    ONO   1.21  17.7     O    6.0    5.9    5.3  1015.1   0.00    0.0    0.122   0.000   22.7    43    9.5   22.1    8.13   1.1818     351     1    100.0   15 
27/02/23  16:45    6.4    6.6    6.3    44   -4.9    4.8    ONO   1.21  14.5     O    5.8    5.7    5.1  1015.3   0.00    0.0    0.124   0.000   22.7    43    9.5   22.1    8.13   1.1821     351     1    100.0   15 
27/02/23  17:00    6.3    6.3    6.2    44   -5.1    4.8      O   1.21  16.1   OSO    5.6    5.6    4.9  1015.5   0.00    0.0    0.126   0.000   22.7    42    9.1   22.1    7.99   1.1826     352     1    100.0   15 
27/02/23  17:15    6.2    6.2    6.1    45   -4.9    4.8    ONO   1.21  11.3     O    5.5    5.4    4.8  1015.6   0.00    0.0    0.127   0.000   22.6    43    9.4   21.9    8.14   1.1830     351     1    100.0   15 
27/02/23  17:30    6.2    6.2    6.1    52   -3.0    1.6     NO   0.40   6.4    NO    6.2    5.6    5.6  1015.8   0.00    0.0    0.127   0.000   22.5    43    9.3   21.8    8.15   1.1837     350     1    100.0   15 
27/02/23  17:45    6.0    6.1    5.9    57   -1.9    1.6     NO   0.40   8.0    NO    6.0    5.5    5.5  1016.0   0.00    0.0    0.128   0.000   22.4    43    9.2   21.6    8.16   1.1845     351     1    100.0   15 
27/02/23  18:00    5.6    5.9    5.4    59   -1.8    3.2     NO   0.80   8.0    NO    5.6    5.2    5.2  1016.2   0.00    0.0    0.133   0.000   22.3    43    9.1   21.5    8.16   1.1851     351     1    100.0   15 
27/02/23  18:15    5.4    5.4    5.3    60   -1.8    3.2    ONO   0.80  11.3    NO    5.4    4.9    4.9  1016.6   0.00    0.0    0.135   0.000   22.3    43    9.1   21.4    8.17   1.1857     351     1    100.0   15 
27/02/23  18:30    4.9    5.3    4.6    63   -1.5    3.2    ONO   0.80   9.7   ONO    4.9    4.6    4.5  1016.9   0.00    0.0    0.139   0.000   22.2    43    9.0   21.3    8.17   1.1864     349     1    100.0   15 
27/02/23  18:45    4.5    4.6    4.4    62   -2.2    1.6     NO   0.40   9.7   ONO    4.5    4.1    4.1  1017.2   0.00    0.0    0.144   0.000   22.2    43    9.0   21.3    8.17   1.1870     351     1    100.0   15 
27/02/23  19:00    4.4    4.4    4.2    61   -2.5    4.8     NO   1.21  12.9    NO    3.5    3.9    3.1  1017.6   0.00    0.0    0.145   0.000   22.1    43    8.9   21.2    8.18   1.1878     351     1    100.0   15 
27/02/23  19:15    4.1    4.2    4.0    58   -3.5    4.8     NO   1.21  17.7   ONO    3.1    3.6    2.6  1017.8   0.00    0.0    0.149   0.000   22.1    43    8.9   21.1    8.18   1.1882     352     1    100.0   15 
27/02/23  19:30    4.2    4.3    4.1    57   -3.6    3.2    NNO   0.80   9.7   ONO    4.1    3.7    3.6  1018.2   0.00    0.0    0.147   0.000   22.0    43    8.8   21.0    8.19   1.1890     349     1    100.0   15 
27/02/23  19:45    4.1    4.3    3.9    63   -2.4    4.8      O   1.21  20.9   ONO    3.1    3.7    2.7  1018.1   0.00    0.0    0.149   0.000   21.9    44    9.1   20.9    8.32   1.1891     351     1    100.0   15 
27/02/23  20:00    3.8    3.9    3.8    61   -3.0    3.2      O   0.80  11.3   ONO    3.7    3.4    3.2  1018.0   0.00    0.0    0.151   0.000   21.8    44    9.0   20.7    8.33   1.1895     350     1    100.0   15 
27/02/23  20:15    4.0    4.1    3.9    61   -2.9    3.2    ENE   0.80   8.0   ENE    3.8    3.6    3.4  1018.3   0.00    0.0    0.149   0.000   21.7    44    8.9   20.6    8.33   1.1904     352     1    100.0   15 
27/02/23  20:30    4.0    4.1    3.9    61   -2.9    1.6      O   0.40   4.8     O    4.0    3.6    3.6  1018.3   0.00    0.0    0.149   0.000   21.6    44    8.8   20.5    8.33   1.1907     351     1    100.0   15 
27/02/23  20:45    3.8    4.0    3.8    56   -4.2    3.2    ONO   0.80  12.9   ONO    3.7    3.3    3.2  1018.2   0.00    0.0    0.151   0.000   21.6    44    8.8   20.4    8.33   1.1909     351     1    100.0   15 
27/02/23  21:00    4.3    4.6    4.1    46   -6.3    4.8    ONO   1.21  16.1     O    3.4    3.7    2.7  1017.8   0.00    0.0    0.146   0.000   21.5    44    8.7   20.3    8.34   1.1906     350     1    100.0   15 
27/02/23  21:15    4.8    4.8    4.6    46   -5.9    4.8    ONO   1.21  12.9     O    3.9    4.1    3.3  1017.6   0.00    0.0    0.141   0.000   21.4    44    8.7   20.3    8.34   1.1907     350     1    100.0   15 
27/02/23  21:30    4.8    4.9    4.7    44   -6.5    6.4      O   1.61  16.1    SO    3.3    4.1    2.7  1017.3   0.00    0.0    0.141   0.000   21.4    45    9.0   20.2    8.45   1.1904     351     1    100.0   15 
27/02/23  21:45    5.1    5.2    4.9    41   -7.1    4.8    ONO   1.21  20.9   ONO    4.3    4.3    3.5  1017.5   0.00    0.0    0.138   0.000   21.5    45    9.1   20.4    8.45   1.1901     349     1    100.0   15 
27/02/23  22:00    5.2    5.3    5.2    42   -6.7    4.8    ONO   1.21  17.7     O    4.4    4.5    3.7  1017.4   0.00    0.0    0.137   0.000   21.6    45    9.1   20.4    8.45   1.1896     349     1    100.0   15 
27/02/23  22:15    5.1    5.2    5.1    42   -6.8    8.0    ONO   2.01  24.1    NO    3.2    4.3    2.4  1017.3   0.00    0.0    0.138   0.000   21.4    45    9.0   20.3    8.45   1.1900     350     1    100.0   15 
27/02/23  22:30    5.1    5.1    5.1    42   -6.8    9.7      O   2.41  29.0     O    2.8    4.4    2.1  1017.1   0.00    0.0    0.138   0.000   21.3    45    8.9   20.2    8.45   1.1903     351     1    100.0   15 
27/02/23  22:45    5.0    5.1    4.9    44   -6.3    9.7    ONO   2.41  22.5    NO    2.7    4.3    2.1  1016.7   0.00    0.0    0.139   0.000   21.2    45    8.8   20.1    8.45   1.1904     350     1    100.0   15 
27/02/23  23:00    4.8    4.9    4.7    45   -6.2    8.0      O   2.01  22.5   OSO    2.9    4.1    2.2  1016.7   0.00    0.0    0.141   0.000   21.1    45    8.7   19.8    8.45   1.1913     351     1    100.0   15 
27/02/23  23:15    4.6    4.7    4.5    47   -5.8    9.7    ONO   2.41  22.5   ONO    2.3    3.9    1.6  1016.7   0.00    0.0    0.143   0.000   20.9    45    8.6   19.8    8.46   1.1918     351     1    100.0   15 
27/02/23  23:30    4.4    4.5    4.3    48   -5.7    8.0     NO   2.01  19.3   ONO    2.4    3.8    1.8  1017.1   0.00    0.0    0.145   0.000   20.9    45    8.5   19.7    8.46   1.1925     351     1    100.0   15 
27/02/23  23:45    4.2    4.3    4.1    49   -5.6    6.4      O   1.61  17.7   ONO    2.6    3.6    2.0  1017.3   0.00    0.0    0.148   0.000   20.8    45    8.5   19.7    8.46   1.1930     351     1    100.0   15 
28/02/23  00:00    3.9    4.1    3.8    50   -5.6    6.4      O   1.61  16.1   ONO    2.4    3.4    1.8  1017.3   0.00    0.0    0.150   0.000   20.7    46    8.7   19.7    8.65   1.1933     351     1    100.0   15 
28/02/23   0:15    3.8    3.8    3.8    50   -5.7    6.4    ONO   1.61  20.9     O    2.2    3.3    1.7  1016.8   0.00    0.0    0.151   0.000   20.6    46    8.6   19.6    8.65   1.1932     349     1    100.0   15 
28/02/23   0:30    3.7    3.8    3.6    51   -5.5    6.4    ONO   1.61  16.1   NNO    2.1    3.1    1.5  1017.1   0.00    0.0    0.153   0.000   20.4    46    8.4   19.4    8.65   1.1946     351     1    100.0   15 
28/02/23   0:45    3.4    3.6    3.3    53   -5.2    6.4    ONO   1.61  17.7    NO    1.8    2.9    1.3  1017.2   0.00    0.0    0.155   0.000   19.9    46    8.0   19.0    8.65   1.1970     350     1    100.0   15 
28/02/23   1:00    3.2    3.3    3.2    54   -5.2    4.8      O   1.21  12.9    NO    2.2    2.7    1.7  1017.2   0.00    0.0    0.157   0.000   19.6    47    7.9   18.6    8.81   1.1986     351     1    100.0   15 
28/02/23   1:15    3.2    3.2    3.2    55   -5.0    6.4    ONO   1.61  17.7   ONO    1.5    2.7    1.0  1017.4   0.00    0.0    0.158   0.000   19.2    47    7.6   18.2    8.82   1.2007     350     1    100.0   15 
28/02/23   1:30    3.2    3.3    3.2    54   -5.2    8.0    ONO   2.01  25.7   ONO    1.1    2.7    0.6  1017.6   0.00    0.0    0.157   0.000   18.8    48    7.6   17.8    8.93   1.2023     350     1    100.0   15 
28/02/23   1:45    3.3    3.3    3.3    54   -5.2    8.0      O   2.01  17.7     O    1.1    2.8    0.6  1017.5   0.00    0.0    0.157   0.000   18.4    48    7.2   17.4    8.95   1.2041     351     1    100.0   15 
28/02/23   2:00    3.2    3.3    3.2    55   -5.0    8.0    ONO   2.01  17.7   ONO    1.1    2.7    0.6  1017.6   0.00    0.0    0.157   0.000   18.1    49    7.2   17.1    9.17   1.2056     351     1    100.0   15 
28/02/23   2:15    3.1    3.2    2.8    58   -4.4    6.4      O   1.61  19.3   ONO    1.3    2.6    0.9  1017.3   0.00    0.0    0.159   0.000   17.7    49    6.9   16.7    9.19   1.2071     351     1    100.0   15 
28/02/23   2:30    2.6    2.8    2.5    58   -4.8    9.7      O   2.41  27.4     O   -0.1    2.2   -0.6  1017.5   0.00    0.0    0.164   0.000   17.5    50    7.0   16.5    9.38   1.2083     350     1    100.0   15 
28/02/23   2:45    2.4    2.5    2.3    58   -5.0    8.0      O   2.01  19.3   ONO    0.1    1.9   -0.4  1017.3   0.00    0.0    0.166   0.000   17.6    49    6.7   16.5    9.21   1.2079     349     1    100.0   15 
28/02/23   3:00    2.3    2.3    2.2    59   -4.9    6.4    ONO   1.61  17.7   ONO    0.4    1.8    0.0  1017.4   0.00    0.0    0.167   0.000   17.7    49    6.9   16.7    9.19   1.2072     351     1    100.0   15 
28/02/23   3:15    2.3    2.3    2.2    59   -4.9    8.0    ONO   2.01  19.3    NO   -0.1    1.8   -0.5  1017.4   0.00    0.0    0.167   0.000   18.0    49    7.1   17.0    9.17   1.2059     350     1    100.0   15 
28/02/23   3:30    2.2    2.3    2.1    60   -4.8    8.0    ONO   2.01  16.1   OSO   -0.1    1.8   -0.6  1017.3   0.00    0.0    0.168   0.000   18.2    49    7.3   17.2    9.16   1.2050     350     1    100.0   15 
28/02/23   3:45    2.1    2.1    2.0    60   -4.9    8.0     NO   2.01  24.1   ONO   -0.3    1.6   -0.8  1017.5   0.00    0.0    0.170   0.000   18.3    48    7.1   17.3    8.95   1.2046     350     1    100.0   15 
28/02/23   4:00    1.9    2.0    1.8    60   -5.0    8.0    ONO   2.01  25.7   OSO   -0.4    1.6   -0.8  1017.3   0.00    0.0    0.171   0.000   18.5    48    7.3   17.4    8.94   1.2035     350     1    100.0   15 
28/02/23   4:15    1.8    1.8    1.7    61   -5.0    6.4     NO   1.61  22.5   OSO   -0.1    1.4   -0.5  1017.4   0.00    0.0    0.172   0.000   18.6    48    7.3   17.5    8.94   1.2035     351     1    100.0   15 
28/02/23   4:30    1.8    1.9    1.7    61   -5.0    6.4      O   1.61  19.3   ONO   -0.1    1.4   -0.5  1017.3   0.00    0.0    0.172   0.000   18.6    48    7.4   17.6    8.94   1.2030     349     1    100.0   15 
