                 Temp.  Temp.  Temp.  Hum.   Punt   Vel.   Dir.   Rec.  Vel.  Dir.  Sens.   Índ.   Índ.                  Int. Graus D.Graus D.  Temp.  Hum. Rosada  In.Cal.  EMC     Dens.    Mostr   Tx   Recep.  Int.
  Data    Hora    Ext.   Màx.   Mín.  Ext. Rosada   Vent   Vent   Vent  Màx.  Màx.  Tèrm.  Calor   THW    Bar    Pluja   Pluja  Calor    Fred    Int.  Int.   Int.   Int.    Int.  Int.Aire    Vent   Vent   ISS   Arc.
-------------------------------------------------------------------------------------------------------------------------------------------------------------------------------------------------------------------------
28/02/23   0:15    3.8    3.8    3.8    50   -5.7    6.4    ONO   1.61  20.9     O    2.2    3.3    1.7  1016.8   0.00    0.0    0.151   0.000   20.6    46    8.6   19.6    8.65   1.1932     349     1    100.0   15 
28/02/23   0:30    3.7    3.8    3.6    51   -5.5    6.4    ONO   1.61  16.1   NNO    2.1    3.1    1.5  1017.1   0.00    0.0    0.153   0.000   20.4    46    8.4   19.4    8.65   1.1946     351     1    100.0   15 
28/02/23   0:45    3.4    3.6    3.3    53   -5.2    6.4    ONO   1.61  17.7    NO    1.8    2.9    1.3  1017.2   0.00    0.0    0.155   0.000   19.9    46    8.0   19.0    8.65   1.1970     350     1    100.0   15 
28/02/23   1:00    3.2    3.3    3.2    54   -5.2    4.8      O   1.21  12.9    NO    2.2    2.7    1.7  1017.2   0.00    0.0    0.157   0.000   19.6    47    7.9   18.6    8.81   1.1986     351     1    100.0   15 
28/02/23   1:15    3.2    3.2    3.2    55   -5.0    6.4    ONO   1.61  17.7   ONO    1.5    2.7    1.0  1017.4   0.00    0.0    0.158   0.000   19.2    47    7.6   18.2    8.82   1.2007     350     1    100.0   15 
28/02/23   1:30    3.2    3.3    3.2    54   -5.2    8.0    ONO   2.01  25.7   ONO    1.1    2.7    0.6  1017.6   0.00    0.0    0.157   0.000   18.8    48    7.6   17.8    8.93   1.2023     350     1    100.0   15 
28/02/23   1:45    3.3    3.3    3.3    54   -5.2    8.0      O   2.01  17.7     O    1.1    2.8    0.6  1017.5   0.00    0.0    0.157   0.000   18.4    48    7.2   17.4    8.95   1.2041     351     1    100.0   15 
28/02/23   2:00    3.2    3.3    3.2    55   -5.0    8.0    ONO   2.01  17.7   ONO    1.1    2.7    0.6  1017.6   0.00    0.0    0.157   0.000   18.1    49    7.2   17.1    9.17   1.2056     351     1    100.0   15 
28/02/23   2:15    3.1    3.2    2.8    58   -4.4    6.4      O   1.61  19.3   ONO    1.3    2.6    0.9  1017.3   0.00    0.0    0.159   0.000   17.7    49    6.9   16.7    9.19   1.2071     351     1    100.0   15 
28/02/23   2:30    2.6    2.8    2.5    58   -4.8    9.7      O   2.41  27.4     O   -0.1    2.2   -0.6  1017.5   0.00    0.0    0.164   0.000   17.5    50    7.0   16.5    9.38   1.2083     350     1    100.0   15 
28/02/23   2:45    2.4    2.5    2.3    58   -5.0    8.0      O   2.01  19.3   ONO    0.1    1.9   -0.4  1017.3   0.00    0.0    0.166   0.000   17.6    49    6.7   16.5    9.21   1.2079     349     1    100.0   15 
28/02/23   3:00    2.3    2.3    2.2    59   -4.9    6.4    ONO   1.61  17.7   ONO    0.4    1.8    0.0  1017.4   0.00    0.0    0.167   0.000   17.7    49    6.9   16.7    9.19   1.2072     351     1    100.0   15 
28/02/23   3:15    2.3    2.3    2.2    59   -4.9    8.0    ONO   2.01  19.3    NO   -0.1    1.8   -0.5  1017.4   0.00    0.0    0.167   0.000   18.0    49    7.1   17.0    9.17   1.2059     350     1    100.0   15 
28/02/23   3:30    2.2    2.3    2.1    60   -4.8    8.0    ONO   2.01  16.1   OSO   -0.1    1.8   -0.6  1017.3   0.00    0.0    0.168   0.000   18.2    49    7.3   17.2    9.16   1.2050     350     1    100.0   15 
28/02/23   3:45    2.1    2.1    2.0    60   -4.9    8.0     NO   2.01  24.1   ONO   -0.3    1.6   -0.8  1017.5   0.00    0.0    0.170   0.000   18.3    48    7.1   17.3    8.95   1.2046     350     1    100.0   15 
28/02/23   4:00    1.9    2.0    1.8    60   -5.0    8.0    ONO   2.01  25.7   OSO   -0.4    1.6   -0.8  1017.3   0.00    0.0    0.171   0.000   18.5    48    7.3   17.4    8.94   1.2035     350     1    100.0   15 
28/02/23   4:15    1.8    1.8    1.7    61   -5.0    6.4     NO   1.61  22.5   OSO   -0.1    1.4   -0.5  1017.4   0.00    0.0    0.172   0.000   18.6    48    7.3   17.5    8.94   1.2035     351     1    100.0   15 
28/02/23   4:30    1.8    1.9    1.7    61   -5.0    6.4      O   1.61  19.3   ONO   -0.1    1.4   -0.5  1017.3   0.00    0.0    0.172   0.000   18.6    48    7.4   17.6    8.94   1.2030     349     1    100.0   15 
28/02/23   4:45    1.9    1.9    1.9    61   -4.8    4.8      O   1.21  24.1    NO    0.7    1.6    0.3  1017.5   0.00    0.0    0.171   0.000   18.7    48    7.4   17.7    8.94   1.2030     350     1    100.0   15 
28/02/23   5:00    1.9    2.1    1.9    61   -4.8    6.4    ONO   1.61  14.5    NO    0.1    1.6   -0.3  1017.8   0.00    0.0    0.171   0.000   18.7    48    7.5   17.7    8.94   1.2031     350     1    100.0   15 
28/02/23   5:15    2.1    2.1    2.0    62   -4.5    8.0    ONO   2.01  22.5    SO   -0.3    1.7   -0.7  1017.3   0.00    0.0    0.170   0.000   18.7    48    7.5   17.7    8.94   1.2025     351     1    100.0   15 
28/02/23   5:30    1.9    2.0    1.9    63   -4.4    6.4     NO   1.61  20.9     O    0.1    1.6   -0.3  1018.1   0.00    0.0    0.171   0.000   18.7    47    7.2   17.7    8.84   1.2037     351     1    100.0   15 
28/02/23   5:45    1.9    1.9    1.8    62   -4.6    9.7    ONO   2.41  25.7   OSO   -0.9    1.5   -1.3  1018.2   0.00    0.0    0.171   0.000   18.7    47    7.2   17.7    8.84   1.2038     351     1    100.0   15 
28/02/23   6:00    1.9    1.9    1.9    63   -4.4    8.0    ONO   2.01  20.9   ONO   -0.5    1.5   -0.9  1018.3   0.00    0.0    0.171   0.000   18.7    47    7.2   17.7    8.84   1.2039     350     1    100.0   15 
28/02/23   6:15    1.8    1.9    1.8    63   -4.5    8.0    ONO   2.01  17.7     O   -0.6    1.4   -0.9  1018.4   0.00    0.0    0.172   0.000   18.7    47    7.2   17.7    8.84   1.2040     350     1    100.0   15 
28/02/23   6:30    1.9    1.9    1.8    63   -4.4    8.0    ONO   2.01  17.7     O   -0.5    1.5   -0.9  1018.4   0.00    0.0    0.171   0.000   18.7    47    7.2   17.7    8.84   1.2040     352     1    100.0   15 
28/02/23   6:45    1.7    1.8    1.6    64   -4.4    4.8    ONO   1.21  16.1     O    0.4    1.3    0.1  1018.6   0.00    0.0    0.174   0.000   18.7    47    7.1   17.6    8.84   1.2046     350     1    100.0   15 
28/02/23   7:00    1.5    1.6    1.4    65   -4.4    3.2    ONO   0.80  11.3    NO    1.1    1.2    0.7  1018.8   0.00    0.0    0.175   0.000   18.7    47    7.1   17.6    8.84   1.2048     350     1    100.0   15 
28/02/23   7:15    1.4    1.5    1.4    66   -4.2    3.2    ONO   0.80   9.7   ONO    1.0    1.1    0.7  1018.8   0.00    0.0    0.176   0.000   18.6    47    7.1   17.5    8.84   1.2050     351     1    100.0   15 
28/02/23   7:30    1.4    1.4    1.3    65   -4.5    4.8    ONO   1.21  12.9    SO    0.1    1.1   -0.3  1018.8   0.00    0.0    0.177   0.000   18.6    47    7.0   17.4    8.84   1.2053     350     1    100.0   15 
28/02/23   7:45    1.6    1.6    1.4    65   -4.3    8.0    ONO   2.01  16.1    NO   -0.9    1.2   -1.2  1018.9   0.00    0.0    0.175   0.000   18.6    47    7.0   17.4    8.84   1.2054     352     1    100.0   15 
28/02/23   8:00    1.4    1.6    1.3    66   -4.2    4.8    ONO   1.21  19.3     O    0.2    1.1   -0.2  1019.1   0.00    0.0    0.176   0.000   18.5    47    7.0   17.4    8.84   1.2060     349     1    100.0   15 
28/02/23   8:15    1.4    1.7    1.3    65   -4.5    6.4    ONO   1.61  19.3    NO   -0.6    1.1   -0.9  1019.3   0.00    0.0    0.177   0.000   18.5    47    7.0   17.4    8.84   1.2063     351     1    100.0   15 
28/02/23   8:30    1.9    2.1    1.7    63   -4.4    8.0      O   2.01  17.7   SSO   -0.5    1.5   -0.9  1019.4   0.00    0.0    0.171   0.000   18.6    48    7.4   17.6    8.94   1.2056     351     1    100.0   15 
28/02/23   8:45    2.2    2.3    2.1    63   -4.1    6.4      O   1.61  17.7   ONO    0.4    1.8    0.0  1019.6   0.00    0.0    0.168   0.000   19.9    46    8.0   19.0    8.65   1.1998     351     1    100.0   15 
28/02/23   9:00    2.3    2.6    2.2    63   -4.0    6.4      O   1.61  16.1   OSO    0.4    1.9    0.1  1019.8   0.00    0.0    0.167   0.000   21.5    44    8.7   20.3    8.34   1.1930     351     1    100.0   15 
28/02/23   9:15    2.7    2.8    2.6    63   -3.7    8.0      O   2.01  19.3     O    0.4    2.3    0.0  1020.2   0.00    0.0    0.163   0.000   21.5    44    8.7   20.3    8.34   1.1935     350     1    100.0   15 
28/02/23   9:30    2.9    3.1    2.8    62   -3.6    6.4    ONO   1.61  16.1   NNO    1.2    2.5    0.8  1020.3   0.00    0.0    0.160   0.000   21.3    44    8.5   20.1    8.34   1.1947     351     1    100.0   15 
28/02/23   9:45    3.1    3.1    3.0    61   -3.7    8.0     NO   2.01  19.3     O    0.8    2.6    0.4  1020.4   0.00    0.0    0.159   0.000   21.1    44    8.4   19.8    8.35   1.1956     351     1    100.0   15 
28/02/23  10:00    3.1    3.2    3.0    61   -3.7    6.4    ONO   1.61  19.3     O    1.4    2.7    0.9  1020.6   0.00    0.0    0.159   0.000   21.0    44    8.3   19.8    8.35   1.1964     352     1    100.0   15 
28/02/23  10:15    3.4    3.7    3.2    60   -3.6    4.8    ONO   1.21  16.1     O    2.3    2.9    1.9  1020.7   0.00    0.0    0.156   0.000   20.9    44    8.2   19.7    8.35   1.1970     350     1    100.0   15 
28/02/23  10:30    4.0    4.3    3.7    59   -3.3    4.8    ONO   1.21  14.5     O    3.1    3.6    2.6  1020.8   0.00    0.0    0.149   0.000   20.9    44    8.2   19.7    8.35   1.1971     350     1    100.0   15 
28/02/23  10:45    4.4    4.6    4.3    58   -3.1    4.8    ONO   1.21  17.7     O    3.6    3.9    3.1  1021.1   0.00    0.0    0.145   0.000   20.9    43    7.9   19.7    8.25   1.1975     350     1    100.0   15 
28/02/23  11:00    4.6    4.7    4.6    57   -3.2    4.8      O   1.21  16.1     O    3.7    4.1    3.2  1021.1   0.00    0.0    0.143   0.000   21.0    43    7.9   19.7    8.25   1.1972     351     1    100.0   15 
28/02/23  11:15    4.8    4.8    4.7    56   -3.3    6.4    ONO   1.61  17.7   ONO    3.3    4.2    2.8  1021.2   0.00    0.0    0.141   0.000   21.0    43    7.9   19.7    8.25   1.1974     351     1    100.0   15 
28/02/23  11:30    4.9    5.2    4.8    58   -2.6    6.4    ONO   1.61  16.1   OSO    3.6    4.4    3.1  1021.2   0.00    0.0    0.139   0.000   21.1    43    8.0   19.7    8.25   1.1971     349     1    100.0   15 
28/02/23  11:45    5.3    5.4    5.2    56   -2.7    8.0    ONO   2.01  20.9   ONO    3.5    4.8    2.9  1021.2   0.00    0.0    0.135   0.000   21.1    42    7.6   19.7    8.05   1.1975     351     1    100.0   15 
28/02/23  12:00    5.6    5.8    5.4    54   -3.0    8.0     NO   2.01  24.1     O    3.8    5.1    3.3  1021.4   0.00    0.0    0.133   0.000   21.1    42    7.7   19.7    8.05   1.1974     352     1    100.0   15 
28/02/23  12:15    6.1    6.3    5.8    54   -2.6    8.0    ONO   2.01  19.3   ONO    4.4    5.5    3.8  1021.5   0.00    0.0    0.128   0.000   21.2    42    7.8   19.9    8.05   1.1970     350     1    100.0   15 
28/02/23  12:30    6.7    7.1    6.3    52   -2.5    8.0     NO   2.01  19.3     O    5.1    6.1    4.5  1021.4   0.00    0.0    0.122   0.000   21.4    42    7.9   20.1    8.04   1.1960     351     1    100.0   15 
28/02/23  12:45    7.8    8.8    7.1    50   -2.0    4.8     NO   1.21  17.7     O    7.4    7.2    6.8  1021.3   0.00    0.0    0.109   0.000   21.6    43    8.5   20.4    8.21   1.1946     351     1    100.0   15 
28/02/23  13:00    9.1    9.3    8.8    48   -1.4    4.8    ONO   1.21  16.1    SO    8.7    8.4    8.1  1021.3   0.00    0.0    0.097   0.000   21.9    41    8.0   20.7    7.89   1.1939     350     1    100.0   15 
28/02/23  13:15    9.3    9.4    9.2    47   -1.5    8.0      O   2.01  19.3     O    8.2    8.6    7.4  1021.0   0.00    0.0    0.094   0.000   22.2    41    8.3   21.2    7.87   1.1921     352     1    100.0   15 
28/02/23  13:30    9.3    9.6    9.2    47   -1.4    9.7    ONO   2.41  29.0   OSO    7.9    8.6    7.2  1020.8   0.00    0.0    0.094   0.000   22.4    40    8.2   21.5    7.70   1.1909     350     1    100.0   15 
28/02/23  13:45   10.0   10.2    9.6    45   -1.4    8.0    ONO   2.01  17.7     O    9.0    9.3    8.3  1020.8   0.00    0.0    0.087   0.000   22.5    40    8.2   21.6    7.70   1.1906     351     1    100.0   15 
28/02/23  14:00   10.6   11.0   10.2    45   -0.8    6.4      O   1.61  17.7   ONO   10.1    9.8    9.2  1020.7   0.00    0.0    0.080   0.000   22.4    41    8.5   21.6    7.85   1.1904     350     1    100.0   15 
28/02/23  14:15   11.1   11.3   11.0    43   -1.0    6.4      O   1.61  19.3   OSO   10.7   10.1    9.7  1020.7   0.00    0.0    0.075   0.000   22.3    42    8.8   21.4    8.01   1.1907     350     1    100.0   15 
28/02/23  14:30   10.6   11.0   10.2    44   -1.2    9.7      O   2.41  24.1    NO    9.4    9.7    8.6  1020.7   0.00    0.0    0.081   0.000   22.2    42    8.7   21.3    8.01   1.1912     351     1    100.0   15 
28/02/23  14:45   10.1   10.2   10.0    45   -1.4    8.0    ONO   2.01  22.5    NO    9.1    9.3    8.3  1020.5   0.00    0.0    0.086   0.000   22.1    42    8.5   21.0    8.02   1.1918     351     1    100.0   15 
28/02/23  15:00   10.6   10.9   10.2    45   -0.8    8.0      O   2.01  24.1   ONO    9.7    9.8    8.9  1020.6   0.00    0.0    0.080   0.000   22.0    42    8.5   20.9    8.02   1.1922     350     1    100.0   15 
28/02/23  15:15   11.2   11.6   10.7    43   -0.9    6.4    ONO   1.61  22.5   ONO   10.8   10.2    9.8  1020.6   0.00    0.0    0.074   0.000   22.2    42    8.7   21.3    8.01   1.1911     351     1    100.0   15 
28/02/23  15:30   11.6   11.7   11.2    43   -0.6    9.7    ONO   2.41  25.7    NO   10.6   10.5    9.5  1020.5   0.00    0.0    0.071   0.000   22.6    42    9.0   21.8    8.00   1.1894     352     1    100.0   15 
28/02/23  15:45   11.2   11.3   11.0    44   -0.6    9.7    ONO   2.41  29.0   ONO   10.1   10.2    9.1  1020.4   0.00    0.0    0.075   0.000   22.9    42    9.3   22.3    7.99   1.1876     351     1    100.0   15 
28/02/23  16:00   10.7   11.2   10.6    46   -0.4    8.0      O   2.01  20.9   ONO    9.9    9.9    9.1  1020.5   0.00    0.0    0.079   0.000   23.1    41    9.1   22.6    7.81   1.1870     350     1    100.0   15 
28/02/23  16:15   10.4   10.6   10.4    46   -0.7    4.8    ONO   1.21  12.9     O   10.3    9.6    9.5  1020.5   0.00    0.0    0.083   0.000   23.1    42    9.5   22.6    7.98   1.1867     350     1    100.0   15 
28/02/23  16:30   10.4   10.5   10.3    45   -1.0    6.4    ONO   1.61  17.7   ONO    9.8    9.6    9.1  1020.6   0.00    0.0    0.083   0.000   23.2    43    9.9   22.7    8.10   1.1861     352     1    100.0   15 
28/02/23  16:45   10.8   11.0   10.6    42   -1.6    6.4    ONO   1.61  20.9   ONO   10.3    9.9    9.4  1020.6   0.00    0.0    0.078   0.000   23.3    43   10.0   22.8    8.09   1.1857     349     1    100.0   15 
28/02/23  17:00   11.0   11.2   10.8    42   -1.4    6.4      O   1.61  17.7   ONO   10.6   10.0    9.6  1020.7   0.00    0.0    0.076   0.000   23.3    44   10.4   22.9    8.27   1.1852     350     1    100.0   15 
28/02/23  17:15   11.2   11.3   11.2    40   -1.9    8.0    ONO   2.01  20.9   ONO   10.4   10.2    9.4  1020.8   0.00    0.0    0.074   0.000   23.4    44   10.4   23.1    8.27   1.1849     351     1    100.0   15 
28/02/23  17:30   11.2   11.2   11.1    41   -1.6    4.8    ONO   1.21  17.7     O   11.1   10.1   10.1  1020.9   0.00    0.0    0.075   0.000   23.4    44   10.4   23.1    8.27   1.1851     351     1    100.0   15 
28/02/23  17:45   10.9   11.1   10.5    41   -1.8    6.4      O   1.61  17.7   OSO   10.4    9.9    9.4  1021.0   0.00    0.0    0.077   0.000   23.4    44   10.4   23.1    8.27   1.1853     350     1    100.0   15 
28/02/23  18:00   10.1   10.5    9.7    44   -1.6    4.8    ONO   1.21  16.1   ONO    9.9    9.3    9.2  1021.2   0.00    0.0    0.086   0.000   23.3    45   10.7   23.0    8.45   1.1854     351     1    100.0   15 
28/02/23  18:15    9.7    9.7    9.6    45   -1.7    4.8    ONO   1.21  11.3    NO    9.4    8.9    8.7  1021.2   0.00    0.0    0.090   0.000   23.3    44   10.3   22.9    8.27   1.1860     350     1    100.0   15 
28/02/23  18:30    9.4    9.6    9.2    44   -2.2    8.0      O   2.01  17.7   ONO    8.3    8.7    7.6  1021.3   0.00    0.0    0.093   0.000   23.1    43    9.8   22.6    8.11   1.1872     351     1    100.0   15 
28/02/23  18:45    8.9    9.2    8.7    44   -2.7    6.4    ONO   1.61  20.9    NO    8.2    8.2    7.4  1021.4   0.00    0.0    0.098   0.000   23.0    42    9.4   22.4    7.98   1.1883     350     1    100.0   15 
28/02/23  19:00    8.4    8.7    8.3    45   -2.8    6.4    ONO   1.61  16.1     O    7.6    7.7    6.8  1021.6   0.00    0.0    0.103   0.000   22.9    42    9.3   22.4    7.98   1.1888     350     1    100.0   15 
28/02/23  19:15    8.1    8.3    7.9    46   -2.8    6.4    ONO   1.61  14.5     O    7.2    7.4    6.4  1021.9   0.00    0.0    0.106   0.000   22.8    42    9.2   22.2    7.99   1.1897     351     1    100.0   15 
28/02/23  19:30    7.9    8.0    7.7    46   -3.0    6.4    ONO   1.61  20.9   ONO    6.9    7.2    6.2  1022.0   0.00    0.0    0.109   0.000   22.7    42    9.1   22.1    7.99   1.1903     350     1    100.0   15 
28/02/23  19:45    7.6    7.7    7.4    46   -3.3    8.0    ONO   2.01  20.9   ONO    6.1    6.8    5.4  1022.2   0.00    0.0    0.112   0.000   22.6    42    9.0   21.9    8.00   1.1910     351     1    100.0   15 
28/02/23  20:00    7.3    7.5    7.2    47   -3.3    8.0    ONO   2.01  19.3   ONO    5.8    6.7    5.2  1022.3   0.00    0.0    0.115   0.000   22.6    42    9.0   21.8    8.00   1.1915     351     1    100.0   15 
28/02/23  20:15    6.9    7.2    6.8    48   -3.3    6.4    ONO   1.61  16.1   ONO    5.8    6.3    5.2  1022.5   0.00    0.0    0.119   0.000   22.4    42    8.9   21.6    8.00   1.1922     351     1    100.0   15 
28/02/23  20:30    6.5    6.8    6.3    49   -3.5    4.8    ONO   1.21  19.3   ONO    5.9    5.9    5.3  1022.7   0.00    0.0    0.123   0.000   22.4    42    8.8   21.6    8.00   1.1927     351     1    100.0   15 
28/02/23  20:45    6.2    6.3    6.0    49   -3.8    4.8    ONO   1.21  14.5   ONO    5.5    5.6    4.9  1022.7   0.00    0.0    0.127   0.000   22.3    42    8.8   21.4    8.01   1.1931     350     1    100.0   15 
28/02/23  21:00    5.9    6.1    5.8    50   -3.8    6.4      O   1.61  20.9     O    4.6    5.3    4.0  1022.7   0.00    0.0    0.130   0.000   22.3    42    8.8   21.4    8.01   1.1931     352     1    100.0   15 
28/02/23  21:15    5.6    5.8    5.5    51   -3.7    8.0    ONO   2.01  22.5   ONO    3.8    5.0    3.2  1022.8   0.00    0.0    0.133   0.000   22.3    42    8.7   21.4    8.01   1.1934     351     1    100.0   15 
28/02/23  21:30    5.3    5.5    5.1    52   -3.7    6.4    ONO   1.61  16.1     O    4.0    4.7    3.4  1022.8   0.00    0.0    0.135   0.000   22.2    42    8.6   21.2    8.01   1.1939     351     1    100.0   15 
28/02/23  21:45    5.1    5.2    5.1    52   -4.0    8.0    ONO   2.01  19.3   ONO    3.2    4.5    2.6  1022.9   0.00    0.0    0.138   0.000   22.1    43    8.9   21.1    8.18   1.1943     351     1    100.0   15 
28/02/23  22:00    4.9    5.1    4.7    53   -3.9    6.4    ONO   1.61  25.7     O    3.5    4.3    2.9  1022.9   0.00    0.0    0.140   0.000   22.1    43    8.9   21.1    8.18   1.1943     351     1    100.0   15 
28/02/23  22:15    4.7    4.7    4.6    53   -4.1    6.4      O   1.61  19.3   ONO    3.2    4.1    2.7  1023.1   0.00    0.0    0.142   0.000   21.9    44    9.1   21.0    8.32   1.1948     350     1    100.0   15 
28/02/23  22:30    4.3    4.5    4.2    54   -4.2    8.0    ONO   2.01  20.9   ONO    2.3    3.8    1.8  1023.2   0.00    0.0    0.146   0.000   22.4    44    9.5   21.7    8.30   1.1927     350     1    100.0   15 
28/02/23  22:45    4.0    4.2    3.8    56   -4.0    4.8    ONO   1.21  17.7   OSO    3.1    3.5    2.6  1023.1   0.00    0.0    0.149   0.000   23.8    43   10.5   23.6    8.05   1.1858     350     1    100.0   15 
28/02/23  23:00    3.6    3.8    3.5    56   -4.4    3.2    ONO   0.80  17.7   ONO    3.4    3.1    2.9  1023.2   0.00    0.0    0.153   0.000   24.9    42   11.1   24.6    7.91   1.1809     351     1    100.0   15 
28/02/23  23:15    3.4    3.5    3.4    57   -4.3    1.6     NO   0.40   6.4   ONO    3.4    2.9    2.9  1023.4   0.00    0.0    0.155   0.000   25.4    41   11.2   24.9    7.75   1.1793     352     1    100.0   15 
28/02/23  23:30    3.3    3.4    3.2    57   -4.4    1.6    ONO   0.40  11.3    NO    3.3    2.8    2.8  1023.2   0.00    0.0    0.157   0.000   25.2    41   11.0   24.7    7.75   1.1802     350     1    100.0   15 
28/02/23  23:45    3.0    3.2    2.8    58   -4.5    1.6    ONO   0.40   8.0    NO    3.0    2.6    2.6  1023.4   0.00    0.0    0.160   0.000   24.8    41   10.7   24.4    7.75   1.1820     350     1    100.0   15 
 1/03/23  00:00    2.9    3.0    2.8    58   -4.5    3.2     NO   0.80  11.3    NO    2.7    2.5    2.2  1023.3   0.00    0.0    0.160   0.000   24.3    42   10.5   23.9    7.94   1.1843     351     1    100.0   15 
 1/03/23   0:15    2.9    2.9    2.8    58   -4.6    4.8    ONO   1.21  16.1     O    1.8    2.4    1.3  1023.4   0.00    0.0    0.161   0.000   24.1    42   10.3   23.7    7.94   1.1854     349     1    100.0   15 
 1/03/23   0:30    2.8    2.9    2.7    59   -4.5    4.8      O   1.21  20.9     O    1.7    2.3    1.2  1023.3   0.00    0.0    0.162   0.000   23.6    43   10.2   23.2    8.07   1.1874     351     1    100.0   15 
 1/03/23   0:45    2.7    2.8    2.7    58   -4.7    8.0      O   2.01  22.5     O    0.4    2.3   -0.0  1023.3   0.00    0.0    0.163   0.000   23.1    43    9.8   22.6    8.11   1.1897     350     1    100.0   15 
 1/03/23   1:00    2.6    2.7    2.6    58   -4.8    6.4    ONO   1.61  19.3   ONO    0.8    2.2    0.4  1023.6   0.00    0.0    0.164   0.000   22.7    44    9.8   22.1    8.29   1.1918     349     1    100.0   15 
 1/03/23   1:15    2.4    2.6    2.3    59   -4.8    6.4    ONO   1.61  19.3   ONO    0.7    2.0    0.2  1023.5   0.00    0.0    0.166   0.000   22.4    44    9.6   21.7    8.30   1.1928     350     1    100.0   15 
 1/03/23   1:30    2.2    2.3    2.2    59   -5.0    6.4    ONO   1.61  17.7     O    0.4    1.8   -0.1  1023.5   0.00    0.0    0.168   0.000   22.2    44    9.4   21.4    8.31   1.1939     348     1    100.0   15 
 1/03/23   1:45    2.1    2.2    1.9    60   -4.9    6.4    ONO   1.61  17.7     O    0.2    1.6   -0.2  1023.5   0.00    0.0    0.170   0.000   21.9    44    9.1   20.9    8.32   1.1955     352     1    100.0   15 
 1/03/23   2:00    1.7    1.9    1.6    61   -5.0    6.4    ONO   1.61  20.9     O   -0.2    1.3   -0.6  1023.4   0.00    0.0    0.173   0.000   21.7    44    8.9   20.6    8.33   1.1965     351     1    100.0   15 
 1/03/23   2:15    1.5    1.6    1.3    62   -5.0    6.4    ONO   1.61  22.5   ONO   -0.4    1.1   -0.8  1023.5   0.00    0.0    0.175   0.000   21.7    44    8.9   20.6    8.33   1.1966     350     1    100.0   15 
 1/03/23   2:30    1.3    1.4    1.3    62   -5.2    6.4    ONO   1.61  16.1     O   -0.7    0.9   -1.1  1023.2   0.00    0.0    0.177   0.000   21.9    44    9.1   20.9    8.32   1.1951     351     1    100.0   15 
 1/03/23   2:45    1.3    1.3    1.2    62   -5.2    6.4    ONO   1.61  14.5     O   -0.7    0.9   -1.1  1023.1   0.00    0.0    0.178   0.000   22.1    44    9.3   21.2    8.31   1.1939     351     1    100.0   15 
 1/03/23   3:00    1.2    1.3    1.2    62   -5.3    6.4      O   1.61  16.1   OSO   -0.8    0.8   -1.2  1022.9   0.00    0.0    0.178   0.000   22.3    43    9.1   21.5    8.16   1.1930     350     1    100.0   15 
 1/03/23   3:15    1.1    1.2    0.9    63   -5.2    6.4    ONO   1.61  16.1     O   -0.9    0.8   -1.2  1022.7   0.00    0.0    0.179   0.000   22.5    43    9.3   21.8    8.15   1.1919     350     1    100.0   15 
 1/03/23   3:30    0.8    0.9    0.8    64   -5.2    4.8     NO   1.21  12.9   ONO   -0.6    0.5   -0.9  1022.7   0.00    0.0    0.182   0.000   22.6    43    9.3   21.8    8.15   1.1916     349     1    100.0   15 
 1/03/23   3:45    0.6    0.8    0.6    65   -5.2    3.2    ONO   0.80  11.3     O    0.1    0.3   -0.2  1022.5   0.00    0.0    0.185   0.000   22.6    43    9.3   21.8    8.15   1.1914     351     1    100.0   15 
 1/03/23   4:00    0.5    0.6    0.4    65   -5.3    4.8    ONO   1.21  14.5     O   -0.9    0.2   -1.3  1022.4   0.00    0.0    0.186   0.000   22.7    43    9.4   22.0    8.14   1.1907     351     1    100.0   15 
 1/03/23   4:15    0.4    0.5    0.3    65   -5.4    3.2      O   0.80  11.3   ONO   -0.1    0.1   -0.4  1022.4   0.00    0.0    0.186   0.000   22.7    42    9.1   22.1    7.99   1.1908     351     1    100.0   15 
 1/03/23   4:30    0.2    0.3    0.2    66   -5.4    3.2    ONO   0.80  12.9   ONO   -0.3   -0.1   -0.7  1022.2   0.00    0.0    0.189   0.000   22.7    42    9.1   21.9    7.99   1.1908     349     1    100.0   15 
