                 Temp.  Temp.  Temp.  Hum.   Punt   Vel.   Dir.   Rec.  Vel.  Dir.  Sens.   Índ.   Índ.                  Int. Graus D.Graus D.  Temp.  Hum. Rosada  In.Cal.  EMC     Dens.    Mostr   Tx   Recep.  Int.
  Data    Hora    Ext.   Màx.   Mín.  Ext. Rosada   Vent   Vent   Vent  Màx.  Màx.  Tèrm.  Calor   THW    Bar    Pluja   Pluja  Calor    Fred    Int.  Int.   Int.   Int.    Int.  Int.Aire    Vent   Vent   ISS   Arc.
-------------------------------------------------------------------------------------------------------------------------------------------------------------------------------------------------------------------------
 7/02/23   0:15    7.3    7.5    7.2    62    0.5    4.8      E   1.21   9.7     E    6.8    6.9    6.3  1031.3   0.00    0.0    0.115   0.000   21.4    42    8.0   20.2    8.04   1.2075     349     1    100.0   15 
 7/02/23   0:30    7.1    7.2    7.1    62    0.3    3.2    ENE   0.80   9.7     E    7.1    6.7    6.7  1031.3   0.00    0.0    0.117   0.000   21.3    43    8.2   20.0    8.24   1.2080     351     1    100.0   15 
 7/02/23   0:45    7.3    7.4    7.2    60    0.0    4.8    ENE   1.21  11.3   ENE    6.7    6.8    6.3  1031.3   0.00    0.0    0.115   0.000   21.0    43    7.9   19.7    8.25   1.2093     350     1    100.0   15 
 7/02/23   1:00    7.3    7.4    7.3    60    0.1    6.4    ENE   1.61  11.3   ENE    6.3    6.9    5.8  1031.0   0.00    0.0    0.115   0.000   20.7    43    7.7   19.5    8.25   1.2104     351     1    100.0   15 
 7/02/23   1:15    7.3    7.3    7.2    60    0.0    6.4    ENE   1.61  11.3   ENE    6.2    6.8    5.8  1030.9   0.00    0.0    0.115   0.000   20.4    44    7.7   19.3    8.35   1.2116     351     1    100.0   15 
 7/02/23   1:30    7.1    7.2    7.1    60   -0.1    3.2    ENE   0.80   9.7    NE    7.1    6.7    6.7  1030.8   0.00    0.0    0.117   0.000   19.9    44    7.3   18.9    8.35   1.2136     350     1    100.0   15 
 7/02/23   1:45    7.1    7.2    7.1    59   -0.4    1.6    ENE   0.40   6.4   ENE    7.1    6.7    6.7  1030.7   0.00    0.0    0.117   0.000   19.6    44    7.0   18.4    8.35   1.2154     352     1    100.0   15 
 7/02/23   2:00    7.2    7.2    7.1    59   -0.3    1.6    ENE   0.40   4.8    NE    7.2    6.7    6.7  1030.7   0.00    0.0    0.116   0.000   19.2    45    7.0   18.1    8.52   1.2168     351     1    100.0   15 
 7/02/23   2:15    7.2    7.2    7.0    59   -0.3    1.6    ENE   0.40   6.4   ENE    7.2    6.7    6.7  1030.8   0.00    0.0    0.116   0.000   18.9    45    6.7   17.7    8.53   1.2186     351     1    100.0   15 
 7/02/23   2:30    6.8    7.0    6.6    62   -0.0    0.0      O   0.00   3.2   OSO    6.8    6.3    6.3  1030.8   0.00    0.0    0.120   0.000   18.7    46    6.8   17.6    8.65   1.2193     351     1    100.0   15 
 7/02/23   2:45    6.5    6.6    6.4    64    0.2    0.0    OSO   0.00   3.2     O    6.5    6.1    6.1  1030.7   0.00    0.0    0.123   0.000   18.7    46    6.8   17.6    8.65   1.2192     351     1    100.0   15 
 7/02/23   3:00    6.3    6.4    6.3    63   -0.2    0.0      S   0.00   3.2     S    6.3    5.9    5.9  1030.5   0.00    0.0    0.125   0.000   18.9    46    7.0   17.8    8.65   1.2180     351     1    100.0   15 
 7/02/23   3:15    6.3    6.4    6.3    62   -0.4    3.2    ENE   0.80   6.4   ENE    6.3    5.9    5.9  1030.3   0.00    0.0    0.125   0.000   19.2    45    6.9   18.1    8.52   1.2166     350     1    100.0   15 
 7/02/23   3:30    6.2    6.3    6.1    63   -0.3    4.8    ENE   1.21   9.7     E    5.6    5.8    5.2  1030.2   0.00    0.0    0.126   0.000   19.4    45    7.1   18.3    8.51   1.2154     351     1    100.0   15 
 7/02/23   3:45    6.1    6.2    6.1    62   -0.6    4.8    ENE   1.21  11.3   ENE    5.4    5.7    5.0  1030.2   0.00    0.0    0.127   0.000   19.6    45    7.3   18.5    8.51   1.2146     351     1    100.0   15 
 7/02/23   4:00    6.1    6.2    6.1    62   -0.6    3.2    ENE   0.80   8.0     E    6.1    5.7    5.7  1030.2   0.00    0.0    0.127   0.000   19.7    44    7.1   18.6    8.35   1.2140     352     1    100.0   15 
 7/02/23   4:15    6.1    6.1    6.0    63   -0.5    3.2     NE   0.80   8.0     E    6.1    5.7    5.7  1030.1   0.00    0.0    0.128   0.000   19.8    44    7.2   18.7    8.35   1.2134     349     1    100.0   15 
 7/02/23   4:30    6.1    6.1    6.0    63   -0.5    3.2    ENE   0.80   6.4   ENE    6.1    5.7    5.7  1029.9   0.00    0.0    0.128   0.000   19.9    44    7.3   18.8    8.35   1.2129     350     1    100.0   15 
 7/02/23   4:45    6.0    6.1    6.0    63   -0.5    4.8    ENE   1.21   9.7     E    5.3    5.6    4.9  1029.9   0.00    0.0    0.128   0.000   19.9    44    7.3   18.9    8.35   1.2126     350     1    100.0   15 
 7/02/23   5:00    5.9    6.0    5.8    63   -0.6    3.2     NE   0.80   6.4    NE    5.9    5.5    5.5  1030.0   0.00    0.0    0.130   0.000   19.9    44    7.3   18.9    8.35   1.2127     352     1    100.0   15 
 7/02/23   5:15    5.7    5.8    5.5    64   -0.6    1.6      E   0.40   6.4   ONO    5.7    5.3    5.3  1029.9   0.00    0.0    0.132   0.000   20.0    44    7.4   18.9    8.35   1.2123     351     1    100.0   15 
 7/02/23   5:30    5.2    5.5    4.9    66   -0.7    0.0    NNO   0.00   4.8   NNO    5.2    4.8    4.8  1029.8   0.00    0.0    0.137   0.000   20.0    44    7.4   18.9    8.35   1.2122     351     1    100.0   15 
 7/02/23   5:45    4.7    4.9    4.3    69   -0.5    1.6     NO   0.40   4.8    NO    4.7    4.3    4.3  1029.8   0.00    0.0    0.142   0.000   20.0    44    7.4   18.9    8.35   1.2122     351     1    100.0   15 
 7/02/23   6:00    4.3    4.3    4.2    70   -0.7    1.6     NO   0.40   6.4    NO    4.3    3.9    3.9  1029.8   0.00    0.0    0.146   0.000   20.0    44    7.4   18.9    8.35   1.2122     351     1    100.0   15 
 7/02/23   6:15    4.1    4.2    4.0    71   -0.7    1.6     NO   0.40   4.8    NO    4.1    3.7    3.7  1029.8   0.00    0.0    0.149   0.000   20.0    44    7.4   18.9    8.35   1.2122     352     1    100.0   15 
 7/02/23   6:30    4.1    4.1    4.1    72   -0.5    0.0    ONO   0.00   3.2    NO    4.1    3.8    3.8  1029.8   0.00    0.0    0.148   0.000   20.0    44    7.4   18.9    8.35   1.2122     351     1    100.0   15 
 7/02/23   6:45    4.3    4.6    4.1    72   -0.3    1.6    ESE   0.40   9.7     E    4.3    4.0    4.0  1029.7   0.00    0.0    0.146   0.000   20.0    44    7.4   18.9    8.35   1.2121     350     1    100.0   15 
 7/02/23   7:00    4.6    4.7    4.3    71   -0.3    1.6     NO   0.40   4.8    NE    4.6    4.2    4.2  1029.8   0.00    0.0    0.144   0.000   19.9    44    7.3   18.9    8.35   1.2124     350     1    100.0   15 
 7/02/23   7:15    3.9    4.3    3.7    73   -0.5    1.6     NO   0.40   6.4    NO    3.9    3.7    3.7  1029.8   0.00    0.0    0.150   0.000   19.9    44    7.3   18.9    8.35   1.2124     352     1    100.0   15 
 7/02/23   7:30    3.7    3.8    3.6    74   -0.5    1.6     NO   0.40   4.8    NO    3.7    3.4    3.4  1029.8   0.00    0.0    0.153   0.000   19.9    44    7.3   18.9    8.35   1.2124     351     1    100.0   15 
 7/02/23   7:45    4.0    4.2    3.8    74   -0.2    0.0     NO   0.00   3.2   NNO    4.0    3.7    3.7  1029.8   0.00    0.0    0.149   0.000   19.9    44    7.3   18.9    8.35   1.2124     350     1    100.0   15 
 7/02/23   8:00    4.3    4.4    4.2    74    0.1    1.6     NO   0.40   6.4    NO    4.3    4.1    4.1  1029.8   0.00    0.0    0.146   0.000   19.9    44    7.3   18.9    8.35   1.2124     351     1    100.0   15 
 7/02/23   8:15    4.7    5.0    4.4    73    0.2    1.6     NE   0.40   8.0     E    4.7    4.4    4.4  1029.8   0.00    0.0    0.142   0.000   19.9    44    7.3   18.8    8.35   1.2128     351     1    100.0   15 
 7/02/23   8:30    5.2    5.4    5.0    72    0.6    4.8    ENE   1.21  11.3    NE    4.4    4.9    4.1  1029.8   0.00    0.0    0.137   0.000   19.9    44    7.3   18.9    8.35   1.2125     352     1    100.0   15 
 7/02/23   8:45    5.5    5.6    5.4    71    0.7    4.8    ENE   1.21  14.5   ENE    4.7    5.2    4.4  1029.8   0.00    0.0    0.134   0.000   19.9    44    7.3   18.9    8.35   1.2124     351     1    100.0   15 
 7/02/23   9:00    5.6    5.7    5.6    72    1.0    3.2    ENE   0.80  12.9     E    5.6    5.3    5.3  1029.7   0.00    0.0    0.133   0.000   20.0    45    7.7   19.0    8.49   1.2118     351     1    100.0   15 
 7/02/23   9:15    5.8    5.9    5.7    71    0.9    4.8    ENE   1.21  12.9   ENE    5.1    5.4    4.7  1029.6   0.00    0.0    0.131   0.000   20.9    44    8.2   19.7    8.35   1.2073     350     1    100.0   15 
 7/02/23   9:30    5.9    6.0    5.9    71    1.1    8.0    ENE   2.01  14.5   ENE    4.2    5.6    3.9  1029.6   0.00    0.0    0.129   0.000   22.4    42    8.9   21.6    8.00   1.2006     351     1    100.0   15 
 7/02/23   9:45    6.1    6.2    5.9    71    1.2    4.8    ENE   1.21   9.7     E    5.4    5.7    5.1  1029.6   0.00    0.0    0.128   0.000   22.6    42    9.0   21.9    8.00   1.1998     350     1    100.0   15 
 7/02/23  10:00    6.3    6.3    6.2    70    1.2    3.2    ENE   0.80  11.3   ENE    6.3    5.9    5.9  1029.6   0.00    0.0    0.126   0.000   22.4    42    8.8   21.6    8.00   1.2008     349     1    100.0   15 
 7/02/23  10:15    6.6    6.7    6.3    70    1.5    3.2    ENE   0.80   8.0     E    6.6    6.3    6.3  1029.6   0.00    0.0    0.123   0.000   22.2    42    8.7   21.3    8.01   1.2017     351     1    100.0   15 
 7/02/23  10:30    6.7    6.8    6.7    70    1.6    3.2      E   0.80  11.3   ENE    6.7    6.4    6.4  1029.6   0.00    0.0    0.121   0.000   22.2    42    8.6   21.2    8.01   1.2020     350     1    100.0   15 
 7/02/23  10:45    7.0    7.1    6.8    70    1.9    4.8      E   1.21  11.3   ENE    6.4    6.7    6.2  1029.6   0.00    0.0    0.118   0.000   22.1    42    8.5   21.0    8.02   1.2025     350     1    100.0   15 
 7/02/23  11:00    7.2    7.2    7.1    71    2.3    3.2      E   0.80  12.9   ESE    7.2    6.9    6.9  1029.6   0.00    0.0    0.116   0.000   22.1    43    8.9   21.1    8.18   1.2022     351     1    100.0   15 
 7/02/23  11:15    7.3    7.4    7.2    70    2.2    4.8    ENE   1.21  11.3   ESE    6.8    7.1    6.5  1029.6   0.00    0.0    0.115   0.000   22.1    43    8.9   21.1    8.18   1.2022     351     1    100.0   15 
 7/02/23  11:30    7.6    7.6    7.4    70    2.4    6.4    ENE   1.61  14.5   ENE    6.6    7.3    6.3  1029.7   0.00    0.0    0.112   0.000   22.1    42    8.6   21.1    8.01   1.2024     351     1    100.0   15 
 7/02/23  11:45    7.5    7.6    7.3    73    3.0    4.8    ENE   1.21  12.9   ESE    7.0    7.3    6.8  1029.7   0.00    0.0    0.113   0.000   22.1    42    8.6   21.1    8.01   1.2024     350     1    100.0   15 
 7/02/23  12:00    7.3    7.3    7.2    76    3.3    4.8    ENE   1.21  12.9   ESE    6.7    7.1    6.5  1029.8   0.00    0.0    0.115   0.000   22.2    42    8.6   21.2    8.01   1.2022     349     1    100.0   15 
 7/02/23  12:15    7.1    7.2    6.8    80    3.9    4.8    ENE   1.21  12.9   ENE    6.6    7.0    6.4  1029.8   0.00    0.0    0.117   0.000   22.1    42    8.6   21.1    8.01   1.2024     351     1    100.0   15 
 7/02/23  12:30    6.6    6.8    6.4    83    3.9    8.0    ENE   2.01  16.1     E    5.0    6.5    4.9  1029.6   0.40    1.8    0.123   0.000   22.1    42    8.6   21.1    8.01   1.2022     351     1    100.0   15 
 7/02/23  12:45    6.3    6.4    6.2    85    3.9    9.7    ENE   2.41  22.5     E    4.3    6.2    4.2  1029.6   0.20    1.6    0.126   0.000   22.1    42    8.6   21.1    8.01   1.2022     351     1    100.0   15 
 7/02/23  13:00    6.2    6.2    6.1    87    4.2    6.4    ENE   1.61  14.5     E    4.9    6.1    4.9  1029.4   0.20    1.0    0.127   0.000   22.0    42    8.5   20.9    8.02   1.2026     351     1    100.0   15 
 7/02/23  13:15    5.9    6.1    5.7    88    4.1    4.8      E   1.21  12.9   ENE    5.2    5.8    5.1  1029.2   0.00    0.0    0.130   0.000   21.9    42    8.4   20.8    8.02   1.2028     350     1    100.0   15 
 7/02/23  13:30    5.7    5.7    5.7    88    3.8    6.4    ENE   1.61  19.3    NE    4.3    5.6    4.3  1029.1   0.20    0.0    0.132   0.000   21.9    42    8.4   20.8    8.02   1.2024     351     1    100.0   15 
 7/02/23  13:45    5.7    5.7    5.7    89    4.0    6.4    ENE   1.61  14.5   ENE    4.4    5.7    4.4  1029.0   0.20    0.0    0.131   0.000   21.9    42    8.4   20.8    8.02   1.2026     351     1    100.0   15 
 7/02/23  14:00    5.7    5.7    5.6    89    4.0    9.7    ENE   2.41  22.5    NE    3.5    5.7    3.5  1028.7   0.00    0.0    0.132   0.000   21.8    42    8.3   20.6    8.03   1.2028     350     1    100.0   15 
 7/02/23  14:15    5.8    5.8    5.7    89    4.1    6.4    ENE   1.61  24.1   ENE    4.5    5.8    4.5  1028.4   0.00    0.0    0.131   0.000   21.7    42    8.2   20.4    8.03   1.2030     351     1    100.0   15 
 7/02/23  14:30    5.7    5.7    5.6    89    4.0   12.9    ENE   3.22  33.8   ENE    2.9    5.7    2.9  1028.3   0.20    0.0    0.132   0.000   21.6    42    8.1   20.4    8.03   1.2032     351     1    100.0   15 
 7/02/23  14:45    5.6    5.7    5.6    89    3.9   12.9    ENE   3.22  35.4   ENE    2.8    5.6    2.8  1028.2   0.40    2.0    0.133   0.000   21.6    42    8.1   20.4    8.03   1.2030     350     1    100.0   15 
 7/02/23  15:00    5.6    5.6    5.5    90    4.0   11.3    ENE   2.82  30.6   NNE    3.1    5.6    3.1  1028.1   0.80    3.4    0.133   0.000   21.5    43    8.4   20.3    8.22   1.2031     350     1    100.0   15 
 7/02/23  15:15    5.7    5.8    5.6    91    4.4   16.1    ENE   4.02  37.0   ENE    2.4    5.7    2.4  1028.2   1.00    4.8    0.131   0.000   21.4    43    8.3   20.2    8.23   1.2038     351     1    100.0   15 
 7/02/23  15:30    5.9    5.9    5.8    92    4.7   17.7    ENE   4.43  29.0   ENE    2.3    5.9    2.3  1028.4   1.20    7.0    0.130   0.000   21.2    44    8.5   20.0    8.35   1.2046     351     1    100.0   15 
 7/02/23  15:45    6.1    6.3    5.9    93    5.1   19.3    ENE   4.83  41.8   ENE    2.4    6.2    2.4  1028.6   1.40    8.0    0.127   0.000   21.2    44    8.4   19.9    8.35   1.2050     350     1    100.0   15 
 7/02/23  16:00    6.2    6.3    6.2    93    5.2   16.1    ENE   4.02  41.8   ENE    2.9    6.3    3.0  1028.6   1.00   10.4    0.126   0.000   21.1    44    8.4   19.8    8.35   1.2053     349     1    100.0   15 
 7/02/23  16:15    6.3    6.3    6.2    93    5.2   16.1    ENE   4.02  33.8    NE    3.1    6.3    3.1  1028.6   0.80    4.6    0.126   0.000   21.1    45    8.7   19.8    8.45   1.2053     351     1    100.0   15 
 7/02/23  16:30    6.4    6.5    6.3    94    5.5   17.7    ENE   4.43  38.6     E    2.9    6.4    3.0  1028.7   1.20    7.4    0.124   0.000   21.0    45    8.6   19.8    8.45   1.2057     350     1    100.0   15 
 7/02/23  16:45    6.6    6.7    6.5    94    5.7   17.7      E   4.43  45.1   ENE    3.2    6.7    3.3  1029.2   1.20   14.2    0.122   0.000   20.9    46    8.8   19.8    8.65   1.2066     347     1    100.0   15 
 7/02/23  17:00    6.7    6.8    6.5    94    5.8   20.9    ENE   5.23  37.0     E    2.8    6.8    2.9  1029.3   1.20   11.0    0.122   0.000   21.1    46    9.0   19.9    8.65   1.2056     350     1    100.0   15 
 7/02/23  17:15    6.4    6.5    6.3    94    5.5   19.3    ENE   4.83  37.0   ENE    2.8    6.5    2.8  1029.4   1.00    8.0    0.124   0.000   21.9    45    9.4   20.9    8.45   1.2022     350     1    100.0   15 
 7/02/23  17:30    6.3    6.4    6.3    94    5.4   17.7    ENE   4.43  38.6     E    2.8    6.4    2.9  1029.5   0.40    2.6    0.125   0.000   22.6    45   10.0   21.9    8.45   1.1990     350     1    100.0   15 
 7/02/23  17:45    6.6    6.7    6.4    94    5.7   17.7     NE   4.43  38.6     E    3.1    6.7    3.2  1029.7   1.00    5.8    0.123   0.000   23.1    44   10.1   22.6    8.28   1.1971     351     1    100.0   15 
 7/02/23  18:00    6.7    6.8    6.6    94    5.8   14.5    ENE   3.62  35.4     E    3.8    6.8    3.9  1029.9   1.00    6.6    0.121   0.000   22.7    44    9.8   22.2    8.29   1.1990     350     1    100.0   15 
 7/02/23  18:15    6.9    7.0    6.8    95    6.1   14.5    ENE   3.62  29.0   ENE    4.1    7.0    4.2  1030.0   0.80    6.6    0.119   0.000   22.3    45    9.8   21.6    8.45   1.2006     350     1    100.0   15 
 7/02/23  18:30    6.9    6.9    6.8    95    6.1   16.1    ENE   4.02  40.2     E    3.8    7.0    3.9  1030.3   0.60    2.4    0.119   0.000   22.0    45    9.5   21.1    8.45   1.2027     352     1    100.0   15 
 7/02/23  18:45    6.9    6.9    6.8    95    6.1   16.1    ENE   4.02  38.6     E    3.8    7.0    3.9  1030.4   0.20    3.4    0.119   0.000   21.8    45    9.3   20.8    8.45   1.2039     350     1    100.0   15 
 7/02/23  19:00    6.9    7.0    6.9    95    6.2   16.1    ENE   4.02  35.4     E    3.8    7.1    3.9  1030.7   0.20    1.0    0.119   0.000   21.6    46    9.5   20.6    8.63   1.2047     351     1    100.0   15 
 7/02/23  19:15    6.9    7.0    6.9    95    6.2   16.1    ENE   4.02  27.4     E    3.8    7.1    3.9  1030.9   0.00    0.0    0.119   0.000   21.4    46    9.3   20.4    8.64   1.2058     349     1    100.0   15 
 7/02/23  19:30    6.9    6.9    6.9    95    6.2   12.9    ENE   3.22  29.0   ENE    4.4    7.1    4.6  1030.9   0.40    1.8    0.119   0.000   21.3    46    9.2   20.2    8.64   1.2064     351     1    100.0   15 
 7/02/23  19:45    6.9    6.9    6.8    95    6.1   14.5    ENE   3.62  30.6   ENE    4.1    7.0    4.2  1031.2   0.00    0.0    0.119   0.000   21.2    46    9.1   20.1    8.65   1.2073     350     1    100.0   15 
 7/02/23  20:00    6.8    6.8    6.7    95    6.0   19.3    ENE   4.83  40.2   NNE    3.1    6.9    3.2  1031.3   0.20    0.0    0.120   0.000   21.2    47    9.4   20.1    8.75   1.2073     350     1    100.0   15 
 7/02/23  20:15    6.8    6.8    6.7    94    5.9   19.3    ENE   4.83  38.6   ENE    3.1    6.9    3.2  1031.2   0.00    0.0    0.120   0.000   21.2    46    9.1   20.1    8.65   1.2073     351     1    100.0   15 
 7/02/23  20:30    6.9    7.0    6.8    93    5.9   19.3    ENE   4.83  49.9     E    3.3    7.1    3.4  1031.4   0.00    0.0    0.119   0.000   21.4    46    9.3   20.4    8.64   1.2064     351     1    100.0   15 
 7/02/23  20:45    7.1    7.1    7.0    92    5.8   17.7    ENE   4.43  35.4   ENE    3.7    7.1    3.7  1031.7   0.00    0.0    0.117   0.000   21.7    46    9.5   20.7    8.63   1.2057     350     1    100.0   15 
 7/02/23  21:00    7.1    7.2    7.1    91    5.7   16.1     NE   4.02  37.0    NE    4.1    7.2    4.1  1031.9   0.00    0.0    0.117   0.000   21.7    46    9.5   20.7    8.63   1.2059     350     1    100.0   15 
 7/02/23  21:15    7.2    7.2    7.1    90    5.6   17.7    ENE   4.43  40.2   ENE    3.8    7.2    3.9  1032.2   0.00    0.0    0.116   0.000   21.7    45    9.2   20.6    8.45   1.2065     349     1    100.0   15 
 7/02/23  21:30    7.2    7.2    7.1    89    5.5   17.7    ENE   4.43  40.2   ENE    3.8    7.2    3.9  1032.2   0.00    0.0    0.116   0.000   21.7    45    9.3   20.7    8.45   1.2063     351     1    100.0   15 
 7/02/23  21:45    7.2    7.2    7.2    88    5.3   19.3    ENE   4.83  35.4   ENE    3.6    7.2    3.6  1032.2   0.00    0.0    0.116   0.000   21.7    45    9.3   20.7    8.45   1.2063     352     1    100.0   15 
 7/02/23  22:00    7.1    7.2    7.1    88    5.3   19.3    ENE   4.83  40.2   ENE    3.6    7.1    3.6  1032.2   0.00    0.0    0.117   0.000   21.7    45    9.3   20.7    8.45   1.2063     350     1    100.0   15 
 7/02/23  22:15    7.1    7.1    7.0    87    5.0   17.7     NE   4.43  38.6   ENE    3.7    7.1    3.7  1032.2   0.00    0.0    0.117   0.000   21.7    45    9.2   20.6    8.45   1.2066     350     1    100.0   15 
 7/02/23  22:30    7.1    7.1    7.0    86    4.9   17.7    ENE   4.43  37.0   ENE    3.7    7.0    3.6  1032.4   0.00    0.0    0.117   0.000   21.4    45    9.0   20.3    8.45   1.2079     350     1    100.0   15 
 7/02/23  22:45    7.1    7.1    7.0    86    4.9   17.7    ENE   4.43  33.8   ENE    3.8    7.1    3.7  1032.6   0.00    0.0    0.117   0.000   21.2    45    8.8   19.9    8.45   1.2096     352     1    100.0   15 
 7/02/23  23:00    6.9    7.0    6.8    87    4.9   16.1    ENE   4.02  29.0     E    3.8    6.9    3.8  1032.8   0.00    0.0    0.119   0.000   20.9    45    8.5   19.7    8.46   1.2111     351     1    100.0   15 
 7/02/23  23:15    6.8    6.8    6.7    88    4.9   14.5    ENE   3.62  32.2   ENE    3.9    6.8    3.9  1033.1   0.00    0.0    0.120   0.000   20.7    45    8.4   19.6    8.46   1.2123     351     1    100.0   15 
 7/02/23  23:30    6.7    6.8    6.7    89    5.0   14.5    ENE   3.62  29.0   ENE    3.8    6.8    3.9  1033.2   0.00    0.0    0.121   0.000   20.6    45    8.2   19.5    8.47   1.2133     350     1    100.0   15 
 7/02/23  23:45    6.8    6.8    6.7    89    5.1   14.5    ENE   3.62  27.4    NE    3.9    6.8    3.9  1033.4   0.00    0.0    0.120   0.000   20.4    46    8.4   19.4    8.65   1.2137     351     1    100.0   15 
 8/02/23  00:00    6.8    6.9    6.8    90    5.3   14.5    ENE   3.62  29.0   ENE    4.0    6.9    4.1  1033.4   0.00    0.0    0.120   0.000   20.3    46    8.3   19.3    8.65   1.2143     352     1    100.0   15 
 8/02/23   0:15    6.9    6.9    6.8    90    5.4   16.1    ENE   4.02  32.2   ENE    3.8    6.9    3.8  1033.6   0.00    0.0    0.119   0.000   20.2    46    8.2   19.3    8.65   1.2151     349     1    100.0   15 
 8/02/23   0:30    6.9    6.9    6.8    90    5.4   17.7    ENE   4.43  38.6   ENE    3.5    6.9    3.6  1033.5   0.00    0.0    0.119   0.000   20.1    46    8.1   19.2    8.65   1.2155     351     1    100.0   15 
 8/02/23   0:45    6.8    6.8    6.7    90    5.3   16.1    ENE   4.02  27.4     E    3.6    6.8    3.7  1033.7   0.00    0.0    0.120   0.000   20.4    46    8.4   19.4    8.65   1.2143     350     1    100.0   15 
 8/02/23   1:00    6.7    6.8    6.7    89    5.0   14.5    ENE   3.62  27.4   ENE    3.8    6.8    3.9  1033.5   0.00    0.0    0.121   0.000   21.9    45    9.4   20.9    8.45   1.2070     351     1    100.0   15 
 8/02/23   1:15    6.8    6.8    6.7    88    4.9   16.1     NE   4.02  33.8     E    3.6    6.8    3.6  1033.4   0.00    0.0    0.120   0.000   23.8    42   10.1   23.4    7.95   1.1985     352     1    100.0   15 
 8/02/23   1:30    6.7    6.8    6.7    88    4.9   14.5     NE   3.62  32.2   ENE    3.8    6.7    3.8  1033.5   0.00    0.0    0.121   0.000   24.5    41   10.4   24.1    7.75   1.1955     350     1    100.0   15 
 8/02/23   1:45    6.7    6.7    6.7    88    4.8   14.5     NE   3.62  25.7    NE    3.8    6.7    3.8  1033.4   0.00    0.0    0.122   0.000   24.0    42   10.3   23.7    7.95   1.1975     351     1    100.0   15 
 8/02/23   2:00    6.7    6.7    6.7    87    4.7   12.9    ENE   3.22  27.4     E    4.2    6.7    4.2  1033.4   0.00    0.0    0.121   0.000   23.4    42    9.7   22.9    7.97   1.2005     351     1    100.0   15 
 8/02/23   2:15    6.7    6.8    6.7    87    4.7   14.5    ENE   3.62  30.6     E    3.8    6.7    3.8  1033.4   0.00    0.0    0.121   0.000   22.8    43    9.6   22.3    8.13   1.2029     349     1    100.0   15 
 8/02/23   2:30    6.8    6.8    6.8    87    4.8   14.5    ENE   3.62  29.0   ENE    3.9    6.8    3.9  1033.4   0.00    0.0    0.120   0.000   22.3    43    9.1   21.5    8.16   1.2053     351     1    100.0   15 
 8/02/23   2:45    6.8    6.8    6.8    87    4.8   14.5    ENE   3.62  29.0   ENE    3.9    6.8    3.9  1033.5   0.00    0.0    0.120   0.000   22.0    43    8.8   21.0    8.19   1.2070     351     1    100.0   15 
 8/02/23   3:00    6.8    6.8    6.8    87    4.8   14.5    ENE   3.62  25.7     E    3.9    6.8    3.9  1033.4   0.00    0.0    0.120   0.000   21.7    44    8.9   20.6    8.33   1.2083     350     1    100.0   15 
 8/02/23   3:15    6.8    6.8    6.7    88    4.9   14.5     NE   3.62  29.0     E    3.9    6.8    3.9  1033.3   0.00    0.0    0.120   0.000   21.4    44    8.6   20.2    8.34   1.2096     349     1    100.0   15 
 8/02/23   3:30    6.7    6.7    6.6    88    4.8   12.9    ENE   3.22  27.4   ESE    4.1    6.7    4.1  1033.3   0.00    0.0    0.122   0.000   21.2    44    8.4   19.9    8.35   1.2107     352     1    100.0   15 
 8/02/23   3:45    6.5    6.6    6.4    89    4.8    8.0    ENE   2.01  20.9   ENE    4.9    6.5    4.9  1033.4   0.00    0.0    0.123   0.000   21.0    44    8.3   19.8    8.35   1.2116     350     1    100.0   15 
 8/02/23   4:00    6.2    6.4    6.1    89    4.5    3.2    ENE   0.80  12.9   ENE    6.2    6.2    6.2  1033.5   0.00    0.0    0.126   0.000   20.8    45    8.5   19.7    8.46   1.2122     349     1    100.0   15 
 8/02/23   4:15    6.1    6.1    6.0    89    4.4    3.2    ENE   0.80   8.0    NE    6.1    6.1    6.1  1033.5   0.00    0.0    0.128   0.000   20.7    45    8.4   19.6    8.46   1.2128     351     1    100.0   15 
 8/02/23   4:30    6.0    6.1    6.0    89    4.3    6.4    ENE   1.61  20.9   ENE    4.8    6.0    4.8  1033.6   0.00    0.0    0.128   0.000   20.6    45    8.3   19.6    8.47   1.2134     350     1    100.0   15 
