                 Temp.  Temp.  Temp.  Hum.   Punt   Vel.   Dir.   Rec.  Vel.  Dir.  Sens.   Índ.   Índ.                  Int. Graus D.Graus D.  Temp.  Hum. Rosada  In.Cal.  EMC     Dens.    Mostr   Tx   Recep.  Int.
  Data    Hora    Ext.   Màx.   Mín.  Ext. Rosada   Vent   Vent   Vent  Màx.  Màx.  Tèrm.  Calor   THW    Bar    Pluja   Pluja  Calor    Fred    Int.  Int.   Int.   Int.    Int.  Int.Aire    Vent   Vent   ISS   Arc.
-------------------------------------------------------------------------------------------------------------------------------------------------------------------------------------------------------------------------
14/11/25   0:15   16.0   16.1   15.9    91   14.5    4.8    ENE   1.21  14.5   ENE   16.0   16.2   16.2  1012.7   0.00    0.0    0.024   0.000   23.7    61   15.7   24.2   11.07   1.1683     349     1    100.0   15 
14/11/25   0:30   15.8   15.9   15.6    91   14.3    4.8    ENE   1.21  12.9   ENE   15.8   16.0   16.0  1012.4   0.00    0.0    0.027   0.000   23.4    61   15.5   23.9   11.08   1.1691     350     1    100.0   15 
14/11/25   0:45   15.6   15.6   15.5    92   14.3    6.4    ENE   1.61  17.7   ENE   15.6   15.7   15.7  1012.3   0.00    0.0    0.029   0.000   23.2    61   15.2   23.6   11.10   1.1704     351     1    100.0   15 
14/11/25   1:00   15.5   15.6   15.4    92   14.2    4.8    ENE   1.21  14.5   ENE   15.5   15.7   15.7  1012.3   0.00    0.0    0.030   0.000   23.0    62   15.3   23.4   11.28   1.1709     351     1    100.0   15 
14/11/25   1:15   15.2   15.4   15.1    92   13.9    3.2    ENE   0.80   9.7     E   15.2   15.4   15.4  1012.1   0.00    0.0    0.032   0.000   22.8    63   15.4   23.2   11.49   1.1713     351     1    100.0   15 
14/11/25   1:30   15.2   15.3   15.1    92   13.9    3.2    ENE   0.80  11.3     E   15.2   15.3   15.3  1012.0   0.00    0.0    0.033   0.000   22.7    63   15.3   23.0   11.49   1.1717     351     1    100.0   15 
14/11/25   1:45   15.6   15.8   15.4    92   14.3    6.4    ENE   1.61  12.9     E   15.6   15.8   15.8  1011.9   0.00    0.0    0.028   0.000   22.6    63   15.2   22.8   11.50   1.1722     351     1    100.0   15 
14/11/25   2:00   15.8   15.8   15.8    91   14.3    6.4    ENE   1.61  16.1   ENE   15.8   16.0   16.0  1011.8   0.00    0.0    0.027   0.000   22.5    64   15.3   22.7   11.65   1.1723     351     1    100.0   15 
14/11/25   2:15   15.8   15.8   15.7    91   14.3    6.4    ENE   1.61  14.5     E   15.8   16.0   16.0  1011.4   0.00    0.0    0.027   0.000   22.4    64   15.2   22.6   11.65   1.1724     352     1    100.0   15 
14/11/25   2:30   15.8   15.9   15.8    92   14.5    8.0    ENE   2.01  17.7   ENE   15.8   16.1   16.1  1011.3   0.00    0.0    0.026   0.000   22.3    64   15.2   22.5   11.65   1.1726     351     1    100.0   15 
14/11/25   2:45   15.8   15.9   15.7    92   14.5    4.8    ENE   1.21  12.9   ENE   15.8   16.1   16.1  1011.2   0.00    0.0    0.026   0.000   22.2    64   15.1   22.3   11.65   1.1731     351     1    100.0   15 
14/11/25   3:00   15.6   15.7   15.6    92   14.3    4.8    ENE   1.21  12.9   ENE   15.6   15.8   15.8  1010.9   0.00    0.0    0.028   0.000   22.1    64   14.9   22.1   11.65   1.1736     351     1    100.0   15 
14/11/25   3:15   15.5   15.6   15.4    92   14.2    6.4    ENE   1.61  14.5   ENE   15.5   15.7   15.7  1010.6   0.00    0.0    0.030   0.000   21.9    64   14.8   21.9   11.65   1.1738     350     1    100.0   15 
14/11/25   3:30   15.3   15.4   15.2    91   13.9    3.2     NE   0.80   9.7     E   15.3   15.5   15.5  1010.6   0.00    0.0    0.031   0.000   21.8    64   14.7   21.8   11.65   1.1744     349     1    100.0   15 
14/11/25   3:45   15.1   15.2   15.1    91   13.7    3.2     NE   0.80   8.0     E   15.1   15.3   15.3  1010.4   0.00    0.0    0.034   0.000   21.7    65   14.8   21.6   11.85   1.1746     351     1    100.0   15 
14/11/25   4:00   15.2   15.3   15.1    91   13.7    4.8    ENE   1.21  11.3   ENE   15.2   15.3   15.3  1010.3   0.00    0.0    0.033   0.000   21.6    65   14.7   21.5   11.85   1.1751     351     1    100.0   15 
14/11/25   4:15   15.3   15.3   15.3    90   13.6    4.8    ENE   1.21  11.3   ENE   15.3   15.4   15.4  1010.2   0.00    0.0    0.032   0.000   21.5    65   14.6   21.4   11.85   1.1753     351     1    100.0   15 
14/11/25   4:30   15.3   15.3   15.2    90   13.6    1.6    ENE   0.40   6.4   ENE   15.3   15.4   15.4  1010.2   0.00    0.0    0.032   0.000   21.4    65   14.5   21.3   11.85   1.1759     350     1    100.0   15 
14/11/25   4:45   15.3   15.4   15.2    90   13.7    4.8      E   1.21  11.3   ENE   15.3   15.5   15.5  1010.2   0.00    0.0    0.031   0.000   21.3    65   14.4   21.2   11.85   1.1764     351     1    100.0   15 
14/11/25   5:00   15.3   15.4   15.3    89   13.5    1.6     NO   0.40   8.0    NO   15.3   15.4   15.4  1010.3   0.00    0.0    0.031   0.000   21.2    65   14.4   21.1   11.85   1.1769     350     1    100.0   15 
14/11/25   5:15   15.3   15.3   15.3    89   13.5    1.6    ENE   0.40   6.4   ENE   15.3   15.4   15.4  1010.2   0.00    0.0    0.032   0.000   21.2    65   14.3   21.0   11.85   1.1770     351     1    100.0   15 
14/11/25   5:30   15.5   15.7   15.3    89   13.7    3.2    ENE   0.80   9.7     E   15.5   15.7   15.7  1010.2   0.00    0.0    0.030   0.000   21.1    65   14.2   20.9   11.85   1.1776     352     1    100.0   15 
14/11/25   5:45   15.9   16.0   15.7    88   13.9    4.8    ENE   1.21  12.9   ENE   15.9   16.1   16.1  1010.0   0.00    0.0    0.025   0.000   21.0    65   14.2   20.8   11.85   1.1776     351     1    100.0   15 
14/11/25   6:00   15.9   16.0   15.8    87   13.8    6.4    ENE   1.61  11.3   ENE   15.9   16.1   16.1  1009.9   0.00    0.0    0.025   0.000   20.9    65   14.1   20.8   11.86   1.1778     350     1    100.0   15 
14/11/25   6:15   15.8   15.9   15.7    88   13.8    4.8    ENE   1.21  14.5   ENE   15.8   15.9   15.9  1009.6   0.00    0.0    0.027   0.000   21.1    65   14.2   20.9   11.85   1.1769     351     1    100.0   15 
14/11/25   6:30   15.8   15.8   15.7    89   14.0    6.4    ENE   1.61  16.1   ENE   15.8   15.9   15.9  1009.2   0.00    0.0    0.027   0.000   21.6    64   14.5   21.4   11.65   1.1741     352     1    100.0   15 
14/11/25   6:45   15.7   15.7   15.6    89   13.9    4.8    ENE   1.21  11.3   ENE   15.7   15.8   15.8  1009.4   0.00    0.0    0.028   0.000   22.0    63   14.6   22.0   11.52   1.1723     350     1    100.0   15 
14/11/25   7:00   15.7   15.8   15.7    89   13.9    4.8    ENE   1.21  12.9   ENE   15.7   15.9   15.9  1009.4   0.00    0.0    0.027   0.000   22.3    62   14.6   22.3   11.31   1.1713     350     1    100.0   15 
14/11/25   7:15   15.6   15.7   15.5    90   13.9    4.8    ENE   1.21  11.3   ENE   15.6   15.7   15.7  1009.6   0.00    0.0    0.029   0.000   22.5    62   14.9   22.7   11.30   1.1703     351     1    100.0   15 
14/11/25   7:30   15.6   15.6   15.5    91   14.1    6.4    ENE   1.61  12.9   ENE   15.6   15.7   15.7  1009.8   0.00    0.0    0.029   0.000   22.9    62   15.2   23.2   11.29   1.1686     351     1    100.0   15 
14/11/25   7:45   15.5   15.7   15.4    91   14.0    4.8    ENE   1.21  14.5   ENE   15.5   15.7   15.7  1009.8   0.00    0.0    0.030   0.000   23.2    62   15.5   23.7   11.27   1.1669     352     1    100.0   15 
14/11/25   8:00   15.4   15.4   15.4    92   14.2    6.4    ENE   1.61  17.7   ENE   15.4   15.6   15.6  1009.7   0.00    0.0    0.030   0.000   23.6    61   15.6   24.1   11.07   1.1651     351     1    100.0   15 
14/11/25   8:15   15.4   15.4   15.3    92   14.1    4.8      E   1.21  12.9     E   15.4   15.6   15.6  1009.8   0.00    0.0    0.031   0.000   23.8    61   15.9   24.4   11.05   1.1640     351     1    100.0   15 
14/11/25   8:30   15.3   15.4   15.3    93   14.2    6.4    ENE   1.61  16.1   ENE   15.3   15.5   15.5  1010.0   0.00    0.0    0.031   0.000   24.0    60   15.8   24.5   10.94   1.1637     351     1    100.0   15 
14/11/25   8:45   15.5   15.7   15.4    92   14.2    6.4    ENE   1.61  17.7     E   15.5   15.7   15.7  1010.1   0.00    0.0    0.030   0.000   24.2    60   15.9   24.6   10.93   1.1630     352     1    100.0   15 
14/11/25   9:00   15.8   16.1   15.7    92   14.5    9.7    ENE   2.41  20.9     E   15.7   16.1   15.9  1009.8   0.00    0.0    0.026   0.000   24.2    60   16.0   24.7   10.93   1.1624     351     1    100.0   15 
14/11/25   9:15   16.3   16.5   16.0    92   15.0    8.0    ENE   2.01  16.1   ENE   16.3   16.6   16.6  1009.8   0.00    0.0    0.021   0.000   24.3    59   15.8   24.7   10.72   1.1621     351     1    100.0   15 
14/11/25   9:30   16.5   16.6   16.4    91   15.0    6.4    ENE   1.61  17.7   ENE   16.5   16.8   16.8  1009.8   0.00    0.0    0.019   0.000   24.4    59   15.9   24.8   10.71   1.1616     351     1    100.0   15 
14/11/25   9:45   16.7   16.8   16.5    91   15.2    8.0    ENE   2.01  17.7   ENE   16.7   16.9   16.9  1009.9   0.00    0.0    0.017   0.000   24.3    60   16.1   24.7   10.92   1.1619     351     1    100.0   15 
14/11/25  10:00   17.1   17.2   16.8    90   15.4    9.7    ENE   2.41  16.1   ENE   17.1   17.4   17.4  1010.0   0.00    0.0    0.013   0.000   24.3    60   16.1   24.7   10.92   1.1620     351     1    100.0   15 
14/11/25  10:15   17.3   17.4   17.2    89   15.5    8.0    ENE   2.01  19.3   ENE   17.3   17.7   17.7  1009.7   0.00    0.0    0.010   0.000   24.3    60   16.0   24.7   10.92   1.1620     351     1    100.0   15 
14/11/25  10:30   17.6   17.8   17.4    88   15.6    6.4    ENE   1.61  14.5   ENE   17.6   18.0   18.0  1009.8   0.00    0.0    0.008   0.000   24.2    60   16.0   24.7   10.93   1.1624     351     1    100.0   15 
14/11/25  10:45   17.9   18.0   17.8    88   15.9    8.0    ENE   2.01  14.5   ENE   17.9   18.4   18.4  1009.5   0.00    0.0    0.004   0.000   24.3    60   16.0   24.7   10.92   1.1617     350     1    100.0   15 
14/11/25  11:00   18.1   18.2   18.0    87   15.9    6.4    ENE   1.61  14.5   ENE   18.1   18.5   18.5  1009.7   0.00    0.0    0.003   0.000   24.2    60   16.0   24.7   10.93   1.1623     352     1    100.0   15 
14/11/25  11:15   18.2   18.2   18.1    87   16.0    6.4    ENE   1.61  14.5   ENE   18.2   18.6   18.6  1008.9   0.00    0.0    0.002   0.000   24.2    60   15.9   24.6   10.93   1.1616     351     1    100.0   15 
14/11/25  11:30   18.4   18.6   18.2    86   16.0    4.8      E   1.21  12.9     E   18.4   18.9   18.9  1009.4   0.00    0.0    0.000   0.001   24.4    60   16.1   24.8   10.91   1.1610     351     1    100.0   15 
14/11/25  11:45   18.7   18.8   18.6    85   16.1    6.4    ENE   1.61  17.7   ENE   18.7   19.2   19.2  1008.7   0.00    0.0    0.000   0.004   24.5    60   16.2   24.9   10.91   1.1596     351     1    100.0   15 
14/11/25  12:00   18.7   18.8   18.7    85   16.1    4.8    ENE   1.21  12.9   ENE   18.7   19.2   19.2  1008.8   0.00    0.0    0.000   0.004   24.5    60   16.2   24.9   10.91   1.1598     352     1    100.0   15 
14/11/25  12:15   18.9   19.0   18.8    85   16.4    6.4    ENE   1.61  16.1     E   18.9   19.5   19.5  1008.2   0.00    0.0    0.000   0.006   24.5    60   16.2   24.9   10.91   1.1590     351     1    100.0   15 
14/11/25  12:30   19.1   19.1   18.9    84   16.3    4.8      E   1.21  12.9   ENE   19.1   19.7   19.7  1008.1   0.00    0.0    0.000   0.008   24.4    61   16.4   24.9   11.03   1.1588     351     1    100.0   15 
14/11/25  12:45   19.1   19.2   19.1    83   16.2    6.4    ENE   1.61  20.9     E   19.1   19.7   19.7  1008.0   0.00    0.0    0.000   0.008   24.3    61   16.3   24.8   11.04   1.1596     351     1    100.0   15 
14/11/25  13:00   19.2   19.2   19.1    83   16.2    4.8    ESE   1.21  14.5     E   19.2   19.8   19.8  1007.7   0.00    0.0    0.000   0.009   24.1    61   16.1   24.6   11.04   1.1604     351     1    100.0   15 
14/11/25  13:15   19.2   19.2   19.1    83   16.2    4.8    ENE   1.21  16.1   ENE   19.2   19.8   19.8  1007.4   0.00    0.0    0.000   0.009   23.9    62   16.2   24.5   11.25   1.1605     350     1    100.0   15 
14/11/25  13:30   19.1   19.1   19.1    83   16.2    3.2      E   0.80  11.3     E   19.1   19.7   19.7  1007.4   0.00    0.0    0.000   0.008   23.7    64   16.5   24.4   11.65   1.1607     351     1    100.0   15 
14/11/25  13:45   19.1   19.1   19.1    83   16.1    3.2      E   0.80  11.3     E   19.1   19.6   19.6  1006.9   0.00    0.0    0.000   0.008   23.7    65   16.7   24.4   11.85   1.1602     350     1    100.0   15 
14/11/25  14:00   19.2   19.2   19.1    83   16.2    3.2      S   0.80  11.3     E   19.2   19.8   19.8  1006.9   0.00    0.0    0.000   0.009   23.6    65   16.6   24.2   11.85   1.1607     351     1    100.0   15 
14/11/25  14:15   19.3   19.4   19.2    82   16.2    4.8      S   1.21  12.9   ESE   19.3   19.9   19.9  1006.7   0.00    0.0    0.000   0.010   23.5    65   16.5   24.2   11.85   1.1608     351     1    100.0   15 
14/11/25  14:30   19.4   19.4   19.4    82   16.3    4.8      S   1.21  12.9    SO   19.4   20.1   20.1  1006.6   0.00    0.0    0.000   0.012   23.5    65   16.5   24.2   11.85   1.1607     351     1    100.0   15 
14/11/25  14:45   19.3   19.5   19.0    83   16.3    4.8      S   1.21  12.9     S   19.3   19.9   19.9  1006.4   0.00    0.0    0.000   0.010   23.4    65   16.5   24.1   11.85   1.1607     350     1    100.0   15 
14/11/25  15:00   18.8   19.0   18.8    85   16.3    3.2      S   0.80  11.3     S   18.8   19.4   19.4  1006.4   0.00    0.0    0.000   0.005   23.4    65   16.4   24.1   11.85   1.1609     350     1    100.0   15 
14/11/25  15:15   19.0   19.1   18.8    85   16.4    3.2      S   0.80   9.7     S   19.0   19.6   19.6  1006.1   0.00    0.0    0.000   0.007   23.4    65   16.4   24.1   11.85   1.1606     352     1    100.0   15 
14/11/25  15:30   19.1   19.1   18.9    85   16.5    3.2      S   0.80  11.3    SE   19.1   19.7   19.7  1006.1   0.00    0.0    0.000   0.008   23.4    65   16.4   24.1   11.85   1.1607     351     1    100.0   15 
14/11/25  15:45   18.9   18.9   18.8    86   16.5    3.2    SSO   0.80  11.3     S   18.9   19.5   19.5  1006.5   0.00    0.0    0.000   0.006   23.5    65   16.5   24.2   11.85   1.1606     351     1    100.0   15 
14/11/25  16:00   18.7   18.8   18.5    87   16.5    3.2      S   0.80   8.0   SSO   18.7   19.2   19.2  1006.6   0.00    0.0    0.000   0.003   23.5    65   16.5   24.2   11.85   1.1606     351     1    100.0   15 
14/11/25  16:15   18.4   18.5   18.3    88   16.4    3.2      S   0.80   8.0   SSO   18.4   19.0   19.0  1006.8   0.00    0.0    0.000   0.001   23.4    65   16.5   24.1   11.85   1.1612     351     1    100.0   15 
14/11/25  16:30   18.3   18.4   18.2    88   16.3    3.2    SSO   0.80   9.7     S   18.3   18.8   18.8  1006.8   0.00    0.0    0.001   0.000   23.3    66   16.6   24.1   12.07   1.1614     352     1    100.0   15 
14/11/25  16:45   18.1   18.2   18.1    89   16.3    3.2      S   0.80   9.7     S   18.1   18.6   18.6  1006.9   0.00    0.0    0.002   0.000   23.3    66   16.6   24.1   12.07   1.1616     350     1    100.0   15 
14/11/25  17:00   17.9   18.1   17.8    90   16.3    3.2      S   0.80  11.3   SSO   17.9   18.4   18.4  1006.9   0.00    0.0    0.004   0.000   23.4    66   16.7   24.1   12.07   1.1613     351     1    100.0   15 
14/11/25  17:15   17.7   17.8   17.4    90   16.0    3.2      S   0.80   8.0    SE   17.7   18.1   18.1  1007.2   0.00    0.0    0.007   0.000   23.4    66   16.7   24.2   12.07   1.1613     350     1    100.0   15 
14/11/25  17:30   17.3   17.4   17.3    91   15.8    3.2    SSO   0.80   6.4   OSO   17.3   17.7   17.7  1007.2   0.00    0.0    0.010   0.000   23.7    65   16.7   24.4   11.85   1.1602     351     1    100.0   15 
14/11/25  17:45   17.3   17.3   17.2    92   16.0    3.2      S   0.80   8.0     S   17.3   17.7   17.7  1007.4   0.00    0.0    0.011   0.000   24.1    64   16.8   24.7   11.64   1.1590     351     1    100.0   15 
14/11/25  18:00   17.1   17.2   16.9    91   15.6    3.2      S   0.80   8.0     S   17.1   17.5   17.5  1007.7   0.00    0.0    0.013   0.000   24.1    64   16.9   24.8   11.64   1.1591     351     1    100.0   15 
14/11/25  18:15   16.8   16.9   16.8    92   15.5    3.2      S   0.80   8.0     S   16.8   17.2   17.2  1008.0   0.00    0.0    0.016   0.000   24.1    64   16.8   24.7   11.64   1.1597     351     1    100.0   15 
14/11/25  18:30   16.8   16.8   16.7    92   15.5    1.6    SSO   0.40   8.0     O   16.8   17.2   17.2  1007.9   0.00    0.0    0.016   0.000   24.2    63   16.7   24.8   11.44   1.1594     352     1    100.0   15 
14/11/25  18:45   16.6   16.7   16.4    92   15.3    1.6    SSO   0.40   8.0     S   16.6   16.9   16.9  1008.1   0.00    0.0    0.018   0.000   24.2    64   16.9   24.8   11.64   1.1592     351     1    100.0   15 
14/11/25  19:00   16.3   16.4   16.3    93   15.2    1.6      S   0.40   8.0   SSO   16.3   16.6   16.6  1008.3   0.00    0.0    0.021   0.000   24.2    63   16.7   24.8   11.44   1.1598     351     1    100.0   15 
14/11/25  19:15   16.3   16.3   16.3    93   15.2    1.6    SSO   0.40   6.4   SSO   16.3   16.6   16.6  1008.3   0.00    0.0    0.021   0.000   24.2    63   16.7   24.8   11.44   1.1595     350     1    100.0   15 
14/11/25  19:30   16.2   16.3   16.1    93   15.1    1.6      S   0.40   4.8   SSO   16.2   16.5   16.5  1008.3   0.00    0.0    0.022   0.000   24.2    63   16.7   24.8   11.44   1.1598     351     1    100.0   15 
14/11/25  19:45   16.1   16.1   16.1    93   15.0    1.6      S   0.40   6.4     S   16.1   16.4   16.4  1008.3   0.00    0.0    0.023   0.000   24.2    63   16.7   24.8   11.44   1.1596     351     1    100.0   15 
14/11/25  20:00   16.1   16.2   16.1    93   15.0    1.6      S   0.40   4.8   SSO   16.1   16.4   16.4  1008.5   0.00    0.0    0.023   0.000   24.2    63   16.7   24.8   11.44   1.1598     351     1    100.0   15 
14/11/25  20:15   16.1   16.2   16.0    94   15.1    1.6      S   0.40   4.8   SSE   16.1   16.3   16.3  1008.6   0.00    0.0    0.024   0.000   24.2    63   16.7   24.8   11.44   1.1599     349     1    100.0   15 
14/11/25  20:30   16.1   16.1   16.1    93   15.0    0.0     SO   0.00   6.4   SSO   16.1   16.4   16.4  1008.8   0.00    0.0    0.023   0.000   24.3    63   16.8   24.8   11.44   1.1598     351     1    100.0   15 
14/11/25  20:45   16.1   16.1   16.1    93   14.9    0.0     SO   0.00   3.2    SO   16.1   16.3   16.3  1008.8   0.00    0.0    0.024   0.000   24.3    63   16.8   24.9   11.43   1.1595     351     1    100.0   15 
14/11/25  21:00   15.9   16.1   15.8    93   14.8    0.0      S   0.00   3.2     S   15.9   16.1   16.1  1008.9   0.00    0.0    0.025   0.000   24.3    63   16.8   24.8   11.44   1.1599     351     1    100.0   15 
14/11/25  21:15   15.8   15.8   15.8    93   14.7    0.0      S   0.00   4.8   OSO   15.8   16.1   16.1  1009.1   0.00    0.0    0.026   0.000   24.3    63   16.8   24.9   11.43   1.1599     351     1    100.0   15 
14/11/25  21:30   15.7   15.8   15.7    94   14.8    0.0    OSO   0.00   3.2   OSO   15.7   15.9   15.9  1009.4   0.00    0.0    0.027   0.000   24.2    63   16.7   24.8   11.44   1.1608     351     1    100.0   15 
14/11/25  21:45   15.6   15.7   15.4    94   14.6    0.0    OSO   0.00   4.8   OSO   15.6   15.8   15.8  1009.4   0.00    0.0    0.029   0.000   24.1    63   16.6   24.7   11.44   1.1614     351     1    100.0   15 
14/11/25  22:00   15.3   15.4   15.3    94   14.4    0.0      O   0.00   4.8     O   15.3   15.6   15.6  1009.4   0.00    0.0    0.031   0.000   23.9    63   16.5   24.6   11.45   1.1623     352     1    100.0   15 
14/11/25  22:15   15.2   15.3   15.1    94   14.2    1.6     NO   0.40   6.4    NO   15.2   15.4   15.4  1009.5   0.00    0.0    0.033   0.000   23.8    64   16.6   24.5   11.65   1.1626     350     1    100.0   15 
14/11/25  22:30   15.0   15.1   15.0    95   14.2    1.6     NO   0.40   4.8    NO   15.0   15.2   15.2  1009.6   0.00    0.0    0.035   0.000   23.7    64   16.5   24.4   11.65   1.1633     351     1    100.0   15 
14/11/25  22:45   15.0   15.1   14.9    95   14.2    1.6    NNO   0.40   6.4    NO   15.0   15.2   15.2  1009.5   0.00    0.0    0.035   0.000   23.7    64   16.5   24.3   11.65   1.1635     351     1    100.0   15 
14/11/25  23:00   14.9   15.0   14.9    95   14.2    1.6    NNO   0.40   4.8   NNO   14.9   15.2   15.2  1009.3   0.00    0.0    0.035   0.000   23.8    64   16.6   24.4   11.65   1.1627     351     1    100.0   15 
14/11/25  23:15   14.9   15.0   14.9    95   14.2    1.6    NNO   0.40   4.8   NNO   14.9   15.2   15.2  1009.2   0.00    0.0    0.035   0.000   24.1    63   16.6   24.7   11.44   1.1614     351     1    100.0   15 
14/11/25  23:30   14.9   14.9   14.8    95   14.2    0.0    NNO   0.00   3.2   NNO   14.9   15.2   15.2  1009.2   0.00    0.0    0.035   0.000   24.1    63   16.6   24.7   11.44   1.1612     351     1    100.0   15 
14/11/25  23:45   14.9   15.0   14.8    96   14.3    0.0    NNO   0.00   1.6   NNO   14.9   15.1   15.1  1009.0   0.00    0.0    0.036   0.000   23.9    63   16.4   24.5   11.45   1.1621     350     1    100.0   15 
15/11/25  00:00   15.1   15.1   14.9    95   14.3    1.6      O   0.40   4.8     O   15.1   15.3   15.3  1009.6   0.00    0.0    0.034   0.000   23.6    63   16.2   24.2   11.46   1.1642     352     1    100.0   15 
15/11/25   0:15   14.6   14.9   14.4    95   13.8    0.0    OSO   0.00   4.8   OSO   14.6   14.8   14.8  1009.3   0.00    0.0    0.039   0.000   23.4    64   16.2   24.0   11.65   1.1647     349     1    100.0   15 
15/11/25   0:30   14.3   14.4   14.2    96   13.6    1.6    NNO   0.40   6.4    NO   14.3   14.4   14.4  1009.4   0.00    0.0    0.042   0.000   23.2    64   16.0   23.7   11.65   1.1660     352     1    100.0   15 
15/11/25   0:45   14.3   14.3   14.2    96   13.6    1.6     NO   0.40   6.4   ONO   14.3   14.4   14.4  1009.4   0.00    0.0    0.042   0.000   22.9    64   15.8   23.4   11.65   1.1671     351     1    100.0   15 
15/11/25   1:00   14.2   14.3   14.2    96   13.6    0.0    ONO   0.00   3.2   ONO   14.2   14.4   14.4  1009.4   0.00    0.0    0.043   0.000   22.8    64   15.6   23.1   11.65   1.1681     351     1    100.0   15 
15/11/25   1:15   14.1   14.2   14.0    96   13.5    0.0    ONO   0.00   3.2   ONO   14.1   14.3   14.3  1009.3   0.00    0.0    0.044   0.000   22.6    65   15.7   22.9   11.85   1.1685     351     1    100.0   15 
15/11/25   1:30   13.9   14.0   13.8    96   13.3    0.0    ONO   0.00   3.2   ONO   13.9   14.0   14.0  1009.7   0.00    0.0    0.046   0.000   22.4    65   15.5   22.7   11.85   1.1698     352     1    100.0   15 
15/11/25   1:45   13.8   13.8   13.7    96   13.2    1.6    OSO   0.40   4.8   ONO   13.8   13.9   13.9  1009.6   0.00    0.0    0.047   0.000   22.3    65   15.4   22.4   11.85   1.1706     351     1    100.0   15 
15/11/25   2:00   13.7   13.7   13.7    96   13.1    1.6    OSO   0.40   4.8    SO   13.7   13.8   13.8  1009.5   0.00    0.0    0.048   0.000   22.1    65   15.2   22.2   11.85   1.1716     350     1    100.0   15 
15/11/25   2:15   13.7   13.7   13.7    96   13.0    0.0    OSO   0.00   4.8   OSO   13.7   13.8   13.8  1009.2   0.00    0.0    0.049   0.000   21.9    66   15.3   22.1   12.12   1.1715     351     1    100.0   15 
15/11/25   2:30   13.7   13.8   13.7    96   13.1    1.6    OSO   0.40   4.8   OSO   13.7   13.8   13.8  1009.4   0.00    0.0    0.048   0.000   21.8    66   15.1   21.8   12.13   1.1726     352     1    100.0   15 
15/11/25   2:45   13.7   13.8   13.7    96   13.1    1.6     NO   0.40   4.8    NO   13.7   13.8   13.8  1009.4   0.00    0.0    0.048   0.000   21.7    66   15.0   21.7   12.13   1.1731     351     1    100.0   15 
15/11/25   3:00   13.7   13.7   13.6    95   12.9    0.0     NO   0.00   4.8   OSO   13.7   13.8   13.8  1009.5   0.00    0.0    0.049   0.000   21.6    66   14.9   21.6   12.13   1.1739     351     1    100.0   15 
15/11/25   3:15   13.5   13.6   13.4    95   12.7    0.0    OSO   0.00   3.2   OSO   13.5   13.6   13.6  1009.3   0.00    0.0    0.050   0.000   21.4    66   14.8   21.3   12.14   1.1745     351     1    100.0   15 
15/11/25   3:30   13.3   13.4   13.2    95   12.5    0.0    OSO   0.00   3.2   OSO   13.3   13.4   13.4  1009.6   0.00    0.0    0.052   0.000   21.3    66   14.7   21.2   12.14   1.1754     351     1    100.0   15 
15/11/25   3:45   13.1   13.2   12.9    94   12.2    3.2    NNO   0.80   8.0    NO   13.1   13.2   13.2  1009.5   0.00    0.0    0.054   0.000   21.2    67   14.8   21.1   12.35   1.1756     352     1    100.0   15 
