                 Temp.  Temp.  Temp.  Hum.   Punt   Vel.   Dir.   Rec.  Vel.  Dir.  Sens.   Índ.   Índ.                  Int. Graus D.Graus D.  Temp.  Hum. Rosada  In.Cal.  EMC     Dens.    Mostr   Tx   Recep.  Int.
  Data    Hora    Ext.   Màx.   Mín.  Ext. Rosada   Vent   Vent   Vent  Màx.  Màx.  Tèrm.  Calor   THW    Bar    Pluja   Pluja  Calor    Fred    Int.  Int.   Int.   Int.    Int.  Int.Aire    Vent   Vent   ISS   Arc.
-------------------------------------------------------------------------------------------------------------------------------------------------------------------------------------------------------------------------
19/11/25   0:15    6.7    6.7    6.6    77    2.9    0.0    NNO   0.00   3.2   NNO    6.7    6.5    6.5  1016.4   0.00    0.0    0.122   0.000   22.4    52   12.0   22.1    9.60   1.1821     350     1    100.0   15 
19/11/25   0:30    6.4    6.6    6.3    78    2.9    1.6      E   0.40   3.2   NNO    6.4    6.3    6.3  1016.3   0.00    0.0    0.124   0.000   22.0    53   12.0   21.5    9.79   1.1837     351     1    100.0   15 
19/11/25   0:45    6.3    6.3    6.2    78    2.8    0.0      E   0.00   3.2     E    6.3    6.2    6.2  1016.2   0.00    0.0    0.125   0.000   21.6    53   11.6   20.9    9.81   1.1855     349     1    100.0   15 
19/11/25   1:00    6.2    6.3    6.2    73    1.7    0.0      O   0.00   4.8     O    6.2    5.9    5.9  1016.2   0.00    0.0    0.126   0.000   21.2    54   11.5   20.5    9.95   1.1871     351     1    100.0   15 
19/11/25   1:15    6.2    6.3    6.1    76    2.3    0.0      O   0.00   1.6     O    6.2    6.0    6.0  1016.1   0.00    0.0    0.126   0.000   20.8    55   11.5   20.2   10.16   1.1887     352     1    100.0   15 
19/11/25   1:30    6.1    6.1    6.1    78    2.5    0.0      O   0.00   3.2     O    6.1    5.9    5.9  1016.0   0.00    0.0    0.128   0.000   20.5    55   11.1   19.9   10.17   1.1902     349     1    100.0   15 
19/11/25   1:45    6.0    6.1    5.9    79    2.6    1.6    SSE   0.40   3.2     O    6.0    5.8    5.8  1016.1   0.00    0.0    0.128   0.000   20.1    56   11.1   19.7   10.39   1.1920     351     1    100.0   15 
19/11/25   2:00    5.7    5.9    5.5    80    2.5    0.0    ESE   0.00   3.2   ESE    5.7    5.6    5.6  1016.1   0.00    0.0    0.131   0.000   19.8    56   10.8   19.4   10.40   1.1934     351     1    100.0   15 
19/11/25   2:15    5.3    5.5    5.2    79    2.0    0.0    ONO   0.00   4.8   ONO    5.3    5.2    5.2  1016.2   0.00    0.0    0.135   0.000   19.6    57   10.9   19.2   10.60   1.1943     351     1    100.0   15 
19/11/25   2:30    5.1    5.2    4.9    78    1.5    1.6     NO   0.40   9.7   SSO    5.1    4.9    4.9  1016.0   0.00    0.0    0.138   0.000   19.3    57   10.6   18.9   10.61   1.1955     351     1    100.0   15 
19/11/25   2:45    5.0    5.1    5.0    76    1.1    1.6     NO   0.40   6.4    NO    5.0    4.8    4.8  1015.8   0.00    0.0    0.139   0.000   19.1    57   10.3   18.6   10.62   1.1967     351     1    100.0   15 
19/11/25   3:00    4.9    5.0    4.9    76    1.1    3.2     NO   0.80   8.0   ONO    4.9    4.7    4.7  1015.6   0.00    0.0    0.139   0.000   18.8    58   10.4   18.3   10.75   1.1974     351     1    100.0   15 
19/11/25   3:15    4.9    4.9    4.8    75    0.8    3.2     NO   0.80   8.0     O    4.8    4.7    4.6  1015.5   0.00    0.0    0.140   0.000   18.6    58   10.1   18.1   10.75   1.1986     350     1    100.0   15 
19/11/25   3:30    4.8    4.8    4.6    76    0.9    1.6      O   0.40   8.0   ONO    4.8    4.6    4.6  1015.3   0.00    0.0    0.141   0.000   18.3    58    9.9   17.8   10.75   1.1995     350     1    100.0   15 
19/11/25   3:45    4.6    4.6    4.5    76    0.7    1.6      O   0.40   4.8   ONO    4.6    4.3    4.3  1015.1   0.00    0.0    0.144   0.000   18.2    59   10.0   17.7   10.95   1.1998     351     1    100.0   15 
19/11/25   4:00    4.7    4.7    4.6    76    0.8    0.0     NO   0.00   4.8   NNO    4.7    4.4    4.4  1015.2   0.00    0.0    0.142   0.000   17.9    59    9.8   17.4   10.95   1.2010     351     1    100.0   15 
19/11/25   4:15    4.6    4.7    4.4    77    0.9    0.0     NO   0.00   3.2    NO    4.6    4.3    4.3  1015.1   0.00    0.0    0.144   0.000   17.8    59    9.7   17.3   10.95   1.2016     350     1    100.0   15 
19/11/25   4:30    4.3    4.4    4.3    78    0.8    0.0     NO   0.00   4.8    NO    4.3    4.1    4.1  1015.0   0.00    0.0    0.146   0.000   17.7    59    9.6   17.2   10.95   1.2020     350     1    100.0   15 
19/11/25   4:45    4.2    4.3    4.2    79    0.9    0.0     NO   0.00   3.2    NO    4.2    4.1    4.1  1015.0   0.00    0.0    0.147   0.000   17.6    59    9.5   17.1   10.95   1.2025     351     1    100.0   15 
19/11/25   5:00    4.1    4.2    4.0    78    0.6    0.0     NO   0.00   3.2    NO    4.1    3.9    3.9  1015.0   0.00    0.0    0.148   0.000   17.4    60    9.6   16.9   11.08   1.2032     351     1    100.0   15 
19/11/25   5:15    3.7    4.0    3.4    79    0.4    0.0     NO   0.00   3.2    NO    3.7    3.6    3.6  1015.1   0.00    0.0    0.152   0.000   17.3    60    9.4   16.7   11.09   1.2040     350     1    100.0   15 
19/11/25   5:30    3.3    3.4    3.2    80    0.2    0.0     NO   0.00   1.6    NO    3.3    3.1    3.1  1015.1   0.00    0.0    0.157   0.000   17.3    60    9.4   16.7   11.09   1.2041     351     1    100.0   15 
19/11/25   5:45    3.1    3.3    2.9    81    0.1    0.0     NO   0.00   3.2    NO    3.1    2.9    2.9  1015.2   0.00    0.0    0.159   0.000   17.7    58    9.3   17.1   10.75   1.2024     352     1    100.0   15 
19/11/25   6:00    2.9    3.0    2.9    81    0.0    1.6     NO   0.40   6.4     O    2.9    2.8    2.8  1015.2   0.00    0.0    0.160   0.000   18.4    57    9.7   17.8   10.65   1.1993     350     1    100.0   15 
19/11/25   6:15    3.1    3.2    3.0    81    0.2    1.6    ONO   0.40   8.0   ONO    3.1    2.9    2.9  1015.1   0.00    0.0    0.159   0.000   19.1    56   10.1   18.6   10.42   1.1958     351     1    100.0   15 
19/11/25   6:30    3.2    3.2    3.1    81    0.2    1.6     NO   0.40   6.4   NNO    3.2    3.0    3.0  1015.1   0.00    0.0    0.158   0.000   19.8    54   10.2   19.3   10.05   1.1930     349     1    100.0   15 
19/11/25   6:45    3.2    3.3    3.1    80    0.1    4.8     NO   1.21  12.9   OSO    2.2    3.1    2.0  1015.0   0.00    0.0    0.157   0.000   20.2    54   10.6   19.6   10.02   1.1910     351     1    100.0   15 
19/11/25   7:00    3.3    3.4    3.3    79    0.0    4.8     NO   1.21  12.9    NO    2.3    3.2    2.1  1014.9   0.00    0.0    0.156   0.000   20.5    53   10.6   19.9    9.87   1.1895     349     1    100.0   15 
19/11/25   7:15    3.5    3.6    3.4    79    0.2    6.4     NO   1.61  16.1   NNO    1.9    3.3    1.7  1014.9   0.00    0.0    0.155   0.000   20.8    53   10.8   20.1    9.86   1.1881     349     1    100.0   15 
19/11/25   7:30    3.5    3.6    3.4    79    0.2    4.8     NO   1.21  11.3   NNO    2.4    3.3    2.3  1014.9   0.00    0.0    0.155   0.000   21.1    53   11.2   20.3    9.85   1.1865     351     1    100.0   15 
19/11/25   7:45    3.4    3.6    3.4    80    0.3    4.8     NO   1.21  12.9    NO    2.4    3.3    2.2  1014.9   0.00    0.0    0.155   0.000   21.6    54   11.8   20.9    9.93   1.1839     351     1    100.0   15 
19/11/25   8:00    3.8    4.1    3.6    78    0.3    4.8     NO   1.21   9.7   OSO    2.8    3.7    2.7  1015.0   0.00    0.0    0.151   0.000   22.3    53   12.3   22.0    9.76   1.1805     352     1    100.0   15 
19/11/25   8:15    4.2    4.5    4.1    77    0.5    3.2     NO   0.80   9.7     O    4.1    4.0    3.8  1014.9   0.00    0.0    0.147   0.000   22.7    53   12.6   22.5    9.74   1.1787     349     1    100.0   15 
19/11/25   8:30    4.7    4.9    4.5    75    0.6    6.4     NO   1.61  20.9   NNO    3.2    4.4    2.9  1014.7   0.00    0.0    0.142   0.000   23.0    53   12.9   22.9    9.71   1.1768     349     1    100.0   15 
19/11/25   8:45    5.1    5.3    4.8    74    0.8    6.4    NNO   1.61  19.3   NNO    3.7    4.8    3.4  1014.7   0.00    0.0    0.138   0.000   23.7    51   12.9   23.7    9.36   1.1741     351     1    100.0   15 
19/11/25   9:00    5.4    5.6    5.3    73    1.0    6.4    NNO   1.61  22.5   NNO    4.1    5.2    3.8  1014.8   0.00    0.0    0.134   0.000   24.0    51   13.2   24.1    9.35   1.1726     352     1    100.0   15 
19/11/25   9:15    5.7    5.9    5.6    72    1.1    6.4     NO   1.61  17.7   ONO    4.4    5.4    4.2  1014.8   0.00    0.0    0.131   0.000   23.8    51   13.1   23.9    9.35   1.1733     351     1    100.0   15 
19/11/25   9:30    6.1    6.3    5.9    71    1.2    6.4     NO   1.61  16.1    NO    4.8    5.7    4.5  1014.5   0.00    0.0    0.128   0.000   23.6    52   13.1   23.6    9.56   1.1740     350     1    100.0   15 
19/11/25   9:45    6.6    6.9    6.3    69    1.3    4.8     NO   1.21  16.1   ONO    6.0    6.3    5.7  1014.5   0.00    0.0    0.122   0.000   23.4    52   13.0   23.3    9.57   1.1749     351     1    100.0   15 
19/11/25  10:00    7.3    7.7    6.9    67    1.6    4.8     NO   1.21  14.5   NNO    6.7    6.9    6.4  1014.6   0.00    0.0    0.115   0.000   23.2    52   12.8   23.2    9.57   1.1758     352     1    100.0   15 
19/11/25  10:15    7.9    8.1    7.7    65    1.7    6.4     NO   1.61  19.3   OSO    6.9    7.5    6.5  1014.4   0.00    0.0    0.109   0.000   23.2    52   12.8   23.1    9.58   1.1759     351     1    100.0   15 
19/11/25  10:30    8.2    8.5    8.0    63    1.6    4.8     NO   1.21  14.5   NNO    7.8    7.8    7.4  1014.5   0.00    0.0    0.105   0.000   23.1    52   12.7   22.9    9.58   1.1766     351     1    100.0   15 
19/11/25  10:45    8.7    8.8    8.5    61    1.6    4.8     NO   1.21  14.5     O    8.4    8.3    7.9  1014.3   0.00    0.0    0.100   0.000   22.9    51   12.3   22.8    9.38   1.1772     351     1    100.0   15 
19/11/25  11:00    9.1    9.5    8.7    60    1.7    3.2     NO   0.80   8.0    SO    9.1    8.6    8.6  1013.9   0.00    0.0    0.097   0.000   22.8    51   12.2   22.6    9.39   1.1773     351     1    100.0   15 
19/11/25  11:15    9.8    9.9    9.5    56    1.4    4.8     NO   1.21  16.1   ONO    9.6    9.2    9.0  1013.6   0.00    0.0    0.089   0.000   22.8    51   12.1   22.6    9.39   1.1772     352     1    100.0   15 
19/11/25  11:30    9.9   10.1    9.8    56    1.6    6.4     NO   1.61  19.3    NO    9.3    9.4    8.8  1013.2   0.00    0.0    0.087   0.000   22.8    51   12.1   22.6    9.39   1.1767     351     1    100.0   15 
19/11/25  11:45   10.1   10.4   10.0    56    1.7    4.8     NO   1.21  16.1     O    9.9    9.6    9.4  1013.1   0.00    0.0    0.086   0.000   23.1    49   11.8   22.9    9.05   1.1756     350     1    100.0   15 
19/11/25  12:00   10.5   10.6   10.4    55    1.8    6.4     NO   1.61  14.5   NNO    9.9    9.9    9.3  1013.0   0.00    0.0    0.082   0.000   23.7    48   12.0   23.6    8.94   1.1731     351     1    100.0   15 
19/11/25  12:15   10.7   10.8   10.6    55    2.0    6.4    NNO   1.61  19.3    NO   10.2   10.1    9.6  1012.6   0.00    0.0    0.079   0.000   24.3    48   12.6   24.2    8.94   1.1696     351     1    100.0   15 
19/11/25  12:30   11.0   11.1   10.8    54    2.0    6.4     NO   1.61  16.1    NO   10.6   10.3    9.9  1012.5   0.00    0.0    0.076   0.000   24.6    48   12.9   24.5    8.92   1.1678     350     1    100.0   15 
19/11/25  12:45   11.1   11.3   10.9    54    2.1    6.4     NO   1.61  17.7    NO   10.7   10.4    9.9  1012.2   0.00    0.0    0.075   0.000   24.7    48   13.0   24.6    8.92   1.1669     351     1    100.0   15 
19/11/25  13:00   11.3   11.4   11.2    55    2.6    6.4     NO   1.61  16.1   ONO   10.8   10.6   10.1  1012.1   0.00    0.0    0.073   0.000   24.6    48   12.8   24.4    8.93   1.1677     351     1    100.0   15 
19/11/25  13:15   11.1   11.3   10.9    55    2.4    6.4     NO   1.61  17.7   NNO   10.7   10.4   10.0  1012.1   0.00    0.0    0.075   0.000   24.3    43   10.9   23.9    8.05   1.1708     349     1    100.0   15 
19/11/25  13:30   10.8   10.9   10.7    55    2.1    6.4     NO   1.61  14.5    SO   10.3   10.2    9.7  1011.9   0.00    0.0    0.078   0.000   23.7    41    9.6   23.2    7.77   1.1742     352     1    100.0   15 
19/11/25  13:45   10.7   10.9   10.6    54    1.8    8.0     NO   2.01  24.1    NO    9.9   10.1    9.2  1011.9   0.00    0.0    0.079   0.000   23.2    43    9.9   22.8    8.10   1.1756     350     1    100.0   15 
19/11/25  14:00   10.6   10.7   10.4    55    1.9    6.4     NO   1.61  22.5   NNO   10.0    9.9    9.4  1012.0   0.00    0.0    0.081   0.000   22.9    44   10.0   22.4    8.28   1.1768     351     1    100.0   15 
19/11/25  14:15   10.6   10.8   10.4    56    2.2    6.4     NO   1.61  19.3     O   10.1   10.0    9.4  1011.8   0.00    0.0    0.080   0.000   22.8    46   10.6   22.3    8.59   1.1768     351     1    100.0   15 
19/11/25  14:30   10.6   10.8   10.5    55    1.9    4.8     NO   1.21  14.5    NO   10.5   10.0    9.9  1011.8   0.00    0.0    0.080   0.000   22.9    46   10.7   22.6    8.58   1.1759     352     1    100.0   15 
19/11/25  14:45   10.9   11.0   10.8    54    1.9    4.8     NO   1.21  14.5   OSO   10.8   10.2   10.2  1011.7   0.00    0.0    0.078   0.000   23.3    47   11.4   23.1    8.75   1.1735     350     1    100.0   15 
19/11/25  15:00   11.0   11.2   10.9    54    2.0    4.8     NO   1.21  19.3     O   10.9   10.3   10.3  1011.6   0.00    0.0    0.076   0.000   23.7    47   11.7   23.5    8.75   1.1718     351     1    100.0   15 
19/11/25  15:15   11.1   11.2   10.9    53    1.8    4.8     NO   1.21  16.1    NO   11.0   10.3   10.3  1011.5   0.00    0.0    0.076   0.000   23.9    47   11.9   23.8    8.75   1.1706     350     1    100.0   15 
19/11/25  15:30   10.7   10.9   10.5    55    2.0    6.4     NO   1.61  17.7    NO   10.2   10.1    9.6  1011.4   0.00    0.0    0.079   0.000   24.0    47   12.0   23.9    8.75   1.1700     351     1    100.0   15 
19/11/25  15:45   10.4   10.5   10.3    56    2.0    6.4     NO   1.61  19.3    SO    9.9    9.9    9.3  1011.6   0.00    0.0    0.082   0.000   24.0    47   12.0   23.9    8.75   1.1701     351     1    100.0   15 
19/11/25  16:00   10.2   10.3   10.1    58    2.3    4.8     NO   1.21  12.9   ONO   10.1    9.7    9.6  1011.5   0.00    0.0    0.084   0.000   24.0    47   12.0   23.9    8.75   1.1701     350     1    100.0   15 
19/11/25  16:15    9.7   10.1    9.3    61    2.6    4.8     NO   1.21  12.9   ONO    9.5    9.3    9.1  1011.8   0.00    0.0    0.090   0.000   24.1    47   12.1   24.0    8.74   1.1699     351     1    100.0   15 
19/11/25  16:30    9.0    9.3    8.7    63    2.3    3.2     NO   0.80   9.7   ONO    9.0    8.6    8.6  1011.8   0.00    0.0    0.097   0.000   24.0    47   12.0   23.9    8.75   1.1704     351     1    100.0   15 
19/11/25  16:45    8.5    8.7    8.2    65    2.3    1.6      O   0.40   6.4    SO    8.5    8.1    8.1  1012.0   0.00    0.0    0.102   0.000   24.0    47   12.0   23.9    8.75   1.1707     351     1    100.0   15 
19/11/25  17:00    8.1    8.2    8.0    66    2.1    1.6     NO   0.40   4.8     O    8.1    7.7    7.7  1012.1   0.00    0.0    0.107   0.000   23.9    48   12.3   23.9    8.95   1.1707     351     1    100.0   15 
19/11/25  17:15    7.9    8.1    7.7    67    2.2    0.0    ONO   0.00   3.2   ONO    7.9    7.6    7.6  1012.2   0.00    0.0    0.108   0.000   24.0    48   12.3   23.9    8.95   1.1705     350     1    100.0   15 
19/11/25  17:30    7.5    7.7    7.4    69    2.2    0.0    ONO   0.00   3.2   ONO    7.5    7.2    7.2  1012.2   0.00    0.0    0.113   0.000   24.0    48   12.3   23.9    8.95   1.1705     351     1    100.0   15 
19/11/25  17:45    7.5    7.6    7.4    68    2.0    0.0    ONO   0.00   3.2   ONO    7.5    7.2    7.2  1012.4   0.00    0.0    0.113   0.000   23.8    48   12.2   23.8    8.95   1.1716     352     1    100.0   15 
19/11/25  18:00    7.2    7.4    7.0    69    1.9    0.0    ONO   0.00   3.2   ONO    7.2    6.9    6.9  1012.5   0.00    0.0    0.116   0.000   23.6    49   12.2   23.4    9.05   1.1727     349     1    100.0   15 
19/11/25  18:15    7.0    7.1    6.9    70    1.9    0.0      O   0.00   8.0   OSO    7.0    6.7    6.7  1012.5   0.00    0.0    0.118   0.000   23.4    49   12.1   23.2    9.05   1.1736     351     1    100.0   15 
19/11/25  18:30    6.7    7.0    6.4    72    2.0    1.6    ONO   0.40   4.8   NNO    6.7    6.4    6.4  1012.5   0.00    0.0    0.121   0.000   23.4    49   12.1   23.3    9.05   1.1732     351     1    100.0   15 
19/11/25  18:45    6.4    6.6    6.3    73    2.0    1.6     NO   0.40   6.4    NO    6.4    6.2    6.2  1012.4   0.00    0.0    0.124   0.000   23.7    49   12.4   23.7    9.05   1.1718     350     1    100.0   15 
19/11/25  19:00    6.7    6.8    6.4    72    2.0    1.6     NO   0.40   6.4    NO    6.7    6.4    6.4  1012.7   0.00    0.0    0.122   0.000   24.1    48   12.4   24.0    8.94   1.1708     352     1    100.0   15 
19/11/25  19:15    6.3    6.4    6.3    74    2.0    1.6     NO   0.40   4.8    NO    6.3    6.1    6.1  1012.7   0.00    0.0    0.125   0.000   24.3    48   12.6   24.2    8.94   1.1697     350     1    100.0   15 
19/11/25  19:30    6.2    6.3    6.0    75    2.1    0.0     NO   0.00   1.6    NO    6.2    5.9    5.9  1012.7   0.00    0.0    0.127   0.000   24.4    47   12.4   24.3    8.73   1.1693     350     1    100.0   15 
19/11/25  19:45    6.1    6.2    6.0    75    2.0    0.0     NO   0.00   4.8    NE    6.1    5.8    5.8  1012.7   0.00    0.0    0.128   0.000   24.5    47   12.4   24.3    8.73   1.1690     351     1    100.0   15 
19/11/25  20:00    6.3    6.4    6.2    75    2.2    0.0     NO   0.00   3.2    NO    6.3    6.1    6.1  1012.7   0.00    0.0    0.125   0.000   24.6    46   12.2   24.4    8.53   1.1690     352     1    100.0   15 
19/11/25  20:15    6.4    6.6    6.3    74    2.1    1.6      E   0.40   8.0     E    6.4    6.2    6.2  1012.7   0.00    0.0    0.124   0.000   24.6    46   12.2   24.4    8.53   1.1690     351     1    100.0   15 
19/11/25  20:30    6.3    6.4    6.2    75    2.2    0.0    SSO   0.00   3.2     E    6.3    6.1    6.1  1012.7   0.00    0.0    0.126   0.000   24.6    46   12.2   24.4    8.53   1.1690     351     1    100.0   15 
19/11/25  20:45    5.9    6.2    5.8    77    2.2    0.0    SSO   0.00   3.2   SSO    5.9    5.7    5.7  1012.6   0.00    0.0    0.129   0.000   24.6    47   12.5   24.4    8.73   1.1686     351     1    100.0   15 
19/11/25  21:00    5.7    5.8    5.7    77    2.0    0.0    SSO   0.00   1.6   SSO    5.7    5.5    5.5  1012.5   0.00    0.0    0.131   0.000   24.6    47   12.5   24.4    8.73   1.1685     351     1    100.0   15 
19/11/25  21:15    5.9    6.0    5.8    76    2.0    0.0    SSO   0.00   3.2   SSO    5.9    5.7    5.7  1012.5   0.00    0.0    0.129   0.000   24.6    47   12.5   24.4    8.73   1.1685     351     1    100.0   15 
19/11/25  21:30    5.8    5.9    5.7    77    2.1    1.6     NO   0.40   4.8    NO    5.8    5.6    5.6  1012.8   0.00    0.0    0.131   0.000   24.4    47   12.4   24.3    8.73   1.1694     351     1    100.0   15 
19/11/25  21:45    5.7    5.8    5.6    78    2.2    0.0     NO   0.00   1.6    NO    5.7    5.6    5.6  1012.6   0.00    0.0    0.131   0.000   24.4    47   12.3   24.3    8.73   1.1695     351     1    100.0   15 
19/11/25  22:00    5.4    5.6    5.3    79    2.0    0.0     NO   0.00   3.2    NO    5.4    5.2    5.2  1012.6   0.00    0.0    0.135   0.000   24.3    47   12.3   24.2    8.73   1.1697     351     1    100.0   15 
19/11/25  22:15    5.3    5.4    5.3    79    2.0    0.0     NO   0.00   3.2    NO    5.3    5.2    5.2  1012.5   0.00    0.0    0.135   0.000   24.3    47   12.2   24.2    8.74   1.1699     351     1    100.0   15 
19/11/25  22:30    5.3    5.4    5.2    79    2.0    1.6    NNO   0.40   4.8   NNO    5.3    5.2    5.2  1012.6   0.00    0.0    0.135   0.000   24.2    47   12.2   24.1    8.74   1.1702     351     1    100.0   15 
19/11/25  22:45    5.6    5.7    5.4    78    2.0    1.6     NO   0.40   4.8    NO    5.6    5.4    5.4  1012.7   0.00    0.0    0.133   0.000   24.2    47   12.1   24.1    8.74   1.1706     351     1    100.0   15 
19/11/25  23:00    5.5    5.7    5.3    79    2.1    3.2     NO   0.80   8.0   NNO    5.5    5.3    5.3  1012.7   0.00    0.0    0.134   0.000   24.3    48   12.6   24.2    8.94   1.1697     351     1    100.0   15 
19/11/25  23:15    5.1    5.3    5.0    81    2.1    3.2     NO   0.80   6.4     O    5.1    4.9    4.9  1012.6   0.00    0.0    0.138   0.000   24.4    47   12.3   24.3    8.73   1.1694     350     1    100.0   15 
19/11/25  23:30    5.1    5.1    5.0    82    2.2    3.2    ONO   0.80   9.7   NNO    5.0    4.9    4.8  1012.7   0.00    0.0    0.138   0.000   24.3    48   12.6   24.2    8.94   1.1698     351     1    100.0   15 
19/11/25  23:45    5.1    5.2    5.0    83    2.5    3.2     NO   0.80   6.4   ONO    5.1    5.0    4.9  1012.8   0.00    0.0    0.138   0.000   23.6    48   12.0   23.5    8.94   1.1731     351     1    100.0   15 
20/11/25  00:00    5.0    5.2    4.9    84    2.5    3.2     NO   0.80   8.0   NNO    4.9    4.9    4.8  1012.9   0.00    0.0    0.139   0.000   23.0    49   11.7   22.7    9.05   1.1759     349     1    100.0   15 
20/11/25   0:15    4.8    4.9    4.8    85    2.5    3.2     NO   0.80   8.0   ONO    4.8    4.7    4.7  1012.7   0.00    0.0    0.141   0.000   22.4    50   11.5   22.1    9.25   1.1781     349     1    100.0   15 
20/11/25   0:30    5.1    5.2    4.9    86    2.9    3.2     NO   0.80   8.0   ONO    5.0    4.9    4.9  1012.7   0.00    0.0    0.138   0.000   22.0    50   11.1   21.4    9.25   1.1804     351     1    100.0   15 
20/11/25   0:45    5.3    5.4    5.2    86    3.1    3.2     NO   0.80   9.7    NO    5.3    5.2    5.2  1012.8   0.00    0.0    0.136   0.000   21.5    51   10.9   20.7    9.44   1.1826     352     1    100.0   15 
20/11/25   1:00    5.5    5.6    5.2    84    3.0    1.6    ENE   0.40   9.7    NO    5.5    5.4    5.4  1012.8   0.00    0.0    0.134   0.000   21.1    52   10.8   20.2    9.65   1.1845     350     1    100.0   15 
20/11/25   1:15    4.9    5.2    4.7    85    2.6    0.0      E   0.00   1.6     E    4.9    4.8    4.8  1012.9   0.00    0.0    0.140   0.000   20.6    52   10.4   19.9    9.67   1.1868     351     1    100.0   15 
20/11/25   1:30    4.8    4.8    4.7    86    2.6    0.0    ---   0.00   0.0   ---    4.8    4.7    4.7  1012.9   0.00    0.0    0.141   0.000   20.2    53   10.3   19.6    9.88   1.1885     351     1    100.0   15 
20/11/25   1:45    4.9    4.9    4.8    85    2.6    0.0    NNO   0.00   4.8   NNO    4.9    4.8    4.8  1012.8   0.00    0.0    0.140   0.000   19.8    54   10.3   19.3   10.04   1.1900     352     1    100.0   15 
20/11/25   2:00    4.9    5.0    4.7    85    2.6    0.0    ---   0.00   0.0   ---    4.9    4.8    4.8  1012.9   0.00    0.0    0.140   0.000   19.4    54    9.9   18.9   10.07   1.1921     350     1    100.0   15 
20/11/25   2:15    4.5    4.7    4.3    85    2.2    0.0     NO   0.00   6.4    NO    4.5    4.4    4.4  1013.1   0.00    0.0    0.144   0.000   19.2    54    9.6   18.6   10.09   1.1937     351     1    100.0   15 
20/11/25   2:30    4.3    4.4    4.3    85    2.0    1.6     NO   0.40   8.0    NO    4.3    4.2    4.2  1012.9   0.00    0.0    0.146   0.000   18.9    55    9.6   18.3   10.23   1.1946     351     1    100.0   15 
20/11/25   2:45    4.3    4.4    4.2    85    2.0    1.6     NO   0.40   4.8    NO    4.3    4.2    4.2  1012.7   0.00    0.0    0.146   0.000   18.6    55    9.4   17.9   10.24   1.1958     349     1    100.0   15 
20/11/25   3:00    4.3    4.7    4.1    87    2.4    0.0     NO   0.00   6.4   NNO    4.3    4.2    4.2  1012.7   0.00    0.0    0.146   0.000   18.3    56    9.4   17.7   10.45   1.1969     352     1    100.0   15 
20/11/25   3:15    4.4    4.6    4.3    86    2.3    0.0    ---   0.00   0.0   ---    4.4    4.3    4.3  1012.8   0.00    0.0    0.145   0.000   18.1    56    9.1   17.4   10.45   1.1984     351     1    100.0   15 
20/11/25   3:30    4.3    4.5    4.2    87    2.3    0.0     NO   0.00   6.4     O    4.3    4.2    4.2  1012.7   0.00    0.0    0.146   0.000   17.8    57    9.2   17.2   10.63   1.1991     351     1    100.0   15 
20/11/25   3:45    4.7    4.8    4.5    86    2.6    0.0     SO   0.00  11.3    SO    4.7    4.6    4.6  1012.8   0.00    0.0    0.142   0.000   17.6    57    9.0   16.9   10.62   1.2004     349     1    100.0   15 
