                 Temp.  Temp.  Temp.  Hum.   Punt   Vel.   Dir.   Rec.  Vel.  Dir.  Sens.   Índ.   Índ.                  Int. Graus D.Graus D.  Temp.  Hum. Rosada  In.Cal.  EMC     Dens.    Mostr   Tx   Recep.  Int.
  Data    Hora    Ext.   Màx.   Mín.  Ext. Rosada   Vent   Vent   Vent  Màx.  Màx.  Tèrm.  Calor   THW    Bar    Pluja   Pluja  Calor    Fred    Int.  Int.   Int.   Int.    Int.  Int.Aire    Vent   Vent   ISS   Arc.
-------------------------------------------------------------------------------------------------------------------------------------------------------------------------------------------------------------------------
 4/11/25   0:15   11.7   11.8   11.7    90   10.1    0.0     NO   0.00   3.2    NO   11.7   11.8   11.8  1023.6   0.00    0.0    0.069   0.000   21.5    60   13.4   21.2   11.04   1.1927     350     1    100.0   15 
 4/11/25   0:30   11.7   11.8   11.5    91   10.2    3.2     NO   0.80   6.4    NO   11.7   11.7   11.7  1023.5   0.00    0.0    0.069   0.000   21.3    60   13.2   20.9   11.04   1.1937     351     1    100.0   15 
 4/11/25   0:45   11.3   11.5   11.1    91    9.9    1.6     NO   0.40   4.8    NO   11.3   11.4   11.4  1023.5   0.00    0.0    0.073   0.000   21.1    60   13.0   20.7   11.05   1.1945     350     1    100.0   15 
 4/11/25   1:00   11.0   11.1   10.9    91    9.6    0.0    ---   0.00   0.0   ---   11.0   11.1   11.1  1023.4   0.00    0.0    0.076   0.000   20.9    60   12.9   20.6   11.05   1.1953     351     1    100.0   15 
 4/11/25   1:15   11.0   11.1   11.0    91    9.6    0.0     NO   0.00   3.2    NO   11.0   11.1   11.1  1023.3   0.00    0.0    0.076   0.000   20.8    61   13.0   20.5   11.25   1.1955     349     1    100.0   15 
 4/11/25   1:30   10.9   11.0   10.9    91    9.5    0.0     NO   0.00   3.2    NO   10.9   11.1   11.1  1023.3   0.00    0.0    0.077   0.000   20.7    61   12.9   20.4   11.25   1.1963     351     1    100.0   15 
 4/11/25   1:45   10.8   10.9   10.7    91    9.4    0.0     NO   0.00   1.6    NO   10.8   10.9   10.9  1023.2   0.00    0.0    0.078   0.000   20.6    61   12.8   20.3   11.25   1.1968     351     1    100.0   15 
 4/11/25   2:00   10.7   10.8   10.7    92    9.5    0.0    ---   0.00   0.0   ---   10.7   10.9   10.9  1023.0   0.00    0.0    0.079   0.000   20.4    63   13.2   20.3   11.57   1.1966     352     1    100.0   15 
 4/11/25   2:15   10.8   10.9   10.5    91    9.4    1.6     NO   0.40   4.8    NO   10.8   10.9   10.9  1022.9   0.00    0.0    0.079   0.000   20.4    63   13.2   20.3   11.57   1.1964     351     1    100.0   15 
 4/11/25   2:30   10.2   10.5   10.1    91    8.8    1.6     NO   0.40   6.4    NO   10.2   10.4   10.4  1022.9   0.00    0.0    0.084   0.000   20.3    62   12.8   20.2   11.38   1.1973     351     1    100.0   15 
 4/11/25   2:45   10.2   10.3   10.1    91    8.8    0.0     NO   0.00   3.2    NO   10.2   10.3   10.3  1022.9   0.00    0.0    0.085   0.000   20.2    62   12.7   20.1   11.38   1.1981     351     1    100.0   15 
 4/11/25   3:00   10.3   10.3   10.2    92    9.0    0.0    ---   0.00   0.0   ---   10.3   10.4   10.4  1022.7   0.00    0.0    0.084   0.000   20.1    62   12.5   20.0   11.39   1.1984     352     1    100.0   15 
 4/11/25   3:15   10.3   10.4   10.1    90    8.8    0.0     NO   0.00   3.2    NO   10.3   10.4   10.4  1022.6   0.00    0.0    0.083   0.000   19.9    62   12.4   19.9   11.39   1.1990     350     1    100.0   15 
 4/11/25   3:30   10.0   10.1    9.9    91    8.6    0.0    ---   0.00   0.0   ---   10.0   10.2   10.2  1022.6   0.00    0.0    0.087   0.000   19.8    62   12.3   19.7   11.40   1.1995     349     1    100.0   15 
 4/11/25   3:45    9.8    9.9    9.6    90    8.2    1.6     NO   0.40   4.8    NO    9.8    9.9    9.9  1022.6   0.00    0.0    0.089   0.000   19.7    63   12.5   19.7   11.60   1.1998     351     1    100.0   15 
 4/11/25   4:00    9.6    9.6    9.4    90    8.0    0.0     NO   0.00   3.2    NO    9.6    9.7    9.7  1022.6   0.00    0.0    0.091   0.000   19.6    63   12.3   19.4   11.61   1.2007     351     1    100.0   15 
 4/11/25   4:15    9.3    9.4    9.2    91    7.9    0.0     NO   0.00   3.2    NO    9.3    9.4    9.4  1022.7   0.00    0.0    0.094   0.000   19.5    63   12.3   19.4   11.61   1.2011     352     1    100.0   15 
 4/11/25   4:30    9.2    9.2    9.2    91    7.8    0.0     NO   0.00   3.2    NO    9.2    9.4    9.4  1022.6   0.00    0.0    0.095   0.000   19.4    63   12.2   19.3   11.61   1.2015     351     1    100.0   15 
 4/11/25   4:45    9.2    9.2    9.1    91    7.8    0.0    ---   0.00   0.0   ---    9.2    9.3    9.3  1022.7   0.00    0.0    0.095   0.000   19.3    63   12.1   19.1   11.62   1.2022     351     1    100.0   15 
 4/11/25   5:00    9.0    9.1    8.9    92    7.8    0.0    ---   0.00   0.0   ---    9.0    9.2    9.2  1022.7   0.00    0.0    0.097   0.000   19.2    63   12.0   19.0   11.62   1.2028     351     1    100.0   15 
 4/11/25   5:15    9.0    9.1    8.9    92    7.8    0.0    ---   0.00   0.0   ---    9.0    9.2    9.2  1022.6   0.00    0.0    0.097   0.000   19.1    63   11.8   18.9   11.62   1.2032     352     1    100.0   15 
 4/11/25   5:30    8.8    8.9    8.6    93    7.7    0.0     NO   0.00   1.6    NO    8.8    8.9    8.9  1022.6   0.00    0.0    0.100   0.000   18.9    63   11.7   18.7   11.63   1.2038     351     1    100.0   15 
 4/11/25   5:45    8.2    8.6    8.1    93    7.2    0.0     NO   0.00   1.6    NO    8.2    8.4    8.4  1022.4   0.00    0.0    0.105   0.000   18.9    63   11.7   18.7   11.63   1.2035     351     1    100.0   15 
 4/11/25   6:00    7.8    8.2    7.6    93    6.8    0.0     NO   0.00   1.6    NO    7.8    7.9    7.9  1022.4   0.00    0.0    0.109   0.000   19.4    62   12.0   19.3   11.41   1.2013     351     1    100.0   15 
 4/11/25   6:15    7.6    7.7    7.5    93    6.5    0.0    ---   0.00   0.0   ---    7.6    7.7    7.7  1022.6   0.00    0.0    0.112   0.000   20.1    61   12.3   19.9   11.25   1.1986     351     1    100.0   15 
 4/11/25   6:30    7.8    7.8    7.7    94    6.9    0.0    ---   0.00   0.0   ---    7.8    7.9    7.9  1022.7   0.00    0.0    0.110   0.000   20.6    60   12.6   20.3   11.05   1.1961     351     1    100.0   15 
 4/11/25   6:45    7.9    7.9    7.8    94    7.0    0.0     NO   0.00   3.2    NO    7.9    8.1    8.1  1022.7   0.00    0.0    0.109   0.000   21.0    59   12.7   20.5   10.95   1.1944     351     1    100.0   15 
 4/11/25   7:00    8.0    8.2    7.9    94    7.1    0.0     NO   0.00   3.2    NO    8.0    8.2    8.2  1022.8   0.00    0.0    0.108   0.000   21.3    59   13.0   20.9   10.93   1.1929     351     1    100.0   15 
 4/11/25   7:15    8.4    8.6    8.2    94    7.5    1.6     NO   0.40   3.2    NO    8.4    8.6    8.6  1022.8   0.00    0.0    0.104   0.000   21.9    60   13.8   21.8   11.02   1.1895     351     1    100.0   15 
 4/11/25   7:30    8.8    9.0    8.6    94    7.9    0.0     NO   0.00   1.6    NO    8.8    8.9    8.9  1023.1   0.00    0.0    0.100   0.000   22.6    59   14.2   22.7   10.84   1.1866     352     1    100.0   15 
 4/11/25   7:45    9.2    9.7    9.0    95    8.5    0.0     NO   0.00   3.2   ESE    9.2    9.5    9.5  1023.3   0.00    0.0    0.095   0.000   23.1    58   14.4   23.3   10.61   1.1846     351     1    100.0   15 
 4/11/25   8:00   10.0   10.1    9.7    92    8.8    1.6    ESE   0.40   4.8   ESE   10.0   10.2   10.2  1023.4   0.00    0.0    0.087   0.000   23.4    57   14.4   23.6   10.39   1.1837     351     1    100.0   15 
 4/11/25   8:15   10.2   10.5   10.0    91    8.8    0.0    ESE   0.00   4.8   ESE   10.2   10.4   10.4  1023.5   0.00    0.0    0.084   0.000   23.6    56   14.3   23.8   10.26   1.1830     350     1    100.0   15 
 4/11/25   8:30   11.1   11.5   10.6    90    9.5    0.0    ESE   0.00   4.8   ESE   11.1   11.2   11.2  1023.6   0.00    0.0    0.076   0.000   23.8    55   14.2   24.1   10.05   1.1823     352     1    100.0   15 
 4/11/25   8:45   11.6   11.7   11.4    88    9.6    0.0     SO   0.00   3.2   ESE   11.6   11.6   11.6  1023.8   0.00    0.0    0.071   0.000   23.8    54   14.0   24.1    9.85   1.1828     350     1    100.0   15 
 4/11/25   9:00   12.1   12.6   11.7    87   10.0    1.6      S   0.40   4.8     S   12.1   12.1   12.1  1023.9   0.00    0.0    0.065   0.000   23.8    54   13.9   24.0    9.85   1.1833     349     1    100.0   15 
 4/11/25   9:15   13.0   13.2   12.6    83   10.2    1.6      E   0.40   6.4    NE   13.0   12.9   12.9  1023.8   0.00    0.0    0.056   0.000   23.7    54   13.9   23.9    9.86   1.1834     350     1    100.0   15 
 4/11/25   9:30   13.1   13.2   13.1    82   10.1    3.2      E   0.80   9.7     E   13.1   13.0   13.0  1023.8   0.00    0.0    0.054   0.000   23.4    53   13.3   23.4    9.69   1.1855     351     1    100.0   15 
 4/11/25   9:45   13.2   13.4   13.1    82   10.2    3.2      E   0.80   6.4   ESE   13.2   13.1   13.1  1023.7   0.00    0.0    0.053   0.000   23.3    53   13.2   23.3    9.69   1.1860     352     1    100.0   15 
 4/11/25  10:00   14.0   14.4   13.5    78   10.2    1.6      E   0.40   6.4   ENE   14.0   13.8   13.8  1023.8   0.00    0.0    0.045   0.000   23.4    53   13.3   23.5    9.68   1.1852     350     1    100.0   15 
 4/11/25  10:15   14.9   15.4   14.4    74   10.3    1.6      E   0.40   8.0     E   14.9   14.7   14.7  1023.8   0.00    0.0    0.035   0.000   23.4    54   13.6   23.4    9.87   1.1851     351     1    100.0   15 
 4/11/25  10:30   15.9   16.4   15.4    71   10.6    1.6      E   0.40   3.2     E   15.9   15.6   15.6  1023.6   0.00    0.0    0.025   0.000   23.2    54   13.3   23.2    9.88   1.1860     350     1    100.0   15 
 4/11/25  10:45   16.9   17.2   16.4    68   10.9    1.6      E   0.40   4.8     E   16.9   16.6   16.6  1023.4   0.00    0.0    0.015   0.000   23.0    54   13.2   23.0    9.88   1.1866     351     1    100.0   15 
 4/11/25  11:00   17.2   17.4   17.1    69   11.5    1.6     NO   0.40   6.4    NO   17.2   17.0   17.0  1023.3   0.00    0.0    0.012   0.000   22.9    54   13.1   22.8    9.89   1.1871     351     1    100.0   15 
 4/11/25  11:15   17.9   18.3   17.4    67   11.7    1.6     NO   0.40   6.4   OSO   17.9   17.8   17.8  1023.0   0.00    0.0    0.004   0.000   22.9    55   13.4   22.9   10.09   1.1864     351     1    100.0   15 
 4/11/25  11:30   18.1   18.2   18.0    67   11.9    1.6    SSO   0.40   6.4    SO   18.1   17.9   17.9  1022.8   0.00    0.0    0.002   0.000   23.1    55   13.5   23.1   10.08   1.1853     351     1    100.0   15 
 4/11/25  11:45   18.3   18.7   18.2    66   11.9    3.2     SO   0.80   8.0     S   18.3   18.2   18.2  1022.6   0.00    0.0    0.000   0.000   23.4    54   13.6   23.6    9.87   1.1834     352     1    100.0   15 
 4/11/25  12:00   18.9   19.3   18.7    66   12.4    3.2      S   0.80   8.0   OSO   18.9   18.8   18.8  1022.3   0.00    0.0    0.000   0.006   23.7    54   13.8   23.8    9.86   1.1820     351     1    100.0   15 
 4/11/25  12:15   19.4   19.5   19.3    65   12.6    1.6    OSO   0.40   8.0   OSO   19.4   19.4   19.4  1022.1   0.00    0.0    0.000   0.011   23.8    53   13.6   23.9    9.66   1.1815     351     1    100.0   15 
 4/11/25  12:30   19.7   19.8   19.5    62   12.2    3.2      S   0.80  11.3     S   19.7   19.6   19.6  1021.9   0.00    0.0    0.000   0.014   23.9    53   13.7   24.1    9.65   1.1807     350     1    100.0   15 
 4/11/25  12:45   19.5   19.7   19.4    63   12.3    3.2    SSE   0.80  12.9     O   19.5   19.4   19.4  1021.6   0.00    0.0    0.000   0.012   24.0    53   13.8   24.2    9.65   1.1798     351     1    100.0   15 
 4/11/25  13:00   19.6   19.8   19.3    61   11.8    3.2     SO   0.80   9.7   OSO   19.6   19.3   19.3  1021.6   0.00    0.0    0.000   0.013   24.1    53   13.9   24.2    9.65   1.1795     352     1    100.0   15 
 4/11/25  13:15   19.9   20.1   19.8    60   11.9    4.8      S   1.21  11.3    SO   19.9   19.8   19.8  1021.4   0.00    0.0    0.000   0.017   24.1    54   14.2   24.3    9.84   1.1790     351     1    100.0   15 
 4/11/25  13:30   20.3   20.8   19.9    58   11.7    3.2     SE   0.80   9.7    SO   20.3   19.9   19.9  1021.5   0.00    0.0    0.000   0.020   24.2    54   14.3   24.3    9.84   1.1784     350     1    100.0   15 
 4/11/25  13:45   20.7   20.8   20.4    58   12.2    3.2     SO   0.80   9.7     E   20.7   20.3   20.3  1021.4   0.00    0.0    0.000   0.025   24.2    54   14.3   24.4    9.84   1.1781     351     1    100.0   15 
 4/11/25  14:00   20.2   20.4   20.1    60   12.2    1.6      E   0.40   8.0     E   20.2   20.0   20.0  1021.4   0.00    0.0    0.000   0.020   24.2    54   14.3   24.3    9.84   1.1783     352     1    100.0   15 
 4/11/25  14:15   20.5   20.7   20.4    58   12.0    3.2     SO   0.80   8.0    NE   20.5   20.1   20.1  1021.3   0.00    0.0    0.000   0.023   24.1    54   14.2   24.3    9.84   1.1788     351     1    100.0   15 
 4/11/25  14:30   20.4   20.7   19.9    59   12.2    4.8    SSO   1.21  12.9     S   20.4   20.1   20.1  1021.4   0.00    0.0    0.000   0.022   24.0    54   14.1   24.2    9.85   1.1792     351     1    100.0   15 
 4/11/25  14:45   19.9   20.1   19.8    59   11.7    4.8      S   1.21  19.3   SSO   19.9   19.7   19.7  1021.2   0.00    0.0    0.000   0.017   23.9    54   14.1   24.2    9.85   1.1793     351     1    100.0   15 
 4/11/25  15:00   19.8   19.9   19.7    60   11.8    4.8      S   1.21  14.5   SSO   19.8   19.6   19.6  1021.2   0.00    0.0    0.000   0.016   23.9    54   14.0   24.1    9.85   1.1796     351     1    100.0   15 
 4/11/25  15:15   19.6   19.7   19.4    62   12.1    6.4    SSO   1.61  14.5     S   19.6   19.4   19.4  1021.2   0.00    0.0    0.000   0.013   23.8    55   14.2   24.1   10.05   1.1794     352     1    100.0   15 
 4/11/25  15:30   19.4   19.4   19.3    61   11.7    4.8      S   1.21  12.9     S   19.4   19.2   19.2  1021.2   0.00    0.0    0.000   0.011   23.7    55   14.1   23.9   10.06   1.1800     350     1    100.0   15 
 4/11/25  15:45   19.4   19.4   19.3    62   11.9    4.8    SSO   1.21  11.3   SSO   19.4   19.2   19.2  1021.1   0.00    0.0    0.000   0.011   23.7    55   14.1   23.9   10.06   1.1802     350     1    100.0   15 
 4/11/25  16:00   19.1   19.3   19.0    64   12.1    3.2    SSO   0.80  11.3    SO   19.1   19.0   19.0  1020.9   0.00    0.0    0.000   0.008   23.6    56   14.3   23.8   10.26   1.1802     349     1    100.0   15 
 4/11/25  16:15   18.9   19.1   18.7    64   12.0    3.2      S   0.80   9.7     S   18.9   18.8   18.8  1021.0   0.00    0.0    0.000   0.006   23.4    56   14.1   23.6   10.27   1.1812     351     1    100.0   15 
 4/11/25  16:30   18.5   18.7   18.2    66   12.0    3.2      S   0.80   8.0   SSO   18.5   18.4   18.4  1021.0   0.00    0.0    0.000   0.002   23.3    56   14.0   23.4   10.27   1.1817     351     1    100.0   15 
 4/11/25  16:45   17.8   18.2   17.4    69   12.0    1.6    SSO   0.40   8.0     S   17.8   17.6   17.6  1021.1   0.00    0.0    0.006   0.000   23.2    57   14.2   23.3   10.40   1.1821     351     1    100.0   15 
 4/11/25  17:00   17.1   17.4   16.7    72   12.0    1.6    OSO   0.40   4.8     O   17.1   16.9   16.9  1021.3   0.00    0.0    0.013   0.000   23.1    57   14.1   23.2   10.41   1.1830     351     1    100.0   15 
 4/11/25  17:15   16.5   16.7   16.3    74   11.8    1.6    SSO   0.40   4.8     S   16.5   16.3   16.3  1021.4   0.00    0.0    0.019   0.000   22.9    57   13.9   23.0   10.42   1.1839     352     1    100.0   15 
 4/11/25  17:30   16.1   16.3   15.8    77   12.0    1.6     SO   0.40   6.4     S   16.1   15.9   15.9  1021.6   0.00    0.0    0.024   0.000   22.7    57   13.8   22.8   10.43   1.1850     350     1    100.0   15 
 4/11/25  17:45   15.5   15.8   15.3    79   11.9    3.2     SO   0.80   8.0   OSO   15.5   15.4   15.4  1021.7   0.00    0.0    0.030   0.000   22.6    58   13.9   22.7   10.64   1.1853     351     1    100.0   15 
 4/11/25  18:00   15.2   15.3   15.2    81   12.0    1.6    OSO   0.40   6.4   OSO   15.2   15.2   15.2  1021.7   0.00    0.0    0.032   0.000   22.6    58   13.9   22.7   10.64   1.1854     349     1    100.0   15 
 4/11/25  18:15   15.0   15.2   14.8    81   11.8    1.6    OSO   0.40   4.8   OSO   15.0   14.9   14.9  1021.9   0.00    0.0    0.035   0.000   22.7    58   14.0   22.7   10.64   1.1853     351     1    100.0   15 
 4/11/25  18:30   14.7   14.8   14.4    83   11.8    1.6    OSO   0.40   4.8   OSO   14.7   14.6   14.6  1021.9   0.00    0.0    0.038   0.000   22.7    58   14.0   22.7   10.64   1.1853     351     1    100.0   15 
 4/11/25  18:45   14.2   14.4   13.9    84   11.6    1.6    OSO   0.40   4.8   OSO   14.2   14.2   14.2  1022.0   0.00    0.0    0.043   0.000   22.7    58   14.0   22.7   10.64   1.1854     350     1    100.0   15 
 4/11/25  19:00   13.7   13.9   13.7    85   11.2    1.6    OSO   0.40   3.2   OSO   13.7   13.7   13.7  1022.0   0.00    0.0    0.048   0.000   22.8    57   13.9   22.9   10.43   1.1849     350     1    100.0   15 
 4/11/25  19:15   13.6   13.7   13.4    86   11.3    0.0    OSO   0.00   3.2   OSO   13.6   13.5   13.5  1021.9   0.00    0.0    0.050   0.000   23.1    57   14.1   23.2   10.41   1.1837     351     1    100.0   15 
 4/11/25  19:30   13.4   13.4   13.3    87   11.3    0.0    OSO   0.00   3.2   OSO   13.4   13.4   13.4  1022.0   0.00    0.0    0.052   0.000   23.4    57   14.4   23.7   10.38   1.1817     351     1    100.0   15 
 4/11/25  19:45   13.3   13.4   13.3    88   11.4    0.0    OSO   0.00   3.2   OSO   13.3   13.3   13.3  1022.0   0.00    0.0    0.052   0.000   23.9    56   14.6   24.2   10.25   1.1798     351     1    100.0   15 
 4/11/25  20:00   13.4   13.4   13.4    88   11.5    0.0    OSO   0.00   3.2   OSO   13.4   13.4   13.4  1022.1   0.00    0.0    0.051   0.000   24.2    56   14.9   24.5   10.23   1.1782     351     1    100.0   15 
 4/11/25  20:15   13.3   13.4   13.3    88   11.4    0.0    OSO   0.00   3.2   OSO   13.3   13.3   13.3  1022.1   0.00    0.0    0.052   0.000   24.2    56   14.9   24.5   10.23   1.1782     350     1    100.0   15 
 4/11/25  20:30   13.3   13.4   13.3    89   11.6    0.0    OSO   0.00   1.6   OSO   13.3   13.4   13.4  1022.2   0.00    0.0    0.052   0.000   24.3    55   14.7   24.5   10.02   1.1780     351     1    100.0   15 
 4/11/25  20:45   13.3   13.4   13.2    89   11.5    0.0    ---   0.00   0.0   ---   13.3   13.3   13.3  1022.3   0.00    0.0    0.053   0.000   24.3    56   14.9   24.5   10.22   1.1781     350     1    100.0   15 
 4/11/25  21:00   13.2   13.2   13.1    89   11.4    0.0    OSO   0.00   3.2   OSO   13.2   13.2   13.2  1022.2   0.00    0.0    0.054   0.000   24.3    55   14.7   24.5   10.02   1.1784     350     1    100.0   15 
 4/11/25  21:15   13.3   13.4   13.2    89   11.6    0.0    OSO   0.00   3.2   OSO   13.3   13.4   13.4  1022.3   0.00    0.0    0.052   0.000   24.3    56   14.9   24.5   10.22   1.1781     351     1    100.0   15 
 4/11/25  21:30   13.4   13.4   13.3    88   11.5    0.0    ---   0.00   0.0   ---   13.4   13.4   13.4  1022.4   0.00    0.0    0.051   0.000   24.0    56   14.7   24.3   10.24   1.1797     350     1    100.0   15 
 4/11/25  21:45   13.3   13.4   13.3    88   11.4    0.0    ---   0.00   0.0   ---   13.3   13.3   13.3  1022.4   0.00    0.0    0.052   0.000   23.8    57   14.7   24.1   10.36   1.1804     352     1    100.0   15 
 4/11/25  22:00   13.3   13.3   13.2    88   11.3    0.0    ---   0.00   0.0   ---   13.3   13.3   13.3  1022.3   0.00    0.0    0.053   0.000   23.6    57   14.6   23.9   10.37   1.1812     350     1    100.0   15 
 4/11/25  22:15   13.2   13.2   13.1    88   11.2    0.0    ---   0.00   0.0   ---   13.2   13.2   13.2  1022.3   0.00    0.0    0.054   0.000   23.4    57   14.4   23.7   10.38   1.1820     351     1    100.0   15 
 4/11/25  22:30   13.1   13.1   13.0    89   11.3    0.0    ---   0.00   0.0   ---   13.1   13.1   13.1  1022.0   0.00    0.0    0.055   0.000   23.3    58   14.5   23.6   10.59   1.1823     351     1    100.0   15 
 4/11/25  22:45   13.0   13.0   12.9    89   11.2    0.0    ---   0.00   0.0   ---   13.0   13.1   13.1  1022.0   0.00    0.0    0.056   0.000   23.1    58   14.3   23.3   10.61   1.1834     352     1    100.0   15 
 4/11/25  23:00   12.9   13.0   12.7    89   11.1    0.0    OSO   0.00   4.8   OSO   12.9   12.9   12.9  1022.0   0.00    0.0    0.057   0.000   22.8    59   14.4   23.0   10.83   1.1843     350     1    100.0   15 
 4/11/25  23:15   12.5   12.7   12.2    89   10.7    1.6    ONO   0.40   4.8   ONO   12.5   12.6   12.6  1022.0   0.00    0.0    0.061   0.000   22.6    59   14.1   22.6   10.85   1.1857     351     1    100.0   15 
 4/11/25  23:30   12.1   12.2   12.1    89   10.4    0.0     NO   0.00   4.8    NO   12.1   12.2   12.2  1022.1   0.00    0.0    0.065   0.000   22.3    59   13.9   22.3   10.86   1.1869     351     1    100.0   15 
 4/11/25  23:45   12.1   12.2   12.1    89   10.4    0.0    ---   0.00   0.0   ---   12.1   12.2   12.2  1021.9   0.00    0.0    0.065   0.000   22.2    60   14.0   22.1   11.01   1.1873     351     1    100.0   15 
 5/11/25  00:00   12.4   12.6   12.2    90   10.8    0.0     NE   0.00   4.8    NE   12.4   12.5   12.5  1021.7   0.00    0.0    0.061   0.000   21.9    60   13.8   21.8   11.02   1.1881     352     1    100.0   15 
 5/11/25   0:15   12.5   12.6   12.4    89   10.7    0.0     NE   0.00   4.8    NE   12.5   12.6   12.6  1021.6   0.00    0.0    0.061   0.000   21.7    60   13.6   21.4   11.03   1.1891     349     1    100.0   15 
 5/11/25   0:30   12.4   12.4   12.3    89   10.6    0.0    ---   0.00   0.0   ---   12.4   12.4   12.4  1021.3   0.00    0.0    0.062   0.000   21.6    60   13.5   21.2   11.03   1.1896     350     1    100.0   15 
 5/11/25   0:45   12.4   12.5   12.3    90   10.8    0.0    ESE   0.00   3.2   ESE   12.4   12.4   12.4  1021.3   0.00    0.0    0.062   0.000   21.4    61   13.6   21.1   11.23   1.1902     351     1    100.0   15 
 5/11/25   1:00   12.6   12.6   12.5    89   10.8    0.0    ---   0.00   0.0   ---   12.6   12.6   12.6  1021.3   0.00    0.0    0.060   0.000   21.2    61   13.4   20.9   11.24   1.1911     351     1    100.0   15 
 5/11/25   1:15   12.4   12.5   12.3    89   10.7    0.0    ---   0.00   0.0   ---   12.4   12.5   12.5  1021.4   0.00    0.0    0.061   0.000   21.1    61   13.2   20.7   11.25   1.1921     352     1    100.0   15 
 5/11/25   1:30   12.2   12.3   11.9    89   10.4    0.0    ESE   0.00   1.6   ESE   12.2   12.2   12.2  1021.2   0.00    0.0    0.064   0.000   20.9    61   13.1   20.6   11.25   1.1924     350     1    100.0   15 
 5/11/25   1:45   11.7   11.9   11.6    90   10.1    0.0    ESE   0.00   1.6   ESE   11.7   11.8   11.8  1021.2   0.00    0.0    0.069   0.000   20.8    61   13.0   20.5   11.25   1.1929     351     1    100.0   15 
 5/11/25   2:00   11.8   11.8   11.7    91   10.4    0.0    ESE   0.00   1.6   ESE   11.8   11.8   11.8  1021.3   0.00    0.0    0.068   0.000   20.7    61   12.9   20.4   11.25   1.1940     350     1    100.0   15 
 5/11/25   2:15   11.7   11.8   11.6    91   10.3    0.0     NO   0.00   3.2    NO   11.7   11.8   11.8  1021.2   0.00    0.0    0.069   0.000   20.6    62   13.0   20.3   11.37   1.1942     351     1    100.0   15 
 5/11/25   2:30   11.6   11.7   11.6    91   10.2    0.0    ---   0.00   0.0   ---   11.6   11.7   11.7  1021.0   0.00    0.0    0.070   0.000   20.4    62   12.9   20.3   11.37   1.1945     352     1    100.0   15 
 5/11/25   2:45   11.5   11.6   11.3    91   10.1    0.0    ---   0.00   0.0   ---   11.5   11.6   11.6  1021.1   0.00    0.0    0.071   0.000   20.4    62   12.9   20.2   11.38   1.1948     351     1    100.0   15 
 5/11/25   3:00   11.2   11.3   11.1    91    9.8    0.0    ---   0.00   0.0   ---   11.2   11.3   11.3  1021.0   0.00    0.0    0.074   0.000   20.3    62   12.8   20.2   11.38   1.1953     351     1    100.0   15 
 5/11/25   3:15   11.1   11.1   11.0    92    9.8    0.0    ---   0.00   0.0   ---   11.1   11.2   11.2  1020.7   0.00    0.0    0.076   0.000   20.2    62   12.7   20.1   11.38   1.1955     351     1    100.0   15 
 5/11/25   3:30   10.9   11.1   10.9    92    9.7    0.0    ---   0.00   0.0   ---   10.9   11.1   11.1  1020.7   0.00    0.0    0.077   0.000   20.1    62   12.5   20.0   11.39   1.1961     352     1    100.0   15 
 5/11/25   3:45   10.8   10.9   10.6    92    9.5    0.0    ---   0.00   0.0   ---   10.8   10.9   10.9  1020.6   0.00    0.0    0.079   0.000   20.0    62   12.5   19.9   11.39   1.1963     351     1    100.0   15 
