                 Temp.  Temp.  Temp.  Hum.   Punt   Vel.   Dir.   Rec.  Vel.  Dir.  Sens.   Índ.   Índ.                  Int. Graus D.Graus D.  Temp.  Hum. Rosada  In.Cal.  EMC     Dens.    Mostr   Tx   Recep.  Int.
  Data    Hora    Ext.   Màx.   Mín.  Ext. Rosada   Vent   Vent   Vent  Màx.  Màx.  Tèrm.  Calor   THW    Bar    Pluja   Pluja  Calor    Fred    Int.  Int.   Int.   Int.    Int.  Int.Aire    Vent   Vent   ISS   Arc.
-------------------------------------------------------------------------------------------------------------------------------------------------------------------------------------------------------------------------
17/11/25   0:15   12.2   12.2   12.1    77    8.3    3.2     NO   0.80   6.4    NO   12.2   11.9   11.9  1009.6   0.00    0.0    0.064   0.000   23.1    58   14.4   23.3   10.61   1.1685     350     1    100.0   15 
17/11/25   0:30   12.0   12.2   11.9    78    8.3    3.2    NNO   0.80   6.4    NO   12.0   11.8   11.8  1009.6   0.00    0.0    0.066   0.000   22.8    58   14.1   23.0   10.63   1.1699     350     1    100.0   15 
17/11/25   0:45   11.7   11.9   11.6    79    8.2    1.6    NNO   0.40   4.8    NO   11.7   11.6   11.6  1009.6   0.00    0.0    0.069   0.000   22.6    59   14.1   22.6   10.85   1.1711     351     1    100.0   15 
17/11/25   1:00   11.5   11.6   11.4    79    8.0    1.6     NO   0.40   6.4    NO   11.5   11.3   11.3  1009.5   0.00    0.0    0.071   0.000   22.3    59   13.9   22.2   10.87   1.1724     350     1    100.0   15 
17/11/25   1:15   11.5   11.6   11.3    80    8.2    1.6      O   0.40   4.8     O   11.5   11.3   11.3  1009.6   0.00    0.0    0.071   0.000   22.1    59   13.7   21.9   10.88   1.1736     352     1    100.0   15 
17/11/25   1:30   11.1   11.3   11.0    81    8.0    3.2     NO   0.80   8.0   OSO   11.1   11.0   11.0  1009.6   0.00    0.0    0.075   0.000   21.8    60   13.7   21.6   11.02   1.1744     351     1    100.0   15 
17/11/25   1:45   11.4   11.7   11.1    79    7.9    3.2     NO   0.80   6.4   ONO   11.4   11.2   11.2  1009.7   0.00    0.0    0.072   0.000   21.6    60   13.5   21.3   11.03   1.1757     350     1    100.0   15 
17/11/25   2:00   11.9   12.1   11.7    77    8.0    3.2     NO   0.80   8.0    NO   11.9   11.7   11.7  1009.7   0.00    0.0    0.067   0.000   21.4    60   13.3   21.0   11.04   1.1768     350     1    100.0   15 
17/11/25   2:15   12.0   12.1   11.8    77    8.1    3.2     NO   0.80   6.4    NO   12.0   11.8   11.8  1009.7   0.00    0.0    0.066   0.000   21.2    61   13.4   20.9   11.24   1.1773     351     1    100.0   15 
17/11/25   2:30   11.6   11.8   11.6    79    8.1    3.2     NO   0.80   8.0    NO   11.6   11.4   11.4  1009.5   0.00    0.0    0.070   0.000   21.0    61   13.2   20.6   11.25   1.1783     349     1    100.0   15 
17/11/25   2:45   11.5   11.6   11.4    79    8.0    3.2     NO   0.80   8.0   ONO   11.5   11.3   11.3  1009.5   0.00    0.0    0.071   0.000   20.8    62   13.3   20.6   11.36   1.1788     350     1    100.0   15 
17/11/25   3:00   11.4   11.4   11.4    79    7.9    3.2     NO   0.80   6.4    NO   11.4   11.3   11.3  1009.6   0.00    0.0    0.072   0.000   20.7    62   13.2   20.4   11.36   1.1795     351     1    100.0   15 
17/11/25   3:15   11.4   11.4   11.4    79    7.9    3.2     NO   0.80   8.0     O   11.4   11.2   11.2  1009.5   0.00    0.0    0.072   0.000   20.5    62   13.0   20.3   11.37   1.1805     350     1    100.0   15 
17/11/25   3:30   11.4   11.4   11.3    79    7.9    3.2    ONO   0.80   8.0    NO   11.4   11.2   11.2  1009.6   0.00    0.0    0.072   0.000   20.4    63   13.1   20.3   11.58   1.1809     351     1    100.0   15 
17/11/25   3:45   11.3   11.3   11.2    79    7.8    0.0    ONO   0.00   3.2   ONO   11.3   11.2   11.2  1009.6   0.00    0.0    0.073   0.000   20.2    63   12.9   20.2   11.58   1.1817     351     1    100.0   15 
17/11/25   4:00   11.1   11.2   11.0    80    7.8    0.0    ONO   0.00   3.2   ONO   11.1   11.0   11.0  1009.7   0.00    0.0    0.075   0.000   20.1    63   12.8   20.1   11.59   1.1827     351     1    100.0   15 
17/11/25   4:15   10.9   11.0   10.9    81    7.8    0.0    SSO   0.00   3.2   SSO   10.9   10.9   10.9  1009.9   0.00    0.0    0.077   0.000   19.9    63   12.7   19.9   11.59   1.1835     351     1    100.0   15 
17/11/25   4:30   10.9   11.0   10.7    81    7.8    1.6    ONO   0.40   4.8   ONO   10.9   10.8   10.8  1009.9   0.00    0.0    0.078   0.000   19.8    63   12.6   19.8   11.60   1.1841     351     1    100.0   15 
17/11/25   4:45   10.7   10.8   10.7    81    7.6    0.0    ONO   0.00   3.2   ONO   10.7   10.7   10.7  1009.9   0.00    0.0    0.079   0.000   19.7    63   12.4   19.6   11.60   1.1850     351     1    100.0   15 
17/11/25   5:00   10.7   10.7   10.7    82    7.7    1.6    ONO   0.40   3.2   ONO   10.7   10.6   10.6  1010.0   0.00    0.0    0.080   0.000   19.6    63   12.3   19.4   11.61   1.1857     351     1    100.0   15 
17/11/25   5:15   10.6   10.8   10.3    82    7.7    1.6     NO   0.40   6.4    NO   10.6   10.6   10.6  1010.1   0.00    0.0    0.080   0.000   19.5    64   12.5   19.4   11.71   1.1857     350     1    100.0   15 
17/11/25   5:30    9.9   10.3    9.7    83    7.2    4.8     NO   1.21   8.0   ONO    9.8   10.0    9.8  1010.0   0.00    0.0    0.087   0.000   19.4    64   12.4   19.3   11.71   1.1862     350     1    100.0   15 
17/11/25   5:45    9.4    9.7    9.1    84    6.9    1.6     NO   0.40   4.8    NO    9.4    9.5    9.5  1010.2   0.00    0.0    0.093   0.000   19.3    64   12.3   19.2   11.72   1.1870     351     1    100.0   15 
17/11/25   6:00    8.9    9.1    8.7    85    6.5    0.0     NO   0.00   4.8    NO    8.9    8.9    8.9  1010.3   0.00    0.0    0.098   0.000   19.7    63   12.5   19.7   11.60   1.1852     351     1    100.0   15 
17/11/25   6:15    8.7    8.8    8.6    87    6.6    0.0     NO   0.00   3.2    NO    8.7    8.7    8.7  1010.2   0.00    0.0    0.101   0.000   20.5    61   12.7   20.2   11.25   1.1816     350     1    100.0   15 
17/11/25   6:30    8.8    8.9    8.7    87    6.7    0.0     NO   0.00   3.2    NO    8.8    8.8    8.8  1010.2   0.00    0.0    0.100   0.000   21.1    60   13.0   20.7   11.05   1.1788     350     1    100.0   15 
17/11/25   6:45    9.1    9.2    8.9    87    7.0    1.6     NO   0.40   4.8    NO    9.1    9.1    9.1  1010.3   0.00    0.0    0.097   0.000   21.6    59   13.2   21.2   10.92   1.1769     352     1    100.0   15 
17/11/25   7:00    9.3    9.4    9.1    86    7.1    3.2     NO   0.80   6.4    NO    9.3    9.3    9.3  1010.2   0.00    0.0    0.094   0.000   21.9    58   13.3   21.6   10.69   1.1755     351     1    100.0   15 
17/11/25   7:15    9.3    9.4    9.2    86    7.1    1.6     NO   0.40   9.7     E    9.3    9.3    9.3  1010.4   0.00    0.0    0.094   0.000   21.9    59   13.6   21.7   10.89   1.1751     350     1    100.0   15 
17/11/25   7:30    9.5    9.6    9.4    86    7.3    1.6    NNO   0.40   8.0   ENE    9.5    9.6    9.6  1010.6   0.00    0.0    0.092   0.000   21.9    61   14.1   21.8   11.19   1.1747     350     1    100.0   15 
17/11/25   7:45    9.9   10.4    9.6    84    7.4    1.6    ENE   0.40   8.0     E    9.9   10.0   10.0  1010.6   0.00    0.0    0.087   0.000   22.2    61   14.3   22.1   11.17   1.1736     352     1    100.0   15 
17/11/25   8:00   10.7   10.8   10.5    82    7.7    0.0    NNO   0.00   4.8   NNO   10.7   10.6   10.6  1010.8   0.00    0.0    0.080   0.000   22.3    61   14.4   22.3   11.17   1.1732     351     1    100.0   15 
17/11/25   8:15   11.0   11.1   10.8    81    7.9    1.6    SSE   0.40   6.4   SSE   11.0   10.9   10.9  1010.8   0.00    0.0    0.076   0.000   22.4    61   14.5   22.6   11.15   1.1723     351     1    100.0   15 
17/11/25   8:30   11.1   11.6   10.9    82    8.2    1.6     SE   0.40   3.2   SSE   11.1   11.1   11.1  1010.9   0.00    0.0    0.075   0.000   22.5    61   14.6   22.6   11.15   1.1723     351     1    100.0   15 
17/11/25   8:45   12.0   12.2   11.6    79    8.5    1.6     SE   0.40   6.4   SSE   12.0   11.8   11.8  1011.1   0.00    0.0    0.066   0.000   22.6    61   14.7   22.8   11.14   1.1719     351     1    100.0   15 
17/11/25   9:00   12.1   12.2   12.0    80    8.8    1.6     SE   0.40   4.8   SSO   12.1   11.9   11.9  1011.4   0.00    0.0    0.065   0.000   22.7    60   14.6   22.9   10.99   1.1720     352     1    100.0   15 
17/11/25   9:15   12.2   12.3   12.2    79    8.7    3.2      E   0.80  11.3   ENE   12.2   12.1   12.1  1011.3   0.00    0.0    0.064   0.000   22.8    53   12.7   22.7    9.73   1.1739     351     1    100.0   15 
17/11/25   9:30   12.6   12.9   12.3    78    8.9    3.2      E   0.80   8.0     E   12.6   12.4   12.4  1011.6   0.00    0.0    0.060   0.000   22.4    55   12.9   22.2   10.10   1.1755     351     1    100.0   15 
17/11/25   9:45   13.3   13.4   12.9    75    8.9    3.2      E   0.80   9.7     E   13.3   12.9   12.9  1011.8   0.00    0.0    0.053   0.000   22.3    56   13.1   22.1   10.31   1.1760     351     1    100.0   15 
17/11/25  10:00   13.6   13.7   13.3    73    8.8    4.8    ENE   1.21  11.3   ENE   13.6   13.2   13.2  1011.9   0.00    0.0    0.050   0.000   22.4    56   13.2   22.3   10.30   1.1752     352     1    100.0   15 
17/11/25  10:15   13.2   13.3   13.1    75    8.8    3.2      E   0.80  16.1     E   13.2   12.8   12.8  1011.9   0.00    0.0    0.054   0.000   22.4    56   13.2   22.3   10.30   1.1753     350     1    100.0   15 
17/11/25  10:30   13.3   13.4   13.1    75    8.9    3.2      E   0.80   8.0     E   13.3   12.9   12.9  1011.7   0.00    0.0    0.053   0.000   22.5    56   13.3   22.4   10.30   1.1747     351     1    100.0   15 
17/11/25  10:45   13.7   13.8   13.4    73    8.9    1.6     NO   0.40   9.7     E   13.7   13.3   13.3  1011.5   0.00    0.0    0.049   0.000   22.6    56   13.3   22.5   10.30   1.1742     350     1    100.0   15 
17/11/25  11:00   14.0   14.3   13.8    73    9.2    1.6     NO   0.40   6.4    NO   14.0   13.7   13.7  1011.5   0.00    0.0    0.045   0.000   22.9    54   13.1   22.9    9.88   1.1729     351     1    100.0   15 
17/11/25  11:15   14.8   15.2   14.3    71    9.6    1.6     NO   0.40   6.4    NO   14.8   14.4   14.4  1011.5   0.00    0.0    0.037   0.000   23.5    53   13.4   23.6    9.68   1.1705     350     1    100.0   15 
17/11/25  11:30   15.6   16.2   15.2    68    9.7    1.6     NO   0.40   6.4    NO   15.6   15.2   15.2  1011.4   0.00    0.0    0.028   0.000   24.0    52   13.5   24.1    9.55   1.1682     351     1    100.0   15 
17/11/25  11:45   16.6   16.8   16.2    65   10.0    1.6     NO   0.40   6.4    NO   16.6   16.2   16.2  1011.2   0.00    0.0    0.018   0.000   24.3    51   13.5   24.3    9.35   1.1670     351     1    100.0   15 
17/11/25  12:00   17.0   17.1   16.8    60    9.2    1.6    ONO   0.40   6.4    NO   17.0   16.4   16.4  1011.0   0.00    0.0    0.014   0.000   24.3    51   13.5   24.3    9.35   1.1666     351     1    100.0   15 
17/11/25  12:15   17.3   17.6   17.0    59    9.2    3.2    NNO   0.80  14.5   ENE   17.3   16.7   16.7  1010.9   0.00    0.0    0.011   0.000   24.4    49   13.0   24.4    9.03   1.1664     351     1    100.0   15 
17/11/25  12:30   17.5   17.6   17.3    60    9.6    4.8    ENE   1.21  11.3     E   17.5   16.9   16.9  1011.0   0.00    0.0    0.009   0.000   24.6    50   13.5   24.6    9.22   1.1654     350     1    100.0   15 
17/11/25  12:45   17.4   17.5   17.3    59    9.3    4.8    ENE   1.21  12.9     E   17.4   16.8   16.8  1011.0   0.00    0.0    0.010   0.000   24.7    50   13.6   24.7    9.22   1.1648     351     1    100.0   15 
17/11/25  13:00   17.2   17.3   17.2    60    9.4    4.8      E   1.21  12.9     E   17.2   16.6   16.6  1010.9   0.00    0.0    0.012   0.000   24.7    50   13.5   24.6    9.22   1.1649     351     1    100.0   15 
17/11/25  13:15   17.3   17.6   17.2    59    9.2    4.8    ENE   1.21  16.1     E   17.3   16.7   16.7  1010.7   0.00    0.0    0.010   0.000   24.5    49   13.1   24.4    9.03   1.1660     350     1    100.0   15 
17/11/25  13:30   17.7   17.9   17.6    58    9.3    4.8      E   1.21  14.5     E   17.7   17.1   17.1  1010.7   0.00    0.0    0.006   0.000   24.3    49   12.9   24.3    9.03   1.1667     351     1    100.0   15 
17/11/25  13:45   17.7   17.8   17.6    60    9.8    4.8      E   1.21  16.1   ENE   17.7   17.2   17.2  1010.6   0.00    0.0    0.007   0.000   24.1    46   11.8   23.9    8.54   1.1688     351     1    100.0   15 
17/11/25  14:00   17.9   18.0   17.8    59    9.8    4.8      E   1.21  11.3   ENE   17.9   17.4   17.4  1010.8   0.00    0.0    0.004   0.000   23.7    48   12.1   23.6    8.94   1.1702     351     1    100.0   15 
17/11/25  14:15   17.9   18.1   17.9    59    9.8    4.8      E   1.21  14.5   ENE   17.9   17.4   17.4  1010.8   0.00    0.0    0.004   0.000   23.7    49   12.4   23.7    9.05   1.1699     350     1    100.0   15 
17/11/25  14:30   17.9   18.1   17.7    59    9.8    6.4      E   1.61  14.5   ESE   17.9   17.3   17.3  1010.8   0.00    0.0    0.005   0.000   23.7    50   12.6   23.6    9.25   1.1698     352     1    100.0   15 
17/11/25  14:45   17.4   17.7   17.2    59    9.3    6.4    ENE   1.61  17.7     E   17.4   16.8   16.8  1010.9   0.00    0.0    0.009   0.000   23.7    50   12.6   23.6    9.25   1.1699     350     1    100.0   15 
17/11/25  15:00   17.2   17.3   17.2    60    9.4    6.4      E   1.61  17.7   ENE   17.2   16.6   16.6  1011.0   0.00    0.0    0.012   0.000   23.6    51   12.8   23.6    9.36   1.1702     351     1    100.0   15 
17/11/25  15:15   17.2   17.3   17.2    60    9.4    4.8    ENE   1.21  12.9   ENE   17.2   16.6   16.6  1011.1   0.00    0.0    0.012   0.000   23.4    52   13.0   23.4    9.57   1.1707     351     1    100.0   15 
17/11/25  15:30   17.1   17.3   16.8    61    9.5    3.2    ESE   0.80  14.5     E   17.1   16.6   16.6  1011.1   0.00    0.0    0.013   0.000   23.4    54   13.6   23.4    9.87   1.1702     352     1    100.0   15 
17/11/25  15:45   16.6   16.8   16.5    62    9.3    3.2      E   0.80  11.3   ENE   16.6   16.1   16.1  1011.1   0.00    0.0    0.018   0.000   23.3    54   13.5   23.4    9.87   1.1705     350     1    100.0   15 
17/11/25  16:00   16.4   16.6   16.1    64    9.6    3.2    ESE   0.80   9.7     E   16.4   16.0   16.0  1011.2   0.00    0.0    0.020   0.000   23.3    54   13.4   23.3    9.87   1.1709     351     1    100.0   15 
17/11/25  16:15   15.8   16.1   15.6    67    9.7    1.6    ESE   0.40   4.8     E   15.8   15.3   15.3  1011.3   0.00    0.0    0.027   0.000   23.1    54   13.2   23.1    9.88   1.1721     351     1    100.0   15 
17/11/25  16:30   15.3   15.6   15.1    69    9.6    1.6    ESE   0.40   8.0   ESE   15.3   14.9   14.9  1011.5   0.00    0.0    0.032   0.000   22.8    55   13.3   22.8   10.09   1.1732     352     1    100.0   15 
17/11/25  16:45   15.0   15.1   14.9    70    9.6    0.0      E   0.00   3.2     E   15.0   14.6   14.6  1011.7   0.00    0.0    0.035   0.000   22.7    56   13.4   22.7   10.29   1.1739     351     1    100.0   15 
17/11/25  17:00   14.9   14.9   14.8    72    9.9    1.6      E   0.40   3.2     E   14.9   14.6   14.6  1011.9   0.00    0.0    0.036   0.000   22.4    56   13.2   22.3   10.30   1.1752     351     1    100.0   15 
17/11/25  17:15   14.7   14.8   14.2    71    9.5    0.0      E   0.00   3.2     E   14.7   14.3   14.3  1012.1   0.00    0.0    0.038   0.000   22.3    57   13.3   22.1   10.47   1.1761     351     1    100.0   15 
17/11/25  17:30   13.6   14.2   13.1    77    9.6    0.0      E   0.00   1.6     E   13.6   13.3   13.3  1012.3   0.00    0.0    0.050   0.000   22.4    56   13.2   22.2   10.30   1.1760     351     1    100.0   15 
17/11/25  17:45   12.9   13.1   12.9    82    9.9    0.0    ---   0.00   0.0   ---   12.9   12.8   12.8  1012.4   0.00    0.0    0.056   0.000   22.8    56   13.6   22.9   10.29   1.1739     351     1    100.0   15 
17/11/25  18:00   13.0   13.2   12.9    84   10.4    0.0      E   0.00   1.6     E   13.0   12.9   12.9  1012.4   0.00    0.0    0.056   0.000   23.2    55   13.7   23.3   10.07   1.1723     351     1    100.0   15 
17/11/25  18:15   13.3   13.4   13.2    83   10.5    0.0      E   0.00   1.6     E   13.3   13.2   13.2  1012.5   0.00    0.0    0.053   0.000   23.5    55   13.9   23.7   10.06   1.1710     351     1    100.0   15 
17/11/25  18:30   13.2   13.3   13.2    82   10.2    1.6      E   0.40   4.8     N   13.2   13.1   13.1  1012.5   0.00    0.0    0.053   0.000   23.8    55   14.2   24.0   10.05   1.1695     351     1    100.0   15 
17/11/25  18:45   13.2   13.3   13.2    80    9.8    3.2     NO   0.80   4.8     N   13.2   13.1   13.1  1012.7   0.00    0.0    0.053   0.000   24.1    54   14.2   24.3    9.84   1.1688     352     1    100.0   15 
17/11/25  19:00   13.1   13.2   12.9    79    9.5    1.6     NO   0.40   4.8    NO   13.1   12.9   12.9  1012.7   0.00    0.0    0.055   0.000   24.2    53   14.0   24.3    9.65   1.1686     350     1    100.0   15 
17/11/25  19:15   12.7   12.9   12.6    80    9.4    1.6    ONO   0.40   4.8   ONO   12.7   12.6   12.6  1012.8   0.00    0.0    0.058   0.000   24.2    53   14.0   24.3    9.65   1.1683     351     1    100.0   15 
17/11/25  19:30   12.7   12.8   12.5    80    9.3    1.6    ONO   0.40   4.8   ONO   12.7   12.5   12.5  1012.8   0.00    0.0    0.059   0.000   24.2    53   14.0   24.3    9.65   1.1684     351     1    100.0   15 
17/11/25  19:45   12.5   12.6   12.4    79    9.0    1.6     NO   0.40   6.4    NO   12.5   12.3   12.3  1012.8   0.00    0.0    0.061   0.000   24.3    52   13.8   24.4    9.54   1.1685     351     1    100.0   15 
17/11/25  20:00   12.6   12.6   12.5    77    8.6    1.6     NO   0.40   4.8    NO   12.6   12.3   12.3  1012.8   0.00    0.0    0.060   0.000   24.4    52   13.9   24.5    9.53   1.1676     350     1    100.0   15 
17/11/25  20:15   12.4   12.6   12.2    78    8.7    1.6     NO   0.40   6.4    NO   12.4   12.2   12.2  1012.9   0.00    0.0    0.062   0.000   24.4    52   13.9   24.5    9.53   1.1677     351     1    100.0   15 
17/11/25  20:30   12.2   12.3   12.1    78    8.5    3.2     NO   0.80   8.0    NO   12.2   12.0   12.0  1013.0   0.00    0.0    0.064   0.000   24.6    52   14.0   24.6    9.53   1.1672     351     1    100.0   15 
17/11/25  20:45   12.3   12.4   12.3    78    8.6    4.8    NNO   1.21   8.0    NO   12.3   12.1   12.1  1013.2   0.00    0.0    0.062   0.000   24.7    52   14.2   24.7    9.52   1.1670     350     1    100.0   15 
17/11/25  21:00   12.2   12.3   12.2    78    8.5    3.2     NO   0.80   6.4    NO   12.2   12.0   12.0  1013.2   0.00    0.0    0.064   0.000   24.6    53   14.3   24.7    9.65   1.1672     352     1    100.0   15 
17/11/25  21:15   12.2   12.3   12.0    78    8.4    3.2     NO   0.80   6.4    NO   12.2   11.9   11.9  1013.3   0.00    0.0    0.064   0.000   24.7    53   14.4   24.7    9.65   1.1667     351     1    100.0   15 
17/11/25  21:30   11.7   12.0   11.3    80    8.3    1.6     NO   0.40   6.4    NO   11.7   11.5   11.5  1013.3   0.00    0.0    0.069   0.000   24.6    53   14.4   24.7    9.65   1.1670     351     1    100.0   15 
17/11/25  21:45   11.2   11.3   11.1    81    8.0    0.0     NO   0.00   3.2    NO   11.2   11.1   11.1  1013.5   0.00    0.0    0.075   0.000   24.6    53   14.3   24.7    9.65   1.1675     350     1    100.0   15 
17/11/25  22:00   11.0   11.1   10.9    82    8.0    0.0     NO   0.00   3.2    NO   11.0   10.9   10.9  1013.5   0.00    0.0    0.076   0.000   24.5    53   14.3   24.6    9.65   1.1678     352     1    100.0   15 
17/11/25  22:15   11.1   11.2   11.1    81    7.9    0.0     NO   0.00   3.2    NO   11.1   10.9   10.9  1013.7   0.00    0.0    0.076   0.000   24.4    53   14.2   24.5    9.65   1.1686     351     1    100.0   15 
17/11/25  22:30   11.0   11.1   10.9    82    8.0    0.0     NO   0.00   3.2    NO   11.0   10.9   10.9  1013.6   0.00    0.0    0.076   0.000   24.3    53   14.1   24.4    9.65   1.1687     350     1    100.0   15 
17/11/25  22:45   11.0   11.1   10.9    81    7.9    1.6     NO   0.40   3.2    NO   11.0   10.9   10.9  1013.7   0.00    0.0    0.076   0.000   24.3    53   14.1   24.4    9.65   1.1688     351     1    100.0   15 
17/11/25  23:00   11.0   11.1   10.9    82    8.0    3.2     NO   0.80   4.8    NO   11.0   10.9   10.9  1013.7   0.00    0.0    0.076   0.000   24.3    53   14.1   24.4    9.65   1.1691     350     1    100.0   15 
17/11/25  23:15   10.9   11.0   10.9    82    8.0    0.0     NO   0.00   3.2    NO   10.9   10.9   10.9  1013.7   0.00    0.0    0.077   0.000   24.3    53   14.1   24.4    9.65   1.1691     352     1    100.0   15 
17/11/25  23:30   11.0   11.1   10.9    81    7.9    0.0     NO   0.00   3.2    NO   11.0   10.9   10.9  1013.6   0.00    0.0    0.076   0.000   24.2    54   14.3   24.3    9.84   1.1692     350     1    100.0   15 
17/11/25  23:45   11.0   11.1   10.9    82    8.0    1.6     NO   0.40   3.2    NO   11.0   10.9   10.9  1013.7   0.00    0.0    0.076   0.000   23.8    54   14.0   24.1    9.85   1.1710     351     1    100.0   15 
18/11/25  00:00   11.1   11.1   10.9    81    7.9    1.6     NO   0.40   4.8    NO   11.1   10.9   10.9  1013.6   0.00    0.0    0.076   0.000   23.4    55   13.9   23.6   10.07   1.1726     351     1    100.0   15 
18/11/25   0:15   10.8   10.9   10.7    82    7.8    3.2     NO   0.80   4.8    NO   10.8   10.7   10.7  1013.5   0.00    0.0    0.079   0.000   23.1    55   13.6   23.2   10.08   1.1742     349     1    100.0   15 
18/11/25   0:30   10.4   10.7   10.1    84    7.8    4.8     NO   1.21   8.0    NO   10.3   10.4   10.3  1013.6   0.00    0.0    0.083   0.000   22.8    56   13.5   22.8   10.29   1.1756     352     1    100.0   15 
18/11/25   0:45   10.1   10.2   10.0    84    7.5    3.2     NO   0.80   4.8    NO   10.1   10.1   10.1  1013.7   0.00    0.0    0.086   0.000   22.5    56   13.3   22.4   10.30   1.1771     351     1    100.0   15 
18/11/25   1:00   10.3   10.4   10.2    84    7.7    0.0     NO   0.00   4.8   ENE   10.3   10.3   10.3  1013.6   0.00    0.0    0.083   0.000   22.2    56   13.0   22.0   10.31   1.1784     351     1    100.0   15 
18/11/25   1:15   10.3   10.4   10.3    84    7.7    0.0    ENE   0.00   1.6   ENE   10.3   10.3   10.3  1013.5   0.00    0.0    0.083   0.000   21.9    57   13.0   21.6   10.49   1.1797     351     1    100.0   15 
18/11/25   1:30   10.2   10.3   10.1    84    7.6    0.0    ENE   0.00   3.2   ENE   10.2   10.2   10.2  1013.6   0.00    0.0    0.085   0.000   21.7    57   12.8   21.2   10.51   1.1809     348     1    100.0   15 
18/11/25   1:45    9.9   10.1    9.8    85    7.5    0.0    ENE   0.00   3.2   ENE    9.9   10.0   10.0  1013.6   0.00    0.0    0.087   0.000   21.4    58   12.8   20.9   10.73   1.1820     352     1    100.0   15 
18/11/25   2:00    9.8    9.9    9.8    85    7.4    0.0    ENE   0.00   3.2   ENE    9.8    9.9    9.9  1013.5   0.00    0.0    0.089   0.000   21.1    58   12.5   20.6   10.75   1.1833     351     1    100.0   15 
18/11/25   2:15    9.7    9.8    9.6    86    7.5    0.0    ENE   0.00   3.2   ENE    9.7    9.8    9.8  1013.7   0.00    0.0    0.090   0.000   20.9    59   12.6   20.5   10.95   1.1840     351     1    100.0   15 
18/11/25   2:30    9.5    9.6    9.4    87    7.4    0.0    ENE   0.00   1.6   ENE    9.5    9.6    9.6  1013.6   0.00    0.0    0.092   0.000   20.7    59   12.4   20.3   10.95   1.1851     351     1    100.0   15 
18/11/25   2:45    9.5    9.6    9.4    87    7.4    1.6    ENE   0.40   3.2   ENE    9.5    9.6    9.6  1013.4   0.00    0.0    0.092   0.000   20.5    59   12.2   20.1   10.95   1.1861     350     1    100.0   15 
18/11/25   3:00    9.4    9.5    9.1    86    7.2    3.2     NO   0.80   6.4    NO    9.4    9.4    9.4  1013.5   0.00    0.0    0.093   0.000   20.3    60   12.3   20.1   11.05   1.1870     351     1    100.0   15 
18/11/25   3:15    8.8    9.1    8.7    87    6.8    0.0     NO   0.00   3.2    NO    8.8    8.9    8.9  1013.5   0.00    0.0    0.099   0.000   20.1    60   12.1   19.9   11.05   1.1878     350     1    100.0   15 
18/11/25   3:30    8.7    8.8    8.7    88    6.8    0.0     NO   0.00   3.2    NO    8.7    8.8    8.8  1013.5   0.00    0.0    0.100   0.000   19.9    60   11.9   19.8   11.05   1.1887     349     1    100.0   15 
18/11/25   3:45    8.9    8.9    8.8    88    7.0    0.0     NO   0.00   3.2    NO    8.9    8.9    8.9  1013.6   0.00    0.0    0.098   0.000   19.8    60   11.8   19.6   11.05   1.1896     349     1    100.0   15 
