                 Temp.  Temp.  Temp.  Hum.   Punt   Vel.   Dir.   Rec.  Vel.  Dir.  Sens.   Índ.   Índ.                  Int. Graus D.Graus D.  Temp.  Hum. Rosada  In.Cal.  EMC     Dens.    Mostr   Tx   Recep.  Int.
  Data    Hora    Ext.   Màx.   Mín.  Ext. Rosada   Vent   Vent   Vent  Màx.  Màx.  Tèrm.  Calor   THW    Bar    Pluja   Pluja  Calor    Fred    Int.  Int.   Int.   Int.    Int.  Int.Aire    Vent   Vent   ISS   Arc.
-------------------------------------------------------------------------------------------------------------------------------------------------------------------------------------------------------------------------
26/11/25   0:15    5.9    6.0    5.7    70    0.8    4.8     NO   1.21  12.9     O    5.2    5.6    4.8  1013.0   0.00    0.0    0.130   0.000   23.6    47   11.6   23.4    8.75   1.1740     349     1    100.0   15 
26/11/25   0:30    5.6    5.7    5.6    69    0.4    4.8     NO   1.21  16.1    NO    4.8    5.3    4.5  1013.1   0.00    0.0    0.133   0.000   23.3    47   11.3   23.0    8.75   1.1755     351     1    100.0   15 
26/11/25   0:45    5.7    5.7    5.5    69    0.4    3.2     NO   0.80  16.1    NO    5.7    5.3    5.3  1013.0   0.00    0.0    0.132   0.000   23.0    48   11.4   22.7    8.92   1.1764     351     1    100.0   15 
26/11/25   1:00    5.6    5.7    5.5    66   -0.2    3.2     NO   0.80  12.9     O    5.6    5.2    5.2  1013.1   0.00    0.0    0.133   0.000   22.7    48   11.1   22.3    8.91   1.1782     349     1    100.0   15 
26/11/25   1:15    5.7    5.7    5.6    65   -0.4    3.2    ONO   0.80   9.7     O    5.7    5.3    5.3  1013.3   0.00    0.0    0.132   0.000   22.1    48   10.6   21.4    8.89   1.1812     351     1    100.0   15 
26/11/25   1:30    5.3    5.6    4.9    68   -0.2    1.6     NO   0.40   4.8    NO    5.3    4.9    4.9  1013.4   0.00    0.0    0.136   0.000   21.5    49   10.3   20.6    9.05   1.1840     351     1    100.0   15 
26/11/25   1:45    4.9    5.0    4.8    70   -0.1    4.8     NO   1.21  12.9    NO    4.1    4.6    3.7  1013.3   0.00    0.0    0.140   0.000   20.9    50   10.1   20.1    9.26   1.1863     350     1    100.0   15 
26/11/25   2:00    5.0    5.1    4.9    69   -0.2    6.4     NO   1.61  20.9     O    3.6    4.7    3.3  1013.3   0.00    0.0    0.139   0.000   20.6    50    9.8   19.8    9.27   1.1882     351     1    100.0   15 
26/11/25   2:15    5.1    5.1    5.0    68   -0.4    8.0     NO   2.01  22.5    NO    3.2    4.7    2.8  1013.3   0.00    0.0    0.138   0.000   20.1    51    9.7   19.4    9.49   1.1901     351     1    100.0   15 
26/11/25   2:30    4.9    5.1    4.8    69   -0.3    8.0     NO   2.01  20.9   ONO    3.1    4.6    2.7  1013.5   0.00    0.0    0.139   0.000   19.7    51    9.3   19.1    9.50   1.1922     352     1    100.0   15 
26/11/25   2:45    4.8    4.8    4.8    68   -0.6    8.0     NO   2.01  20.9   ONO    2.9    4.5    2.6  1013.6   0.00    0.0    0.141   0.000   19.4    52    9.3   18.7    9.71   1.1938     351     1    100.0   15 
26/11/25   3:00    4.9    4.9    4.8    66   -0.9    6.4     NO   1.61  19.3     O    3.5    4.5    3.1  1013.7   0.00    0.0    0.140   0.000   19.1    52    9.0   18.3    9.72   1.1954     350     1    100.0   15 
26/11/25   3:15    5.0    5.1    4.9    64   -1.3    6.4     NO   1.61  16.1     O    3.6    4.6    3.2  1013.7   0.00    0.0    0.139   0.000   18.7    53    8.9   18.0    9.94   1.1969     351     1    100.0   15 
26/11/25   3:30    5.2    5.4    5.1    62   -1.5    6.4     NO   1.61  19.3   ONO    3.8    4.8    3.4  1013.7   0.00    0.0    0.137   0.000   18.4    53    8.7   17.7    9.95   1.1983     352     1    100.0   15 
26/11/25   3:45    5.5    5.6    5.4    61   -1.4    6.4     NO   1.61  16.1   ONO    4.2    5.1    3.7  1013.9   0.00    0.0    0.134   0.000   18.2    53    8.4   17.4    9.95   1.1999     349     1    100.0   15 
26/11/25   4:00    5.4    5.6    5.3    62   -1.3    4.8     NO   1.21  14.5     O    4.7    5.0    4.2  1014.1   0.00    0.0    0.134   0.000   17.9    53    8.2   17.1    9.95   1.2012     351     1    100.0   15 
26/11/25   4:15    5.3    5.3    5.2    61   -1.6    3.2     NO   0.80  14.5   OSO    5.3    4.8    4.8  1014.2   0.00    0.0    0.136   0.000   17.7    54    8.3   16.9   10.15   1.2022     351     1    100.0   15 
26/11/25   4:30    5.3    5.3    5.2    60   -1.9    3.2    NNO   0.80  11.3    NO    5.3    4.8    4.8  1014.3   0.00    0.0    0.136   0.000   17.5    54    8.1   16.7   10.15   1.2035     351     1    100.0   15 
26/11/25   4:45    5.5    5.7    5.3    59   -1.9    8.0     NO   2.01  20.9   OSO    3.7    5.1    3.3  1014.2   0.00    0.0    0.134   0.000   17.3    54    7.9   16.4   10.15   1.2044     352     1    100.0   15 
26/11/25   5:00    5.6    5.7    5.5    60   -1.6    6.4     NO   1.61  17.7    SO    4.3    5.2    3.8  1014.3   0.00    0.0    0.133   0.000   17.1    54    7.7   16.3   10.15   1.2053     350     1    100.0   15 
26/11/25   5:15    5.3    5.5    5.1    60   -1.9    4.8     NO   1.21  12.9   OSO    4.5    4.8    4.1  1014.3   0.00    0.0    0.136   0.000   16.9    54    7.6   16.1   10.15   1.2062     350     1    100.0   15 
26/11/25   5:30    4.9    5.0    4.8    59   -2.5    4.8     NO   1.21  14.5     O    4.1    4.4    3.6  1014.5   0.00    0.0    0.140   0.000   16.8    55    7.7   15.9   10.25   1.2070     351     1    100.0   15 
26/11/25   5:45    4.8    4.9    4.7    59   -2.5    3.2    NNO   0.80   9.7    SO    4.8    4.4    4.3  1014.8   0.00    0.0    0.141   0.000   16.7    55    7.6   15.8   10.25   1.2079     352     1    100.0   15 
26/11/25   6:00    4.6    4.7    4.4    59   -2.8    3.2     NO   0.80   9.7     O    4.4    4.1    4.0  1014.9   0.00    0.0    0.144   0.000   17.1    54    7.7   16.2   10.15   1.2063     350     1    100.0   15 
26/11/25   6:15    4.4    4.4    4.3    59   -2.9    3.2    NNO   0.80  12.9     O    4.3    3.9    3.8  1015.1   0.00    0.0    0.145   0.000   17.7    53    8.0   16.9    9.95   1.2035     351     1    100.0   15 
26/11/25   6:30    4.3    4.4    4.3    61   -2.5    3.2     NO   0.80  14.5   ONO    4.2    3.9    3.7  1015.1   0.00    0.0    0.146   0.000   18.4    51    8.1   17.6    9.55   1.2004     351     1    100.0   15 
26/11/25   6:45    4.4    4.4    4.3    62   -2.3    3.2     NO   0.80  12.9   ONO    4.3    3.9    3.8  1015.1   0.00    0.0    0.145   0.000   19.1    50    8.4   18.2    9.32   1.1977     351     1    100.0   15 
26/11/25   7:00    4.4    4.5    4.3    61   -2.4    4.8     NO   1.21  14.5   OSO    3.6    4.0    3.1  1015.2   0.00    0.0    0.145   0.000   19.5    49    8.5   18.7    9.11   1.1960     352     1    100.0   15 
26/11/25   7:15    4.4    4.6    4.4    60   -2.7    4.8     NO   1.21  11.3     O    3.6    4.0    3.1  1015.2   0.00    0.0    0.145   0.000   19.9    50    9.2   19.2    9.29   1.1938     351     1    100.0   15 
26/11/25   7:30    4.8    5.1    4.6    58   -2.7    3.2     NO   0.80  14.5    SO    4.8    4.3    4.3  1015.5   0.00    0.0    0.141   0.000   20.4    51    9.9   19.7    9.48   1.1914     350     1    100.0   15 
26/11/25   7:45    5.1    5.2    5.0    58   -2.5    1.6      O   0.40   8.0     O    5.1    4.6    4.6  1015.8   0.00    0.0    0.138   0.000   21.3    50   10.5   20.4    9.25   1.1872     351     1    100.0   15 
26/11/25   8:00    5.3    5.4    5.2    61   -1.6    3.2      O   0.80  12.9     O    5.3    4.8    4.8  1015.9   0.00    0.0    0.136   0.000   22.4    48   10.8   21.8    8.90   1.1828     352     1    100.0   15 
26/11/25   8:15    5.6    5.8    5.4    61   -1.4    4.8     NO   1.21  19.3   ONO    4.8    5.1    4.3  1016.2   0.00    0.0    0.133   0.000   22.9    49   11.7   22.7    9.05   1.1801     351     1    100.0   15 
26/11/25   8:30    6.0    6.2    5.8    61   -1.0    3.2     NO   0.80  11.3     O    6.0    5.6    5.6  1016.3   0.00    0.0    0.128   0.000   23.6    48   11.9   23.4    8.94   1.1775     351     1    100.0   15 
26/11/25   8:45    6.4    6.7    6.2    60   -0.8    4.8     NO   1.21  14.5    NO    5.8    6.0    5.4  1016.3   0.00    0.0    0.124   0.000   23.8    48   12.1   23.7    8.95   1.1765     350     1    100.0   15 
26/11/25   9:00    6.9    7.2    6.7    58   -0.8    4.8     NO   1.21  12.9   ONO    6.3    6.4    5.8  1016.2   0.00    0.0    0.119   0.000   23.8    48   12.2   23.8    8.95   1.1761     351     1    100.0   15 
26/11/25   9:15    7.4    7.8    7.2    56   -0.8    4.8     NO   1.21  16.1    NO    6.9    6.9    6.4  1016.4   0.00    0.0    0.113   0.000   23.9    48   12.2   23.8    8.95   1.1760     351     1    100.0   15 
26/11/25   9:30    8.2    8.5    7.8    53   -0.9    3.2     NO   0.80  12.9   NNO    8.2    7.6    7.6  1016.6   0.00    0.0    0.106   0.000   23.9    46   11.6   23.8    8.55   1.1770     350     1    100.0   15 
26/11/25   9:45    8.9    9.3    8.4    47   -1.8    4.8     NO   1.21  14.5    NO    8.6    8.2    7.8  1016.5   0.00    0.0    0.098   0.000   23.8    46   11.5   23.7    8.55   1.1770     351     1    100.0   15 
26/11/25  10:00    9.7   10.0    9.3    47   -1.1    4.8    NNO   1.21  17.7     O    9.4    8.9    8.7  1016.8   0.00    0.0    0.090   0.000   23.7    46   11.4   23.6    8.56   1.1780     350     1    100.0   15 
26/11/25  10:15   10.2   10.4   10.0    46   -0.9    4.8     NO   1.21  17.7     O   10.1    9.4    9.3  1016.9   0.00    0.0    0.084   0.000   23.7    46   11.4   23.6    8.56   1.1781     352     1    100.0   15 
26/11/25  10:30   10.6   10.7   10.4    44   -1.2    6.4     NO   1.61  17.7   NNO   10.1    9.7    9.2  1017.0   0.00    0.0    0.080   0.000   23.6    46   11.3   23.4    8.56   1.1788     351     1    100.0   15 
26/11/25  10:45   10.7   10.8   10.6    43   -1.4    8.0     NO   2.01  20.9   ONO    9.8    9.8    8.9  1016.9   0.00    0.0    0.080   0.000   23.5    46   11.2   23.3    8.56   1.1791     351     1    100.0   15 
26/11/25  11:00   11.1   11.2   10.8    42   -1.4    6.4     NO   1.61  16.1     O   10.6   10.1    9.6  1016.6   0.00    0.0    0.076   0.000   23.3    46   11.1   23.1    8.57   1.1797     350     1    100.0   15 
26/11/25  11:15   11.4   11.5   11.3    40   -1.8    8.0     NO   2.01  30.6   ONO   10.7   10.3    9.6  1016.4   0.00    0.0    0.072   0.000   23.3    46   11.0   22.9    8.57   1.1797     352     1    100.0   15 
26/11/25  11:30   11.3   11.5   11.2    40   -1.8   11.3     NO   2.82  30.6     O   10.1   10.2    8.9  1015.9   0.00    0.0    0.073   0.000   23.2    45   10.6   22.8    8.45   1.1800     351     1    100.0   15 
26/11/25  11:45   11.5   11.6   11.4    39   -2.0   11.3     NO   2.82  29.0   OSO   10.2   10.3    9.1  1015.8   0.00    0.0    0.071   0.000   23.0    43    9.7   22.5    8.11   1.1814     351     1    100.0   15 
26/11/25  12:00   11.7   11.9   11.6    37   -2.5    9.7     NO   2.41  29.0   NNO   10.7   10.5    9.5  1015.6   0.00    0.0    0.069   0.000   22.8    42    9.2   22.2    7.99   1.1826     351     1    100.0   15 
26/11/25  12:15   12.0   12.2   11.9    35   -3.0   11.3     NO   2.82  25.7   OSO   10.8   10.7    9.5  1015.5   0.00    0.0    0.066   0.000   22.7    42    9.1   21.9    7.99   1.1829     351     1    100.0   15 
26/11/25  12:30   12.3   12.4   12.2    34   -3.2   11.3     NO   2.82  25.7     O   11.2   10.8    9.7  1015.4   0.00    0.0    0.063   0.000   22.6    41    8.7   21.8    7.84   1.1834     352     1    100.0   15 
26/11/25  12:45   12.3   12.4   12.3    35   -2.7   11.3     NO   2.82  30.6     S   11.2   10.9    9.8  1015.5   0.00    0.0    0.062   0.000   22.5    41    8.6   21.7    7.85   1.1840     351     1    100.0   15 
26/11/25  13:00   12.4   12.5   12.4    35   -2.6   11.3     NO   2.82  30.6   ONO   11.4   11.1   10.0  1015.6   0.00    0.0    0.061   0.000   22.4    40    8.2   21.5    7.70   1.1848     351     1    100.0   15 
26/11/25  13:15   12.7   12.9   12.4    35   -2.4    8.0     NO   2.01  25.7   NNO   12.2   11.3   10.8  1015.6   0.00    0.0    0.058   0.000   22.3    39    7.7   21.3    7.61   1.1857     350     1    100.0   15 
26/11/25  13:30   12.7   12.7   12.6    36   -2.0    8.0     NO   2.01  22.5   ONO   12.2   11.3   10.8  1015.5   0.00    0.0    0.059   0.000   22.2    39    7.6   21.1    7.61   1.1863     352     1    100.0   15 
26/11/25  13:45   12.6   12.7   12.4    36   -2.1   11.3     NO   2.82  32.2    NO   11.5   11.2   10.1  1015.2   0.00    0.0    0.060   0.000   22.1    39    7.5   20.9    7.61   1.1862     351     1    100.0   15 
26/11/25  14:00   12.4   12.6   12.4    38   -1.5    9.7     NO   2.41  33.8     O   11.6   11.1   10.3  1015.4   0.00    0.0    0.061   0.000   21.9    37    6.6   20.6    7.32   1.1878     350     1    100.0   15 
26/11/25  14:15   12.5   12.6   12.4    37   -1.8    9.7     NO   2.41  24.1     O   11.7   11.2   10.3  1015.3   0.00    0.0    0.061   0.000   21.9    39    7.4   20.7    7.62   1.1871     351     1    100.0   15 
26/11/25  14:30   12.7   12.7   12.6    34   -2.8    9.7     NO   2.41  27.4     O   11.9   11.2   10.4  1015.3   0.00    0.0    0.059   0.000   22.3    39    7.7   21.3    7.61   1.1853     350     1    100.0   15 
26/11/25  14:45   12.9   13.2   12.7    32   -3.4    6.4     NO   1.61  20.9   OSO   12.8   11.4   11.2  1015.4   0.00    0.0    0.056   0.000   22.7    40    8.4   21.9    7.69   1.1832     352     1    100.0   15 
26/11/25  15:00   12.9   13.1   12.8    32   -3.4    8.0     NO   2.01  24.1   OSO   12.4   11.3   10.8  1015.5   0.00    0.0    0.057   0.000   23.1    40    8.7   22.4    7.68   1.1817     351     1    100.0   15 
26/11/25  15:15   12.8   12.8   12.8    31   -3.9    8.0     NO   2.01  29.0    SO   12.3   11.2   10.7  1015.5   0.00    0.0    0.057   0.000   23.3    41    9.3   22.8    7.79   1.1803     351     1    100.0   15 
26/11/25  15:30   12.7   12.7   12.7    32   -3.6    6.4     NO   1.61  24.1    SO   12.5   11.2   10.9  1015.5   0.00    0.0    0.058   0.000   23.4    41    9.4   22.9    7.79   1.1797     351     1    100.0   15 
26/11/25  15:45   12.4   12.7   12.2    33   -3.5    8.0     NO   2.01  20.9   OSO   11.8   10.9   10.4  1015.5   0.00    0.0    0.062   0.000   23.4    41    9.4   23.0    7.78   1.1795     352     1    100.0   15 
26/11/25  16:00   12.0   12.2   11.9    34   -3.4    6.4     NO   1.61  22.5     O   11.7   10.6   10.3  1015.9   0.00    0.0    0.066   0.000   23.3    41    9.3   22.9    7.79   1.1805     351     1    100.0   15 
26/11/25  16:15   11.6   11.9   11.3    34   -3.7    6.4     NO   1.61  17.7   NNO   11.2   10.3    9.9  1016.0   0.00    0.0    0.070   0.000   23.2    41    9.2   22.7    7.80   1.1812     350     1    100.0   15 
26/11/25  16:30   11.1   11.3   10.7    35   -3.8    4.8     NO   1.21  11.3    NO   11.0    9.9    9.8  1016.2   0.00    0.0    0.076   0.000   23.2    42    9.6   22.7    7.97   1.1810     350     1    100.0   15 
26/11/25  16:45   10.4   10.7   10.2    32   -5.6    4.8     NO   1.21  11.3   OSO   10.3    9.3    9.2  1016.2   0.00    0.0    0.082   0.000   23.2    41    9.2   22.7    7.80   1.1814     351     1    100.0   15 
26/11/25  17:00   10.0   10.2    9.9    31   -6.4    4.8     NO   1.21  16.1   NNO    9.8    8.9    8.8  1016.5   0.00    0.0    0.087   0.000   23.2    41    9.2   22.7    7.80   1.1817     351     1    100.0   15 
26/11/25  17:15    9.8    9.9    9.8    30   -7.0    6.4     NO   1.61  22.5    SO    9.2    8.8    8.1  1016.5   0.00    0.0    0.089   0.000   23.3    40    8.9   22.8    7.67   1.1818     349     1    100.0   15 
26/11/25  17:30    9.7    9.8    9.5    30   -7.1    4.8     NO   1.21  17.7   ONO    9.5    8.7    8.4  1016.6   0.00    0.0    0.090   0.000   23.3    40    8.9   22.8    7.67   1.1820     351     1    100.0   15 
26/11/25  17:45    9.3    9.5    9.3    30   -7.4    4.8     NO   1.21  17.7   OSO    9.1    8.3    8.0  1016.6   0.00    0.0    0.094   0.000   23.3    41    9.3   22.9    7.79   1.1814     350     1    100.0   15 
26/11/25  18:00    9.1    9.3    9.0    30   -7.6    4.8     NO   1.21  14.5   ONO    8.8    8.1    7.7  1016.8   0.00    0.0    0.096   0.000   23.4    41    9.4   22.9    7.79   1.1813     352     1    100.0   15 
26/11/25  18:15    8.7    9.0    8.4    32   -7.1    4.8     NO   1.21  11.3     O    8.4    7.7    7.4  1016.9   0.00    0.0    0.100   0.000   23.5    42    9.8   23.1    7.96   1.1805     350     1    100.0   15 
26/11/25  18:30    8.4    8.4    8.3    31   -7.8    4.8     NO   1.21  12.9    SO    8.0    7.4    7.0  1016.8   0.00    0.0    0.104   0.000   23.7    43   10.3   23.3    8.07   1.1793     351     1    100.0   15 
26/11/25  18:45    8.4    8.4    8.3    32   -7.4    4.8     NO   1.21  16.1   ONO    8.0    7.4    7.0  1017.0   0.00    0.0    0.104   0.000   23.9    44   10.9   23.7    8.25   1.1779     350     1    100.0   15 
26/11/25  19:00    8.1    8.3    7.7    33   -7.3    3.2     NO   0.80   6.4    NO    8.1    7.1    7.1  1017.2   0.00    0.0    0.107   0.000   24.2    45   11.5   23.9    8.44   1.1767     352     1    100.0   15 
26/11/25  19:15    7.4    7.6    7.3    34   -7.4    3.2    ONO   0.80   9.7     O    7.4    6.6    6.6  1017.2   0.00    0.0    0.113   0.000   24.4    45   11.7   24.2    8.43   1.1755     350     1    100.0   15 
26/11/25  19:30    7.4    7.4    7.3    34   -7.5    3.2     NO   0.80   6.4   OSO    7.4    6.5    6.5  1017.4   0.00    0.0    0.114   0.000   24.5    45   11.8   24.3    8.43   1.1753     351     1    100.0   15 
26/11/25  19:45    7.3    7.4    7.1    34   -7.6    0.0    OSO   0.00   3.2   OSO    7.3    6.4    6.4  1017.7   0.00    0.0    0.115   0.000   24.6    44   11.5   24.3    8.22   1.1754     350     1    100.0   15 
26/11/25  20:00    6.9    7.1    6.8    35   -7.5    0.0     NO   0.00   3.2    NO    6.9    6.1    6.1  1017.9   0.00    0.0    0.119   0.000   24.6    43   11.2   24.3    8.05   1.1759     351     1    100.0   15 
26/11/25  20:15    6.6    6.8    6.2    38   -6.8    1.6     NO   0.40   4.8    NO    6.6    5.7    5.7  1018.0   0.00    0.0    0.123   0.000   24.6    43   11.1   24.2    8.05   1.1763     352     1    100.0   15 
26/11/25  20:30    6.3    6.4    6.1    36   -7.7    1.6     NO   0.40   6.4     O    6.3    5.4    5.4  1018.0   0.00    0.0    0.126   0.000   24.6    43   11.2   24.3    8.05   1.1761     351     1    100.0   15 
26/11/25  20:45    6.3    6.4    6.2    36   -7.7    3.2    ONO   0.80   9.7     O    6.3    5.4    5.4  1018.0   0.00    0.0    0.126   0.000   24.7    43   11.2   24.3    8.05   1.1758     350     1    100.0   15 
26/11/25  21:00    6.6    6.6    6.4    35   -7.8    1.6     NO   0.40   8.0     O    6.6    5.7    5.7  1018.2   0.00    0.0    0.123   0.000   24.7    43   11.2   24.3    8.05   1.1760     351     1    100.0   15 
26/11/25  21:15    6.3    6.5    6.2    36   -7.7    1.6     NO   0.40   9.7   ONO    6.3    5.4    5.4  1018.3   0.00    0.0    0.125   0.000   24.7    43   11.2   24.3    8.05   1.1762     352     1    100.0   15 
26/11/25  21:30    6.4    6.5    6.2    37   -7.2    3.2     NO   0.80   8.0   NNO    6.4    5.6    5.6  1018.3   0.00    0.0    0.124   0.000   24.6    43   11.2   24.3    8.05   1.1764     351     1    100.0   15 
26/11/25  21:45    6.2    6.5    6.1    35   -8.1    3.2     NO   0.80   9.7   NNO    6.2    5.3    5.3  1018.5   0.00    0.0    0.126   0.000   24.6    43   11.2   24.3    8.05   1.1767     351     1    100.0   15 
26/11/25  22:00    6.4    6.6    6.2    36   -7.6    3.2     NO   0.80   6.4   ONO    6.4    5.5    5.5  1018.6   0.00    0.0    0.124   0.000   24.6    44   11.5   24.3    8.23   1.1767     351     1    100.0   15 
26/11/25  22:15    6.2    6.3    6.2    35   -8.1    3.2     NO   0.80   6.4    NO    6.2    5.3    5.3  1018.6   0.00    0.0    0.126   0.000   24.6    44   11.5   24.3    8.23   1.1767     351     1    100.0   15 
26/11/25  22:30    6.4    6.4    6.3    35   -8.0    3.2     NO   0.80   8.0   ONO    6.4    5.5    5.5  1018.7   0.00    0.0    0.124   0.000   24.6    44   11.5   24.3    8.23   1.1768     351     1    100.0   15 
26/11/25  22:45    6.2    6.3    6.1    36   -7.8    0.0      O   0.00   4.8     O    6.2    5.3    5.3  1019.0   0.00    0.0    0.127   0.000   24.4    44   11.3   24.1    8.23   1.1779     351     1    100.0   15 
26/11/25  23:00    5.8    6.1    5.7    37   -7.8    1.6    ONO   0.40   6.4   ONO    5.8    5.0    5.0  1019.1   0.00    0.0    0.130   0.000   24.0    44   11.0   23.8    8.25   1.1800     350     2    100.0   15 
26/11/25  23:15    5.6    5.7    5.5    37   -8.0    3.2    ONO   0.80   6.4    SO    5.6    4.8    4.8  1019.1   0.00    0.0    0.133   0.000   23.5    45   10.9   23.2    8.45   1.1821     351     1    100.0   15 
26/11/25  23:30    5.6    5.6    5.5    38   -7.7    4.8     NO   1.21   8.0    NO    4.8    4.8    4.0  1019.0   0.00    0.0    0.133   0.000   23.2    45   10.6   22.8    8.45   1.1834     351     1    100.0   15 
26/11/25  23:45    5.9    6.2    5.6    37   -7.7    3.2     NO   0.80   9.7     O    5.9    5.1    5.1  1019.1   0.00    0.0    0.129   0.000   22.7    45   10.2   22.2    8.45   1.1859     350     1    100.0   15 
27/11/25  00:00    6.3    6.3    6.2    37   -7.4    3.2    ONO   0.80   9.7   ONO    6.3    5.4    5.4  1019.0   0.00    0.0    0.126   0.000   22.1    45    9.6   21.2    8.45   1.1891     351     1    100.0   15 
27/11/25   0:15    6.0    6.3    5.7    38   -7.3    3.2     NO   0.80   8.0    NO    6.0    5.2    5.2  1019.0   0.00    0.0    0.128   0.000   21.6    46    9.4   20.5    8.63   1.1912     348     1    100.0   15 
27/11/25   0:30    5.6    5.7    5.6    39   -7.3    4.8     NO   1.21  16.1     O    4.8    4.8    4.1  1018.7   0.00    0.0    0.133   0.000   21.4    46    9.3   20.4    8.64   1.1914     351     1    100.0   15 
27/11/25   0:45    5.8    5.9    5.7    39   -7.1    4.8     NO   1.21  12.9     O    5.1    5.1    4.3  1018.7   0.00    0.0    0.130   0.000   21.6    46    9.5   20.6    8.63   1.1906     351     1    100.0   15 
27/11/25   1:00    5.7    5.8    5.6    40   -6.9    3.2     NO   0.80  11.3   ONO    5.7    4.9    4.9  1018.7   0.00    0.0    0.131   0.000   21.8    45    9.4   20.9    8.45   1.1898     352     1    100.0   15 
27/11/25   1:15    5.4    5.6    5.3    42   -6.5    1.6    ONO   0.40   9.7   NNO    5.4    4.7    4.7  1018.6   0.00    0.0    0.134   0.000   22.1    45    9.6   21.2    8.45   1.1886     351     1    100.0   15 
27/11/25   1:30    5.1    5.3    4.9    45   -5.9    3.2     NO   0.80  12.9     O    5.1    4.4    4.4  1018.6   0.00    0.0    0.138   0.000   22.2    45    9.7   21.3    8.45   1.1881     351     1    100.0   15 
27/11/25   1:45    4.8    4.9    4.7    47   -5.5    3.2     NO   0.80  14.5     O    4.8    4.2    4.1  1018.8   0.00    0.0    0.141   0.000   22.2    45    9.7   21.4    8.45   1.1880     351     1    100.0   15 
27/11/25   2:00    4.5    4.7    4.3    49   -5.3    0.0    ONO   0.00   3.2   ONO    4.5    3.9    3.9  1018.9   0.00    0.0    0.144   0.000   22.3    44    9.5   21.6    8.31   1.1879     352     1    100.0   15 
27/11/25   2:15    4.3    4.4    4.2    51   -5.0    1.6     NO   0.40   9.7   OSO    4.3    3.7    3.7  1018.8   0.00    0.0    0.146   0.000   22.3    44    9.5   21.6    8.31   1.1878     351     1    100.0   15 
27/11/25   2:30    4.1    4.3    3.9    54   -4.4    1.6      O   0.40   8.0   OSO    4.1    3.6    3.6  1018.6   0.00    0.0    0.148   0.000   22.4    44    9.5   21.7    8.30   1.1873     350     1    100.0   15 
27/11/25   2:45    3.8    3.9    3.8    55   -4.4    1.6    ONO   0.40  11.3   OSO    3.8    3.3    3.3  1018.6   0.00    0.0    0.151   0.000   22.4    44    9.5   21.7    8.30   1.1873     350     1    100.0   15 
27/11/25   3:00    3.8    3.8    3.7    56   -4.2    1.6     NO   0.40   8.0     O    3.8    3.3    3.3  1018.5   0.00    0.0    0.152   0.000   22.4    44    9.5   21.7    8.30   1.1872     351     1    100.0   15 
27/11/25   3:15    3.6    3.7    3.6    57   -4.1    1.6     NO   0.40   8.0   ONO    3.6    3.1    3.1  1018.4   0.00    0.0    0.153   0.000   22.4    43    9.2   21.6    8.16   1.1874     352     1    100.0   15 
27/11/25   3:30    3.6    3.6    3.5    57   -4.2    1.6     NO   0.40   8.0   NNO    3.6    3.1    3.1  1018.6   0.00    0.0    0.154   0.000   22.4    43    9.2   21.6    8.16   1.1876     351     1    100.0   15 
