                 Temp.  Temp.  Temp.  Hum.   Punt   Vel.   Dir.   Rec.  Vel.  Dir.  Sens.   Índ.   Índ.                  Int. Graus D.Graus D.  Temp.  Hum. Rosada  In.Cal.  EMC     Dens.    Mostr   Tx   Recep.  Int.
  Data    Hora    Ext.   Màx.   Mín.  Ext. Rosada   Vent   Vent   Vent  Màx.  Màx.  Tèrm.  Calor   THW    Bar    Pluja   Pluja  Calor    Fred    Int.  Int.   Int.   Int.    Int.  Int.Aire    Vent   Vent   ISS   Arc.
-------------------------------------------------------------------------------------------------------------------------------------------------------------------------------------------------------------------------
20/11/25   0:15    4.8    4.9    4.8    85    2.5    3.2     NO   0.80   8.0   ONO    4.8    4.7    4.7  1012.7   0.00    0.0    0.141   0.000   22.4    50   11.5   22.1    9.25   1.1781     349     1    100.0   15 
20/11/25   0:30    5.1    5.2    4.9    86    2.9    3.2     NO   0.80   8.0   ONO    5.0    4.9    4.9  1012.7   0.00    0.0    0.138   0.000   22.0    50   11.1   21.4    9.25   1.1804     351     1    100.0   15 
20/11/25   0:45    5.3    5.4    5.2    86    3.1    3.2     NO   0.80   9.7    NO    5.3    5.2    5.2  1012.8   0.00    0.0    0.136   0.000   21.5    51   10.9   20.7    9.44   1.1826     352     1    100.0   15 
20/11/25   1:00    5.5    5.6    5.2    84    3.0    1.6    ENE   0.40   9.7    NO    5.5    5.4    5.4  1012.8   0.00    0.0    0.134   0.000   21.1    52   10.8   20.2    9.65   1.1845     350     1    100.0   15 
20/11/25   1:15    4.9    5.2    4.7    85    2.6    0.0      E   0.00   1.6     E    4.9    4.8    4.8  1012.9   0.00    0.0    0.140   0.000   20.6    52   10.4   19.9    9.67   1.1868     351     1    100.0   15 
20/11/25   1:30    4.8    4.8    4.7    86    2.6    0.0    ---   0.00   0.0   ---    4.8    4.7    4.7  1012.9   0.00    0.0    0.141   0.000   20.2    53   10.3   19.6    9.88   1.1885     351     1    100.0   15 
20/11/25   1:45    4.9    4.9    4.8    85    2.6    0.0    NNO   0.00   4.8   NNO    4.9    4.8    4.8  1012.8   0.00    0.0    0.140   0.000   19.8    54   10.3   19.3   10.04   1.1900     352     1    100.0   15 
20/11/25   2:00    4.9    5.0    4.7    85    2.6    0.0    ---   0.00   0.0   ---    4.9    4.8    4.8  1012.9   0.00    0.0    0.140   0.000   19.4    54    9.9   18.9   10.07   1.1921     350     1    100.0   15 
20/11/25   2:15    4.5    4.7    4.3    85    2.2    0.0     NO   0.00   6.4    NO    4.5    4.4    4.4  1013.1   0.00    0.0    0.144   0.000   19.2    54    9.6   18.6   10.09   1.1937     351     1    100.0   15 
20/11/25   2:30    4.3    4.4    4.3    85    2.0    1.6     NO   0.40   8.0    NO    4.3    4.2    4.2  1012.9   0.00    0.0    0.146   0.000   18.9    55    9.6   18.3   10.23   1.1946     351     1    100.0   15 
20/11/25   2:45    4.3    4.4    4.2    85    2.0    1.6     NO   0.40   4.8    NO    4.3    4.2    4.2  1012.7   0.00    0.0    0.146   0.000   18.6    55    9.4   17.9   10.24   1.1958     349     1    100.0   15 
20/11/25   3:00    4.3    4.7    4.1    87    2.4    0.0     NO   0.00   6.4   NNO    4.3    4.2    4.2  1012.7   0.00    0.0    0.146   0.000   18.3    56    9.4   17.7   10.45   1.1969     352     1    100.0   15 
20/11/25   3:15    4.4    4.6    4.3    86    2.3    0.0    ---   0.00   0.0   ---    4.4    4.3    4.3  1012.8   0.00    0.0    0.145   0.000   18.1    56    9.1   17.4   10.45   1.1984     351     1    100.0   15 
20/11/25   3:30    4.3    4.5    4.2    87    2.3    0.0     NO   0.00   6.4     O    4.3    4.2    4.2  1012.7   0.00    0.0    0.146   0.000   17.8    57    9.2   17.2   10.63   1.1991     351     1    100.0   15 
20/11/25   3:45    4.7    4.8    4.5    86    2.6    0.0     SO   0.00  11.3    SO    4.7    4.6    4.6  1012.8   0.00    0.0    0.142   0.000   17.6    57    9.0   16.9   10.62   1.2004     349     1    100.0   15 
20/11/25   4:00    4.7    4.8    4.7    87    2.7    0.0     NO   0.00   6.4    NO    4.7    4.6    4.6  1012.9   0.00    0.0    0.142   0.000   17.4    57    8.8   16.7   10.62   1.2015     351     1    100.0   15 
20/11/25   4:15    4.7    4.8    4.7    87    2.7    0.0    ---   0.00   0.0   ---    4.7    4.6    4.6  1012.8   0.00    0.0    0.142   0.000   17.2    58    8.8   16.5   10.75   1.2024     352     1    100.0   15 
20/11/25   4:30    4.6    4.7    4.4    87    2.6    0.0     NO   0.00   1.6    NO    4.6    4.5    4.5  1012.8   0.00    0.0    0.143   0.000   17.1    57    8.5   16.3   10.60   1.2032     351     1    100.0   15 
20/11/25   4:45    4.4    4.6    4.3    88    2.6    0.0      O   0.00   1.6     O    4.4    4.4    4.4  1012.8   0.00    0.0    0.145   0.000   17.0    58    8.7   16.3   10.75   1.2032     351     1    100.0   15 
20/11/25   5:00    4.7    4.8    4.6    88    2.9    0.0    NNO   0.00   1.6   NNO    4.7    4.7    4.7  1012.7   0.00    0.0    0.142   0.000   16.8    58    8.5   16.1   10.75   1.2039     351     1    100.0   15 
20/11/25   5:15    4.5    4.8    4.3    88    2.7    0.0    NNO   0.00   1.6   NNO    4.5    4.4    4.4  1012.9   0.00    0.0    0.144   0.000   16.7    58    8.4   16.0   10.75   1.2046     351     1    100.0   15 
20/11/25   5:30    4.3    4.3    4.2    89    2.6    0.0    NNO   0.00   1.6   NNO    4.3    4.2    4.2  1013.0   0.00    0.0    0.146   0.000   16.9    57    8.3   16.2   10.60   1.2042     351     1    100.0   15 
20/11/25   5:45    4.3    4.3    4.2    88    2.5    0.0    NNO   0.00   1.6   NNO    4.3    4.2    4.2  1012.9   0.00    0.0    0.146   0.000   17.4    56    8.6   16.7   10.45   1.2015     351     1    100.0   15 
20/11/25   6:00    4.0    4.2    3.9    89    2.4    0.0    NNO   0.00   1.6   NNO    4.0    3.9    3.9  1013.0   0.00    0.0    0.149   0.000   18.2    55    9.0   17.6   10.25   1.1980     351     1    100.0   15 
20/11/25   6:15    4.1    4.1    3.9    89    2.4    0.0    NNO   0.00   1.6   NNO    4.1    4.0    4.0  1013.1   0.00    0.0    0.149   0.000   18.9    53    9.1   18.2    9.93   1.1951     351     1    100.0   15 
20/11/25   6:30    4.1    4.2    4.0    89    2.4    0.0    NNO   0.00   1.6   NNO    4.1    4.0    4.0  1013.0   0.00    0.0    0.149   0.000   19.5    52    9.4   18.8    9.71   1.1925     350     1    100.0   15 
20/11/25   6:45    4.1    4.1    4.1    89    2.4    0.0    ENE   0.00   1.6   NNO    4.1    4.0    4.0  1013.2   0.00    0.0    0.149   0.000   19.9    52    9.7   19.3    9.69   1.1908     350     1    100.0   15 
20/11/25   7:00    4.1    4.1    4.1    89    2.4    0.0    NNO   0.00   1.6   NNO    4.1    4.0    4.0  1013.0   0.00    0.0    0.149   0.000   20.2    51    9.7   19.5    9.48   1.1895     351     1    100.0   15 
20/11/25   7:15    4.2    4.4    4.1    89    2.5    0.0    NNO   0.00   3.2   NNO    4.2    4.1    4.1  1013.2   0.00    0.0    0.148   0.000   20.4    51    9.9   19.7    9.48   1.1886     351     1    100.0   15 
20/11/25   7:30    4.4    4.4    4.3    88    2.6    0.0     NO   0.00   1.6    NO    4.4    4.3    4.3  1013.3   0.00    0.0    0.145   0.000   20.6    50    9.8   19.8    9.27   1.1879     352     1    100.0   15 
20/11/25   7:45    4.5    4.6    4.3    89    2.8    0.0    OSO   0.00   1.6   ONO    4.5    4.4    4.4  1013.4   0.00    0.0    0.144   0.000   20.9    50   10.1   20.1    9.26   1.1864     351     1    100.0   15 
20/11/25   8:00    4.7    4.7    4.6    88    2.8    0.0    ONO   0.00   1.6   ONO    4.7    4.6    4.6  1013.4   0.00    0.0    0.142   0.000   21.2    51   10.7   20.3    9.45   1.1847     351     1    100.0   15 
20/11/25   8:15    4.4    4.6    4.2    88    2.6    0.0      E   0.00   3.2     E    4.4    4.3    4.3  1013.3   0.00    0.0    0.145   0.000   21.8    51   11.2   21.1    9.43   1.1819     351     1    100.0   15 
20/11/25   8:30    4.4    4.6    4.2    89    2.7    0.0      O   0.00   1.6    SO    4.4    4.3    4.3  1013.5   0.00    0.0    0.145   0.000   22.9    51   12.2   22.7    9.39   1.1766     351     1    100.0   15 
20/11/25   8:45    4.8    5.0    4.6    90    3.3    0.0    ---   0.00   0.0   ---    4.8    4.7    4.7  1013.8   0.00    0.0    0.141   0.000   23.4    50   12.4   23.2    9.25   1.1747     351     1    100.0   15 
20/11/25   9:00    5.1    5.1    5.0    89    3.4    0.0      E   0.00   4.8     E    5.1    5.0    5.0  1013.8   0.00    0.0    0.138   0.000   23.4    50   12.4   23.2    9.25   1.1748     350     1    100.0   15 
20/11/25   9:15    4.9    5.1    4.8    88    3.1    0.0      E   0.00   1.6     E    4.9    4.9    4.9  1013.8   0.00    0.0    0.139   0.000   23.4    50   12.4   23.2    9.25   1.1748     351     1    100.0   15 
20/11/25   9:30    4.9    4.9    4.8    88    3.1    0.0      E   0.00   6.4   ENE    4.9    4.8    4.8  1013.9   0.00    0.0    0.140   0.000   23.6    49   12.2   23.4    9.05   1.1744     351     1    100.0   15 
20/11/25   9:45    5.1    5.2    4.9    88    3.2    0.0      E   0.00   3.2     E    5.1    5.0    5.0  1014.0   0.00    0.0    0.138   0.000   23.9    49   12.5   23.9    9.05   1.1728     352     1    100.0   15 
20/11/25  10:00    5.6    5.9    5.2    87    3.6    1.6      E   0.40   8.0     E    5.6    5.5    5.5  1014.2   0.00    0.0    0.133   0.000   23.8    41    9.7   23.4    7.76   1.1764     350     1    100.0   15 
20/11/25  10:15    6.3    6.4    5.9    84    3.8    1.6      E   0.40   4.8   ENE    6.3    6.2    6.2  1014.1   0.00    0.0    0.126   0.000   23.3    45   10.7   23.0    8.45   1.1770     350     1    100.0   15 
20/11/25  10:30    6.7    6.9    6.4    82    3.8    1.6     NO   0.40   6.4   NNO    6.7    6.6    6.6  1014.0   0.00    0.0    0.122   0.000   23.6    46   11.3   23.4    8.56   1.1752     351     1    100.0   15 
20/11/25  10:45    6.9    7.0    6.9    81    3.9    0.0     NO   0.00   3.2    NO    6.9    6.8    6.8  1013.8   0.00    0.0    0.119   0.000   23.8    46   11.5   23.7    8.55   1.1739     352     1    100.0   15 
20/11/25  11:00    7.2    7.3    7.0    80    3.9    1.6    ENE   0.40   4.8     E    7.2    7.1    7.1  1013.8   0.00    0.0    0.116   0.000   24.1    47   12.0   23.9    8.74   1.1725     349     1    100.0   15 
20/11/25  11:15    7.7    8.2    7.3    79    4.3    1.6    ESE   0.40   6.4   OSO    7.7    7.6    7.6  1013.7   0.00    0.0    0.111   0.000   24.3    47   12.2   24.2    8.74   1.1712     351     1    100.0   15 
20/11/25  11:30    8.7    9.1    8.2    76    4.7    1.6    OSO   0.40   8.0    SO    8.7    8.5    8.5  1013.4   0.00    0.0    0.101   0.000   24.5    47   12.4   24.3    8.73   1.1698     350     1    100.0   15 
20/11/25  11:45    9.7   10.0    9.1    72    4.9    1.6     NO   0.40   6.4    NO    9.7    9.5    9.5  1013.2   0.00    0.0    0.090   0.000   24.7    46   12.3   24.4    8.52   1.1691     350     1    100.0   15 
20/11/25  12:00   10.4   10.7   10.0    67    4.6    1.6     SO   0.40   4.8   ONO   10.4   10.1   10.1  1013.0   0.00    0.0    0.082   0.000   24.6    46   12.2   24.4    8.52   1.1691     352     1    100.0   15 
20/11/25  12:15   11.2   11.7   10.7    64    4.7    1.6      S   0.40   8.0     O   11.2   10.7   10.7  1012.9   0.00    0.0    0.074   0.000   24.3    47   12.3   24.2    8.73   1.1700     351     1    100.0   15 
20/11/25  12:30   11.7   11.8   11.7    62    4.7    3.2    OSO   0.80  12.9   OSO   11.7   11.2   11.2  1012.7   0.00    0.0    0.069   0.000   24.0    47   12.0   23.9    8.75   1.1715     350     1    100.0   15 
20/11/25  12:45   11.8   12.0   11.7    60    4.3    3.2    OSO   0.80   9.7   NNO   11.8   11.2   11.2  1012.6   0.00    0.0    0.068   0.000   23.7    49   12.4   23.7    9.05   1.1720     351     1    100.0   15 
20/11/25  13:00   12.2   12.4   11.9    59    4.4    1.6     NO   0.40   9.7   OSO   12.2   11.5   11.5  1012.5   0.00    0.0    0.064   0.000   23.6    49   12.2   23.4    9.05   1.1727     352     1    100.0   15 
20/11/25  13:15   12.6   12.7   12.4    57    4.3    3.2     NO   0.80  14.5     O   12.6   11.8   11.8  1012.3   0.00    0.0    0.060   0.000   23.4    48   11.8   23.3    8.93   1.1734     351     2    100.0   15 
20/11/25  13:30   12.4   12.7   12.3    57    4.2    3.2    OSO   0.80  14.5     N   12.4   11.7   11.7  1012.2   0.00    0.0    0.061   0.000   23.3    50   12.3   23.1    9.25   1.1734     351     1    100.0   15 
20/11/25  13:45   12.6   12.7   12.4    55    3.7    3.2    OSO   0.80  14.5   OSO   12.6   11.7   11.7  1012.1   0.00    0.0    0.060   0.000   23.2    51   12.5   23.0    9.38   1.1735     351     1    100.0   15 
20/11/25  14:00   12.7   12.8   12.6    53    3.3    4.8      O   1.21  11.3    SO   12.7   11.8   11.8  1012.0   0.00    0.0    0.059   0.000   23.0    51   12.3   22.8    9.38   1.1742     351     1    100.0   15 
20/11/25  14:15   13.1   13.3   12.8    50    2.9    4.8     NO   1.21  14.5   NNO   13.1   12.1   12.1  1012.0   0.00    0.0    0.054   0.000   22.8    46   10.6   22.4    8.59   1.1766     352     1    100.0   15 
20/11/25  14:30   13.2   13.4   13.1    49    2.7    4.8     NO   1.21  12.9     O   13.2   12.2   12.2  1012.0   0.00    0.0    0.053   0.000   22.6    50   11.6   22.2    9.25   1.1767     351     1    100.0   15 
20/11/25  14:45   13.2   13.4   13.0    48    2.4    4.8     NO   1.21  14.5   OSO   13.2   12.1   12.1  1012.0   0.00    0.0    0.054   0.000   22.5    51   11.9   22.2    9.40   1.1767     351     1    100.0   15 
20/11/25  15:00   13.2   13.3   13.1    51    3.2    3.2     NO   0.80  11.3   OSO   13.2   12.2   12.2  1012.1   0.00    0.0    0.054   0.000   22.8    51   12.1   22.6    9.39   1.1754     351     2    100.0   15 
20/11/25  15:15   13.3   13.4   13.2    52    3.7    1.6    NNO   0.40   8.0   NNO   13.3   12.3   12.3  1012.3   0.00    0.0    0.052   0.000   23.2    50   12.2   23.1    9.25   1.1738     352     1    100.0   15 
20/11/25  15:30   12.8   13.3   12.3    54    3.7    1.6    NNO   0.40   9.7    NO   12.8   11.9   11.9  1012.4   0.00    0.0    0.058   0.000   23.6    50   12.5   23.5    9.25   1.1722     350     1    100.0   15 
20/11/25  15:45   12.0   12.3   11.6    57    3.7    0.0     NO   0.00   3.2   OSO   12.0   11.3   11.3  1012.4   0.00    0.0    0.066   0.000   23.7    50   12.7   23.7    9.25   1.1715     350     1    100.0   15 
20/11/25  16:00   11.2   11.6   10.9    59    3.5    0.0     NO   0.00   6.4   NNO   11.2   10.6   10.6  1012.5   0.00    0.0    0.074   0.000   23.8    49   12.4   23.7    9.05   1.1717     351     1    100.0   15 
20/11/25  16:15   10.7   10.9   10.4    61    3.5    0.0      O   0.00   3.2    NO   10.7   10.2   10.2  1012.6   0.00    0.0    0.079   0.000   23.9    49   12.5   23.9    9.05   1.1712     352     1    100.0   15 
20/11/25  16:30   10.4   10.4   10.3    61    3.2    0.0     SO   0.00   4.8   OSO   10.4   10.0   10.0  1012.6   0.00    0.0    0.082   0.000   23.9    49   12.6   23.9    9.05   1.1710     350     1    100.0   15 
20/11/25  16:45   10.1   10.3    9.8    62    3.1    0.0     SO   0.00   1.6    SO   10.1    9.7    9.7  1012.7   0.00    0.0    0.086   0.000   23.9    49   12.6   23.9    9.05   1.1711     350     1    100.0   15 
20/11/25  17:00    9.6    9.8    9.4    63    2.9    0.0     SO   0.00   3.2   SSO    9.6    9.2    9.2  1012.8   0.00    0.0    0.091   0.000   23.9    49   12.6   23.9    9.05   1.1711     351     1    100.0   15 
20/11/25  17:15    9.3    9.4    9.2    62    2.4    1.6      O   0.40   4.8   NNO    9.3    8.9    8.9  1012.8   0.00    0.0    0.094   0.000   24.0    49   12.6   24.0    9.05   1.1709     351     1    100.0   15 
20/11/25  17:30    9.1    9.2    9.1    61    2.0    0.0    OSO   0.00   4.8   OSO    9.1    8.7    8.7  1012.8   0.00    0.0    0.096   0.000   24.0    49   12.6   24.0    9.05   1.1709     352     1    100.0   15 
20/11/25  17:45    9.0    9.2    8.8    62    2.1    0.0    OSO   0.00   1.6   OSO    9.0    8.6    8.6  1013.1   0.00    0.0    0.097   0.000   24.0    48   12.3   23.9    8.95   1.1715     351     1    100.0   15 
20/11/25  18:00    8.8    8.8    8.7    62    1.9    0.0      O   0.00   3.2   OSO    8.8    8.3    8.3  1013.3   0.00    0.0    0.100   0.000   24.1    49   12.7   24.1    9.04   1.1709     351     1    100.0   15 
20/11/25  18:15    8.7    8.8    8.6    63    2.1    0.0      O   0.00   4.8   NNO    8.7    8.3    8.3  1013.4   0.00    0.0    0.100   0.000   24.2    48   12.5   24.1    8.94   1.1712     351     1    100.0   15 
20/11/25  18:30    8.4    8.6    8.4    64    2.0    1.6     NO   0.40   6.4   NNO    8.4    8.1    8.1  1013.5   0.00    0.0    0.103   0.000   24.3    48   12.6   24.2    8.94   1.1707     352     1    100.0   15 
20/11/25  18:45    8.4    8.5    8.3    64    2.0    3.2    ONO   0.80  11.3   OSO    8.4    8.1    8.1  1013.7   0.00    0.0    0.103   0.000   24.4    48   12.7   24.3    8.93   1.1704     351     1    100.0   15 
20/11/25  19:00    8.4    8.4    8.3    64    2.0    3.2     NO   0.80  11.3    NO    8.4    8.0    8.0  1013.6   0.00    0.0    0.104   0.000   24.4    48   12.7   24.3    8.93   1.1699     350     1    100.0   15 
20/11/25  19:15    8.3    8.3    8.3    64    1.9    4.8     NO   1.21  19.3   NNO    7.9    7.9    7.6  1013.6   0.00    0.0    0.104   0.000   24.5    48   12.8   24.4    8.93   1.1697     351     1    100.0   15 
20/11/25  19:30    7.9    8.3    7.5    66    1.9    0.0      E   0.00   4.8     E    7.9    7.5    7.5  1013.7   0.00    0.0    0.109   0.000   24.5    48   12.8   24.4    8.93   1.1697     351     1    100.0   15 
20/11/25  19:45    7.3    7.5    7.1    68    1.8    1.6    SSE   0.40   4.8     E    7.3    6.9    6.9  1013.6   0.00    0.0    0.115   0.000   24.6    48   12.8   24.4    8.93   1.1694     352     1    100.0   15 
20/11/25  20:00    7.3    7.4    7.1    68    1.8    1.6     SO   0.40  14.5   NNO    7.3    6.9    6.9  1013.5   0.00    0.0    0.115   0.000   24.6    48   12.9   24.5    8.92   1.1690     351     1    100.0   15 
20/11/25  20:15    7.2    7.3    7.0    69    1.9    3.2    ONO   0.80   9.7     O    7.2    6.9    6.9  1013.5   0.00    0.0    0.116   0.000   24.6    47   12.5   24.4    8.72   1.1693     351     1    100.0   15 
20/11/25  20:30    6.9    6.9    6.8    69    1.6    1.6    ONO   0.40   4.8    NO    6.9    6.6    6.6  1013.5   0.00    0.0    0.119   0.000   24.7    47   12.6   24.5    8.72   1.1691     351     1    100.0   15 
20/11/25  20:45    6.7    6.8    6.5    69    1.4    3.2     NO   0.80  11.3   ONO    6.7    6.4    6.4  1013.4   0.00    0.0    0.122   0.000   24.7    47   12.6   24.5    8.72   1.1690     351     1    100.0   15 
20/11/25  21:00    6.5    6.6    6.4    68    1.0    3.2    ONO   0.80  12.9    SO    6.5    6.2    6.2  1013.4   0.00    0.0    0.123   0.000   24.6    47   12.5   24.4    8.72   1.1693     351     1    100.0   15 
20/11/25  21:15    6.2    6.4    6.1    69    0.9    3.2     NO   0.80   9.7   OSO    6.2    5.8    5.8  1013.2   0.00    0.0    0.127   0.000   24.6    47   12.5   24.4    8.73   1.1693     351     1    100.0   15 
20/11/25  21:30    5.8    6.1    5.6    70    0.8    0.0      S   0.00   3.2   OSO    5.8    5.5    5.5  1013.2   0.00    0.0    0.130   0.000   24.6    47   12.5   24.4    8.72   1.1690     351     1    100.0   15 
20/11/25  21:45    5.4    5.6    5.2    72    0.7    1.6     NO   0.40   6.4    NO    5.4    5.1    5.1  1013.2   0.00    0.0    0.135   0.000   24.7    47   12.6   24.5    8.72   1.1688     351     1    100.0   15 
20/11/25  22:00    5.4    5.5    5.3    71    0.6    1.6    OSO   0.40  11.3    SO    5.4    5.1    5.1  1013.2   0.00    0.0    0.134   0.000   24.7    47   12.6   24.6    8.72   1.1685     351     1    100.0   15 
20/11/25  22:15    5.6    5.6    5.5    71    0.7    3.2     NO   0.80  14.5    SO    5.6    5.2    5.2  1013.3   0.00    0.0    0.133   0.000   24.6    47   12.5   24.4    8.72   1.1692     350     1    100.0   15 
20/11/25  22:30    5.6    5.6    5.5    71    0.7    3.2      O   0.80  17.7   SSO    5.6    5.2    5.2  1013.1   0.00    0.0    0.133   0.000   24.5    47   12.4   24.3    8.73   1.1695     349     1    100.0   15 
20/11/25  22:45    5.6    5.7    5.4    72    0.9    3.2     NO   0.80  12.9   ONO    5.6    5.3    5.3  1013.3   0.00    0.0    0.133   0.000   24.4    47   12.4   24.3    8.73   1.1700     351     1    100.0   15 
20/11/25  23:00    5.4    5.5    5.4    72    0.8    4.8     NO   1.21  22.5   NNO    4.7    5.2    4.4  1013.3   0.00    0.0    0.134   0.000   24.3    47   12.3   24.2    8.73   1.1706     352     1    100.0   15 
20/11/25  23:15    5.4    5.5    5.3    73    0.9    4.8     NO   1.21  16.1     O    4.6    5.1    4.3  1013.2   0.00    0.0    0.135   0.000   24.3    47   12.2   24.2    8.74   1.1707     351     1    100.0   15 
20/11/25  23:30    5.2    5.3    5.2    75    1.1    4.8     NO   1.21  14.5    NO    4.4    5.0    4.2  1013.3   0.00    0.0    0.137   0.000   24.1    47   12.0   23.9    8.74   1.1719     351     1    100.0   15 
20/11/25  23:45    5.1    5.2    5.0    76    1.2    6.4     NO   1.61  17.7   NNO    3.7    4.9    3.5  1013.0   0.00    0.0    0.138   0.000   23.6    48   12.0   23.5    8.94   1.1734     351     1    100.0   15 
21/11/25  00:00    4.9    5.0    4.8    76    1.1    4.8     NO   1.21  16.1   ONO    4.1    4.7    3.9  1013.2   0.00    0.0    0.139   0.000   22.9    49   11.6   22.6    9.05   1.1768     352     1    100.0   15 
21/11/25   0:15    4.7    4.8    4.7    78    1.2    3.2     NO   0.80   8.0     O    4.6    4.5    4.4  1013.2   0.00    0.0    0.142   0.000   22.3    49   11.1   21.8    9.05   1.1796     349     1    100.0   15 
21/11/25   0:30    4.5    4.7    4.3    79    1.2    3.2     NO   0.80  11.3   ONO    4.4    4.3    4.2  1012.7   0.00    0.0    0.144   0.000   21.8    50   10.9   21.2    9.25   1.1811     352     1    100.0   15 
21/11/25   0:45    4.3    4.4    4.3    80    1.2    3.2     NO   0.80   8.0    NO    4.2    4.2    4.0  1012.6   0.00    0.0    0.146   0.000   21.3    51   10.7   20.4    9.44   1.1835     351     1    100.0   15 
21/11/25   1:00    4.2    4.3    4.0    80    1.0    1.6     NO   0.40   6.4   ONO    4.2    4.0    4.0  1012.7   0.00    0.0    0.148   0.000   20.8    51   10.3   20.0    9.46   1.1858     351     1    100.0   15 
21/11/25   1:15    4.0    4.1    3.9    80    0.9    1.6    ONO   0.40   4.8   ONO    4.0    3.8    3.8  1012.4   0.00    0.0    0.149   0.000   20.3    52   10.1   19.7    9.68   1.1877     351     1    100.0   15 
21/11/25   1:30    3.9    3.9    3.8    80    0.8    0.0    ONO   0.00   1.6   ONO    3.9    3.7    3.7  1012.9   0.00    0.0    0.150   0.000   20.0    52    9.8   19.4    9.69   1.1899     352     1    100.0   15 
21/11/25   1:45    3.9    4.1    3.8    80    0.8    1.6    ONO   0.40   6.4    NO    3.9    3.8    3.8  1013.3   0.00    0.0    0.150   0.000   19.7    53    9.9   19.1    9.90   1.1914     350     1    100.0   15 
21/11/25   2:00    4.2    4.2    4.1    80    1.0    1.6     NO   0.40   9.7     E    4.2    4.0    4.0  1013.2   0.00    0.0    0.148   0.000   19.3    53    9.5   18.7    9.91   1.1933     351     1    100.0   15 
21/11/25   2:15    4.2    4.2    4.1    81    1.2    1.6    OSO   0.40   9.7   ONO    4.2    4.0    4.0  1013.3   0.00    0.0    0.148   0.000   19.0    54    9.5   18.3   10.10   1.1948     351     1    100.0   15 
21/11/25   2:30    4.2    4.3    4.2    81    1.2    1.6     NO   0.40   8.0   NNO    4.2    4.1    4.1  1013.3   0.00    0.0    0.147   0.000   18.6    54    9.1   17.9   10.13   1.1968     351     1    100.0   15 
21/11/25   2:45    4.4    4.4    4.3    80    1.2    3.2     NO   0.80  14.5    NO    4.3    4.2    4.1  1013.5   0.00    0.0    0.145   0.000   18.3    55    9.1   17.7   10.25   1.1981     351     1    100.0   15 
21/11/25   3:00    4.4    4.5    4.4    80    1.3    1.6    NNO   0.40   9.7   NNO    4.4    4.3    4.3  1013.7   0.00    0.0    0.145   0.000   18.1    55    8.9   17.4   10.25   1.1997     350     1    100.0   15 
21/11/25   3:15    4.5    4.5    4.4    80    1.3    3.2    ONO   0.80  12.9   OSO    4.4    4.3    4.2  1013.6   0.00    0.0    0.144   0.000   17.8    56    8.9   17.1   10.45   1.2007     351     1    100.0   15 
21/11/25   3:30    4.4    4.4    4.3    80    1.2    3.2     NO   0.80  17.7     O    4.3    4.2    4.1  1013.5   0.00    0.0    0.145   0.000   17.6    56    8.7   16.8   10.45   1.2017     350     1    100.0   15 
21/11/25   3:45    4.2    4.3    4.2    81    1.2    1.6     NO   0.40   9.7   OSO    4.2    4.1    4.1  1013.8   0.00    0.0    0.147   0.000   17.3    56    8.5   16.6   10.45   1.2031     352     1    100.0   15 
